1739996186271 147.9779485532223 0
1739996186289 144.47002306475198 1
1739996186306 128.5876743171985 2
1739996186327 118.50455903257624 3
1739996186344 108.87285249043371 4
1739996186361 95.98539232003746 5
1739996186377 90.06529928154048 6
1739996186394 82.0775949901873 7
1739996186410 75.79921469099999 8
1739996186427 68.80293285860041 9
1739996186446 62.48297041243361 10
1739996186463 56.655206044666386 11
1739996186480 52.14560845541148 12
1739996186498 49.59514453470449 13
1739996186515 43.98290128341339 14
1739996186533 39.81182110468999 15
1739996186550 35.97668353228497 16
1739996186567 33.48960546114144 17
1739996186585 30.927868389674405 18
1739996186603 28.23517001663092 19
1739996186619 25.151512038167063 20
1739996186637 23.534414034984188 21
1739996186654 21.252553761833113 22
1739996186670 19.425130358074604 23
1739996186687 17.580399098136265 24
1739996186705 16.350863539804312 25
1739996186722 14.818145723819097 26
1739996186739 13.757867877202191 27
1739996186756 12.56413141607652 28
1739996186772 10.520454959653136 29
1739996186789 10.571480074738979 30
1739996186808 9.816311856626841 31
1739996186825 8.904142943849731 32
1739996186843 7.761585789612731 33
1739996186861 6.547078962462451 34
1739996186878 6.403533050848345 35
1739996186893 6.138766802841455 36
1739996186909 5.888300186400269 37
1739996186926 5.4122628139315045 38
1739996186943 5.120683046531113 39
1739996186960 4.274957965156914 40
1739996186976 4.1468977075044275 41
1739996186994 3.654036491489142 42
1739996187011 3.376480251050533 43
1739996187027 3.080050892377159 44
1739996187044 2.9420711318276114 45
1739996187060 2.596948571595584 46
1739996187077 2.1864820739257116 47
1739996187093 2.0293550721050932 48
1739996187109 2.069486606900563 49
1739996187126 1.6279743207759785 50
1739996187142 1.905556184147858 51
1739996187160 1.4980931079139073 52
1739996187178 1.7169639270251613 53
1739996187199 1.5265078643229446 54
1739996187222 1.3847379362202676 55
1739996187247 1.2923102162753453 56
1739996187271 1.0130371964011897 57
1739996187295 0.8716515276446881 58
1739996187322 0.7153261580838299 59
1739996187346 0.8287384397433324 60
1739996187370 0.733705803572812 61
1739996187393 0.6490462783111843 62
1739996187417 0.6171196668691268 63
1739996187442 0.5705902641809467 64
1739996187466 0.493637859282325 65
1739996187488 0.4924956403966762 66
1739996187509 0.5081403884000417 67
1739996187531 0.45136040453000853 68
1739996187550 0.4854625897185611 69
1739996187566 0.43947657083424474 70
1739996187583 0.4248474661435676 71
1739996187599 0.3575100403461938 72
1739996187616 0.3245688478597948 73
1739996187632 0.2900954202083033 74
1739996187649 0.25838210406832357 75
1739996187665 0.2691491819602448 76
1739996187681 0.25939443518710154 77
1739996187698 0.22599018942122126 78
1739996187714 0.2559487059602669 79
1739996187730 0.1949989346686016 80
1739996187747 0.2773733443628777 81
1739996187763 0.23807229047456271 82
1739996187779 0.17412932547932886 83
1739996187796 0.19052597208713176 84
1739996187814 0.27352343624752445 85
1739996187833 0.13576906364918093 86
1739996187870 0.17122845661302202 87
1739996187888 0.19001031571794175 88
1739996187905 0.13202633382159149 89
1739996187922 0.15012460958061494 90
1739996187944 0.1322128370850856 91
1739996187960 0.14220870863039087 92
1739996187977 0.07674529170888811 93
1739996188000 0.11360119449543979 94
1739996188017 0.10989438933607443 95
1739996188034 0.13836386447598983 96
1739996188051 0.14020587563413311 97
1739996188067 0.19160620234907227 98
1739996188083 0.10296673631352735 99
1739996188101 0.1466297460561008 100
1739996188117 0.09867754215339677 101
1739996188134 0.0980265707382013 102
1739996188152 0.09540040713492323 103
1739996188169 0.14367336118522214 104
1739996188186 0.13293835476220195 105
1739996188205 0.10084028305006275 106
1739996188221 0.07414713715419462 107
1739996188240 0.12055176940148643 108
1739996188257 0.0836402193296178 109
1739996188274 0.10981231940315134 110
1739996188291 0.13200268075156715 111
1739996188308 0.12096463322216179 112
1739996188328 0.1079295723883742 113
1739996188346 0.10328711182319973 114
1739996188362 0.10975341263983146 115
1739996188378 0.0724109493154019 116
1739996188394 0.07414488785259167 117
1739996188410 0.0926728094636105 118
1739996188426 0.09338040695799713 119
1739996188443 0.10906397555486834 120
1739996188459 0.12435720230009996 121
1739996188475 0.08035459744320608 122
1739996188492 0.11425229281010504 123
1739996188508 0.16328035363777876 124
1739996188524 0.1512587736908705 125
1739996188540 0.11363346334223846 126
1739996188557 0.15398062496000617 127
1739996188574 0.09851018559747074 128
1739996188590 0.09101537945882335 129
1739996188606 0.08611717503092192 130
1739996188622 0.19519459004977893 131
1739996188639 0.13914441971575686 132
1739996188655 0.18042079673116806 133
1739996188670 0.132676605981722 134
1739996188686 0.08545717849156843 135
1739996188702 0.08091873486127377 136
1739996188719 0.1008757981587555 137
1739996188737 0.11257433800126919 138
1739996188754 0.11738068804481487 139
1739996188769 0.11209148069743383 140
1739996188786 0.12255109913406803 141
1739996188803 0.07934898495459607 142
1739996188820 0.08302128575630426 143
1739996188836 0.09934274675139763 144
1739996188853 0.11167643288090824 145
1739996188869 0.11618740204165395 146
1739996188885 0.10866945557784737 147
1739996188901 0.08146864437612658 148
1739996188917 0.07931144635398257 149
1739996188934 0.10299237256165385 150
1739996188950 0.15493951827876623 151
1739996188966 0.09250710126453829 152
1739996188982 0.13715017494726936 153
1739996189001 0.12882408372481585 154
1739996189019 0.13118852917149004 155
1739996189035 0.09069475521183043 156
1739996189051 0.15233237152558884 157
1739996189068 0.07069453437890794 158
1739996189084 0.08918055120549374 159
