1739995857481 76.39606469152537 0
1739995857575 20.9364275481445 1
1739995857666 17.93174939667904 2
1739995857756 5.216431595738782 3
1739995857848 1.075399666143167 4
1739995857937 1.3809182381638068 5
1739995858029 0.2095084663927425 6
1739995858119 0.47975014914824443 7
1739995858208 0.18557638537399387 8
1739995858296 0.26632093129522344 9
1739995858385 0.277929927344592 10
1739995858473 0.14546707629292 11
1739995858563 0.04147754107839929 12
1739995858653 0.004871622196857161 13
1739995858744 0.042054028052266365 14
1739995858836 0.14483190001673876 15
1739995858924 0.0026395640175052096 16
1739995859013 0.025595433832669 17
1739995859101 0.01934471191513442 18
1739995859193 0.009732429163323187 19
1739995859287 0.048980620970309495 20
1739995859405 0.0008107932780343718 21
1739995859496 0.058549972239230294 22
1739995859586 0.021314529668496358 23
1739995859678 0.5442487607582092 24
1739995859769 0.0020797232658060975 25
1739995859866 0.13033918676737852 26
1739995859958 0.16388432521095975 27
1739995860048 0.11216974681146687 28
1739995860138 0.26811968280568454 29
1739995860227 0.09914856777192571 30
1739995860391 0.2792530395291568 31
1739995860486 0.07016783869576285 32
1739995860624 0.1509459606048832 33
1739995860715 0.0740649130704306 34
1739995860806 0.0019731053262567297 35
1739995860970 2.8979608195228746e-05 36
1739995861072 6.268068679534384e-05 37
1739995861169 0.08249154745077514 38
1739995861260 0.007036437541224926 39
1739995861350 0.01751296418665625 40
1739995861439 0.07558646141990612 41
