1740007353652 79.68313079129702 0
1740007353739 44.01016811981796 1
1740007353824 14.158778175698194 2
1740007353906 7.280612235981695 3
1740007353996 2.3371689958509454 4
1740007354077 0.10242312769232767 5
1740007354158 0.2794730259675553 6
1740007354239 0.25556692102512735 7
1740007354320 0.017400082800182664 8
1740007354402 0.2118085129438943 9
1740007354484 0.5107007812125265 10
1740007354564 0.1978156819547466 11
1740007354646 0.14534827010533072 12
1740007354728 0.3342007931731326 13
1740007354809 0.006879137765310562 14
1740007354894 0.11502776201317304 15
1740007354984 0.04181081169074016 16
1740007355066 0.03479759850561083 17
1740007355152 0.5748020937634526 18
1740007355233 0.0027113943543977848 19
1740007355362 0.25494404208602367 20
1740007355448 0.07269024585372326 21
1740007355536 0.2934982515457542 22
1740007355627 0.02252012832314796 23
1740007355729 0.14465679476761023 24
1740007355818 0.10184983458207891 25
1740007355906 0.00013634523564525397 26
1740007355996 0.09307159892483419 27
1740007356081 0.0005075854277721623 28
1740007356164 0.02770962133736652 29
