1740006570893 141.43460894976903 0
1740006570983 116.0288516315865 1
1740006571011 100.8485763821204 2
1740006571040 83.68106988113587 3
1740006571067 68.40964253420324 4
1740006571093 59.36521122407117 5
1740006571118 48.21380007185697 6
1740006571144 40.8227176243582 7
1740006571170 34.53478820583714 8
1740006571196 28.159328813126383 9
1740006571228 23.34736319712726 10
1740006571254 18.962008270682386 11
1740006571283 16.635481951578132 12
1740006571308 14.084830896739021 13
1740006571333 11.89915452938777 14
1740006571359 9.7405634982104 15
1740006571385 8.23571681808888 16
1740006571410 6.896646148519411 17
1740006571439 6.327073983511511 18
1740006571465 4.4335616427406235 19
1740006571491 3.955195596848262 20
1740006571516 3.3641205362418467 21
1740006571543 2.6286197658515493 22
1740006571573 2.3940171800053225 23
1740006571597 2.3324400248880313 24
1740006571622 1.7166088502857355 25
1740006571647 1.3192924593996085 26
1740006571673 1.3064465281249344 27
1740006571700 1.1446332942275257 28
1740006571725 0.8828846159955612 29
1740006571750 0.8078040534285967 30
1740006571774 0.6368310942679872 31
1740006571799 0.4927714132333263 32
1740006571823 0.39664707282333256 33
1740006571848 0.40395454090635874 34
1740006571876 0.3402731511390747 35
1740006571900 0.33471129308977515 36
1740006571925 0.39639601389684126 37
1740006571949 0.3067581648407755 38
1740006571974 0.1979359035371942 39
1740006571997 0.24809773127904147 40
1740006572021 0.11716416989619129 41
1740006572042 0.15748107720135002 42
1740006572065 0.11004632279662187 43
1740006572088 0.14675514007091192 44
1740006572111 0.13891419847701972 45
1740006572132 0.16078490703150514 46
1740006572154 0.1356006148617741 47
1740006572175 0.17853008289225414 48
1740006572197 0.11538410364019519 49
1740006572219 0.10756249366291717 50
1740006572243 0.1090475519605818 51
1740006572266 0.06817249205957633 52
1740006572290 0.1498302448500345 53
1740006572313 0.13244220601558052 54
1740006572336 0.1459290889782377 55
1740006572358 0.10499919563611264 56
1740006572380 0.12615558670905486 57
1740006572403 0.10912797817440209 58
1740006572424 0.1733140867532854 59
1740006572446 0.13297718762268224 60
1740006572467 0.06869800945518385 61
1740006572489 0.12415611716733994 62
1740006572511 0.10658992094053846 63
1740006572533 0.1164924277599045 64
1740006572558 0.16251383246715753 65
1740006572580 0.19119294105432294 66
1740006572602 0.11608066861336024 67
1740006572624 0.11741668547124662 68
1740006572647 0.1700838873859363 69
1740006572669 0.13365718263591878 70
1740006572691 0.08801174066004426 71
1740006572715 0.16507325548860421 72
1740006572739 0.13893099503868397 73
1740006572761 0.13419242946182272 74
1740006572783 0.11015638282081348 75
1740006572805 0.10795508996835866 76
1740006572828 0.04891502674717303 77
1740006572850 0.13966893653422377 78
1740006572877 0.10792795642451605 79
1740006572901 0.10640969823912035 80
1740006572945 0.10196348761235481 81
1740006572968 0.13935697803013056 82
1740006572990 0.1310902332000161 83
1740006573012 0.11379070216778232 84
1740006573034 0.1115857499110048 85
1740006573055 0.07180219778596614 86
1740006573078 0.1178742505115935 87
1740006573100 0.11409134827772258 88
1740006573123 0.13291498852824274 89
1740006573145 0.10820063264282026 90
1740006573170 0.09215487186076617 91
1740006573193 0.11766015096965587 92
