1739963920609 6.451839038553821 0
1739963920679 6.647446144070822 1
1739963920749 6.953336143066035 2
1739963920819 6.520105662628528 3
1739963920891 6.0748398845018885 4
1739963920967 6.545154926426383 5
1739963921037 6.422784078000011 6
1739963921110 6.525478225109869 7
1739963921179 6.279901828115268 8
1739963921245 6.521198229975762 9
1739963921311 6.986838402124956 10
1739963921375 6.4029155181908015 11
1739963921442 6.715226919681454 12
1739963921514 6.893494558469374 13
1739963921580 6.581507973802411 14
1739963921647 6.891473688540871 15
1739963921713 6.308545225638705 16
1739963921782 5.72123217353704 17
1739963921874 6.232216193066986 18
1739963921942 6.47409363988659 19
1739963922009 6.641181826766064 20
1739963922111 6.489737152859125 21
1739963922180 6.295759708376083 22
1739963922248 6.52934097753186 23
1739963922316 6.879310317733536 24
1739963922382 6.796757271300179 25
1739963922451 6.536684012368094 26
1739963922521 6.744440827884509 27
1739963922590 6.973354113968573 28
1739963922655 6.092279151898115 29
1739963922795 6.075574740448778 30
1739963922864 6.394601164275677 31
1739963922933 6.373259698771947 32
1739963922999 6.627508339715334 33
1739963923063 5.966253032820286 34
1739963923132 6.519193800842532 35
1739963923203 6.854780503842461 36
1739963923269 6.332083088796258 37
1739963923336 5.991139835601819 38
1739963923400 6.389496087322952 39
1739963923472 7.096462065038218 40
1739963923544 6.81516969993716 41
1739963923661 6.51035638273083 42
1739963923729 6.3805515653493945 43
1739963923797 6.419170660687909 44
1739963923865 6.617502466479712 45
1739963923933 6.506625860416934 46
1739963924003 6.246114004371781 47
1739963924067 6.110218888491041 48
1739963924134 7.033501708566957 49
1739963924203 6.898656049556642 50
1739963924269 7.1202029087680545 51
1739963924334 6.658748674377046 52
1739963924400 5.236339372838476 53
1739963924467 6.163250707869082 54
1739963924538 6.294129380442022 55
1739963924603 6.591660573833778 56
1739963924667 6.239448705409759 57
1739963924738 7.012689395381206 58
1739963924813 6.351857862627878 59
1739963924886 6.876041030525739 60
1739963924951 7.533014545553147 61
1739963925016 7.025641516171722 62
1739963925086 6.653305555870331 63
1739963925156 6.068565747534148 64
1739963925219 5.760315434271549 65
1739963925291 5.909524936045266 66
1739963925355 6.398786340365024 67
1739963925426 6.876779235236624 68
1739963925499 6.825610389166974 69
1739963925571 7.014383920875056 70
1739963925645 6.818423775635542 71
1739963925715 6.858815301487594 72
1739963925796 6.832966329762772 73
1739963925881 7.287237496256901 74
1739963926001 6.562737532844527 75
1739963926158 6.268159503503991 76
1739963926241 6.579570593136275 77
1739963926405 6.361543007131204 78
1739963926484 6.925352105299611 79
1739963926551 6.245968639460174 80
1739963926616 7.414296607043756 81
1739963926679 5.764495793653257 82
1739963926746 6.849307311464162 83
1739963926812 7.2528320683521414 84
1739963926874 6.648634607738718 85
1739963926939 6.440292718104947 86
1739963927064 6.716016148227092 87
1739963927135 6.436396058105151 88
1739963927202 6.696164754785423 89
1739963927266 6.6709188057432485 90
1739963927336 6.855020865124961 91
1739963927404 6.584461971713172 92
1739963927515 6.576601034279905 93
1739963927582 6.589585023449852 94
1739963927655 6.360828373532133 95
1739963927733 6.439821777682292 96
1739963927802 7.159488162401116 97
1739963927874 3.889196282057583 98
1739963927949 7.015188562205552 99
1739963928022 6.716151780222061 100
1739963928093 7.230382766074085 101
1739963928182 6.636618261023676 102
1739963928260 6.655964220427478 103
1739963928336 6.929123757038923 104
1739963928407 6.257154749545078 105
1739963928475 6.409682076686076 106
1739963928544 6.976273067577639 107
1739963928611 6.2181018205157175 108
1739963928673 6.530634654526415 109
1739963928736 5.988339896333783 110
1739963928804 6.601844622042209 111
1739963928872 5.780208588394048 112
1739963928937 5.887641549319598 113
1739963929003 6.8149905063879626 114
1739963929070 6.442752040425241 115
1739963929137 6.077414957727877 116
1739963929203 6.792062622285875 117
1739963929269 6.787387891209359 118
1739963929333 6.149044163874661 119
1739963929397 6.799593681892627 120
1739963929469 7.83564666595531 121
1739963929538 6.63116867135085 122
1739963929603 6.320658835731511 123
1739963929675 6.877780727521825 124
1739963929739 5.946856174265562 125
1739963929804 6.857410562301367 126
1739963929870 6.545731473590813 127
1739963929933 6.502743718378065 128
1739963929997 7.054779779851908 129
1739963930061 6.883045296390859 130
1739963930124 7.9013037334462775 131
1739963930189 6.6416316372829725 132
1739963930253 6.689772235861342 133
1739963930317 6.789204624807031 134
1739963930384 6.610269649813913 135
1739963930458 6.830284849393713 136
1739963930534 6.660569681384687 137
1739963930600 6.399260502358637 138
1739963930672 6.362962204097863 139
1739963930737 7.164207131506469 140
1739963930802 6.396680256013222 141
1739963930867 6.4472259342798575 142
1739963930934 6.186135257613481 143
1739963931007 7.730641146906515 144
1739963931074 6.986725764205995 145
1739963931142 7.116868465438983 146
1739963931205 7.237310788079847 147
1739963931273 6.30762492312351 148
1739963931337 6.600311732498825 149
1739963931404 7.370901199214509 150
1739963931479 5.99378920974033 151
1739963931546 6.107050376798514 152
1739963931608 6.694722996938432 153
1739963931679 5.5157098551219 154
1739963931746 6.15883984818897 155
1739963931813 6.880089460370156 156
1739963931879 6.532314109403804 157
1739963931946 6.701214420774172 158
1739963932010 6.249884927856459 159
1739963932074 7.460054007535004 160
1739963932138 7.193343901542605 161
1739963932203 6.609680677066776 162
1739963932268 6.746499731536098 163
1739963932332 5.9496096201583395 164
1739963932397 6.569736716070805 165
1739963932468 6.298630562722158 166
1739963932535 6.687893677298396 167
1739963932602 6.461653408984809 168
1739963932668 6.704596615175249 169
1739963932731 6.267371546720048 170
1739963932798 6.452739987925544 171
1739963932861 6.324318721056068 172
