1740005644603 112.35877549820633 0
1740005644691 70.52287775395294 1
1740005644779 44.217573427782206 2
1740005644869 30.291149170696762 3
1740005644959 9.739035938134386 4
1740005645049 14.45260187589133 5
1740005645134 9.593091663526456 6
1740005645217 5.018566036364892 7
1740005645302 4.4602165598009185 8
1740005645390 1.4607953221748848 9
1740005645478 2.1930966499711784 10
1740005645564 0.3901338769455789 11
1740005645648 0.46970524708054284 12
1740005645733 0.5247080473237165 13
1740005645822 0.36127383409174213 14
1740005645925 0.2784356875672636 15
1740005646019 0.29051673024810576 16
1740005646103 0.5598027504749299 17
1740005646189 0.005843797462785075 18
1740005646273 0.4587312891013297 19
1740005646359 0.2700690837664936 20
1740005646449 0.08890878151825525 21
1740005646534 0.22001602977345416 22
1740005646620 0.009599495998753019 23
1740005646707 0.007516629026652049 24
1740005646793 0.07452360723311535 25
1740005646977 0.0063865950653482955 26
1740005647092 0.2907180959319279 27
1740005647204 0.3930175940832265 28
1740005647307 0.0023093313364152754 29
1740005647410 0.0005230698983749419 30
1740005647511 0.19525992628095656 31
1740005647609 0.004865298113497215 32
1740005647717 0.3401534573528375 33
1740005647814 1.5739011133979324 34
1740005647913 0.01142943215591495 35
1740005648012 0.06365595406495357 36
1740005648111 0.1663003615818461 37
1740005648208 0.027663397042363567 38
1740005648316 0.11729750876115988 39
1740005648411 0.0575921148988914 40
1740005648503 0.2291765503262845 41
1740005648595 0.015010198917914018 42
1740005648689 0.6899206096866517 43
1740005648780 0.022615207589375592 44
1740005648875 0.06792164752888213 45
1740005648970 0.011155074487293666 46
1740005649062 0.07669515447054122 47
1740005649161 0.12365592937621467 48
1740005649255 0.012551590486923449 49
1740005649349 0.0013703915708734114 50
1740005649448 0.019585608760531222 51
1740005649543 0.27720541150888445 52
1740005649638 0.029043798172190168 53
1740005649728 0.0035364335886600767 54
1740005649823 0.3221299950049532 55
1740005649919 0.34587273227175075 56
1740005650013 0.18590209910745084 57
1740005650111 0.0038058690489678948 58
1740005650209 0.003521560724267122 59
1740005650311 0.406319662515312 60
1740005650403 0.19578099235840649 61
