1739988370054 6.614780290226637 0
1739988370157 7.209386929146375 1
1739988370246 6.597811029104838 2
1739988370343 6.456888208018903 3
1739988370438 6.720545959676297 4
1739988370529 6.683718415665617 5
1739988370626 6.916484786725219 6
1739988370720 6.427904532030089 7
1739988370815 6.532799292313948 8
1739988370924 6.63901582733863 9
1739988371024 6.757409766539186 10
1739988371135 6.371993038872073 11
1739988371233 6.370760577573275 12
1739988371334 6.6958822429076355 13
1739988371438 6.85448691987848 14
1739988371530 6.505076628770124 15
1739988371629 6.393838108187423 16
1739988371723 6.407764867021233 17
1739988371825 6.256336343552705 18
1739988371918 6.4793994633921885 19
1739988372012 6.5508816925947135 20
1739988372108 6.223317368348867 21
1739988372200 6.5371113517978605 22
1739988372292 6.72360997211256 23
1739988372393 7.365976916176182 24
1739988372486 6.346462303537945 25
1739988372583 7.152138764836913 26
1739988372677 7.065507218945194 27
1739988372781 6.990985381545952 28
1739988372902 6.48370372003985 29
1739988372996 6.614464390696973 30
1739988373093 7.463815033197382 31
1739988373187 6.111989865153297 32
1739988373281 6.4051780543584815 33
1739988373381 6.344953685533553 34
1739988373475 6.483057674964755 35
1739988373568 6.441555277320304 36
1739988373666 6.7847300695839445 37
1739988373760 6.431122716792455 38
1739988373864 6.549501028270508 39
1739988373955 6.913860726998146 40
1739988374048 6.530457699889568 41
1739988374146 6.095019531580846 42
1739988374240 6.3900364241089145 43
