1740006649019 30.63199882467055 0
1740006649041 5.2180179546371095 1
1740006649063 0.8748921550598685 2
1740006649088 0.20726818975975586 3
1740006649110 0.14793816846190253 4
1740006649136 0.11680655520452594 5
1740006649157 0.13686784160480542 6
1740006649178 0.09992578285314126 7
1740006649200 0.10361069913985878 8
1740006649222 0.07288436834451877 9
1740006649244 0.1269382424616804 10
1740006649265 0.14382390804238063 11
1740006649287 0.10423314143752793 12
1740006649309 0.13822564404308035 13
1740006649338 0.11368820700449712 14
1740006649360 0.07986103430676991 15
1740006649386 0.10634611620700088 16
1740006649407 0.14280725799378222 17
1740006649429 0.11787132705128273 18
1740006649450 0.09665485014511745 19
1740006649472 0.11628371058661381 20
1740006649494 0.1193306858855639 21
1740006649515 0.07839497658772536 22
1740006649536 0.10591285938570685 23
1740006649557 0.11230138317606886 24
1740006649578 0.09526661843228448 25
1740006649599 0.12223431272200992 26
1740006649620 0.12398444971546548 27
1740006649641 0.13352643190902236 28
1740006649663 0.07371988733015827 29
1740006649684 0.08855140138802474 30
1740006649705 0.12732940252081987 31
1740006649726 0.13705739470461503 32
1740006649747 0.06751782508050076 33
1740006649768 0.1184489958025128 34
1740006649795 0.055150737243995954 35
1740006649820 0.09084117734671401 36
1740006649846 0.09131019336231394 37
1740006649872 0.10335132529224994 38
1740006649897 0.1152411358019989 39
1740006649938 0.12506816332572424 40
1740006649960 0.1320828747236096 41
1740006649982 0.07502390819531875 42
1740006650003 0.07333940993168483 43
1740006650025 0.10333648715505406 44
1740006650047 0.11432839927928283 45
1740006650070 0.12023636030266815 46
1740006650091 0.11365719296184197 47
1740006650112 0.11369558800769464 48
1740006650134 0.0930019746988937 49
1740006650155 0.1030839350218834 50
1740006650177 0.06633603677985381 51
1740006650199 0.08540854445741235 52
1740006650226 0.09725246901272075 53
1740006650247 0.17093821057318698 54
1740006650273 0.10913575471040536 55
1740006650296 0.07707747097174975 56
1740006650322 0.07547969353630683 57
1740006650352 0.126544573754406 58
1740006650378 0.07601817640093007 59
1740006650401 0.16097727272770096 60
1740006650423 0.12734218336044523 61
1740006650445 0.1040166374403731 62
1740006650467 0.11040895124209127 63
1740006650488 0.0938688431256253 64
1740006650509 0.17012026231192043 65
1740006650531 0.07697622827228172 66
1740006650552 0.12594727493826957 67
1740006650573 0.10547440067390167 68
1740006650595 0.17038946593889534 69
1740006650616 0.10355351316025652 70
1740006650638 0.10559081472865738 71
1740006650659 0.10356607956065286 72
1740006650680 0.10069536977512952 73
1740006650702 0.12666100762173993 74
1740006650725 0.11449624403635157 75
1740006650746 0.13190208724582936 76
1740006650767 0.10989098118224384 77
1740006650790 0.07195726037128346 78
1740006650811 0.13259962075023307 79
1740006650834 0.14364011708002747 80
1740006650862 0.14895326025536584 81
1740006650944 0.10938554574161222 82
1740006650967 0.12098413078048079 83
1740006650988 0.08734951330556988 84
1740006651012 0.10488605374479677 85
1740006651038 0.08749511790801659 86
1740006651060 0.09668543558604074 87
1740006651083 0.10832899770348897 88
1740006651105 0.13114654470138623 89
1740006651127 0.12283997611784664 90
1740006651149 0.09481327229101036 91
1740006651170 0.2188997125256492 92
1740006651191 0.13159805779820627 93
1740006651213 0.07846038286099782 94
1740006651235 0.14493617162820713 95
1740006651256 0.09595125986866056 96
1740006651278 0.12180776788001185 97
1740006651299 0.1368532581710138 98
1740006651321 0.10323100395324458 99
1740006651343 0.06779737693784788 100
1740006651365 0.11256677632680955 101
1740006651387 0.12949378742770543 102
1740006651407 0.1185280696640401 103
1740006651429 0.15543024259628713 104
1740006651451 0.17104071019476785 105
1740006651473 0.10800938969309484 106
1740006651493 0.0824669234204168 107
1740006651516 0.1359246095032432 108
1740006651543 0.08197339902380683 109
1740006651576 0.09750719166695425 110
1740006651613 0.11094146037734946 111
1740006651648 0.1269513325805087 112
1740006651685 0.11544686870671317 113
1740006651718 0.14197725190686786 114
1740006651752 0.14948695879057525 115
1740006651789 0.09112054252503406 116
1740006651823 0.14603468775727954 117
1740006651853 0.06427892812462183 118
1740006651883 0.11146101344734834 119
1740006651908 0.10193672121952263 120
1740006651931 0.1076656075305073 121
1740006651952 0.08845942960474674 122
1740006651975 0.06436236030843656 123
1740006651997 0.08992090807810003 124
1740006652019 0.14761506410296693 125
1740006652040 0.1384476404699911 126
1740006652061 0.1611175364209752 127
1740006652082 0.06811009410517939 128
1740006652103 0.07853956741357426 129
1740006652127 0.1056132571526608 130
1740006652150 0.09100029538095142 131
1740006652174 0.08352051884938148 132
1740006652197 0.16452281228266152 133
1740006652223 0.09072838666707995 134
1740006652248 0.13582668787561178 135
1740006652276 0.09789553285175577 136
1740006652298 0.1317271434944661 137
1740006652323 0.0719760928892227 138
1740006652345 0.10975800802515126 139
1740006652370 0.13399003793860964 140
1740006652392 0.09272651703458859 141
1740006652414 0.08233137896154247 142
1740006652436 0.07899324399852528 143
1740006652458 0.1107402876970347 144
1740006652480 0.17169651622789628 145
1740006652501 0.12486798261080662 146
1740006652523 0.09132164371937736 147
1740006652545 0.1768611505689944 148
1740006652569 0.11420363599223093 149
1740006652591 0.13650399636463692 150
1740006652614 0.19302949973942568 151
1740006652641 0.0946263371974379 152
1740006652661 0.12320425657120386 153
1740006652682 0.1192585648873569 154
1740006652703 0.06900180694394824 155
1740006652728 0.11464593098590987 156
1740006652749 0.0808534218627721 157
1740006652770 0.12632474388059556 158
1740006652795 0.11214183644932439 159
1740006652821 0.07099652660769117 160
1740006652841 0.11889391138290015 161
1740006652865 0.10343418084888648 162
1740006652886 0.09818230837706411 163
1740006652909 0.10846655571263833 164
1740006652930 0.15805631049035623 165
1740006652951 0.12537371911451484 166
1740006652973 0.10240052415090263 167
1740006652995 0.07265725675067039 168
1740006653018 0.13274087461519243 169
1740006653045 0.07642706058273897 170
1740006653072 0.11637620465323398 171
1740006653094 0.18314905598642583 172
1740006653115 0.11908403373760008 173
1740006653136 0.10941447497603983 174
1740006653158 0.10782222938768052 175
1740006653180 0.10855402779913056 176
1740006653201 0.15241530406738704 177
1740006653222 0.06731171736119196 178
1740006653243 0.11641941286207111 179
1740006653265 0.07278758710691227 180
1740006653289 0.12103072568045192 181
1740006653310 0.07974074135280726 182
1740006653331 0.15870635566852098 183
1740006653355 0.1702866884743142 184
1740006653378 0.13399817677724699 185
1740006653399 0.11473484103606105 186
1740006653421 0.10701955010402185 187
1740006653444 0.11089488503360351 188
1740006653468 0.09423436462166518 189
1740006653491 0.11186078110321075 190
1740006653513 0.12667553446850993 191
1740006653540 0.14161145284852444 192
1740006653562 0.08115173908259525 193
1740006653584 0.11930337650446243 194
1740006653604 0.13641367895064904 195
1740006653629 0.11721936900245832 196
1740006653650 0.14837536173811575 197
1740006653671 0.10245809280540515 198
1740006653691 0.07638149138491807 199
1740006653713 0.12758161964990472 200
1740006653736 0.0762900389466739 201
1740006653757 0.11675609107897567 202
1740006653778 0.0737956533083465 203
1740006653800 0.10995923386899173 204
1740006653823 0.08798558396752629 205
1740006653844 0.11641033911689942 206
1740006653871 0.0947484257464332 207
1740006653899 0.0984912894598072 208
1740006653981 0.13632626658328462 209
1740006654005 0.10059461451934028 210
1740006654027 0.11157840603665581 211
1740006654050 0.11591345632081308 212
1740006654075 0.07628890561388951 213
1740006654096 0.10831920751146913 214
1740006654118 0.09912766013221996 215
1740006654140 0.12542348247458246 216
1740006654162 0.09520566258157653 217
1740006654184 0.12124321464660646 218
1740006654204 0.14476543218121193 219
1740006654227 0.19848551730264338 220
1740006654249 0.0841742195161601 221
1740006654271 0.14680520166283131 222
1740006654293 0.08271424877025042 223
1740006654314 0.10859326263933913 224
1740006654339 0.11478572934559601 225
1740006654360 0.1010362261690837 226
1740006654383 0.14154031564552744 227
1740006654405 0.1072764832096322 228
1740006654429 0.09055031730674795 229
1740006654450 0.10023450548358294 230
1740006654471 0.09560942957941007 231
1740006654493 0.09536027379198993 232
1740006654515 0.15991368272060502 233
1740006654536 0.09892649769966946 234
1740006654557 0.11078470225443392 235
1740006654579 0.104008220206623 236
1740006654601 0.11577116910230802 237
1740006654622 0.1047737719694476 238
1740006654644 0.10181387363478077 239
1740006654664 0.1272350508761219 240
1740006654688 0.07729499645702542 241
1740006654708 0.08927892463431757 242
1740006654730 0.1625349420544645 243
1740006654750 0.09735058394978115 244
1740006654776 0.1069809537229598 245
1740006654799 0.1041746512571143 246
1740006654821 0.15237426948615077 247
1740006654841 0.09064860257588157 248
1740006654867 0.0957332615050054 249
1740006654888 0.13341451201251878 250
1740006654910 0.1473050673054405 251
1740006654933 0.12401721611039432 252
1740006654956 0.09412299274406616 253
1740006654978 0.07757515514026671 254
1740006654998 0.08700137836767195 255
1740006655019 0.12338431128049206 256
1740006655040 0.15125429918122754 257
1740006655061 0.11294038909822395 258
1740006655085 0.12495826424585049 259
1740006655110 0.10755011511022534 260
1740006655133 0.09754831077279189 261
1740006655153 0.13891767682193076 262
1740006655175 0.05513112045401692 263
1740006655195 0.15246841977711326 264
1740006655218 0.1109019365189885 265
1740006655239 0.09558062291874084 266
1740006655260 0.08224905596721539 267
1740006655281 0.1561269921912232 268
1740006655303 0.11363774494962796 269
1740006655325 0.14243894595891335 270
1740006655346 0.11103263155304445 271
1740006655367 0.06922365398964053 272
1740006655390 0.15562788654334062 273
1740006655411 0.07801496742475163 274
1740006655431 0.13059676510799867 275
1740006655452 0.12251483615303237 276
1740006655475 0.07731297906053711 277
1740006655495 0.11022329898768175 278
1740006655516 0.15363548515102698 279
1740006655537 0.08621953135729626 280
1740006655559 0.10064049217493572 281
1740006655583 0.11968871603143663 282
1740006655604 0.08761226696826206 283
1740006655626 0.11177507488852544 284
1740006655647 0.08222339460102493 285
1740006655672 0.1275041569240078 286
1740006655695 0.09023718596262008 287
1740006655720 0.06683487493338218 288
1740006655743 0.11610951989931793 289
1740006655765 0.12852553399319946 290
1740006655787 0.1521266458818089 291
1740006655810 0.18851446041509995 292
1740006655832 0.09699239681957646 293
1740006655855 0.12332689912047715 294
1740006655880 0.10596234736037667 295
1740006655901 0.10855362960769169 296
1740006655924 0.09609816006262435 297
1740006655945 0.12839789770463172 298
1740006655966 0.14059801425358479 299
1740006655987 0.14866867994422922 300
1740006656008 0.1430935889164578 301
1740006656030 0.11426698195762316 302
1740006656052 0.13402921663558945 303
1740006656073 0.08370131819950874 304
1740006656095 0.09975721537215326 305
1740006656117 0.12328353057146949 306
1740006656138 0.10751720864640277 307
1740006656160 0.09004159616922666 308
1740006656182 0.10733047979115735 309
1740006656203 0.07212384899452712 310
1740006656224 0.08814250998425922 311
1740006656245 0.05889162997072705 312
1740006656266 0.10373248891146782 313
1740006656290 0.11678008434968704 314
1740006656311 0.11392943609391253 315
1740006656332 0.130712290942757 316
1740006656353 0.0702222739917758 317
1740006656375 0.12630740289429054 318
1740006656396 0.08857176037022448 319
1740006656418 0.13989847231910765 320
1740006656438 0.10863162945366045 321
1740006656462 0.15678706652979207 322
1740006656483 0.10376614498076593 323
1740006656504 0.08538238340695599 324
1740006656525 0.1238337231192316 325
1740006656546 0.11054667731065741 326
1740006656569 0.07632674505676619 327
1740006656590 0.12319464528503223 328
1740006656611 0.08728176343438958 329
1740006656633 0.13445404700594774 330
1740006656655 0.11405966366973852 331
1740006656676 0.0869700003965874 332
1740006656697 0.06640330400450593 333
1740006656720 0.11697003818691366 334
1740006656741 0.09102314109561906 335
1740006656761 0.09208858015465139 336
1740006656782 0.12179278898881167 337
1740006656806 0.09620895869326389 338
1740006656828 0.0674227791517692 339
1740006656849 0.09300575340494308 340
1740006656873 0.10272353703422796 341
1740006656895 0.15260622304758636 342
1740006656918 0.0849638189682311 343
1740006656939 0.08753597822350671 344
1740006656959 0.13602770125826544 345
1740006656981 0.09669163589052404 346
1740006657003 0.09665853970616113 347
1740006657025 0.16541991295069278 348
1740006657045 0.1588594700526829 349
1740006657067 0.11288489903281891 350
1740006657088 0.08876843442514633 351
1740006657111 0.11941031013099263 352
1740006657139 0.1393319516080725 353
1740006657160 0.09583037213504286 354
1740006657183 0.09140677433921834 355
1740006657205 0.08018303073710588 356
1740006657227 0.1250361838825436 357
1740006657248 0.10121098185995103 358
1740006657271 0.0668814159723454 359
1740006657293 0.1556187850565976 360
1740006657314 0.13799748824105024 361
1740006657337 0.16924789075231444 362
1740006657359 0.09393878205499115 363
1740006657380 0.1288202803223028 364
1740006657400 0.13840548764671007 365
1740006657421 0.06699947647067094 366
1740006657445 0.13063915760334194 367
1740006657466 0.08914364022277457 368
1740006657487 0.11404943815438406 369
1740006657507 0.08647768589188985 370
1740006657530 0.12320656648744603 371
1740006657551 0.1332717895705775 372
1740006657572 0.11614758116447114 373
1740006657593 0.13872300443877422 374
1740006657616 0.1012720395410666 375
1740006657638 0.08966619996309934 376
1740006657659 0.0916665486885022 377
1740006657680 0.1103895635388447 378
1740006657703 0.08217814849131576 379
1740006657727 0.09542442393544916 380
1740006657747 0.11261003087151913 381
1740006657769 0.103756482282928 382
1740006657793 0.09770170014296302 383
1740006657816 0.11753880687763232 384
1740006657837 0.1310766665811121 385
1740006657860 0.07420808873943405 386
1740006657883 0.06947153046535681 387
1740006657905 0.06521846940733791 388
1740006657927 0.09823071392932743 389
1740006657947 0.09087393415247313 390
1740006657970 0.11632076635436826 391
1740006657991 0.12957301505649138 392
1740006658012 0.10907034860239742 393
1740006658034 0.1077889813738923 394
1740006658057 0.0920965535613384 395
1740006658081 0.09004620004977935 396
1740006658102 0.07497596260100556 397
1740006658124 0.0939676476440192 398
1740006658146 0.11205224584460516 399
1740006658169 0.0725883642015989 400
1740006658190 0.0917186975511061 401
1740006658210 0.13444981350111632 402
1740006658233 0.15856997919450017 403
1740006658258 0.05780543970930603 404
1740006658279 0.11118725794252868 405
1740006658302 0.09034746570551061 406
1740006658325 0.08251323420927589 407
1740006658347 0.12806419289397822 408
1740006658368 0.11329263707012852 409
1740006658390 0.12283754097147043 410
1740006658411 0.11307069251544702 411
1740006658434 0.10882657285874002 412
1740006658454 0.10261550283119626 413
1740006658475 0.08129352838331062 414
1740006658496 0.1215284210651158 415
1740006658520 0.1186140296674186 416
1740006658540 0.12799253063187485 417
1740006658561 0.09988259218646262 418
