1739962624825 6.603256830948868 0
1739962624842 6.61363297911449 1
1739962624859 6.681493985820627 2
1739962624878 6.570039984558411 3
1739962624943 6.635182643591293 4
1739962624962 6.622309568731706 5
1739962624978 6.521191857587495 6
1739962624996 6.571166702913842 7
1739962625014 6.628721381224147 8
1739962625031 6.651492556188875 9
1739962625049 6.511234377107151 10
1739962625066 6.5465684536166515 11
1739962625081 6.534198232111003 12
1739962625098 6.608227705620749 13
1739962625114 6.628699804424835 14
1739962625130 6.566942336334705 15
1739962625146 6.6018102344723015 16
1739962625162 6.673750715814589 17
1739962625180 6.543661373451808 18
1739962625196 6.581817951268533 19
1739962625213 6.609598353739411 20
1739962625229 6.548850937185243 21
1739962625246 6.569257555933468 22
1739962625262 6.609035540833762 23
1739962625278 6.56354431744083 24
1739962625295 6.536630046088346 25
1739962625313 6.541708079701638 26
1739962625330 6.547630515862282 27
1739962625346 6.515571939498261 28
1739962625363 6.612520593073781 29
1739962625378 6.598967096879386 30
1739962625395 6.583224722782354 31
1739962625411 6.604946218167759 32
1739962625427 6.588799456532734 33
1739962625442 6.580467576418969 34
1739962625458 6.621823252133084 35
1739962625475 6.560334966003726 36
1739962625495 6.5872857517617796 37
1739962625512 6.5904532212164835 38
1739962625528 6.584179577082779 39
1739962625544 6.624615360474659 40
1739962625560 6.606556267509938 41
1739962625575 6.510904640597144 42
1739962625592 6.557298334011284 43
1739962625608 6.582908760924166 44
1739962625624 6.550796397001838 45
1739962625640 6.55484845981057 46
1739962625655 6.585502431315888 47
1739962625671 6.616428431289456 48
1739962625686 6.527370673626128 49
1739962625703 6.494184659543501 50
1739962625718 6.656361230323585 51
1739962625733 6.567646133257487 52
1739962625748 6.584600746696995 53
1739962625764 6.5321970512802645 54
1739962625778 6.671541231588387 55
1739962625794 6.5535169829919155 56
1739962625810 6.606024525487177 57
1739962625825 6.4693706112997225 58
1739962625838 6.507931399695742 59
1739962625852 6.700120023691845 60
1739962625867 6.6102511588480395 61
1739962625881 6.565569614597342 62
1739962625896 6.5201262625123295 63
1739962625911 6.696862587986564 64
1739962625988 6.578079818628152 65
1739962626024 6.559252062835858 66
1739962626059 6.604121496359681 67
1739962626078 6.538693298190492 68
1739962626094 6.568542415755064 69
1739962626111 6.607964630443914 70
1739962626126 6.603122305232163 71
1739962626142 6.558132750170229 72
1739962626157 6.648225121072019 73
1739962626172 6.55633453823694 74
1739962626186 6.608140450800597 75
