1740017820144 153.30697275992736 0
1740017820177 139.3739475027826 1
1740017820208 128.34653923673525 2
1740017820238 117.07251878280836 3
1740017820269 107.51847380761446 4
1740017820301 97.2137933028915 5
1740017820331 91.17137444104776 6
1740017820357 84.25469814062521 7
1740017820384 75.75080186927177 8
1740017820412 69.8187286807027 9
1740017820441 61.58002205688 10
1740017820473 57.833377425481004 11
1740017820505 53.56890688877772 12
1740017820533 48.34791893325399 13
1740017820560 44.97142935061889 14
1740017820588 40.90659287371941 15
1740017820616 37.11863753852902 16
1740017820643 34.29699971716522 17
1740017820671 30.79437594329204 18
1740017820701 28.39089797201729 19
1740017820727 26.09831243483115 20
1740017820754 23.584827237548833 21
1740017820782 21.214224290018777 22
1740017820809 20.51745651548245 23
1740017820835 18.364768437650554 24
1740017820864 16.80419633551242 25
1740017820891 15.973636595206193 26
1740017820919 13.9450806316852 27
1740017820951 12.887107189445953 28
1740017820987 12.437686863548661 29
1740017821020 11.07807818743361 30
1740017821047 10.732234876224064 31
1740017821075 8.637993875090677 32
1740017821103 8.794220508622022 33
1740017821130 7.978084574340493 34
1740017821159 7.107065952557551 35
1740017821188 6.4739093076552034 36
1740017821214 6.130138414246507 37
1740017821241 5.366662640216998 38
1740017821277 5.089003064606535 39
1740017821307 4.96744338676371 40
1740017821334 4.671668826472312 41
1740017821367 3.8750981048966624 42
1740017821396 3.6180044131795923 43
1740017821423 3.439667758736506 44
1740017821451 3.0006030137270407 45
1740017821480 2.9076097343882954 46
1740017821507 2.49057599114531 47
1740017821533 2.171745327406961 48
1740017821561 2.199510028063342 49
1740017821588 1.9609895099394306 50
1740017821615 1.8291933571964085 51
1740017821642 1.8681755282422732 52
1740017821669 1.8759496492573806 53
1740017821697 1.5800917738670903 54
1740017821724 1.486708326050042 55
1740017821753 1.3536489764330568 56
1740017821780 1.2407178145730573 57
1740017821807 1.3266483304339267 58
1740017821839 1.141598235324462 59
1740017821869 0.7731775607140888 60
1740017821900 1.1146452576713306 61
1740017821931 0.9020813923856457 62
1740017821963 0.7183206627372718 63
1740017821990 0.8176737721669882 64
1740017822017 0.8497921582835523 65
1740017822050 0.6842129188429144 66
1740017822077 0.742469131903178 67
1740017822103 0.5972518236517678 68
1740017822134 0.5732617681356297 69
1740017822169 0.5317082873735965 70
1740017822201 0.539116783684773 71
1740017822248 0.5003210454563819 72
1740017822274 0.4176438735211921 73
1740017822302 0.3433296664996335 74
1740017822332 0.3373053309606126 75
1740017822362 0.44123071090638905 76
1740017822389 0.36715237690831054 77
1740017822416 0.2739518104501113 78
1740017822489 0.38340152936141175 79
1740017822516 0.35145895432299595 80
1740017822543 0.3373919009460634 81
1740017822573 0.2839174155644784 82
1740017822601 0.21630515573089387 83
1740017822628 0.19256684023283466 84
1740017822655 0.21549436989527387 85
1740017822683 0.2355955565267046 86
1740017822710 0.27452965892981224 87
1740017822738 0.26817562374914444 88
1740017822767 0.34325938544822493 89
1740017822794 0.21893104372543704 90
1740017822822 0.25244544333501573 91
1740017822851 0.1946643917378455 92
1740017822881 0.1581395946045037 93
1740017822908 0.14967434340490596 94
1740017822936 0.2105666460981716 95
1740017823031 0.3305447166950706 96
1740017823062 0.22667339551088042 97
1740017823089 0.1870158766290836 98
1740017823120 0.1553739142380811 99
1740017823148 0.12967226059937736 100
1740017823178 0.15704553298262083 101
1740017823207 0.10326217516260996 102
1740017823239 0.1516259290037464 103
1740017823267 0.18928000879577428 104
1740017823294 0.19278846104299693 105
1740017823328 0.187174413857152 106
1740017823354 0.1772676091238144 107
1740017823383 0.24280802064238738 108
1740017823413 0.2343437953051348 109
1740017823442 0.1694065933219935 110
1740017823469 0.14700670021158202 111
1740017823496 0.12830218052365058 112
1740017823524 0.21113633449564342 113
1740017823551 0.19788759739153985 114
1740017823578 0.12596047416893905 115
1740017823605 0.1496722622785738 116
1740017823632 0.11358257794144476 117
1740017823659 0.14775891748495923 118
1740017823689 0.1347776026973449 119
1740017823718 0.19040575053877834 120
1740017823745 0.24417061944452725 121
1740017823772 0.15449883683669782 122
1740017823802 0.11157633487715277 123
1740017823829 0.14243077998314493 124
1740017823856 0.17380747591610443 125
1740017823889 0.17277571417586407 126
1740017823922 0.1338663143207593 127
1740017823950 0.17354410919893606 128
1740017823979 0.1617215432648331 129
1740017824006 0.11608481271934848 130
1740017824032 0.13930776611250165 131
1740017824060 0.15823925559077537 132
1740017824089 0.12150248943633452 133
1740017824115 0.09240022708962865 134
1740017824142 0.12244723544010708 135
1740017824179 0.1472366911656232 136
1740017824212 0.27908250073878554 137
1740017824241 0.10892526178520576 138
1740017824272 0.11152616034229847 139
1740017824302 0.1468875353157024 140
1740017824329 0.11737948625837201 141
1740017824356 0.12367757791823417 142
1740017824390 0.14070827165678915 143
1740017824419 0.11745325245052365 144
1740017824447 0.13191440926273976 145
1740017824480 0.12987094560163123 146
1740017824508 0.1396001476767756 147
1740017824535 0.1537206574712962 148
1740017824563 0.16940025544526896 149
1740017824594 0.18964165823783857 150
1740017824621 0.1370942486518242 151
1740017824648 0.18259305379405463 152
1740017824679 0.1412937699541245 153
1740017824706 0.10030225598807122 154
1740017824733 0.12368374376216583 155
1740017824761 0.11089923828728798 156
1740017824789 0.14025029280008097 157
1740017824815 0.1766438186094664 158
1740017824842 0.11128416769336259 159
1740017824870 0.17398348675204636 160
1740017824897 0.09042829299147556 161
1740017824924 0.09708438255425404 162
1740017824955 0.0891206962796394 163
1740017824984 0.14207364311816587 164
1740017825012 0.08346336780614359 165
1740017825040 0.14168113823932058 166
1740017825068 0.12909733059332834 167
1740017825094 0.12876811122094814 168
1740017825121 0.1467772407188714 169
1740017825156 0.06659714054246421 170
1740017825184 0.10929630561086695 171
1740017825212 0.13474213627966639 172
1740017825243 0.14102223729166224 173
1740017825272 0.10733038016822354 174
1740017825300 0.15269363301246738 175
1740017825329 0.19476702050857556 176
1740017825356 0.1422432119983052 177
1740017825383 0.12890600041415193 178
1740017825411 0.19473264895962464 179
1740017825448 0.14775794319203692 180
1740017825477 0.12820887743934306 181
1740017825504 0.16310361727068234 182
1740017825534 0.15390336345135602 183
1740017825564 0.20222314823221926 184
1740017825590 0.10482957038785426 185
1740017825618 0.10489525956834723 186
1740017825697 0.11120009440651522 187
1740017825742 0.18637909318111312 188
1740017825769 0.14331423833070275 189
1740017825796 0.10635733224665814 190
1740017825822 0.1863739425764465 191
1740017825854 0.12408929835227904 192
1740017825881 0.11080296622172868 193
1740017825907 0.13547494599445478 194
1740017825943 0.1328829780922996 195
1740017825974 0.10541217802500595 196
1740017826001 0.08092810650414062 197
1740017826029 0.15557917714593283 198
1740017826060 0.13472402275376297 199
1740017826086 0.13888439349345938 200
1740017826113 0.10425749181725324 201
1740017826140 0.11015152001728622 202
1740017826170 0.11336451766423705 203
