1739969009801 0.09695367290525775 0
1739969009887 0.16883493076143308 1
1739969009963 0.03779491298946029 2
1739969010040 0.5174855988552167 3
1739969010202 0.0016152881849876893 4
1739969010371 0.3856293594215709 5
1739969010446 0.17026562967344963 6
1739969010514 0.08136143969220185 7
1739969010592 0.1791123020867653 8
1739969010665 0.09990126766457193 9
1739969010738 0.13824734457739996 10
1739969010808 0.6880041260939294 11
1739969010926 0.2275639298533558 12
1739969011004 0.42034608941611445 13
1739969011075 0.051209121738957565 14
1739969011141 0.2933910828736897 15
1739969011209 0.11963687439320805 16
1739969011290 0.5603504241109996 17
1739969011378 0.044114018843033 18
1739969011461 2.4394725222455715e-05 19
1739969011535 0.09344055595295793 20
1739969011609 0.22479930304750667 21
1739969011680 0.028324596242473476 22
1739969011755 0.01746415347533101 23
1739969011821 0.221681068297855 24
1739969011896 0.36696414468819794 25
1739969011972 0.5914493387905096 26
1739969012050 0.3172225302478131 27
1739969012122 0.1183767394311588 28
1739969012192 0.21375449404896957 29
1739969012257 0.02802357150391542 30
1739969012327 0.004626370838747729 31
1739969012394 0.4694183444814105 32
1739969012466 0.4733853760244915 33
1739969012546 0.7140992477739048 34
1739969012626 0.5424646068768014 35
1739969012705 0.12446164384913311 36
1739969012780 0.5302593105264911 37
1739969012849 0.638503117728081 38
1739969012922 0.0001618395606738704 39
1739969012999 0.4887142018022098 40
1739969013079 0.1336166174004255 41
1739969013159 0.06662902349136754 42
1739969013235 0.09325746361157812 43
1739969013306 0.05186584038173763 44
1739969013377 0.12588275893593517 45
1739969013445 0.040898105769787856 46
1739969013514 0.15721054535930415 47
1739969013589 0.19605236837646783 48
1739969013659 0.04059803356009977 49
1739969013724 0.00748517859009036 50
1739969013791 0.05964346619339262 51
1739969013863 0.09085817492260734 52
1739969013932 0.23923166741243038 53
1739969013999 0.04870157202173763 54
1739969014074 0.08331128073979982 55
1739969014144 0.2760262166286957 56
1739969014213 0.3734807892750486 57
1739969014279 0.3021112153786217 58
1739969014348 0.004933942397184475 59
1739969014413 0.13148364771107585 60
1739969014476 0.09927072540043116 61
1739969014541 0.3836697584483296 62
1739969014614 0.49669912558301405 63
1739969014680 0.5732808036347379 64
1739969014745 0.6293855717190362 65
1739969014811 0.1429786350520199 66
1739969014877 0.39378950827136333 67
1739969014947 0.526261850698456 68
1739969015018 0.4400802797358411 69
1739969015086 0.02956441351991192 70
1739969015150 0.27268899927541485 71
1739969015216 0.0008153766872724713 72
1739969015283 0.2765404812727078 73
1739969015360 0.0015057880719847752 74
1739969015437 0.059715541286762666 75
1739969015515 0.5468969670213415 76
1739969015592 0.005425441309520801 77
1739969015666 0.47097214281522654 78
1739969015736 0.3417441738754433 79
1739969015801 0.033035539489669925 80
1739969015950 0.042476373862900235 81
1739969016019 0.054879547479651965 82
1739969016095 0.41467544572530146 83
1739969016185 0.0720059582422919 84
1739969016265 0.019891450485531502 85
1739969016341 0.04348050329430177 86
1739969016417 0.2296724925004723 87
1739969016496 0.041483099939876866 88
1739969016567 0.1778778541083567 89
1739969016640 0.3614564505077291 90
1739969016708 0.07037053026619246 91
1739969016778 0.23243169114057036 92
1739969016845 0.41695480265681195 93
1739969016911 0.04482845114895476 94
1739969016977 0.13643695424565588 95
1739969017053 0.006291746432627809 96
1739969017135 0.5398224256164469 97
1739969017212 0.21001023999648105 98
1739969017284 0.002631955850787335 99
1739969017352 0.04240469806156166 100
1739969017418 0.1541494749307533 101
1739969017485 0.3747644725920854 102
1739969017554 0.5740387433303553 103
1739969017623 0.0005545717883919855 104
1739969017689 0.15173022633328476 105
1739969017758 0.32410526982662413 106
1739969017825 0.2967951748982772 107
1739969017892 1.260709007708726 108
1739969017959 0.4464398368512567 109
1739969018028 0.1506758753208129 110
1739969018097 0.010795273682423025 111
1739969018163 0.47842124377364054 112
1739969018230 0.006336608990068124 113
1739969018296 0.24612614505659478 114
1739969018363 0.569222155886536 115
1739969018428 0.44123139597514327 116
1739969018494 0.005258290270300771 117
1739969018559 0.0014166309462652063 118
1739969018625 9.18240511363549e-05 119
1739969018693 0.19636528836978728 120
1739969018759 0.17859304021587571 121
1739969018831 0.026483239857839517 122
1739969018905 0.0013317024149257796 123
1739969018978 0.10047273208990418 124
1739969019047 0.259723610755974 125
1739969019140 0.5057108841214162 126
1739969019206 0.7193009921881608 127
1739969019281 0.2330947303753054 128
1739969019353 0.00021453555384122109 129
1739969019427 0.005070502435704466 130
1739969019498 0.2638736635200624 131
1739969019572 0.5077878048862527 132
1739969019653 0.44150647729093384 133
1739969019723 0.02976173149598405 134
1739969019796 0.3100208155338858 135
1739969019867 0.04772685288589064 136
1739969019942 0.0012692053804624806 137
1739969020013 0.17089344818589136 138
1739969020125 0.17305676667132663 139
1739969020193 0.11791290606956364 140
1739969020262 0.00879464600329947 141
1739969020331 0.03985721302819855 142
1739969020397 0.13383693905642063 143
1739969020472 0.0023538814836447327 144
1739969020538 0.3517760455557986 145
1739969020617 0.3287045106719909 146
1739969020693 0.5954572741390858 147
1739969020764 0.2703392254462902 148
1739969020832 0.34931665032367176 149
1739969020896 0.012073674059060216 150
1739969020962 0.4731561795626811 151
1739969021032 0.0013524569358632213 152
1739969021110 0.05159217185895948 153
1739969021188 0.5298864477291637 154
1739969021265 0.12936930920113787 155
1739969021340 0.2552954821136654 156
1739969021414 0.006958840414955463 157
1739969021490 0.06611641390955203 158
1739969021568 0.0028399851752496136 159
1739969021645 0.18259623119360097 160
1739969021721 0.0040929478740948134 161
1739969021791 0.3556459583302036 162
1739969021864 0.03466477232524546 163
1739969021944 0.4194798757060305 164
1739969022020 0.10167831115086254 165
1739969022098 0.10860787457066774 166
1739969022173 0.402489587227593 167
1739969022250 0.013951535243241841 168
1739969022328 0.007258105764087999 169
1739969022405 0.20097922758291356 170
1739969022485 0.38167386343350657 171
1739969022563 0.00010161526373951525 172
1739969022638 0.03802994424113571 173
1739969022783 0.7806803870880937 174
1739969022859 3.1695168545843737 175
1739969022933 0.46637064768980074 176
1739969023008 0.3067690043035389 177
1739969023076 0.0750343391769099 178
1739969023148 0.15330694798993907 179
1739969023215 0.5143527887557957 180
1739969023279 0.17463321545642127 181
1739969023347 0.001903463672743665 182
1739969023420 0.4132019462443148 183
1739969023499 0.06275727132144304 184
1739969023576 0.16387375699471127 185
1739969023653 0.5559335373123574 186
1739969023727 0.1294452016052544 187
1739969023804 0.4062158772345599 188
1739969023881 0.18912669861879355 189
1739969023959 0.039760939105227606 190
1739969024032 0.006610936887736891 191
1739969024104 4.811166461503853e-05 192
1739969024170 0.14922932187797652 193
1739969024235 0.30275946415598237 194
1739969024301 0.018730797731523852 195
1739969024369 0.3838019417833 196
1739969024435 0.8581266485682227 197
1739969024504 0.1947837230777008 198
1739969024573 0.09143860776069672 199
1739969024639 0.049038514475427175 200
1739969024710 0.038840267328136426 201
1739969024779 0.1067799537640799 202
1739969024855 0.5870708314859878 203
1739969024933 0.2486917768562927 204
1739969025009 0.14335705739536408 205
1739969025087 0.01515173883122772 206
1739969025164 0.0035898926426858827 207
1739969025240 0.3675576343359744 208
1739969025317 0.15430884886226742 209
1739969025395 0.4816689250423996 210
1739969025473 0.16893825757068978 211
1739969025549 0.30916549531483345 212
1739969025622 0.0020837721305500176 213
1739969025688 0.022591631787998338 214
1739969025765 0.04540075371931308 215
1739969025842 0.20267338138468746 216
1739969025918 0.002817034923415926 217
1739969025993 0.0001437282179215686 218
1739969026070 0.26339879347740885 219
1739969026145 0.12275538006043947 220
1739969026211 0.0009656175468917312 221
1739969026284 0.35362607151830766 222
1739969026357 0.2023766436226599 223
1739969026434 0.3880702776921849 224
1739969026511 0.6434713652890158 225
1739969026590 0.5424981880960656 226
1739969026666 0.05784103222573347 227
1739969026743 0.2759609828528978 228
1739969026822 0.02059097361937581 229
1739969026898 0.17104081499947754 230
1739969026973 0.13449714804798577 231
1739969027050 0.565416258821531 232
1739969027175 0.10609490795796593 233
1739969027261 0.23849790328453396 234
1739969027340 0.48376874831562355 235
1739969027413 0.05313230252302622 236
1739969027485 0.0003670644008478536 237
1739969027574 0.4636037305930533 238
1739969027652 0.004036966927699435 239
1739969027721 0.03815652584174395 240
1739969027792 0.05633022331081202 241
1739969027860 0.014113353196711092 242
1739969027931 0.14386848294667343 243
1739969027999 0.1011070682143182 244
1739969028068 0.0005489873788821281 245
1739969028141 0.4487444025454294 246
1739969028218 0.8344854904863918 247
1739969028292 0.09805123156866605 248
1739969028369 0.28709722533809406 249
1739969028444 0.026953857277683194 250
1739969028516 0.5886106280060459 251
1739969028591 0.2143543042639456 252
1739969028660 0.64747569065358 253
1739969028728 0.050361470948216094 254
1739969028799 0.6070951863919035 255
1739969028871 1.0357446888712083 256
1739969028944 0.00919879046890207 257
1739969029017 0.44025932560026537 258
1739969029091 0.24132495381378605 259
1739969029164 0.0013595230227014638 260
1739969029243 8.217229222937737e-05 261
1739969029311 0.0011261148005808515 262
1739969029382 0.07144214409489529 263
1739969029449 0.4729384951883177 264
1739969029516 0.21498787937914962 265
1739969029583 0.03439642562286416 266
1739969029652 0.22044174357920757 267
1739969029718 0.06515724205037363 268
1739969029784 0.6539513192795985 269
1739969029853 0.030011416640145307 270
1739969029921 0.23532226143975474 271
1739969029987 0.001023164993920163 272
1739969030062 0.010911799431523235 273
1739969030135 0.2462925017484673 274
1739969030202 0.16013541621491637 275
1739969030269 0.032858375558390975 276
1739969030340 0.06194338160076488 277
1739969030411 0.12666390697527502 278
1739969030481 0.7066742238920034 279
1739969030550 0.025343292461498138 280
1739969030618 0.19474032824616774 281
1739969030690 0.41080693889992304 282
1739969030761 0.19411960004377088 283
1739969030832 0.01594119171538204 284
1739969030900 0.0011891690843365658 285
1739969030975 0.07735698582670716 286
1739969031044 0.1649364984689637 287
1739969031115 0.3445367503973504 288
1739969031185 0.071198248396294 289
1739969031251 0.033324063727924715 290
1739969031325 0.06277841726614596 291
1739969031392 0.21777608306621224 292
1739969031457 0.22035363899027194 293
1739969031525 5.3705569364257884e-05 294
1739969031594 0.2568800947642571 295
1739969031660 0.03237371001787115 296
1739969031726 0.001987055524076361 297
1739969031791 0.29416598746299344 298
1739969031857 0.6688229593982133 299
1739969031925 0.12671528778145857 300
1739969032020 0.02035505908897958 301
1739969032090 0.22482032352149203 302
1739969032157 0.00031688964904987374 303
1739969032224 0.02371512734473867 304
1739969032289 0.014364038160472523 305
1739969032358 0.2239366981928183 306
1739969032425 0.023211661387932254 307
1739969032495 0.23516402976661513 308
1739969032565 0.12883113800411983 309
1739969032645 0.004899752446756348 310
1739969032723 0.02282055158711521 311
1739969032795 0.08513487272805542 312
1739969032873 2.5408504969465505e-05 313
1739969032950 0.2592657045812661 314
1739969033031 0.031228945110145897 315
1739969033141 0.3397166014451567 316
1739969033217 0.24328571280886097 317
1739969033301 0.04631991506373403 318
1739969033377 0.13839273429227367 319
1739969033452 0.08075783490374493 320
1739969033532 0.22447234227835602 321
1739969033622 0.048317572478741924 322
1739969033701 0.25168569152900666 323
1739969033780 0.002287571285239648 324
1739969033857 0.07076848625056495 325
1739969033933 0.04430024264013815 326
1739969034010 0.1765850810662287 327
1739969034082 0.0116126223291765 328
1739969034155 0.14554427863381916 329
1739969034253 0.33102596366341297 330
1739969034333 0.2589730021477531 331
1739969034411 0.015594225518456649 332
1739969034480 0.009767626204578014 333
1739969034555 0.36519543923517284 334
1739969034637 0.28645176195889205 335
1739969034703 0.09474306845280843 336
1739969034775 0.421372493158774 337
1739969034863 0.17322152623250306 338
1739969034944 0.22061029407213284 339
1739969035016 0.5379653651457 340
1739969035086 0.3037960051366774 341
1739969035165 0.10623986544833189 342
1739969035249 0.5482425597346767 343
1739969035329 1.423709957283412 344
1739969035408 0.5351135390547306 345
1739969035484 0.06790614002497714 346
1739969035563 0.008095185286340264 347
1739969035648 1.0471140066604039e-05 348
1739969035722 7.335546655653905 349
1739969035795 0.020661665766109998 350
1739969035865 1.7278563500835473 351
1739969035930 0.008845979332250915 352
1739969036000 4.4790794086611906e-05 353
1739969036085 0.8800702524412318 354
1739969036157 0.08322918236202789 355
1739969036227 0.026620657733549213 356
1739969036298 0.3915856940549976 357
1739969036373 0.2300335340068192 358
1739969036444 0.00011200237095161706 359
1739969036517 0.019979545023192605 360
1739969036588 0.11322091496221132 361
1739969036661 0.09357223834568218 362
1739969036739 0.6049160066804742 363
1739969036818 0.0565742149695821 364
1739969036898 0.2681908360002235 365
1739969036967 3.216138897779837e-05 366
1739969037044 0.07547789143093526 367
1739969037123 0.6403537794100526 368
1739969037197 0.5368427826223338 369
1739969037271 0.015163333247158146 370
1739969037353 0.33351990504189705 371
1739969037432 0.11066327560892959 372
1739969037509 0.5729430229651964 373
1739969037591 0.2431176092730027 374
1739969037664 0.10180386549891006 375
1739969037740 0.10609458240163676 376
1739969037813 1.569329275278295 377
1739969037881 0.2729940742778831 378
1739969037954 0.007466655878319141 379
1739969038033 0.166929603781724 380
1739969038111 0.0640574608805327 381
1739969038187 0.0008133184507126952 382
1739969038260 0.4036816885030061 383
1739969038336 0.5948453512605011 384
1739969038412 0.03382950096985403 385
1739969038487 0.5317566876433454 386
1739969038556 0.3364359403236718 387
1739969038622 0.016862019063880115 388
1739969038689 0.5658794720855199 389
1739969038756 0.06613575096973813 390
1739969038826 0.0013967133411073723 391
1739969038893 0.08977655766134938 392
1739969038959 0.07151202469774419 393
1739969039032 0.052531312722290724 394
1739969039123 0.31194017228271037 395
1739969039208 1.0120819982580518 396
1739969039283 0.4264148572308167 397
1739969039359 0.03960973323055553 398
1739969039437 0.4915299302221762 399
1739969039516 0.26550922558192 400
1739969039594 0.3866586602086799 401
1739969039669 1.031157031294424 402
1739969039739 0.006553756925853446 403
1739969039815 0.20737002772252555 404
1739969039890 0.024796792093102676 405
1739969039966 0.3582353616103563 406
1739969040042 0.3790514970393974 407
1739969040185 0.24824262964283422 408
1739969040261 0.00015856466189706535 409
1739969040332 0.45742725923031025 410
1739969040397 0.17100203428801397 411
1739969040464 0.10479353293493832 412
1739969040529 0.006966934030008007 413
1739969040596 0.6431895696149216 414
1739969040662 0.3431127090674587 415
1739969040728 0.6794223333556322 416
1739969040792 0.00224871153754266 417
1739969040857 0.1341360915083299 418
1739969040922 0.21682892216557637 419
1739969040987 0.13510563570294884 420
1739969041052 0.25766872755764453 421
1739969041125 0.026355090813231032 422
1739969041189 0.21789807533592886 423
1739969041255 0.02221764045728823 424
1739969041329 0.008498329270333916 425
1739969041393 0.27980184347531434 426
1739969041465 0.023741289767195566 427
1739969041531 0.1658242913050033 428
1739969041603 0.37364554641811315 429
1739969041678 0.10818459262875382 430
1739969041754 0.007281150996973191 431
1739969041822 0.23401664264160807 432
1739969041889 0.28000905503861684 433
1739969041958 0.0030152451430240914 434
1739969042027 0.021279147798928685 435
1739969042094 0.4282858051920271 436
1739969042164 0.09653282506392565 437
1739969042232 0.2927153562270032 438
1739969042300 0.8384002293630906 439
1739969042373 0.0936576974898749 440
1739969042441 0.547637584244959 441
1739969042510 0.3783581436299323 442
1739969042576 0.46250959368151934 443
1739969042646 0.17718932120879854 444
1739969042712 0.0511149306732185 445
1739969042778 0.10663606515374771 446
1739969042844 0.281318369601479 447
1739969042911 0.42371054509513206 448
1739969042983 0.5890542785145391 449
1739969043048 0.19262592243644264 450
1739969043120 0.10917092639379046 451
1739969043187 0.005228491991003582 452
1739969043251 0.12254415217029349 453
1739969043315 0.002773072319951804 454
1739969043383 0.13588509183262748 455
1739969043450 0.6489039973962692 456
1739969043525 0.10577679103473145 457
1739969043596 0.2027629105505268 458
1739969043662 0.07855072849077417 459
1739969043728 0.48467838242115757 460
1739969043797 0.006364544543483289 461
1739969043910 0.23217964882190936 462
1739969043978 0.09018485624664373 463
1739969044044 0.11589553026086179 464
1739969044115 0.027134086891614718 465
1739969044180 0.053798917746260486 466
1739969044246 0.059779378200872604 467
1739969044310 0.5956927358277331 468
1739969044379 0.10099130971220963 469
1739969044445 0.0698182711920004 470
1739969044514 0.004495193367536175 471
1739969044587 0.01778685691002022 472
1739969044655 0.003757087365948092 473
1739969044721 0.6244383197810329 474
1739969044788 0.0075866600131586975 475
1739969044855 0.0901431649594224 476
1739969044921 0.0006288670020301137 477
1739969044986 0.1296069972005731 478
1739969045057 0.01113697366280166 479
1739969045135 0.564882137515823 480
1739969045211 0.17232332486551735 481
1739969045287 0.0671575198863154 482
1739969045358 0.4980358793839882 483
1739969045431 0.3129423897518669 484
1739969045508 0.6763544490775316 485
1739969045587 0.3723324564756436 486
1739969045663 1.8547444451041373 487
1739969045736 0.012119478936843803 488
1739969045802 0.5168023967170315 489
1739969045866 0.3165820370000821 490
1739969045934 0.42574394217224454 491
1739969046006 0.028447691272239763 492
1739969046079 0.2013369147116613 493
1739969046150 0.09973905143491614 494
1739969046215 3.300799660887885 495
1739969046279 0.5247479549592948 496
1739969046347 0.6190302848751883 497
1739969046413 0.10076373337043745 498
1739969046479 0.20820611684830087 499
