1739998480367 0.7764471157677094 0
1739998480462 0.7432950657288848 1
1739998480550 0.5292322353668693 2
1739998480641 0.23899042560339237 3
1739998480738 0.004768486935176478 4
1739998480826 0.3885651864333249 5
1739998480914 0.35162736170708875 6
1739998481001 1.7663940621381937 7
1739998481088 0.3848906297851496 8
1739998481174 0.008234519727171694 9
1739998481263 0.2974905554039753 10
1739998481351 0.09719497311960973 11
1739998481438 0.7981858820227252 12
1739998481534 0.2963240308468073 13
1739998481625 0.0846916476151116 14
1739998481713 0.7585864203220533 15
1739998481812 0.5858847713564385 16
1739998481901 1.5730415214307236 17
1739998481987 0.5599292667860464 18
1739998482073 0.004785526259595715 19
1739998482160 2.4512340920390345 20
1739998482247 0.20781953657784075 21
1739998482333 0.6502033089815286 22
1739998482419 0.5044433634803319 23
1739998482556 0.00011373439718789751 24
1739998482649 1.0341832029052869 25
1739998482797 0.5034643569916039 26
1739998482886 1.097022152380696 27
1739998482973 1.3596924361580138 28
1739998483062 0.19620424335304978 29
1739998483152 0.35191329339222926 30
1739998483313 0.5199990999218849 31
1739998483401 0.15978992072438578 32
1739998483490 1.2642488807024967 33
1739998483577 0.40546915999252514 34
1739998483665 0.025558974467328417 35
1739998483756 0.2551063146011319 36
1739998483843 1.5693208792590823 37
1739998483930 0.18448414918377162 38
1739998484017 0.11436256142534436 39
1739998484105 0.33877930355056957 40
1739998484191 0.35511949563611855 41
1739998484279 0.2889741343174095 42
1739998484368 0.9540182544261593 43
1739998484457 1.2068225033770434 44
1739998484545 0.42949564235757803 45
1739998484634 0.9555508328185084 46
1739998484730 0.5804618715503721 47
1739998484829 0.9088253864281518 48
1739998484937 0.8870197215211353 49
1739998485031 0.16777688609218894 50
1739998485131 0.3018439300257012 51
1739998485223 0.4433675047916685 52
1739998485313 1.1690227255209915 53
1739998485399 0.20355780084610328 54
1739998485486 0.5443909575576988 55
1739998485578 0.8116383187982745 56
1739998485682 0.09984566765175883 57
1739998485779 0.33731025806002796 58
1739998485866 1.6930595449895074 59
1739998485955 1.1049158696861474 60
1739998486043 1.3878860791720549 61
1739998486131 0.6535514949863229 62
1739998486220 0.15041355213553828 63
1739998486307 0.07210105550668201 64
1739998486402 0.2091967381955951 65
1739998486495 0.021331162910497338 66
1739998486587 0.9660612732926676 67
1739998486681 0.9155434183071718 68
1739998486778 0.8546216689573338 69
1739998486868 0.3891587413617434 70
1739998486955 0.05425608350018903 71
1739998487047 0.04415376227401659 72
1739998487136 0.31466965974916783 73
1739998487222 0.8583468606277118 74
1739998487312 1.6896704334448882 75
1739998487400 0.5132561072139947 76
1739998487487 1.1086744873802608 77
1739998487581 0.14189679551000894 78
1739998487669 0.44793478177937907 79
1739998487773 0.2150372586930721 80
1739998487863 0.36253001740744367 81
1739998487951 1.5489415757986351 82
1739998488040 0.2359731814500796 83
1739998488135 0.5741115776781582 84
1739998488229 1.184191941991238 85
1739998488327 0.21185002046294943 86
1739998488414 0.10349150935204701 87
1739998488499 1.3412225670172475 88
1739998488587 0.6307844949966845 89
1739998488675 1.4377498487021463 90
1739998488766 0.08797918249476107 91
1739998488854 1.518696575006452 92
1739998488944 0.564259079706519 93
1739998489042 1.0984070101197574 94
1739998489139 0.6139374223338372 95
1739998489227 0.6685279518481434 96
1739998489313 0.8951716974063292 97
1739998489400 0.031106052918432433 98
1739998489490 0.38578304775816114 99
1739998489579 0.6532202684367767 100
1739998489673 0.20857981911948711 101
1739998489764 0.742304928328468 102
1739998489853 0.6308780486949059 103
1739998489941 0.005424553827307125 104
1739998490028 0.17237744061274432 105
1739998490116 0.20697063129359938 106
1739998490204 0.5962983468150879 107
1739998490294 0.2336875571938324 108
1739998490393 0.225971095581427 109
1739998490486 0.8757270801108564 110
1739998490596 0.22249448817606246 111
1739998490692 0.7176429058705012 112
1739998490781 0.8413835468150842 113
1739998490868 0.6068495162998263 114
1739998490957 1.1916973276984522 115
1739998491045 0.562902611293505 116
1739998491134 1.1826885619673717 117
1739998491223 0.05583549728444186 118
1739998491310 0.6448589277837576 119
1739998491395 0.9098929625555986 120
1739998491483 0.06423070270891189 121
1739998491571 0.6346939653700566 122
1739998491662 0.2536193879690132 123
1739998491752 0.12530983122876171 124
1739998491838 0.840210636125458 125
1739998491923 0.06939216298086749 126
1739998492011 0.11993652927019124 127
1739998492098 0.3287858536419385 128
1739998492187 0.39077010725519196 129
1739998492273 0.007646680542878752 130
1739998492359 0.1140916817731328 131
1739998492447 0.6012111928786541 132
1739998492538 0.9547778907215028 133
1739998492624 1.4906174934391836 134
1739998492713 0.5292650300358314 135
1739998492802 0.4798808102162888 136
1739998492889 1.3037494931217073 137
1739998492976 0.0954325823059099 138
1739998493064 0.15656794808181257 139
1739998493152 0.607103113236439 140
1739998493241 0.47520230382297085 141
1739998493330 0.05398345193990436 142
1739998493416 1.4401239177882235 143
1739998493505 0.3262545751898359 144
1739998493590 0.034540330526986206 145
1739998493682 0.5222959548136407 146
1739998493771 0.4609072824359628 147
1739998493858 0.15962389570161997 148
1739998493945 0.07212491886957981 149
1739998494034 0.5753890972779737 150
1739998494123 1.1692596616728788 151
1739998494210 0.606258340911338 152
1739998494298 0.13188046913050222 153
1739998494385 0.04903588585762603 154
1739998494470 0.5242322846128963 155
1739998494558 0.3192743322240569 156
1739998494643 1.0739070219981708 157
1739998494730 0.11863426001347871 158
1739998494818 1.0672546300498946 159
1739998494905 0.054591359742304967 160
1739998494992 0.3311931861979728 161
1739998495081 1.101203111537999 162
1739998495168 0.6600572396745783 163
1739998495257 0.010801082454366824 164
1739998495344 0.46077931436983377 165
1739998495429 1.0488123318564555 166
1739998495517 0.3404516822701923 167
1739998495610 0.0008867779222631117 168
1739998495707 0.7046458421704965 169
1739998495799 0.3274465971964113 170
1739998495887 0.7576324512695299 171
1739998495976 0.9482714079843834 172
1739998496068 1.1645025702721241 173
1739998496156 0.44218425550724383 174
1739998496247 2.024185220763726 175
1739998496359 0.5166161621893626 176
1739998496446 0.6451299420942389 177
1739998496535 0.009487946812794077 178
1739998496625 0.6897871447010621 179
1739998496716 0.5011861866914733 180
1739998496803 0.15121324598984592 181
1739998496887 0.24713178627716553 182
1739998496976 0.014028592951465888 183
1739998497064 0.6942481743102435 184
1739998497151 1.1296811180800095 185
1739998497240 1.6805179902477716 186
1739998497326 0.32229879134835704 187
1739998497414 0.6288062028820258 188
1739998497501 0.5825224538801768 189
1739998497590 0.6111939822466707 190
1739998497677 0.28070161159743356 191
1739998497771 0.12781193411527825 192
1739998497858 0.9205821048892636 193
1739998497945 0.06926256875529725 194
1739998498034 1.3286732952377172 195
1739998498121 0.27415499314493813 196
1739998498209 1.9634494894071328 197
1739998498296 0.0007442141266003443 198
1739998498384 1.6352818238821514 199
1739998498472 0.04215451773264392 200
1739998498559 0.8637573920627057 201
1739998498647 1.7760892265446382 202
1739998498738 0.5238546493355077 203
1739998498824 0.7452598920425767 204
1739998498910 0.5382727678245921 205
1739998498997 1.3968061168771864 206
1739998499084 0.0334827312281592 207
1739998499172 0.11269090672770013 208
1739998499264 0.564233379393166 209
1739998499353 0.001072963356760013 210
1739998499441 1.3992586594956138 211
1739998499537 0.36755168396955956 212
1739998499624 0.5773245785249802 213
1739998499714 0.5739174518657583 214
1739998499807 2.2229493585283895 215
1739998499894 0.13548122999287932 216
1739998499981 0.9782360236355794 217
1739998500068 0.8201530011786677 218
1739998500154 1.577371105558787 219
1739998500240 0.9564439132555168 220
1739998500327 1.575373707700004 221
1739998500418 0.6233678386385857 222
1739998500520 0.7371486206683671 223
1739998500610 0.4856887938756404 224
1739998500697 0.6544121636587726 225
1739998500832 2.133227465381594 226
1739998500919 0.5176464503362442 227
1739998501006 0.08104906802662712 228
1739998501093 0.4113933589249587 229
1739998501182 0.1766509981843462 230
1739998501270 0.4323861368320234 231
1739998501356 0.716549900678146 232
1739998501443 0.7024396824375118 233
1739998501533 0.7310792648556347 234
1739998501619 0.2760443293635873 235
1739998501708 0.012112290201580958 236
1739998501800 0.5515698723910801 237
1739998501885 1.2759293817350237 238
1739998501972 0.4286280241780888 239
1739998502060 1.3940903956745232 240
1739998502151 0.6225638979928563 241
1739998502240 0.04021293659118247 242
1739998502326 0.18783748805682846 243
1739998502413 0.025105489886610176 244
1739998502500 0.8609158290252583 245
1739998502593 1.0026120593218382 246
1739998502698 0.5635985412732455 247
1739998502804 0.8626939300012789 248
1739998502913 0.5146656359854208 249
1739998503016 0.4622844343776896 250
1739998503125 0.4349492221916893 251
1739998503225 1.2487797129215874 252
1739998503321 0.5268929767059097 253
1739998503416 0.5207024972309251 254
1739998503505 0.05460668314933927 255
1739998503594 0.40314239015195485 256
1739998503689 0.9464324253154245 257
1739998503786 0.11079886045583985 258
1739998503882 0.45932624707659203 259
1739998503970 1.1653967526173454 260
1739998504056 1.3594127405853007 261
1739998504141 0.05536302949449698 262
1739998504232 1.1031373005060172 263
1739998504321 0.9346671716960915 264
1739998504410 1.3983918311459496 265
1739998504497 0.3246993956120899 266
1739998504585 0.016822501774482926 267
1739998504673 0.15084505622285382 268
1739998504762 0.7738670680518478 269
1739998504849 0.05590041342736006 270
1739998504935 0.22193050197760567 271
1739998505022 1.4692307948334316 272
1739998505110 0.22714257078810568 273
1739998505201 0.007136488158803976 274
1739998505289 0.044078727358905785 275
1739998505374 0.46896806110905626 276
1739998505461 0.7696604148127376 277
1739998505549 0.3909818636274378 278
1739998505638 1.3889212461566696 279
1739998505730 0.34964603889635254 280
1739998505816 0.6347934009981573 281
1739998505906 0.25857585381833015 282
1739998505994 0.02228622563528079 283
1739998506082 0.5477239997679251 284
1739998506166 0.11523183799796681 285
1739998506253 0.20718284050461142 286
1739998506341 0.49614890600823575 287
1739998506427 0.5808419153840515 288
1739998506517 1.1889700186575134 289
1739998506605 0.6260170653301464 290
1739998506699 0.6285666271333948 291
1739998506829 0.054423885361367844 292
1739998506929 0.05219875161737517 293
1739998507027 0.31532319350390764 294
1739998507128 0.8985287242273822 295
1739998507227 0.5914600859075334 296
1739998507323 0.47639430107638386 297
1739998507420 0.16021007004550133 298
1739998507519 0.3950230253642066 299
1739998507617 0.5597734015594202 300
1739998507715 1.1562647065914446 301
1739998507811 0.47124586286940895 302
1739998507909 0.06347754374353877 303
1739998508006 0.052162101753502284 304
1739998508101 0.26776426740013515 305
1739998508199 0.7103587832534445 306
1739998508294 0.33104209034000964 307
1739998508394 0.49660786608781154 308
1739998508489 0.0866746756180655 309
1739998508585 0.5969166151883496 310
1739998508685 0.44090231654154566 311
1739998508783 0.8031217813580808 312
1739998508880 0.12086293603108615 313
1739998508976 0.43728918696053576 314
1739998509074 0.6002099052109433 315
1739998509169 0.16514083336759244 316
1739998509257 1.3203344442627514 317
1739998509341 0.485291439035734 318
1739998509429 0.15771435398457112 319
1739998509516 0.03719043420599961 320
1739998509605 0.5759668363519955 321
1739998509690 0.12265561972432841 322
1739998509781 0.6465177214528158 323
1739998509874 0.23454469995652813 324
1739998509973 3.1158856548771725 325
1739998510061 0.6489027785300682 326
1739998510148 1.2858624795731748 327
1739998510234 0.15709582828476812 328
1739998510323 0.540225890357641 329
1739998510411 0.3782508219445725 330
1739998510497 0.037715912249818205 331
1739998510606 0.08873732965036835 332
1739998510697 0.6532398265572423 333
1739998510786 0.4841301269819361 334
1739998510876 0.628909147818917 335
1739998510967 0.7663940013720266 336
1739998511058 0.17208565974872603 337
1739998511144 0.7554888468906553 338
1739998511230 1.3778061788901437 339
1739998511316 0.8611612136532364 340
1739998511403 0.26253426820289966 341
1739998511490 0.10035521869632644 342
1739998511577 0.3222333452806158 343
1739998511667 0.49165809711249125 344
1739998511757 0.19434205460387752 345
1739998511844 1.3077884249306562 346
1739998511930 0.17406889537580517 347
1739998512025 0.7464562790337347 348
1739998512111 0.057922105234808605 349
1739998512198 0.6699644676363166 350
1739998512285 1.2505038213045114 351
1739998512372 8.589838598182944e-06 352
1739998512458 0.06771959038759423 353
1739998512547 0.9992004372246813 354
1739998512636 1.5025731963314337 355
1739998512723 0.08179220928824694 356
1739998512875 0.3064583723450079 357
1739998512960 0.6244021661880548 358
1739998513050 1.105296801511027 359
1739998513137 1.4233812763634257 360
1739998513235 0.6749473776962146 361
1739998513327 0.19667042294126136 362
1739998513417 0.47789961942982573 363
1739998513511 0.043082809184698714 364
1739998513602 0.3659737410004662 365
1739998513697 0.8081054560876346 366
1739998513787 0.1927545361184581 367
1739998513874 0.5495683363044548 368
1739998513962 1.4120206592342517 369
1739998514057 0.1627495439962259 370
1739998514146 0.028717604549534335 371
1739998514233 0.0454827005819899 372
1739998514321 0.4898978413153928 373
1739998514410 0.658190096536689 374
1739998514498 0.5490957952620923 375
1739998514586 0.26215664828399754 376
1739998514676 1.2806482382787552 377
1739998514793 0.1275427241911566 378
1739998514881 1.0079239065152752 379
1739998514974 0.6648587898213465 380
1739998515064 1.2047305617488235 381
1739998515154 0.11573941528767535 382
1739998515243 0.6862703876828523 383
1739998515333 0.6007060945814088 384
1739998515421 1.4597779427110973 385
1739998515511 1.2114644962825378 386
1739998515600 0.46133017730539205 387
1739998515692 1.4978164643272582 388
1739998515782 1.03844668340224 389
1739998515870 0.4195991972163136 390
1739998515959 0.0784912471962074 391
1739998516053 0.528671314258955 392
1739998516143 0.5360365202160595 393
1739998516236 1.575857295052956 394
1739998516322 0.4765844785442133 395
1739998516411 0.21614253063831104 396
1739998516500 0.7070759329396461 397
1739998516586 0.14917627976131886 398
1739998516674 1.3187823599776558 399
1739998516764 0.13397343652389093 400
1739998516850 0.5034045395821021 401
1739998516936 0.1579489856687483 402
1739998517026 0.5820246976093575 403
1739998517112 0.11241692975309478 404
1739998517200 0.7957755512069116 405
1739998517286 0.3050923330051779 406
1739998517372 0.2570595626807034 407
1739998517457 0.8596957403474524 408
1739998517543 0.45009635097431433 409
1739998517632 0.6367565505514251 410
1739998517722 0.44011863363001347 411
1739998517810 0.00616247930482874 412
1739998517900 0.6095892271573552 413
1739998517986 0.29473058129009133 414
1739998518081 5.32991457251688e-05 415
1739998518169 0.7159415744066095 416
1739998518259 1.4728328604228067 417
1739998518346 0.8929323610080176 418
1739998518433 0.29516001442277506 419
1739998518520 0.07434561278180926 420
1739998518612 1.6407615786593057 421
1739998518702 0.7638460208274503 422
1739998518790 0.2834400408378032 423
1739998518876 0.36025441462216107 424
1739998518964 0.35107990007624457 425
1739998519050 2.2007242295825646 426
1739998519137 0.5418935195917047 427
1739998519227 1.429469454861723 428
1739998519319 0.3170266636022832 429
1739998519408 1.3361816588338704 430
1739998519497 0.6583573950359409 431
1739998519585 0.5245962186457662 432
1739998519673 0.28870824194924394 433
1739998519763 0.6738399633595502 434
1739998519849 1.1589115150338725 435
1739998519936 0.43585689340741385 436
1739998520023 1.1466060150897728 437
1739998520115 0.3451333369203111 438
1739998520202 0.8408639531160511 439
1739998520290 0.7884098538597228 440
1739998520377 1.1315853498048312 441
1739998520463 0.35528280433361875 442
1739998520549 0.33940337526271913 443
1739998520643 1.4748519439378747 444
1739998520745 0.48786561111703547 445
1739998520832 0.6197648899285241 446
1739998520919 2.1451151807204867e-05 447
1739998521006 0.25376419701709807 448
1739998521093 0.5809592527037631 449
1739998521181 1.1093093581703108 450
1739998521268 0.9805358922291079 451
1739998521356 0.9460747080474053 452
1739998521442 0.24958881144862805 453
1739998521530 0.8434786814582912 454
1739998521620 0.5529023894683983 455
1739998521710 0.24319599345892517 456
1739998521796 0.5917783507733896 457
1739998521882 0.45685306136736653 458
1739998521971 0.04145843772025381 459
1739998522056 0.37636584243513693 460
1739998522147 0.4144676680683712 461
1739998522235 0.3590950338716493 462
1739998522323 0.9690173456827266 463
1739998522410 0.00033043615018273157 464
1739998522496 0.42664187860767744 465
1739998522587 0.14382276196559837 466
1739998522675 1.2910318213331407 467
1739998522766 0.6860686896826351 468
1739998522853 0.251397285463222 469
1739998522941 0.6481864485326293 470
1739998523026 0.427763465121055 471
1739998523115 1.0903154864182973 472
1739998523204 0.09204506732177553 473
1739998523292 0.3640192803550011 474
1739998523379 0.08070364371210924 475
1739998523467 0.9717478391419307 476
1739998523554 1.1819417480419574 477
1739998523640 0.10859922534595762 478
1739998523731 0.5543844878874082 479
1739998523822 0.1326347547712652 480
1739998523908 1.6863352199333639 481
1739998523995 0.1046511622882243 482
1739998524085 0.2137061953549909 483
1739998524174 0.23182479119718769 484
1739998524264 0.3454406848393854 485
1739998524350 0.6074891844973014 486
1739998524438 0.9645098245691809 487
1739998524528 0.203248834483111 488
1739998524615 0.14688150955136164 489
1739998524703 0.44228604700716084 490
1739998524789 1.8779726704819995 491
1739998524875 0.8154157590905733 492
1739998524961 0.8664096809811134 493
1739998525048 0.27456104224723815 494
1739998525134 0.8079395000872903 495
1739998525221 0.7501495135564329 496
1739998525308 0.3722340929174921 497
1739998525394 1.4513294788039812 498
1739998525481 0.47681219474364317 499
