1740013045658 1.6521932501728045 0
1740013045754 7.633453215754442 1
1740013045843 6.9612899387683385 2
1740013045936 3.781064034048951 3
1740013046027 3.610682606362498 4
1740013046117 2.895565567711981 5
1740013046204 2.614306289716685 6
1740013046295 4.457083716228386 7
1740013046386 5.218158481047914 8
1740013046474 3.5896148123036973 9
1740013046563 5.8768226521519855 10
1740013046650 3.704279825364299 11
1740013046736 2.869135311384822 12
1740013046828 4.2481686246175885 13
1740013046920 3.8219086355702925 14
1740013047007 5.883391957486386 15
1740013047098 4.275232626129337 16
1740013047239 4.35925316933571 17
1740013047326 3.94456284908413 18
1740013047415 5.327682587579454 19
1740013047506 5.250840337992835 20
1740013047594 5.101053161447367 21
1740013047682 4.064748169136967 22
1740013047772 5.200649949964878 23
1740013047861 4.34307622533539 24
1740013047951 6.42184606754611 25
1740013048039 4.666760518269357 26
1740013048129 5.009967856626321 27
1740013048219 4.443396083285699 28
1740013048308 4.284811885040919 29
1740013048395 6.615631291929387 30
1740013048487 2.097481847674911 31
1740013048583 5.97928959792361 32
1740013048672 4.031845588387855 33
1740013048758 4.713473399466997 34
1740013048849 4.5971779189798685 35
1740013048940 4.327599487959185 36
1740013049027 6.7244892753907815 37
1740013049120 3.408259212944658 38
1740013049211 4.962558745173197 39
1740013049300 6.106961001880784 40
1740013049387 7.053288094065838 41
1740013049477 5.46992462390454 42
1740013049568 6.332221834580559 43
1740013049658 5.700840745962385 44
1740013049744 1.9660719942104923 45
1740013049832 5.688331040649123 46
1740013049919 6.983203326344002 47
1740013050007 5.8806178005822645 48
1740013050098 5.234236262222193 49
1740013050188 3.782500014187901 50
1740013050276 4.509230377037863 51
1740013050363 5.302255856580365 52
1740013050451 5.995693654374715 53
1740013050543 3.8011060340836003 54
1740013050632 2.170500126654551 55
1740013050718 3.3787740838572904 56
1740013050806 5.510462010647446 57
1740013050901 3.1761121491073365 58
1740013050990 4.639615029367159 59
1740013051079 4.050279615304012 60
1740013051168 1.605448603496114 61
1740013051254 5.408552166514203 62
1740013051342 5.920526914288051 63
1740013051429 5.458924533307608 64
1740013051519 5.928159436459666 65
1740013051610 11.795827938212017 66
1740013051697 9.008933408111963 67
1740013051785 4.060546608210836 68
1740013051875 2.456166002373343 69
1740013051963 3.519287537857259 70
1740013052052 4.322079757839082 71
1740013052146 8.631140614442696 72
1740013052236 1.8745702474439832 73
1740013052324 3.88059997271733 74
1740013052413 4.35525916032913 75
1740013052506 7.020397192555121 76
1740013052598 4.162829935326756 77
1740013052691 11.3184774560945 78
1740013052785 3.815424588829146 79
1740013052876 4.109138894998578 80
1740013052968 3.818175062196682 81
1740013053055 5.931542420075426 82
1740013053149 1.588916204532396 83
1740013053239 4.264479366944074 84
1740013053329 1.0716935620788959 85
1740013053417 5.383021402509643 86
1740013053508 6.567128007688366 87
1740013053667 3.3515981965140984 88
1740013053771 3.8302593435541272 89
1740013053862 6.902397048916274 90
1740013053949 5.075059051853395 91
1740013054040 5.14305503119873 92
1740013054140 3.97480571590637 93
1740013054230 4.754314882579541 94
1740013054318 2.821125829934186 95
1740013054406 5.856926494304332 96
1740013054495 3.6425562883698652 97
1740013054585 4.926043333641393 98
1740013054678 4.620373480362726 99
1740013054766 5.765380439328943 100
1740013054855 7.633235838981871 101
1740013054943 5.045359474367505 102
1740013055035 6.959071902221262 103
1740013055125 5.358947689796634 104
1740013055211 5.087826202547266 105
1740013055298 5.012190022224904 106
1740013055386 4.895752637657635 107
1740013055473 4.107216584508969 108
1740013055561 4.2932820698948575 109
1740013055648 8.596463777420066 110
1740013055738 4.5276016140830855 111
1740013055826 3.285872825973651 112
1740013055914 3.8916596246653943 113
1740013056001 4.444715519939268 114
1740013056092 2.3815835927734956 115
1740013056184 8.610046312853184 116
1740013056273 2.689812342735179 117
1740013056359 5.418402188873097 118
1740013056447 15.230341177914982 119
1740013056539 4.460146901056418 120
1740013056628 1.8606932402371115 121
1740013056714 3.1214330335207516 122
1740013056809 2.6697755053235137 123
1740013056900 4.250764939296324 124
1740013056988 6.88267934412292 125
1740013057090 5.383507034204514 126
1740013057180 6.659691750400448 127
1740013057328 4.650733412063003 128
1740013057417 4.465695070388278 129
1740013057505 6.0071247455968875 130
1740013057595 3.2192062134640533 131
1740013057686 5.884998664962784 132
1740013057776 4.92175594324167 133
1740013057870 2.780152955411913 134
1740013057957 3.995499961781081 135
1740013058045 4.637414542114835 136
1740013058137 7.027183431156545 137
1740013058223 5.916742320594252 138
1740013058311 3.6222913418642557 139
1740013058401 5.812663260249559 140
1740013058491 2.991449598377255 141
1740013058580 4.663852275161426 142
1740013058667 6.268930744408834 143
1740013058755 3.2579905893973904 144
1740013058846 5.666579343617932 145
1740013058934 3.486134715864601 146
1740013059023 1.6545841553428908 147
1740013059119 3.7662693670956213 148
1740013059206 3.1921941807959757 149
1740013059297 3.8644579250891664 150
1740013059385 6.681755815491199 151
1740013059472 4.721023934230839 152
1740013059564 4.748171661794253 153
1740013059652 4.60227179097409 154
1740013059739 4.21282568557582 155
1740013059829 4.635859907910228 156
1740013059920 3.851521038408398 157
1740013060007 3.922113495374523 158
1740013060097 6.428038946761843 159
1740013060186 8.50774101736094 160
1740013060277 4.8675089174047805 161
1740013060372 3.148404880271187 162
1740013060461 7.258261512043164 163
1740013060553 3.6573720605565034 164
1740013060641 4.517924399084899 165
1740013060727 5.866272036759434 166
1740013060815 7.054966154025346 167
1740013060905 4.884632429296845 168
1740013060994 4.872839541156592 169
1740013061089 4.233873254616015 170
1740013061177 4.950505306577534 171
1740013061264 5.333203367107507 172
1740013061357 5.544534114241716 173
1740013061445 4.490445654525336 174
1740013061535 5.2137921753743885 175
1740013061626 5.784528371541427 176
1740013061719 6.567187595524845 177
1740013061811 5.94695592383187 178
1740013061900 6.367851384230774 179
1740013061990 5.370768586467948 180
1740013062080 3.96404091998813 181
1740013062171 4.893208975051978 182
1740013062258 5.574187395837385 183
1740013062345 1.469210138010627 184
1740013062431 3.4734960451747585 185
1740013062521 3.8854265487636477 186
1740013062609 6.113387688859396 187
1740013062699 3.4662568753270486 188
1740013062792 3.703039207484519 189
1740013062882 3.8084397944598702 190
1740013062997 4.65521671748799 191
1740013063092 3.4099865456146587 192
1740013063194 2.3233527169621193 193
1740013063282 3.1636353493632887 194
1740013063368 5.4736994127542475 195
1740013063457 2.2342203476729745 196
1740013063548 4.032879577324392 197
1740013063635 8.495392765319437 198
1740013063722 3.9682663889287992 199
1740013063815 5.027290244131345 200
1740013063914 5.237791781168133 201
1740013064001 6.223944296377646 202
1740013064104 4.359510409699938 203
1740013064194 4.355350584152692 204
1740013064280 4.640906585031658 205
1740013064404 5.553217133755869 206
1740013064500 3.3102551559113262 207
1740013064589 2.96482815164638 208
1740013064675 1.412116489475984 209
1740013064771 5.326672732593861 210
1740013064868 3.719187884420691 211
1740013064958 5.1545492411963405 212
1740013065046 1.570577510311739 213
1740013065139 5.619605331959005 214
1740013065234 3.1918560428165033 215
1740013065321 8.42492068587456 216
1740013065407 2.8897802936283967 217
1740013065496 4.24349001850542 218
1740013065614 3.0120957032044444 219
1740013065749 5.9701316783159335 220
1740013065862 5.17865398147549 221
1740013065951 4.958950738623179 222
1740013066038 5.069097604067004 223
1740013066145 7.3815065242903195 224
1740013066244 4.252548569394785 225
1740013066354 5.128494989615955 226
1740013066462 9.163308995010139 227
1740013066556 5.201719952799806 228
1740013066651 4.201960468162299 229
1740013066744 2.3106731090052532 230
1740013066835 9.99506082147501 231
1740013066926 4.645378634763486 232
1740013067014 5.91782280505848 233
1740013067105 4.34072603993246 234
1740013067206 5.131352459141402 235
1740013067298 3.9634071540440106 236
1740013067385 3.7982092624941988 237
1740013067475 4.023916003355159 238
1740013067570 3.063406805721543 239
1740013067660 2.4252717933127483 240
1740013067748 2.783848499082515 241
1740013067837 5.158258347615439 242
1740013067923 3.4804627532632266 243
1740013068011 3.867694367911396 244
1740013068106 3.8784627479087797 245
1740013068277 4.126962994821191 246
1740013068364 6.826219754502864 247
1740013068452 7.1962552415482275 248
1740013068545 4.958497146552145 249
1740013068634 6.201061994878713 250
1740013068722 6.006575577013777 251
1740013068809 6.235956719172097 252
1740013068900 6.766654058516197 253
1740013068989 3.720771077344363 254
1740013069078 4.679313702330918 255
1740013069169 5.020011629504541 256
1740013069267 3.08718962086162 257
1740013069356 5.156314195891454 258
1740013069447 4.5459896728643985 259
1740013069538 7.891557808961454 260
1740013069630 3.1750826560611642 261
1740013069722 5.593369563990346 262
1740013069814 5.108849926762758 263
1740013069906 6.505829053200694 264
1740013069994 2.133509335138273 265
1740013070085 7.612490875355813 266
1740013070174 6.739544472778914 267
1740013070266 3.3324965975863843 268
1740013070356 3.746492430027305 269
1740013070443 2.5582401122674963 270
1740013070532 6.160629877347764 271
1740013070620 6.311705823886615 272
1740013070709 4.410829518546949 273
1740013070800 5.4589375887881415 274
1740013070889 11.859865528764509 275
1740013070976 1.6834354627703463 276
1740013071063 4.09336350494767 277
1740013071153 5.5665088109903875 278
1740013071240 2.975849879254842 279
1740013071335 5.492797748077576 280
1740013071422 3.553118403155818 281
1740013071512 7.205816750571268 282
1740013071602 4.201748756781084 283
1740013071691 7.991874562132378 284
1740013071778 5.170087157524684 285
1740013071871 2.2951892635555677 286
1740013071959 0.6880636682678358 287
1740013072046 2.479924154272112 288
1740013072136 3.461185156938952 289
1740013072223 2.595661368268033 290
1740013072310 5.579028316177403 291
1740013072398 3.4937472871714146 292
1740013072487 2.8928310695167556 293
1740013072575 4.076588095044478 294
1740013072661 1.1171791130182094 295
1740013072750 4.732604537880779 296
1740013072837 5.060682641874184 297
1740013072924 2.292898997357229 298
1740013073010 4.340107111059705 299
1740013073101 1.1904527260056499 300
1740013073189 4.807466020355656 301
1740013073276 2.7107638123462596 302
1740013073370 3.5979550648324423 303
1740013073462 2.0489486314050507 304
1740013073552 3.7735732035502725 305
1740013073642 7.037354215221549 306
1740013073729 5.329883344120079 307
1740013073818 3.2919687982474692 308
1740013073910 3.803271290134851 309
1740013074011 6.892622144377988 310
1740013074102 3.3450034814237806 311
1740013074190 6.143668020753365 312
1740013074276 3.452676364022203 313
1740013074367 3.5997202563767767 314
1740013074460 4.772011891062647 315
1740013074553 4.2416102913258396 316
1740013074640 4.852097575687718 317
1740013074728 4.922853840455507 318
1740013074817 3.174062454555298 319
1740013074912 4.081895489243583 320
1740013075005 4.974016457442397 321
1740013075094 6.095640232436409 322
1740013075182 5.347500369891236 323
1740013075269 0.6962523009150772 324
1740013075363 5.053050783038228 325
1740013075452 1.6868359382773 326
1740013075546 11.17292873870151 327
1740013075635 3.707947461644411 328
1740013075723 5.3479570721647995 329
1740013075815 4.403764916154336 330
1740013075904 6.234662781137534 331
1740013075993 5.043714538818806 332
1740013076085 3.3883485745528517 333
1740013076173 5.784976862623242 334
1740013076261 4.113850732334673 335
1740013076349 5.273951354845635 336
1740013076435 4.420706428444409 337
1740013076525 4.502662321015267 338
1740013076615 7.33301468336588 339
1740013076702 2.464178572399528 340
1740013076788 4.076073572977496 341
1740013076878 2.7851716089770484 342
1740013076965 3.7786669302224234 343
1740013077051 2.447504223990748 344
1740013077138 7.447309333850919 345
1740013077226 4.844299124655627 346
1740013077312 8.233528667692323 347
1740013077406 4.434788252218583 348
1740013077494 5.680712841397325 349
1740013077582 4.213768784753957 350
1740013077670 3.8712072784918226 351
1740013077756 3.5007705560320663 352
1740013077845 5.34393431122008 353
1740013077934 4.3850996186704 354
1740013078022 4.8244433128466495 355
1740013078112 3.844981713012512 356
1740013078201 7.21873783182092 357
1740013078290 6.661784418528396 358
1740013078379 5.386457379470486 359
1740013078466 6.140586228974292 360
1740013078556 8.014501145105381 361
1740013078646 1.8277134045072745 362
1740013078733 8.302560720104523 363
1740013078819 5.1530385902456315 364
1740013078906 5.689001823607082 365
1740013078994 6.365407831975717 366
1740013079083 4.506527870275234 367
1740013079172 6.106045122930076 368
1740013079261 7.750662093207432 369
1740013079350 5.0087837447476655 370
1740013079444 5.092414615735833 371
1740013079534 8.527466668112288 372
1740013079621 3.7244564180125272 373
1740013079710 4.966699946648129 374
1740013079800 6.933647267586842 375
1740013079895 5.874695032607833 376
1740013079988 5.089256250545874 377
1740013080077 6.693448861210284 378
1740013080164 4.232155642327995 379
1740013080251 5.898017213416086 380
1740013080339 6.069153898678266 381
1740013080427 5.844389218260371 382
1740013080518 4.629394345872419 383
1740013080612 3.4327621056355757 384
1740013080702 4.416043699292813 385
1740013080791 5.940001685055227 386
1740013080883 3.0821627152137996 387
1740013080973 2.8489436412811875 388
1740013081060 2.5323455051090513 389
1740013081153 2.243974473215449 390
1740013081241 5.123238129209618 391
1740013081328 6.433080533761307 392
1740013081416 3.4505555117065536 393
1740013081513 3.282085288307412 394
1740013081600 4.379800068963487 395
1740013081688 4.683298051327834 396
1740013081778 5.940684026442148 397
1740013081866 3.356539820791122 398
1740013081956 2.9148347032014 399
1740013082044 7.086835812531226 400
1740013082136 3.273592216764999 401
1740013082223 6.242401443370034 402
1740013082310 3.2262771878448144 403
1740013082399 3.837588495640478 404
1740013082486 5.9245169133885085 405
1740013082574 4.026239060576942 406
1740013082662 2.9434500481944785 407
1740013082755 2.7681899890772597 408
1740013082845 6.127432705696981 409
1740013082932 4.2651361618909185 410
1740013083019 4.700841719645635 411
1740013083108 3.4656790021133186 412
1740013083195 5.220333732419018 413
1740013083283 3.7784692379270077 414
1740013083371 5.74916461390587 415
1740013083461 4.5938386032772645 416
1740013083559 5.519346857471425 417
1740013083648 1.3295695376304815 418
1740013083737 2.0535078046364914 419
1740013083830 3.8305082767526875 420
1740013083923 5.77477930747594 421
1740013084018 6.734800652574656 422
1740013084119 5.599748061021944 423
1740013084213 5.02541613319228 424
1740013084364 6.536262497951673 425
1740013084458 1.8726905472403448 426
1740013084549 3.6232686803166327 427
1740013084637 3.5076390912423703 428
1740013084725 4.444251238748312 429
1740013084817 5.653905104474031 430
1740013084907 4.624508606700353 431
1740013084996 5.709204814356881 432
1740013085087 4.865274402673776 433
1740013085174 3.643847021097733 434
1740013085262 2.689928346019497 435
1740013085351 1.952548567207317 436
1740013085440 7.244816681893654 437
1740013085534 2.1659951412225817 438
1740013085622 3.4461819696030584 439
1740013085711 5.139658472507378 440
1740013085798 3.9575928264096785 441
1740013085887 7.483861239762561 442
1740013085974 6.549902368367606 443
1740013086061 10.765621219527358 444
1740013086151 4.307020094583916 445
1740013086237 5.296068015110812 446
1740013086327 4.695588870228939 447
1740013086415 3.904712506684823 448
1740013086502 2.55744691281074 449
1740013086593 3.674394880173756 450
1740013086681 4.54571932816609 451
1740013086768 5.5664704789794595 452
1740013086855 7.28252128967911 453
1740013086948 4.003472323153485 454
1740013087034 2.224669065540845 455
1740013087152 3.8761183223326796 456
1740013087241 3.8734462214110046 457
1740013087389 3.041246183207301 458
1740013087478 6.027010122057881 459
1740013087576 5.565805277786883 460
1740013087667 4.71294960196412 461
1740013087760 4.089457401406862 462
1740013087850 2.862345447705494 463
1740013087944 5.393353405471694 464
1740013088035 5.466390345596068 465
1740013088136 5.689225493599467 466
1740013088237 8.430184109815384 467
1740013088342 5.27794344497514 468
1740013088441 3.033716866624088 469
1740013088537 4.2752868542839755 470
1740013088633 5.176481186013519 471
1740013088724 6.69012282758348 472
1740013088814 5.6703381384978355 473
1740013088902 5.267641925997971 474
1740013088992 2.89721695390193 475
1740013089083 9.347695474875781 476
1740013089173 6.269089178446581 477
1740013089263 3.0689567257829524 478
1740013089352 4.055184926329169 479
1740013089441 1.4507136465676946 480
1740013089530 5.400199681635327 481
1740013089626 3.990607933627756 482
1740013089714 4.271520019779434 483
1740013089804 4.508661077513026 484
1740013089892 4.022867262173769 485
1740013089983 2.212795877919332 486
1740013090075 3.7753730585050294 487
1740013090163 6.089504339539896 488
1740013090255 5.562289911375721 489
1740013090344 5.718587628788498 490
1740013090438 5.534769782154052 491
1740013090527 3.9636222828068477 492
1740013090617 3.351691141578916 493
1740013090705 9.917586808872665 494
1740013090820 5.576442188710281 495
1740013090911 4.472590277116046 496
1740013091002 6.359064438579696 497
1740013091098 3.4880326155657886 498
1740013091189 4.48993695556759 499
