1739968598118 6.630808919764954 0
1739968598141 6.549638006996887 1
1739968598163 6.595566455019035 2
1739968598187 6.56041981974859 3
1739968598209 6.531868715915134 4
1739968598231 6.538573483001889 5
1739968598252 6.533610745948306 6
1739968598274 6.595097235217771 7
1739968598298 6.53287947722673 8
1739968598322 6.564079099694378 9
1739968598346 6.568518347536095 10
1739968598368 6.610866907249703 11
1739968598392 6.580975605353832 12
1739968598414 6.548398513385953 13
1739968598437 6.5180994668425924 14
1739968598462 6.593012230803361 15
1739968598485 6.577216853623029 16
1739968598508 6.545021789758032 17
1739968598529 6.54976803474801 18
1739968598551 6.601055469677109 19
1739968598573 6.54198901668565 20
1739968598596 6.586338498154435 21
1739968598618 6.580913979662424 22
1739968598640 6.59991194815646 23
1739968598660 6.612524566521773 24
1739968598683 6.610476126393939 25
1739968598705 6.596419999780414 26
1739968598725 6.58233767107595 27
1739968598746 6.6119002981676 28
1739968598767 6.578607306043885 29
1739968598790 6.577283148663749 30
1739968598811 6.5871806990227375 31
1739968598831 6.6020795133519306 32
1739968598852 6.577884747018601 33
1739968598874 6.563779749291749 34
1739968598897 6.563769167990984 35
1739968598918 6.575916476103531 36
1739968598938 6.602639924052959 37
1739968598960 6.5515229215785435 38
1739968598984 6.580739762077494 39
1739968599006 6.5857164797432555 40
1739968599026 6.5740423043987795 41
1739968599049 6.54176973009826 42
1739968599071 6.533625520214275 43
1739968599094 6.556651512368803 44
1739968599114 6.603128865585821 45
1739968599137 6.606420237457792 46
1739968599160 6.551837668342975 47
1739968599183 6.574207224842811 48
1739968599205 6.613352410446352 49
1739968599225 6.605753534418054 50
1739968599246 6.576327670311205 51
