1740013111138 4.759749569550622 0
1740013111228 5.147277825321599 1
1740013111316 5.48416774500719 2
1740013111405 4.898323530261282 3
1740013111498 4.903410806707384 4
1740013111585 5.048082447258376 5
1740013111676 1.4442136747264704 6
1740013111765 12.062193939483388 7
1740013111860 2.4589583745653356 8
1740013111945 5.272346757860117 9
1740013112037 3.873237494166248 10
1740013112131 4.204330691662952 11
1740013112219 4.278197031005769 12
1740013112307 7.022699543981736 13
1740013112400 5.2456076482099405 14
1740013112487 8.141237537892774 15
1740013112575 3.9545854917389276 16
1740013112663 4.348094286774691 17
1740013112749 5.351416986182058 18
1740013112839 3.8769811481828342 19
1740013112926 4.949310953786363 20
1740013113012 4.380974362913687 21
1740013113104 4.6444330001470995 22
1740013113216 3.903672692805678 23
1740013113303 7.352312708412296 24
1740013113391 3.3850024167453996 25
1740013113477 5.088535626248661 26
1740013113571 3.4864270822237233 27
1740013113658 4.949656304014363 28
1740013113746 3.4565945287542377 29
1740013113833 3.0138689518244526 30
1740013113921 6.911959859971751 31
1740013114008 1.345491928141127 32
1740013114101 3.7992406576911795 33
1740013114187 5.563126954740579 34
1740013114273 4.9474362887591745 35
1740013114374 2.9048777207141554 36
1740013114462 6.689860024863675 37
1740013114551 3.566134496488518 38
1740013114638 5.086724136710461 39
1740013114723 2.662085756231411 40
1740013114810 3.2787971403767258 41
1740013114897 6.188220209815007 42
1740013114988 3.207165146436676 43
1740013115082 4.936374474701127 44
1740013115171 4.696636912891591 45
1740013115258 4.522608551711275 46
1740013115346 3.241067591698478 47
1740013115432 3.0814188176585424 48
1740013115518 4.2131664809718385 49
1740013115607 6.396634941339253 50
1740013115695 6.329754118279654 51
1740013115781 5.7957354752174055 52
1740013115866 4.15294696530245 53
1740013115952 4.089839998546902 54
1740013116041 3.7885852676364395 55
1740013116133 6.144394397257433 56
1740013116218 2.162004948012285 57
1740013116308 6.537146923744541 58
1740013116395 3.9255218510945924 59
1740013116521 6.258795022147182 60
1740013116615 6.328761906938848 61
1740013116702 3.1846314005483594 62
1740013116787 5.218834608119563 63
1740013116880 3.5040233207682125 64
1740013116972 6.66593978886839 65
1740013117063 5.4731158872930985 66
1740013117152 3.69336891298157 67
1740013117242 4.454750960457983 68
1740013117330 4.535724687339485 69
1740013117497 3.2388694371362825 70
1740013117586 3.9609887631532894 71
1740013117675 7.315204308839714 72
1740013117762 2.8256572374248994 73
1740013117852 3.251585768439566 74
1740013117940 5.380257512690323 75
1740013118029 4.170884763523136 76
1740013118126 4.651749896794318 77
1740013118219 3.098224177200353 78
1740013118362 5.603571095302683 79
1740013118450 2.0383543560734507 80
1740013118538 6.9735859378314276 81
1740013118630 4.66242183535253 82
1740013118716 0.9829556872307836 83
1740013118805 2.4763269294313455 84
1740013118893 7.042985072252078 85
1740013118983 5.333768186671018 86
1740013119076 3.2729135077835716 87
1740013119163 5.353260297739079 88
1740013119250 5.139441718916875 89
1740013119337 4.958987625482854 90
1740013119427 2.6534743279755912 91
1740013119514 3.5732938741733964 92
1740013119601 4.589994991450268 93
1740013119688 3.095199494792585 94
1740013119775 4.933070258404502 95
1740013119861 5.873967241882533 96
1740013119947 3.344963592541617 97
1740013120036 7.304826726518149 98
1740013120125 6.767167126361647 99
1740013120213 3.9527335990591994 100
1740013120310 6.694549191292542 101
1740013120399 6.308452079705827 102
1740013120487 5.73738856601747 103
1740013120574 8.59808806398942 104
1740013120661 5.3291314074733815 105
1740013120746 5.17097725139624 106
1740013120832 4.5790525643872675 107
1740013120919 6.3017366075395485 108
1740013121005 5.731444819928705 109
1740013121093 5.100693291606523 110
1740013121180 3.685516042696226 111
1740013121266 3.331522598916217 112
1740013121354 3.9854294135718376 113
1740013121440 4.72643195165496 114
1740013121527 5.3996706804726005 115
1740013121613 3.859663415957303 116
1740013121700 4.5673374368344515 117
1740013121789 2.9596352617971595 118
1740013121876 2.008729588360948 119
1740013121962 4.622659856549721 120
1740013122047 6.331669008023526 121
1740013122136 4.502394437435048 122
1740013122230 3.80292250451318 123
1740013122317 2.401743272555621 124
1740013122403 6.719759030893099 125
1740013122489 5.677497296387645 126
1740013122579 2.5042924175109476 127
1740013122669 4.4760072055513485 128
1740013122759 2.1280250971776753 129
1740013122849 3.7349482230330553 130
1740013122939 4.059964208243539 131
1740013123027 3.298954082511813 132
1740013123119 2.8541692739462783 133
1740013123208 2.7260425414924474 134
1740013123297 4.984909915091782 135
1740013123386 4.760555957633499 136
1740013123472 4.593981439377125 137
1740013123559 5.800469184132257 138
1740013123649 2.1466389206374394 139
1740013123750 7.090230335000385 140
1740013123837 1.3019415884588101 141
1740013123925 3.2357042647562007 142
1740013124011 5.465541160650788 143
1740013124101 6.477533389268811 144
1740013124189 8.611907063296862 145
1740013124280 2.7222408084281122 146
1740013124365 2.8713865254535165 147
1740013124466 6.993459852028013 148
1740013124555 4.01151650221363 149
1740013124640 3.6926393315398336 150
1740013124729 5.975440805736997 151
1740013124824 4.535506162544526 152
1740013124916 7.140571766305344 153
1740013125004 6.914419096503046 154
1740013125091 5.9312270373456295 155
1740013125178 4.283025855170189 156
1740013125264 4.317828590917505 157
1740013125351 4.361803522787916 158
1740013125440 3.57239177120855 159
1740013125531 3.589335747274708 160
1740013125619 2.5119286062692576 161
1740013125711 3.9428204175973387 162
1740013125799 5.489784393941681 163
1740013125887 3.205291144692827 164
1740013125976 4.567072019597043 165
1740013126065 2.8716744810161146 166
1740013126154 3.2644549525086317 167
1740013126244 4.573115248707889 168
1740013126335 7.322672638488558 169
1740013126440 8.07528770237756 170
1740013126532 6.997169729972748 171
1740013126618 3.3063538588878263 172
1740013126707 2.409497744866371 173
1740013126796 6.9241615495759525 174
1740013126888 4.59760082644129 175
1740013126979 2.06992130833654 176
1740013127066 3.340389754898661 177
1740013127167 3.08788598540647 178
1740013127252 6.813865209035502 179
1740013127341 4.181084077327684 180
1740013127428 4.527953160088143 181
1740013127514 2.8666449575076434 182
1740013127604 5.906095688215042 183
1740013127689 4.9273045049062505 184
1740013127776 6.581691147287622 185
1740013127863 5.672027257071767 186
1740013127949 6.858817534733449 187
1740013128038 3.6665393556822514 188
1740013128127 2.888194418314521 189
1740013128212 5.93346393373318 190
1740013128301 6.884193150942647 191
1740013128388 5.622488513833428 192
1740013128475 1.6846422209765641 193
1740013128563 6.78779271337476 194
1740013128651 5.1740310114415395 195
1740013128741 6.840731815471048 196
1740013128828 5.369379833519144 197
1740013128915 3.7572994954566736 198
1740013129002 4.566363673301409 199
1740013129096 5.97218470798193 200
1740013129187 2.8751997675877417 201
1740013129278 1.713942938815376 202
1740013129370 3.9324399516718764 203
1740013129457 2.410830345538663 204
1740013129546 2.7487241021567135 205
1740013129632 5.356310954111997 206
1740013129719 3.322232610730508 207
1740013129806 9.931952790843305 208
1740013129895 3.748527845536563 209
1740013129981 2.131803503907669 210
1740013130070 5.398790265765127 211
1740013130157 6.442971484421671 212
1740013130243 2.4181775538921886 213
1740013130334 5.230766355107862 214
1740013130419 4.97763761119437 215
1740013130508 3.0856755476610265 216
1740013130597 5.958187791868445 217
1740013130684 6.366831577467045 218
1740013130773 6.956279908252493 219
1740013130859 6.285496893633927 220
1740013130949 4.823116440906653 221
1740013131035 3.7655077321829094 222
1740013131141 4.901050917319587 223
1740013131245 4.941281793373602 224
1740013131332 6.627470278193663 225
1740013131418 5.403356969317934 226
1740013131506 3.4381979939208813 227
1740013131597 6.810987019556182 228
1740013131687 9.599501756241311 229
1740013131777 4.784133261561389 230
1740013131864 2.004951803021554 231
1740013131953 5.340408198979447 232
1740013132040 2.9364080177033878 233
1740013132131 5.911143217897541 234
1740013132217 7.978408220438187 235
1740013132302 3.8297403496018796 236
1740013132394 5.625533594396647 237
1740013132479 5.084960529137793 238
1740013132571 6.118108963695579 239
1740013132658 3.7868567821242176 240
1740013132745 4.590220124205145 241
1740013132829 4.606550511232434 242
1740013132915 2.2516823465362426 243
1740013133001 6.551156658270863 244
1740013133090 4.940488719208183 245
1740013133178 3.926111050675532 246
1740013133263 4.018899765720164 247
1740013133350 3.7444749566009654 248
1740013133436 7.095619236094803 249
1740013133524 3.5485293521972268 250
1740013133612 6.87015947292925 251
1740013133701 3.955835390990163 252
1740013133787 5.209018397960796 253
1740013133873 3.075299539767908 254
1740013133960 4.358927918589619 255
1740013134047 4.173463613856798 256
1740013134135 7.997785671190155 257
1740013134220 5.33131466873344 258
1740013134306 4.025460609647577 259
1740013134395 3.966789382979402 260
1740013134482 4.024106190655503 261
1740013134584 1.7100019367922972 262
1740013134673 3.383969249138015 263
1740013134759 4.091932580742869 264
1740013134845 2.9734616047597253 265
1740013134932 4.066456151448928 266
1740013135017 4.150107391138731 267
1740013135106 4.133426002365933 268
1740013135192 6.949933627232032 269
1740013135279 4.035499946113282 270
1740013135365 4.324037871385138 271
1740013135452 6.670521217727681 272
1740013135543 4.62204291146404 273
1740013135634 3.522011737074245 274
1740013135722 4.978677273572165 275
1740013135810 4.970156738968142 276
1740013135896 3.85549385711475 277
1740013135983 4.1930304617235645 278
1740013136074 4.823137977902958 279
1740013136166 1.3736040945829124 280
1740013136253 5.28587219727625 281
1740013136339 6.5387624284502674 282
1740013136430 5.054530587449621 283
1740013136518 5.064467697599016 284
1740013136608 2.666500414292588 285
1740013136699 5.249493618936251 286
1740013136790 4.0418390769962915 287
1740013136877 3.8692473746461173 288
1740013136967 3.6550209396735176 289
1740013137058 4.685532117731213 290
1740013137153 4.286670568908005 291
1740013137242 3.8127864579774045 292
1740013137331 6.167544230100704 293
1740013137421 4.416431168898352 294
1740013137509 5.276950094256233 295
1740013137596 5.911336067163852 296
1740013137682 3.8093616356804407 297
1740013137772 5.689429203072621 298
1740013137858 3.961361656487358 299
1740013137945 4.570917566158905 300
1740013138030 4.847717748823233 301
1740013138117 5.2002026612567755 302
1740013138204 4.058144539641161 303
1740013138296 4.051415225429077 304
1740013138380 4.540641130669701 305
1740013138473 3.040159433905038 306
1740013138561 4.1666047199816765 307
1740013138648 5.710710056926281 308
1740013138734 5.615396626423845 309
1740013138821 4.437945512357309 310
1740013138907 4.9324407010501625 311
1740013138993 2.4306702398960245 312
1740013139081 3.224539370399661 313
1740013139187 5.056667537534245 314
1740013139274 4.831328007289465 315
1740013139358 5.071727268235905 316
1740013139443 3.083663501977523 317
1740013139529 4.7600511994592 318
1740013139617 5.423869796309046 319
1740013139703 6.241443559792774 320
1740013139789 4.046248316142775 321
1740013139878 4.666221818760744 322
1740013139965 4.592359480918895 323
1740013140053 4.807580105370132 324
1740013140182 5.009198748802629 325
1740013140269 5.899099392749938 326
1740013140355 4.503954850543036 327
1740013140442 3.340509223860702 328
1740013140536 7.049871679738689 329
1740013140625 7.989262414897692 330
1740013140714 3.8912110812752587 331
1740013140799 5.319191946721916 332
1740013140888 3.9881204385736804 333
1740013140978 2.888094347414829 334
1740013141068 3.46245976824231 335
1740013141152 4.498336988596004 336
1740013141239 4.400063856931594 337
1740013141328 5.942700421629125 338
1740013141414 5.781461541523567 339
1740013141500 8.219007861924428 340
1740013141590 4.975127071170156 341
1740013141676 5.37953053946343 342
1740013141763 8.342005222240081 343
1740013141852 3.9228841113291906 344
1740013141940 4.831976577136173 345
1740013142026 3.85349100868633 346
1740013142117 3.4636705052236243 347
1740013142203 5.671157748966639 348
1740013142289 3.8285328288194953 349
1740013142375 4.669212332605145 350
1740013142461 4.370562720055062 351
1740013142556 7.0367031364483 352
1740013142641 5.604250211668223 353
1740013142730 5.9468826486477795 354
1740013142816 2.9943704183025943 355
1740013142902 4.600339055995365 356
1740013142990 6.359283821205172 357
1740013143080 4.170713795409195 358
1740013143168 5.325703588343568 359
1740013143254 5.075254214369862 360
1740013143340 5.033304278986078 361
1740013143428 3.7907157731686545 362
1740013143514 4.137406630240978 363
1740013143602 2.1140177921644874 364
1740013143687 5.287354188707946 365
1740013143772 5.01180125806174 366
1740013143858 5.367465776464859 367
1740013143943 5.2034145213289165 368
1740013144031 4.419777876850875 369
1740013144121 4.407401455339426 370
1740013144207 3.7367179596857603 371
1740013144294 5.82116365848702 372
1740013144379 5.856295461632447 373
1740013144464 4.567961005201539 374
1740013144555 7.307768731780501 375
1740013144659 4.5414392670789665 376
1740013144748 4.357201645480983 377
1740013144838 7.180216802345744 378
1740013144925 6.415985267304741 379
1740013145015 5.848551167823861 380
1740013145107 6.76870352388503 381
1740013145195 2.278523433747756 382
1740013145281 2.6172723526971504 383
1740013145367 2.9041787959429017 384
1740013145458 4.419313703442734 385
1740013145550 4.996664469990393 386
1740013145637 6.065862560161086 387
1740013145724 3.7671703367540963 388
1740013145811 11.090457859943793 389
1740013145901 4.722334045040986 390
1740013145993 0.6449363877903315 391
1740013146086 7.000899212357344 392
1740013146173 3.5552906580223844 393
1740013146259 5.335190387888969 394
1740013146345 2.6719076097479677 395
1740013146435 4.969636873547263 396
1740013146521 5.718975661113819 397
1740013146615 5.270922064381332 398
1740013146703 3.8285317299569623 399
1740013146791 4.661238558965779 400
1740013146877 5.397581749553057 401
1740013146963 4.125760039864031 402
1740013147048 2.879415513344278 403
1740013147162 6.104757595350126 404
1740013147256 4.221307310271957 405
1740013147345 4.569255379966787 406
1740013147432 5.048215213318337 407
1740013147517 5.516740665912862 408
1740013147607 5.019836358894009 409
1740013147694 3.78958153128179 410
1740013147781 1.9654644628415394 411
1740013147869 5.584588982616806 412
1740013147955 5.329374094593194 413
1740013148040 4.772062299292793 414
1740013148129 4.995159383966039 415
1740013148240 4.229954554574216 416
1740013148329 4.870382047163986 417
1740013148448 3.4375050923335033 418
1740013148535 2.861593226963273 419
1740013148626 5.085536482620959 420
1740013148721 4.851902570794972 421
1740013148808 5.44271297240407 422
1740013148903 4.801940778603524 423
1740013149006 4.200257402546373 424
1740013149105 3.348455510814411 425
1740013149203 4.469662564721582 426
1740013149293 5.621118322871653 427
1740013149381 3.8660290628364655 428
1740013149469 4.848780341097129 429
1740013149558 4.153429185392928 430
1740013149647 4.939839250263866 431
1740013149735 5.02876921898481 432
1740013149823 1.4338131643237182 433
1740013149913 4.648877309415216 434
1740013150002 4.688684284217494 435
1740013150089 4.898088707621555 436
1740013150177 6.067421434335882 437
1740013150268 4.570379482910832 438
1740013150358 3.780645765542979 439
1740013150445 5.137017034272556 440
1740013150530 2.7306316331653884 441
1740013150620 5.081861857858202 442
1740013150716 3.6574288327755244 443
1740013150802 9.215895877546991 444
1740013150892 3.7765536327908436 445
1740013150979 6.9424350805469 446
1740013151066 5.848848518211308 447
1740013151156 4.98005226498899 448
1740013151245 6.862838689288339 449
1740013151334 3.764866644826771 450
1740013151423 3.9654876189802524 451
1740013151512 4.555889426376413 452
1740013151604 3.5626566485855706 453
1740013151692 4.539791944286825 454
1740013151779 4.60267091026375 455
1740013151868 5.333350694439445 456
1740013151960 3.9919659822695612 457
1740013152052 4.520886933923948 458
1740013152146 4.005168732846163 459
1740013152233 5.701526875603593 460
1740013152322 5.744296286084595 461
1740013152410 5.189050802388863 462
1740013152500 3.788404875117879 463
1740013152590 4.716370466612178 464
1740013152682 3.7657779402729328 465
1740013152780 5.772357218075574 466
1740013152869 6.173940542394365 467
1740013152958 4.124699702667004 468
1740013153045 4.257856463457768 469
1740013153136 3.8182098987115207 470
1740013153225 2.313867922513427 471
1740013153314 5.689640393914144 472
1740013153407 6.091314315703716 473
1740013153498 4.316268793724813 474
1740013153587 5.174434003231133 475
1740013153676 8.244538325937894 476
1740013153766 5.15340687761546 477
1740013153856 5.806202191009061 478
1740013153944 6.832106142087559 479
1740013154034 6.9644014420624405 480
1740013154123 3.583346517851141 481
1740013154208 4.7716081017618945 482
1740013154297 4.261839585220777 483
1740013154384 4.089568099881632 484
1740013154470 6.490757929528492 485
1740013154560 5.0159167930456565 486
1740013154704 5.295102922446018 487
1740013154808 7.722843169430643 488
1740013154898 4.0650812028901235 489
1740013154986 4.660021791025513 490
1740013155075 7.513178019170663 491
1740013155163 3.43933869447494 492
1740013155253 2.984540901826991 493
1740013155342 3.3193831930118587 494
1740013155431 2.8560953876559707 495
1740013155518 1.50616345861156 496
1740013155606 4.665924903121538 497
1740013155693 7.600668402493893 498
1740013155782 3.508728520261122 499
