1739984412719 6.9111762048113246 0
1739984412806 7.541712766919228 1
1739984412889 4.877084121890215 2
1739984412972 7.923829774117739 3
1739984413054 6.685519095882927 4
1739984413131 2.594873063181886 5
1739984413207 6.2398052771609125 6
1739984413283 8.373771223777727 7
1739984413363 8.40145510219138 8
1739984413439 8.5284968888951 9
1739984413525 5.928151337246621 10
1739984413607 6.624634426558355 11
1739984413685 4.54616942338809 12
1739984413765 5.856655526971159 13
1739984413875 6.474746744650257 14
1739984413959 4.957040744187227 15
1739984414038 7.6778503760823815 16
1739984414117 3.313862000533159 17
1739984414199 6.2469080077348895 18
1739984414282 7.831282647540942 19
1739984414365 5.6331394260797145 20
1739984414449 5.759902858680708 21
1739984414532 4.16499035928711 22
1739984414617 5.448889768864774 23
1739984414699 7.034955902269561 24
1739984414783 6.066451113303697 25
1739984414865 7.909800682259838 26
1739984414948 8.02671156899593 27
1739984415034 6.922653382596409 28
1739984415116 4.178472059502845 29
1739984415208 6.306733052545363 30
1739984415306 7.462053434591739 31
1739984415393 3.840304508001707 32
1739984415523 8.1733435188833 33
1739984415607 6.006306063435337 34
1739984415692 8.579825307966038 35
1739984415778 8.7505117515209 36
1739984415860 9.322679934327994 37
1739984415939 5.811390539731057 38
1739984416020 6.544580265721834 39
1739984416104 6.416494912075532 40
1739984416185 7.807809425969681 41
1739984416262 6.778409311238877 42
1739984416341 5.7405095432085815 43
1739984416431 3.264486746199197 44
1739984416535 14.318283612745153 45
1739984416693 6.1677958702976525 46
1739984416781 9.736174286205042 47
1739984416864 8.811358496497753 48
1739984416947 5.919097292078792 49
1739984417026 4.963530756036785 50
1739984417108 4.378215923436792 51
1739984417189 9.02515543477621 52
1739984417270 11.266066637762979 53
1739984417354 5.348208021800646 54
1739984417439 6.48602830887409 55
1739984417522 5.79680039777931 56
1739984417605 5.522780619226302 57
1739984417690 6.710534510558247 58
1739984417777 9.720783352349967 59
1739984417861 9.873587417851116 60
1739984417940 5.343612989065856 61
1739984418022 9.433358120624552 62
1739984418102 7.965807087259369 63
1739984418187 5.605651551089192 64
1739984418277 5.937021177183958 65
1739984418363 7.167370302969234 66
1739984418443 5.897840034154295 67
1739984418527 6.302717591709975 68
1739984418612 5.892546939287238 69
1739984418695 4.128218609334051 70
1739984418775 1.919681461635746 71
1739984418855 6.83760770797584 72
1739984418932 7.745579553234233 73
1739984419017 7.91292600456001 74
1739984419098 6.295264650448126 75
1739984419180 6.599470747783451 76
1739984419266 6.808598022193556 77
1739984419351 8.846868196203205 78
1739984419435 5.566758762731801 79
1739984419520 7.097033990328002 80
1739984419602 5.478750984866744 81
1739984419684 5.041654711155613 82
1739984419769 6.960812630225281 83
1739984419851 7.807051925757074 84
1739984419931 6.126240026903474 85
1739984420099 8.315795800341842 86
1739984420210 5.647592311552973 87
1739984420289 8.59740152768182 88
1739984420369 5.082594829997758 89
1739984420443 7.533539931923317 90
1739984420519 5.911397366689316 91
1739984420604 5.733103274709115 92
1739984420690 7.57748814241465 93
1739984420779 6.745386908347157 94
1739984420863 5.67207854890056 95
1739984420949 5.190604178763705 96
1739984421034 6.835446366489577 97
1739984421119 8.221435232270897 98
1739984421204 8.272137552713032 99
1739984421288 6.7942041448750246 100
1739984421375 6.127405050828716 101
1739984421456 8.214451499414205 102
1739984421536 11.299045984311393 103
1739984421619 5.555938612202368 104
1739984421702 6.571403707034304 105
1739984421783 5.852006408867933 106
1739984421858 5.577690232410529 107
1739984421945 6.208909955356903 108
1739984422027 7.458199381213813 109
1739984422102 6.9630913077187735 110
1739984422183 4.648947372733711 111
1739984422265 5.576353354121054 112
1739984422352 7.061546012251105 113
1739984422429 3.785579068077664 114
1739984422502 6.598042855799079 115
1739984422586 7.740136025939633 116
1739984422665 3.3500227963157 117
1739984422738 2.48859263686365 118
1739984422816 4.791479866335097 119
1739984422890 8.688817503890652 120
1739984422974 4.956692911781899 121
1739984423060 5.976000003665505 122
1739984423147 6.664569709837521 123
1739984423223 6.214961995422653 124
1739984423317 3.5970529571005847 125
1739984423393 8.982853149773916 126
1739984423477 6.089123988453171 127
1739984423563 5.096336970577763 128
1739984423636 9.946508247695167 129
1739984423714 3.497739120145745 130
1739984423821 6.631128645422251 131
1739984423903 8.845556200982989 132
1739984423990 7.352594949559402 133
1739984424081 6.548233029939311 134
1739984424176 4.740695036917923 135
1739984424263 8.020554491744488 136
1739984424345 8.456617457894806 137
1739984424422 7.038586378840348 138
1739984424528 7.959267453931256 139
1739984424651 5.935140239772945 140
1739984424730 7.611437178006269 141
1739984424816 5.9987576904751965 142
1739984424894 4.509420380923073 143
1739984424971 6.805104545260974 144
1739984425050 5.909221647716218 145
1739984425133 8.199554226170877 146
1739984425236 4.799768123031688 147
1739984425348 6.635505394601408 148
1739984425421 7.56055515982571 149
1739984425497 5.569116399637257 150
1739984425569 6.160698092814127 151
1739984425643 6.7460686096424505 152
1739984425718 8.469000056105715 153
1739984425801 6.486902521022763 154
1739984425898 5.482822485824885 155
1739984425970 7.995248133506861 156
1739984426042 5.96161304523767 157
1739984426127 5.27436096470886 158
1739984426210 6.231258197512104 159
1739984426290 5.174568473454181 160
1739984426370 6.330831040650614 161
1739984426450 7.434826915077018 162
1739984426537 7.941346326727347 163
1739984426616 4.855942315493211 164
1739984426694 4.97314798219052 165
1739984426785 12.26850349552748 166
1739984426873 7.338930130672408 167
1739984426947 6.4985179081328805 168
1739984427020 14.307046650144661 169
1739984427106 7.086355355734584 170
1739984427190 7.773972561578306 171
1739984427263 5.431280775955298 172
1739984427335 6.230461368439091 173
1739984427421 4.580003615368646 174
1739984427506 4.370301715948611 175
1739984427592 7.330667208014401 176
1739984427667 7.139723101249451 177
1739984427744 6.816703072986766 178
1739984427830 4.8997833001550575 179
1739984427919 7.64551001825985 180
1739984427993 5.607431816442674 181
1739984428066 6.1643032530899315 182
1739984428144 9.359577748811725 183
1739984428225 8.563193362181625 184
1739984428300 8.384621498755793 185
1739984428379 4.977770738374875 186
1739984428456 3.641922457350427 187
1739984428541 3.7554301771586602 188
1739984428614 6.934742413327496 189
1739984428689 5.870232482233496 190
1739984428780 7.726138983638742 191
1739984428865 5.340995773712006 192
1739984428947 6.239588949898619 193
1739984429024 5.91940669986394 194
1739984429103 9.451723596746593 195
1739984429227 5.378519957986837 196
1739984429308 6.7132351583031395 197
1739984429389 6.159805735381286 198
1739984429479 4.884742871642028 199
1739984429559 6.4455556439514785 200
1739984429631 7.367168425046321 201
1739984429713 6.189885039053569 202
1739984429798 6.38202933643679 203
1739984429874 6.30743284536237 204
1739984429947 3.931126356549857 205
1739984430024 6.848758619890406 206
1739984430111 6.25124106641181 207
1739984430185 6.461401730805039 208
1739984430260 5.80189344379929 209
1739984430344 6.606249228688564 210
1739984430426 6.8727537158394 211
1739984430504 8.169819224046872 212
1739984430582 5.482420953776955 213
1739984430663 5.478406312030196 214
1739984430741 10.841611349241157 215
1739984430821 4.229048213223981 216
1739984430897 3.8883113942464975 217
1739984430973 2.026264944392508 218
1739984431050 9.41900410313766 219
1739984431149 7.148882117786023 220
1739984431229 7.954465934132048 221
1739984431304 7.707629207589734 222
1739984431392 6.118945546431159 223
1739984431474 8.252656897567972 224
1739984431550 5.385510468972952 225
1739984431635 5.808999615870835 226
1739984431715 8.280575696971308 227
1739984431801 5.487105977559263 228
1739984431875 5.014557161453706 229
1739984431960 7.646463237580157 230
1739984432048 4.022959951656569 231
1739984432124 8.651602318605159 232
1739984432198 6.483688908402016 233
1739984432275 5.082519752646463 234
1739984432349 10.073309778478947 235
1739984432421 6.057218148623152 236
1739984432495 5.960768492227106 237
1739984432569 7.324511572304191 238
1739984432643 0.7284150977519386 239
1739984432725 6.614171379861248 240
1739984432827 7.236009114799883 241
1739984432939 6.998966440302341 242
1739984433019 5.7361152398876385 243
1739984433098 6.777819576238129 244
1739984433170 6.776960616269381 245
1739984433250 7.786956947292897 246
1739984433325 8.577842945216698 247
1739984433396 5.924784693906959 248
1739984433468 4.1022713581952805 249
1739984433543 6.125455685176409 250
1739984433615 5.626308117159414 251
1739984433691 5.775912842548511 252
1739984433769 2.756583277337591 253
1739984433843 6.684277554572146 254
1739984433915 7.135957292414803 255
1739984433987 6.999438498257379 256
1739984434066 5.807505239592961 257
1739984434140 5.283045634395353 258
1739984434216 5.18248383538274 259
1739984434292 7.639792861754151 260
1739984434368 4.639220082926959 261
1739984434444 5.641178977594297 262
1739984434531 10.466587765298845 263
1739984434608 2.0449974603935153 264
1739984434683 7.5276813179354045 265
1739984434772 8.322401353928077 266
1739984434857 7.047463368602293 267
1739984434941 9.733844820177792 268
1739984435026 6.752452218951284 269
1739984435105 7.79988809956881 270
1739984435184 4.506391666277367 271
1739984435266 8.280048421742762 272
1739984435347 6.0450194329274884 273
1739984435428 7.935662766407031 274
1739984435514 6.22208570806914 275
1739984435598 3.826891992672668 276
1739984435682 5.632697603676393 277
1739984435766 6.73061036226721 278
1739984435850 5.310119049059506 279
1739984435932 7.0603684839307626 280
1739984436013 8.277591717229756 281
1739984436095 7.640247052091507 282
1739984436178 8.882540436358253 283
1739984436260 7.824310410584428 284
1739984436341 7.94044974175919 285
1739984436424 6.332784673067074 286
1739984436505 7.672033537932394 287
1739984436586 4.0310848229459175 288
1739984436675 7.159748307036876 289
1739984436757 7.42841109377688 290
1739984436840 7.814906025426176 291
1739984436925 3.074768787784251 292
1739984437007 7.8529084487094 293
1739984437086 4.802746195649487 294
1739984437166 6.578110118366842 295
1739984437246 8.30596388078475 296
1739984437327 5.596946055810663 297
1739984437404 7.624590613707998 298
1739984437482 3.1140073029671766 299
1739984437561 3.5974379789774074 300
1739984437640 8.209220949430277 301
1739984437720 6.174103058986196 302
1739984437800 8.629319753268286 303
1739984437876 5.818282241316973 304
1739984437951 4.08696646601104 305
1739984438026 6.436716273160633 306
1739984438100 7.170970313356164 307
1739984438179 7.888862422500505 308
1739984438255 7.28015463281081 309
1739984438331 6.141380031877885 310
1739984438407 7.6804717711849015 311
1739984438489 6.969312848154304 312
1739984438566 5.296152275829599 313
1739984438642 6.197477640527192 314
1739984438723 8.435894622081468 315
1739984438802 6.114851917882906 316
1739984438878 6.503688889001194 317
1739984438955 5.066221131699388 318
1739984439032 8.383286034047318 319
1739984439111 8.323692108156568 320
1739984439189 4.816823975451292 321
1739984439268 6.228907136266133 322
1739984439348 7.523811064381458 323
1739984439431 8.357171193536976 324
1739984439511 7.697807347447156 325
1739984439591 3.7218266081343163 326
1739984439672 10.876207082692078 327
1739984439753 8.403042591723507 328
1739984439834 5.511579130698925 329
1739984439913 8.986545106322946 330
1739984439985 5.494624270596611 331
1739984440062 9.167185854722185 332
1739984440135 5.584265002900859 333
1739984440211 4.851404917654269 334
1739984440285 6.633758257676591 335
1739984440359 7.295728277583922 336
1739984440430 7.257748078506499 337
1739984440506 5.586118679901367 338
1739984440578 6.563479338073418 339
1739984440653 9.608114995207515 340
1739984440732 6.61402440167375 341
1739984440810 11.445745789268585 342
1739984440885 8.353279026990856 343
1739984440957 5.97483781171555 344
1739984441030 4.720091775701261 345
1739984441103 3.3502650965866136 346
1739984441176 8.67818031405163 347
1739984441251 6.388426077702141 348
1739984441347 5.314176896000058 349
1739984441421 9.116138423947541 350
1739984441495 7.683245858447593 351
1739984441566 7.586329959372209 352
1739984441638 7.726284392684542 353
1739984441712 8.221614238916281 354
1739984441791 11.416900374972784 355
1739984441863 4.768179519526403 356
1739984441935 5.215962841363178 357
1739984442006 11.34844349979445 358
1739984442078 8.093617502926108 359
1739984442151 6.292006481852576 360
1739984442225 7.694206528967173 361
1739984442311 5.306594416315314 362
1739984442390 7.2138367014208615 363
1739984442467 5.781701154914753 364
1739984442544 5.666164065896735 365
1739984442623 6.280480733781265 366
1739984442698 1.8352558376662225 367
1739984442781 7.076952210807527 368
1739984442853 5.803220225982798 369
1739984442927 11.375353889260136 370
1739984443000 6.6849787413824995 371
1739984443074 8.216457265135167 372
1739984443151 8.030658520066982 373
1739984443231 3.4055188737145645 374
1739984443305 7.966432487629621 375
1739984443382 8.066677653650043 376
1739984443454 6.7465648233504165 377
1739984443538 7.232101815492287 378
1739984443614 6.40850560690437 379
1739984443686 6.581649209423047 380
1739984443768 7.556792714095164 381
1739984443858 6.994488443750753 382
1739984443939 6.329620346621904 383
1739984444022 9.518232352192733 384
1739984444102 7.765934758165505 385
1739984444184 8.651657494181022 386
1739984444295 5.987288367576052 387
1739984444371 11.89451840554166 388
1739984444455 5.577144826740314 389
1739984444530 12.686853555859617 390
1739984444619 7.177520715085016 391
1739984444706 3.5982341994064764 392
1739984444786 7.042376372017606 393
1739984444868 5.519556784477794 394
1739984444955 6.497317727733768 395
1739984445043 7.733230831496026 396
1739984445119 8.336712484636607 397
1739984445222 9.86881789284561 398
1739984445306 6.059606671653365 399
1739984445386 7.219616228083008 400
1739984445475 10.60638332648598 401
1739984445553 8.753523527428001 402
1739984445631 6.686680976812299 403
1739984445720 4.639789375423355 404
1739984445801 7.452097554225323 405
1739984445877 6.917124951855354 406
1739984445962 5.630199496283813 407
1739984446040 4.622521641568253 408
1739984446125 6.332972666319889 409
1739984446204 4.94188311021565 410
1739984446279 5.60521635839829 411
1739984446385 5.8952585260790435 412
1739984446508 7.509968000719535 413
1739984446580 6.431722051389237 414
1739984446661 5.785780504093873 415
1739984446752 7.1222498801103065 416
1739984446830 6.195399674150445 417
1739984446908 8.19424609073856 418
1739984446996 6.722538547937606 419
1739984447075 2.356508478580682 420
1739984447174 6.2240354029305704 421
1739984447251 9.209156972611991 422
1739984447338 5.950680647589005 423
1739984447423 7.4190200087832805 424
1739984447504 6.118545406839405 425
1739984447579 6.256685001622793 426
1739984447662 4.975938060244527 427
1739984447745 6.301219964041851 428
1739984447825 3.782821113120015 429
1739984447902 7.5374282743462135 430
1739984447976 5.893832957836097 431
1739984448049 7.687923461462891 432
1739984448127 7.368962801691309 433
1739984448202 5.504367739997615 434
1739984448293 6.196309777014498 435
1739984448368 8.282256209446519 436
1739984448441 11.188620399012192 437
1739984448525 5.283132426077504 438
1739984448604 5.684322025816944 439
1739984448686 8.683826574884138 440
1739984448761 6.944620002277368 441
1739984448834 7.339820378368001 442
1739984448905 7.262009936594801 443
1739984448984 6.96608659172573 444
1739984449057 8.242266971697598 445
1739984449130 5.887572184150116 446
1739984449206 6.320028942119478 447
1739984449285 10.94597025510645 448
1739984449359 2.3703965106166365 449
1739984449432 4.370993671922332 450
1739984449522 11.719111577718543 451
1739984449598 2.526131556161544 452
1739984449685 5.774080765391748 453
1739984449774 8.408728039728546 454
1739984449862 6.537957970312026 455
1739984449939 7.002615149469729 456
1739984450022 6.799021068311766 457
1739984450097 7.492658364665103 458
1739984450189 4.142832128525011 459
1739984450268 6.623969892285839 460
1739984450391 7.191069935338861 461
1739984450484 7.575527497579718 462
1739984450573 6.369047792403533 463
1739984450647 5.768872549479895 464
1739984450723 16.50462102820185 465
1739984450812 7.9169388854526455 466
1739984450889 8.507640301252687 467
1739984450966 9.13669335212425 468
1739984451061 3.425362916237975 469
1739984451152 5.5591822078999185 470
1739984451246 7.537921818835525 471
1739984451332 6.063742238361836 472
1739984451409 6.648564588632842 473
1739984451492 4.93834716387677 474
1739984451593 6.381519217484122 475
1739984451671 5.334800422044116 476
1739984451746 9.355416240604635 477
1739984451822 6.168524350174739 478
1739984451900 5.886046468285856 479
1739984451999 8.755833777933248 480
1739984452073 1.9325797475976714 481
1739984452145 3.0443254742491517 482
1739984452228 5.220812519552216 483
1739984452323 5.231478824609245 484
1739984452404 8.198926652941177 485
1739984452483 6.2118703291781365 486
1739984452563 7.739312533155486 487
1739984452641 5.530220283183817 488
1739984452719 5.083754812573154 489
1739984452795 9.44650095119121 490
1739984452868 6.870876986720228 491
1739984452940 8.911863802829693 492
1739984453012 7.887025554605573 493
1739984453086 8.09703941796233 494
1739984453160 9.962074518601037 495
1739984453237 2.5553389392998147 496
1739984453316 8.149197479737756 497
1739984453388 7.38255924292075 498
1739984453461 4.840666933743636 499
