1739969469464 1.7371711573649926 0
1739969469496 0.8437948353575891 1
1739969469522 0.8283458982750243 2
1739969469549 0.5655427800350403 3
1739969469575 0.5930330020127262 4
1739969469600 0.406466699383217 5
1739969469625 0.3613107993349011 6
1739969469651 0.3775802641782277 7
1739969469676 0.2993685563112322 8
1739969469700 0.24849665829496537 9
1739969469725 0.3019944283676248 10
1739969469749 0.14494308338332232 11
1739969469777 0.25943012490738904 12
1739969469805 0.3056492187339163 13
1739969469831 0.26354373224143685 14
1739969469857 0.2938633824579182 15
1739969469882 0.2754223774248656 16
1739969469907 0.20221744512350148 17
1739969469933 0.18877634265683707 18
1739969469958 0.1912961213818817 19
1739969469982 0.21202521441350974 20
1739969470007 0.262561536028476 21
1739969470032 0.2951058232669157 22
1739969470056 0.24491722275616615 23
1739969470086 0.2555807450059893 24
1739969470114 0.20176442670159042 25
1739969470141 0.21383319811753626 26
1739969470165 0.25432918989308345 27
1739969470190 0.1729712270464938 28
1739969470214 0.18161415977418563 29
1739969470238 0.30353403217713765 30
1739969470263 0.17504064260161406 31
1739969470287 0.2791011806240095 32
1739969470313 0.1787652592427967 33
1739969470339 0.19674033866270482 34
1739969470365 0.2571293186382762 35
1739969470390 0.19642649792145778 36
1739969470416 0.18555308560367575 37
1739969470442 0.1920701005126678 38
1739969470466 0.25900334939304875 39
1739969470491 0.3765587891920453 40
1739969470515 0.2382844235862791 41
1739969470541 0.2866770435646679 42
1739969470572 0.2710955290719043 43
1739969470618 0.24830931069661066 44
1739969470644 0.20425390911545566 45
1739969470669 0.22987694603458733 46
1739969470695 0.25451202992043914 47
1739969470721 0.24883458412623946 48
1739969470746 0.21481137670151074 49
1739969470770 0.20933575772079568 50
1739969470795 0.2719690975443276 51
1739969470819 0.23063248953628596 52
1739969470846 0.1708695834521827 53
1739969470871 0.18922260091852036 54
1739969470896 0.21293773738830682 55
1739969470920 0.2138751918634736 56
1739969470945 0.1873057842018194 57
1739969470969 0.251274674243468 58
1739969470994 0.21586968335992318 59
1739969471018 0.21656381508480643 60
1739969471044 0.2057914620458595 61
1739969471070 0.16701405063394753 62
1739969471096 0.20014719274125703 63
1739969471120 0.26187332204376607 64
1739969471145 0.2765840771281267 65
1739969471169 0.22044836975684873 66
1739969471194 0.24420855526534038 67
1739969471218 0.17177790913890248 68
1739969471242 0.1643488918960358 69
1739969471266 0.26219701696346187 70
1739969471291 0.21729072243431286 71
1739969471315 0.2267398169102869 72
1739969471341 0.24276936216801182 73
1739969471365 0.26125204806628594 74
1739969471392 0.20709145393937373 75
1739969471418 0.2344007926756723 76
1739969471444 0.226819876986633 77
1739969471472 0.19921864733509687 78
1739969471499 0.22649419594814268 79
1739969471524 0.20434573530391986 80
1739969471549 0.24480160397673847 81
1739969471574 0.25580723015074835 82
1739969471599 0.3038047339299658 83
1739969471625 0.2689495357429877 84
1739969471650 0.2228919394872704 85
1739969471675 0.19315232454564707 86
1739969471699 0.16583407181465043 87
1739969471724 0.20807733380681834 88
1739969471749 0.18480961283288358 89
1739969471773 0.2762760497765959 90
1739969471798 0.16051173050549328 91
1739969471823 0.24808119635228387 92
1739969471848 0.19268521059753543 93
1739969471874 0.29394715991354625 94
1739969471899 0.18220772233187188 95
1739969471924 0.21939887359167426 96
1739969471949 0.3141498334674888 97
1739969471974 0.22588501582132905 98
1739969471998 0.2292709273546743 99
1739969472022 0.29831759558438653 100
1739969472047 0.15778775250446356 101
1739969472074 0.1836579785067665 102
1739969472099 0.23383133196616968 103
1739969472124 0.1747380393847132 104
1739969472149 0.177245474378892 105
1739969472177 0.22002701913327294 106
1739969472202 0.2406407278944256 107
1739969472229 0.17189351345495518 108
1739969472254 0.2501312555030707 109
1739969472279 0.24926102023093952 110
1739969472304 0.31255724973293747 111
1739969472330 0.19358661602039295 112
1739969472355 0.23847466976702197 113
1739969472380 0.2408979334770035 114
1739969472406 0.20074762780988237 115
1739969472432 0.3112217165295483 116
1739969472458 0.2455728223688792 117
1739969472484 0.22722767350023396 118
1739969472509 0.15859827420576855 119
1739969472534 0.21111185036699867 120
1739969472559 0.24548871024374427 121
1739969472584 0.21564041916053964 122
1739969472611 0.2894599781610069 123
1739969472636 0.15957419326536845 124
1739969472694 0.2501975952834476 125
1739969472750 0.2820692281983626 126
1739969472777 0.31346201488991704 127
1739969472801 0.14669395286680684 128
1739969472826 0.251592421225104 129
1739969472852 0.23189555086265545 130
1739969472877 0.2598981650813233 131
1739969472902 0.279867044189595 132
1739969472926 0.19615997547357883 133
1739969472951 0.22477399705876866 134
1739969472976 0.2124131304379477 135
1739969473001 0.30000018220693003 136
1739969473026 0.30423737711112203 137
1739969473051 0.2853430954388766 138
1739969473076 0.22157887558667094 139
1739969473101 0.2650578690018013 140
1739969473126 0.1903309392181198 141
1739969473151 0.27355732489332374 142
1739969473176 0.3122183358606911 143
1739969473199 0.27368649852934607 144
1739969473224 0.2663909606744066 145
1739969473249 0.21306193137997576 146
1739969473273 0.22319248394727242 147
1739969473299 0.21341636540932393 148
1739969473326 0.2075987709397947 149
1739969473350 0.23929026320694982 150
1739969473375 0.18597037354998203 151
1739969473399 0.23616450245349532 152
1739969473423 0.22221371175430338 153
1739969473448 0.2035092499569221 154
1739969473473 0.19149082494152905 155
1739969473498 0.23603012871611717 156
1739969473524 0.24427062986046671 157
1739969473549 0.1932646383527465 158
1739969473574 0.30491386969308076 159
1739969473600 0.24114447310502493 160
1739969473624 0.25688055106484237 161
1739969473649 0.1992844595208137 162
1739969473674 0.26681077600452874 163
1739969473698 0.2387393386625749 164
1739969473723 0.21563749665547532 165
1739969473747 0.17984138121446078 166
1739969473772 0.20673208231981785 167
1739969473797 0.21557529996001615 168
1739969473821 0.21735264514612104 169
1739969473846 0.19187380589982161 170
1739969473870 0.2665138545973747 171
1739969473895 0.20782771080794826 172
1739969473919 0.23595539718073472 173
1739969473944 0.18493562839199582 174
1739969473968 0.20286091102832476 175
1739969473994 0.22685144369665008 176
1739969474019 0.2934932549685255 177
1739969474044 0.19414176260539265 178
1739969474071 0.27894142029389707 179
1739969474096 0.23895072308682633 180
1739969474121 0.20602932350038933 181
1739969474146 0.24740036699326517 182
1739969474171 0.2353278716584993 183
1739969474196 0.22232350583687036 184
1739969474220 0.18967451256885653 185
1739969474263 0.18326842873746862 186
1739969474290 0.22263478198665415 187
1739969474314 0.19709410652708065 188
1739969474341 0.2764224445830816 189
1739969474368 0.18232360079209897 190
1739969474393 0.2283094093116567 191
1739969474419 0.16314169795064395 192
1739969474445 0.19441606534601794 193
1739969474470 0.25090628490767136 194
1739969474496 0.2630571243477411 195
1739969474520 0.23992915966115919 196
1739969474545 0.1789844164800939 197
1739969474570 0.26817588082407434 198
1739969474595 0.2344652345034248 199
1739969474619 0.18531000283329152 200
1739969474643 0.16764370325194394 201
1739969474667 0.24704927610858005 202
1739969474692 0.2492303522590613 203
1739969474716 0.23963932055920728 204
1739969474740 0.2059234660346358 205
1739969474764 0.22880092699639587 206
1739969474791 0.23735612461252129 207
1739969474817 0.23270998096409862 208
1739969474844 0.21741339475386787 209
1739969474892 0.22959751340415874 210
1739969474925 0.3459247937208972 211
1739969474949 0.27475234674614557 212
1739969474976 0.2741045478486176 213
1739969475002 0.2532621167034132 214
1739969475029 0.25990747847502316 215
1739969475057 0.34330732769805744 216
1739969475084 0.3477425116344812 217
1739969475109 0.19265703188100552 218
1739969475133 0.18088704111939774 219
1739969475158 0.29769159498727316 220
1739969475183 0.18336935052542755 221
1739969475208 0.2127032651148291 222
1739969475232 0.2896246102119791 223
1739969475257 0.22584689495180776 224
1739969475282 0.2613549849719468 225
1739969475306 0.2823787747078812 226
1739969475332 0.19725330890479525 227
1739969475357 0.23081558350898412 228
1739969475382 0.15343278356252488 229
1739969475407 0.1829714290364058 230
1739969475432 0.20575075500889906 231
1739969475456 0.2375543466989714 232
1739969475481 0.28249826257376226 233
1739969475508 0.3269043252886875 234
1739969475537 0.16164382112584286 235
1739969475572 0.2473668466748425 236
1739969475604 0.2716579247438997 237
1739969475632 0.17267983549664895 238
1739969475661 0.2624011275902347 239
1739969475687 0.28107737024439544 240
1739969475713 0.22108078651126079 241
1739969475740 0.22587499983502962 242
1739969475767 0.19448792265263315 243
1739969475793 0.22934295110325903 244
1739969475817 0.22597716285604386 245
1739969475843 0.1701393815079062 246
1739969475867 0.2159932015285266 247
1739969475892 0.25956700712908537 248
1739969475916 0.2748127545224722 249
1739969475941 0.2969984505233006 250
1739969475965 0.23653642485964002 251
1739969475991 0.17948537985903498 252
1739969476016 0.19518126296256288 253
1739969476043 0.23226573231447806 254
1739969476070 0.22682293570486362 255
1739969476096 0.2917058752041213 256
1739969476124 0.21163049462522276 257
1739969476148 0.20922614262934067 258
1739969476174 0.1994422420045505 259
1739969476198 0.2586640772749004 260
1739969476224 0.20246837510591564 261
1739969476249 0.20665569478723148 262
1739969476275 0.22827458308299123 263
1739969476300 0.2509092915832481 264
1739969476326 0.28536330230600837 265
1739969476351 0.2183572299139838 266
1739969476375 0.170593123794213 267
1739969476399 0.21804559503582296 268
1739969476424 0.22837972817650873 269
1739969476449 0.23717518887236377 270
1739969476475 0.205863979891137 271
1739969476499 0.2150642324526962 272
1739969476525 0.22983773194789356 273
1739969476550 0.2078475325137023 274
1739969476575 0.21878635426694742 275
1739969476599 0.22837181581552893 276
1739969476623 0.24452137604039184 277
1739969476649 0.25252759259181584 278
1739969476673 0.213614179801031 279
1739969476699 0.28800678140844477 280
1739969476734 0.225047115681586 281
1739969476759 0.2742479441465625 282
1739969476783 0.23451291410233557 283
1739969476807 0.23263958129667928 284
1739969476832 0.2514213328901214 285
1739969476857 0.22881992546796565 286
1739969476883 0.2693169112745576 287
1739969476908 0.19845776283349773 288
1739969476932 0.23176131166601016 289
1739969476957 0.25012259080298543 290
1739969476981 0.29693371484357484 291
1739969477007 0.22331260390234722 292
1739969477031 0.18074622621520706 293
1739969477055 0.20040077004867876 294
1739969477081 0.24107794682661718 295
1739969477105 0.3624125551264713 296
1739969477132 0.2032015267643811 297
1739969477159 0.15632186890712568 298
1739969477183 0.19658127154743135 299
1739969477208 0.19346372676512835 300
1739969477232 0.19607738720933518 301
1739969477257 0.2414306211810085 302
1739969477281 0.23202366706854247 303
1739969477306 0.29230595750260546 304
1739969477331 0.30637138195896696 305
1739969477355 0.1945839594857057 306
1739969477380 0.17843609292076934 307
1739969477404 0.2656985242877562 308
1739969477429 0.19789680691668782 309
1739969477454 0.21897209883501353 310
1739969477479 0.18272598911877908 311
1739969477504 0.20667726021615926 312
1739969477529 0.2103793597551385 313
1739969477553 0.31603887889958393 314
1739969477578 0.2307609923138659 315
1739969477605 0.23395406901124005 316
1739969477635 0.2012037906647004 317
1739969477660 0.2194234231071169 318
1739969477684 0.19415815521775337 319
1739969477710 0.22021521535466526 320
1739969477734 0.20621803281109172 321
1739969477758 0.3131836148202351 322
1739969477782 0.19898896244508446 323
1739969477807 0.20484428360251825 324
1739969477832 0.23831588683513732 325
1739969477857 0.1946646830430403 326
1739969477889 0.2076771728227951 327
1739969477919 0.14250349320970052 328
1739969477945 0.17468089651261162 329
1739969477969 0.19200187072307914 330
1739969477996 0.2321345858775899 331
1739969478023 0.17839046921466642 332
1739969478048 0.2582245387210632 333
1739969478076 0.25202052849073586 334
1739969478100 0.2002759436993439 335
1739969478125 0.22255859405475142 336
1739969478150 0.22518412657820658 337
1739969478174 0.23472011334021833 338
1739969478198 0.19187413965857458 339
1739969478224 0.27782114672859803 340
1739969478249 0.24203225400757003 341
1739969478274 0.19550216685578575 342
1739969478299 0.2161205424361936 343
1739969478325 0.2158188025225303 344
1739969478350 0.1888063146587217 345
1739969478377 0.24958952238613738 346
1739969478402 0.2067318104978979 347
1739969478427 0.2530482055392277 348
1739969478450 0.2699036447023478 349
1739969478475 0.21432834912438223 350
1739969478500 0.17574137428590184 351
1739969478526 0.2742421518958121 352
1739969478551 0.1837143603355376 353
1739969478576 0.1983164650426178 354
1739969478600 0.20889968926442695 355
1739969478624 0.21416074353752085 356
1739969478650 0.2161138809343526 357
1739969478675 0.2425461547355238 358
1739969478699 0.19644516714713536 359
1739969478724 0.18906144881935094 360
1739969478748 0.17454740474261085 361
1739969478773 0.2504005637243202 362
1739969478805 0.20001837774750048 363
1739969478830 0.22238691614020123 364
1739969478855 0.23250978309264209 365
1739969478881 0.21095367589658973 366
1739969478906 0.19810332164939412 367
1739969478931 0.23342554445373515 368
1739969478956 0.23090052382058218 369
1739969478982 0.22793640239686339 370
1739969479008 0.2280629378896588 371
1739969479033 0.1969736396939482 372
1739969479057 0.2400235626149152 373
1739969479082 0.18308507303027377 374
1739969479107 0.2035212383442221 375
1739969479132 0.2202360260942111 376
1739969479158 0.22159904843944958 377
1739969479189 0.2637642219076841 378
1739969479216 0.21407235313424708 379
1739969479241 0.20087470714931113 380
1739969479266 0.257920090871642 381
1739969479290 0.22246677876882676 382
1739969479315 0.24704712610523058 383
1739969479343 0.2116333789706643 384
1739969479367 0.2354133004551495 385
1739969479391 0.20318379580121118 386
1739969479415 0.2304098154460956 387
1739969479440 0.18840071813363526 388
1739969479465 0.25208089781918525 389
1739969479493 0.23510256204070779 390
1739969479526 0.2301761056653014 391
1739969479551 0.3557154816781726 392
1739969479575 0.238202000204408 393
1739969479599 0.2201000012962808 394
1739969479624 0.22761878600065086 395
1739969479649 0.2732096081145654 396
1739969479673 0.2484737540546826 397
1739969479699 0.294011982544197 398
1739969479724 0.23842334275924304 399
1739969479749 0.2316335395357681 400
1739969479774 0.1791957256781242 401
1739969479798 0.21484222767221647 402
1739969479823 0.1759364820716863 403
1739969479848 0.22185509638596387 404
1739969479872 0.20858621583880213 405
1739969479898 0.2602379708114193 406
1739969479924 0.2628614992697512 407
1739969479949 0.2789139397525668 408
1739969479974 0.2670481228492372 409
1739969479999 0.23918934265720382 410
1739969480024 0.28552063334431527 411
1739969480049 0.24324388619664553 412
1739969480076 0.2174373478998442 413
1739969480101 0.25655732046149465 414
1739969480126 0.2017098136849436 415
1739969480150 0.21127775419743502 416
1739969480174 0.35074219433559584 417
1739969480199 0.23740347800226066 418
1739969480226 0.22524429339004728 419
1739969480255 0.1556922723821515 420
1739969480280 0.2671942756128849 421
1739969480305 0.1675341755207802 422
1739969480331 0.17567417889212877 423
1739969480355 0.21712752697263185 424
1739969480380 0.23072970708760407 425
1739969480404 0.2566969367952066 426
1739969480430 0.22658335495166002 427
1739969480457 0.2661696623174773 428
1739969480483 0.25091383910364534 429
1739969480508 0.2666458000836772 430
1739969480533 0.22913216792019728 431
1739969480559 0.19395328965760192 432
1739969480583 0.15764065098319324 433
1739969480612 0.17448317173945768 434
1739969480653 0.235210705622534 435
1739969480680 0.24506591647623002 436
1739969480711 0.2187047738436574 437
1739969480743 0.1894961911969136 438
1739969480770 0.17879324548882328 439
1739969480795 0.16469162011498567 440
1739969480819 0.25847006560128083 441
1739969480844 0.19153748548971383 442
1739969480869 0.21771353276575398 443
1739969480895 0.22341854229876165 444
1739969480920 0.21258914972809526 445
1739969480945 0.20375843497777127 446
1739969480969 0.24909362405622498 447
1739969480994 0.1920586817083525 448
1739969481019 0.23544481640796916 449
1739969481045 0.19930974450226022 450
1739969481070 0.2640920049999852 451
1739969481095 0.2122388475163703 452
1739969481120 0.25099080834108584 453
1739969481145 0.2632944943067665 454
1739969481170 0.22135365153502368 455
1739969481195 0.1817379646906565 456
1739969481219 0.2039531821713484 457
1739969481245 0.18150802390634369 458
1739969481269 0.22264736101260188 459
1739969481294 0.22744587116934065 460
1739969481318 0.2338576552669453 461
1739969481343 0.27414020234993786 462
1739969481367 0.22093287495443684 463
1739969481391 0.2239783496198871 464
1739969481416 0.2844305350433476 465
1739969481441 0.2506183086586061 466
1739969481466 0.17175085669158338 467
1739969481492 0.20778814474055107 468
1739969481518 0.25567912695752176 469
1739969481549 0.19437649522316489 470
1739969481576 0.21563795752870976 471
1739969481603 0.22361926153201503 472
1739969481628 0.283150257127274 473
1739969481654 0.2503756867113876 474
1739969481680 0.26996570209388426 475
1739969481704 0.16626373603280947 476
1739969481729 0.3169039236615979 477
1739969481753 0.2855768201225492 478
1739969481778 0.23003373963016147 479
1739969481803 0.35468610417623614 480
1739969481828 0.18125025239847878 481
1739969481854 0.1460846030599945 482
1739969481880 0.2308972765925969 483
1739969481904 0.24451105216457944 484
1739969481929 0.17466738638018253 485
1739969481953 0.2416001666246644 486
1739969481978 0.1574970225812308 487
1739969482003 0.22030174892855847 488
1739969482028 0.2464232642703264 489
1739969482053 0.17973062446898505 490
1739969482080 0.21762984352569356 491
1739969482106 0.24556321763849673 492
1739969482131 0.25213328225583703 493
1739969482156 0.23501904618607747 494
1739969482180 0.29593667101596355 495
1739969482204 0.2263154205479391 496
1739969482229 0.2142598096167471 497
1739969482254 0.2221422788517652 498
1739969482279 0.2748547846816103 499
