1739984604002 6.859775093318779 0
1739984604088 5.635885481133285 1
1739984604176 6.906251424853067 2
1739984604265 6.430326831502224 3
1739984604348 6.204502921682704 4
1739984604429 6.665358127294165 5
1739984604514 6.429210039057717 6
1739984604599 6.586390636804932 7
1739984604683 6.973059584744928 8
1739984604769 6.282280870190053 9
1739984604860 6.376806076540586 10
1739984604945 6.3111927281179865 11
1739984605030 6.691310527688004 12
1739984605162 6.288353927300495 13
1739984605244 6.948525537581252 14
1739984605330 5.828608235381642 15
1739984605415 6.380357199995611 16
1739984605501 6.994492224689476 17
1739984605584 6.6196351799404765 18
1739984605666 5.914633580213205 19
1739984605751 7.360337286369688 20
1739984605836 6.551163814713118 21
1739984605919 6.423656370125405 22
1739984606001 6.443085156486706 23
1739984606083 6.37685594183569 24
1739984606167 6.317032288616294 25
1739984606252 6.5752132699962305 26
1739984606336 6.708880845906006 27
1739984606418 6.645656430859767 28
1739984606503 7.933853959988743 29
1739984606586 6.013561785625556 30
1739984606670 6.651257033455525 31
1739984606756 6.538146629605618 32
1739984606850 6.418263685186444 33
1739984606935 6.59537662018518 34
1739984607018 6.666994651133143 35
1739984607102 6.545128929746024 36
1739984607186 7.083238233811037 37
1739984607271 5.7801720378782715 38
1739984607354 6.122202483681268 39
1739984607438 7.311015718859872 40
1739984607523 5.885805270220609 41
1739984607607 7.572995199460723 42
1739984607690 6.019596999477825 43
1739984607776 6.621194675455438 44
1739984607860 6.907758859039663 45
1739984607943 6.679127113216073 46
1739984608022 6.629187375495636 47
1739984608105 6.105086661836516 48
1739984608188 5.513426445616989 49
1739984608272 5.457536759181412 50
1739984608358 6.432137996263335 51
1739984608443 5.666696672974301 52
1739984608529 7.076694371808924 53
1739984608612 6.342004653578921 54
1739984608698 6.691416967949877 55
1739984608783 7.077725442637194 56
1739984608868 6.5235537381033595 57
1739984608953 6.087782585030506 58
1739984609036 6.053456584026759 59
1739984609117 6.314543793745577 60
1739984609198 7.267165049569046 61
1739984609283 5.907823504658466 62
1739984609375 6.8693061155302555 63
1739984609473 6.2380646809199245 64
1739984609671 6.426505412642453 65
1739984609768 6.115829444506498 66
1739984609851 6.42747423449915 67
1739984609937 7.25843061247527 68
1739984610034 6.195985598689135 69
1739984610141 6.313833730900777 70
1739984610262 5.954461824296515 71
1739984610358 5.847938230754038 72
1739984610441 6.795574041830967 73
1739984610523 5.97730882478969 74
1739984610603 6.6927629365225565 75
1739984610685 6.090555559780408 76
1739984610769 6.690530100152533 77
1739984610852 6.374250751327072 78
1739984610932 6.618858396152333 79
1739984611015 6.362568743623204 80
1739984611106 7.503951514986138 81
1739984611199 7.746451410476429 82
1739984611316 6.651304129488331 83
1739984611412 5.910309680318049 84
1739984611494 6.206073312932493 85
1739984611578 6.461733709405807 86
1739984611664 6.454890098303839 87
1739984611746 6.3932238356109234 88
1739984611830 6.307939582097505 89
1739984611917 6.744588223747411 90
1739984612002 6.110888158375498 91
1739984612083 6.3157177168734595 92
1739984612163 6.7352124749489946 93
1739984612244 6.153096881894655 94
1739984612338 6.592584798476134 95
1739984612433 6.025645906487835 96
1739984612522 6.1183445573073 97
1739984612601 6.162214524752121 98
1739984612678 6.74416692305636 99
1739984612761 6.252517940296779 100
1739984612840 6.4684746159465965 101
1739984612917 7.0454269170859956 102
1739984612993 7.187916202855077 103
1739984613089 6.933434019482652 104
1739984613165 6.873332287125621 105
1739984613242 6.528339299834494 106
1739984613322 7.060204207883647 107
1739984613400 5.942999435350895 108
1739984613478 6.864671318964668 109
1739984613558 6.326773360229114 110
1739984613636 6.140880023396596 111
1739984613715 6.833870646508414 112
1739984613798 6.315208334932587 113
1739984613875 6.3485618477588845 114
1739984613952 6.822922218703353 115
1739984614034 6.669984011290947 116
1739984614115 7.25791809019831 117
1739984614193 6.572601766784152 118
1739984614274 6.9013010688482055 119
1739984614358 6.161120893809467 120
1739984614442 6.555652383518562 121
1739984614520 6.205950406589636 122
1739984614597 7.603931131855038 123
1739984614676 6.69197454485487 124
1739984614757 7.087764955695605 125
1739984614874 6.890812890845606 126
1739984614955 6.325086227601923 127
1739984615032 6.942345225985781 128
1739984615110 6.772643961270763 129
1739984615189 6.1189363690075895 130
1739984615267 6.31110322200902 131
1739984615346 7.0651431463040595 132
1739984615424 6.113859780154675 133
1739984615504 6.711885700648053 134
1739984615590 6.491581318865689 135
1739984615676 6.727593988572736 136
1739984615764 6.485448472059894 137
1739984615856 6.7294899176038125 138
1739984615949 7.744601912657888 139
1739984616028 7.094359908814153 140
1739984616108 6.553220235430385 141
1739984616189 6.542773548664233 142
1739984616285 6.223797972092941 143
1739984616368 6.75147780591013 144
1739984616455 6.769332963721945 145
1739984616535 6.126793483826945 146
1739984616612 6.65757505355134 147
1739984616692 6.610638166794009 148
1739984616772 5.909409033807182 149
1739984616859 6.412173107157255 150
1739984616946 6.296136863917447 151
1739984617026 6.95173962290806 152
1739984617110 6.532578498499632 153
1739984617194 5.8345416753252355 154
1739984617284 6.6676034159883955 155
1739984617372 6.289071820604146 156
1739984617452 6.491181795281331 157
1739984617532 6.602021901027471 158
1739984617610 7.120022386036777 159
1739984617696 6.443699631489401 160
1739984617785 6.091399954799735 161
1739984617867 6.104257889821791 162
1739984617943 6.635654061329112 163
1739984618021 6.093251478225089 164
1739984618101 6.828914684651274 165
1739984618185 6.455347783523407 166
1739984618276 6.498579334728663 167
1739984618357 6.538707487626159 168
1739984618435 6.609212762971899 169
1739984618524 6.982467088876516 170
1739984618616 6.371315343842759 171
1739984618694 7.0774574077842995 172
1739984618776 6.226512196568798 173
1739984618851 7.275905279082245 174
1739984618928 6.192683738497052 175
1739984619004 6.826991381145771 176
1739984619081 6.443781202570889 177
1739984619158 7.131006311121466 178
1739984619236 6.866285575876889 179
