1739997758199 177.75205234926707 0
1739997758216 174.19471568756512 1
1739997758238 170.7102023314263 2
1739997758256 167.29700535901821 3
1739997758276 163.97906226522855 4
1739997758292 160.72874428118013 5
1739997758308 157.54465522278795 6
1739997758324 154.42542793035292 7
1739997758340 151.36972366291099 8
1739997758357 148.3762315052492 9
1739997758375 145.4449090066265 10
1739997758392 142.57321380976052 11
1739997758410 139.75991623690612 12
1739997758427 137.00381215623548 13
1739997758444 134.3037224490024 14
1739997758464 131.65849248784744 15
1739997758482 129.06699162600893 16
1739997758499 126.52811269721364 17
1739997758514 124.04077152602139 18
1739997758533 121.60390644840626 19
1739997758549 119.2164778423592 20
1739997758566 116.87746766830232 21
1739997758583 114.58587901911 22
1739997758599 112.34073567953483 23
1739997758615 110.14108169484204 24
1739997758631 107.98598094845957 25
1739997758647 105.8745167484548 26
1739997758664 103.80579142265343 27
1739997758681 101.77892592221944 28
1739997758697 99.79305943351913 29
1739997758713 97.84734899809543 30
1739997758729 95.94096914058358 31
1739997758744 94.07311150440081 32
1739997758760 92.24298449504849 33
1739997758778 90.44981293086627 34
1739997758794 88.69283770108319 35
1739997758810 86.97131543101258 36
1739997758826 85.2845181542412 37
1739997758842 83.63173299166635 38
1739997758858 82.01226183723797 39
1739997758874 80.42542105026459 40
1739997758891 78.87054115414674 41
1739997758908 77.34696654140251 42
1739997758924 75.8540551848543 43
1739997758940 74.39117835484716 44
1739997758956 72.95772034237308 45
1739997758974 71.55307818797729 46
1739997758990 70.17666141632589 47
1739997759006 68.82789177631598 48
1739997759022 67.50620298661288 49
1739997759037 66.2110404865003 50
1739997759053 64.94186119193274 51
1739997759070 63.69813325668118 52
1739997759087 62.47933583846541 53
1739997759103 61.28495886996883 54
1739997759119 60.11450283463347 55
1739997759136 58.96747854713543 56
1739997759151 57.84340693844254 57
1739997759167 56.74181884535877 58
1739997759183 55.6622548044612 59
1739997759252 54.604264850337906 60
1739997759289 53.56740831803681 61
1739997759306 52.55125364963724 62
1739997759322 51.55537820485825 63
1739997759337 50.57936807561906 64
1739997759353 49.62281790446909 65
1739997759369 48.68533070680668 66
1739997759387 47.76651769680716 67
1739997759405 46.865998116982915 68
1739997759441 45.983399071299196 69
1739997759459 45.118355361771776 70
1739997759476 44.27050932847315 71
1739997759493 43.43951069287649 72
1739997759510 42.625016404467125 73
1739997759525 41.82669049055366 74
1739997759541 41.04420390921162 75
1739997759558 40.27723440529407 76
1739997759574 39.525466369445326 77
1739997759591 38.78859070005476 78
1739997759607 38.06630466808947 79
1739997759623 37.35831178474544 80
1739997759639 36.66432167185832 81
1739997759654 35.984049935016316 82
1739997759670 35.317218039318526 83
1739997759688 34.663553187723515 84
1739997759704 34.02278820193401 85
1739997759721 33.394661405764694 86
1739997759738 32.77891651094115 87
1739997759754 32.176256431374455 88
1739997759770 31.585450342070253 89
1739997759789 31.00625829614542 90
1739997759808 30.438445279757413 91
1739997759826 29.881781109851186 92
1739997759844 29.33604033403483 93
1739997759861 28.80100213253953 94
1739997759903 28.2764502222203 95
1739997759920 27.76217276255498 96
1739997759935 27.25796226359967 97
1739997759952 26.763615495859984 98
1739997759968 26.27893340203796 99
1739997759984 25.803721010615565 100
1739997760002 25.337787351236553 101
1739997760019 24.88094537184901 102
1739997760035 24.43301185757198 103
1739997760051 23.99380735125017 104
1739997760067 23.563156075661475 105
1739997760084 23.140885857342898 106
1739997760100 22.72682805200111 107
1739997760116 22.320817471474548 108
1739997760132 21.92269231221475 109
1739997760148 21.532294085255188 110
1739997760163 21.149467547636643 111
1739997760180 20.77406063525864 112
1739997760197 20.405924397127254 113
1739997760213 20.044912930970334 114
1739997760233 19.69088332019123 115
1739997760251 19.343695572133555 116
1739997760269 19.00321255762938 117
1739997760286 18.669299951804092 118
1739997760303 18.341826176111923 119
1739997760319 18.020662341576237 120
1739997760335 17.705682193209665 121
1739997760350 17.396762055589306 122
1739997760367 17.09378077956312 123
1739997760383 16.796619690063693 124
1739997760400 16.50516253500656 125
1739997760415 16.21929543525018 126
1739997760433 15.938906835595711 127
1739997760449 15.663887456804764 128
1739997760468 15.394130248613871 129
1739997760485 15.129530343725069 130
1739997760503 14.86998501275206 131
1739997760519 14.615393620102225 132
1739997760534 14.365657580774778 133
1739997760550 14.120680318056205 134
1739997760566 13.88036722209405 135
1739997760583 13.644625609330955 136
1739997760600 13.413364682780863 137
1739997760657 13.186495493129986 138
1739997760684 12.963930900645236 139
1739997760701 12.74558553787331 140
1739997760718 12.53137577311408 141
1739997760734 12.321219674651989 142
1739997760750 12.115036975729755 143
1739997760766 11.91274904024893 144
1739997760782 11.714278829182138 145
1739997760799 11.519550867682183 146
1739997760816 11.328491212873496 147
1739997760831 11.141027422311746 148
1739997760847 10.957088523097685 149
1739997760864 10.776604981631563 150
1739997760880 10.599508673994835 151
1739997760896 10.425732856946102 152
1739997760914 10.255212139518404 153
1739997760930 10.087882455205435 154
1739997760946 9.923681034724403 155
1739997760962 9.762546379343526 156
1739997760978 9.604418234762354 157
1739997760994 9.449237565533513 158
1739997761010 9.296946530014502 159
1739997761026 9.14748845583859 160
1739997761042 9.000879777420739 161
1739997761058 8.85699104462261 162
1739997761074 8.715769030494153 163
1739997761090 8.577161582556446 164
1739997761106 8.441117600739563 165
1739997761122 8.307587015777582 166
1739997761139 8.176520768051239 167
1739997761154 8.047799352423871 168
1739997761170 7.921519542921924 169
1739997761187 7.797562738311233 170
1739997761203 7.675883714280022 171
1739997761220 7.556438156792458 172
1739997761238 7.439182643427126 173
1739997761254 7.3240746251019075 174
1739997761270 7.211003395615684 175
1739997761286 7.100067089531179 176
1739997761303 6.991155687794733 177
1739997761319 6.884229959077783 178
1739997761335 6.779251459554443 179
1739997761350 6.676182516780576 180
1739997761366 6.574919440341727 181
1739997761383 6.475560522565354 182
1739997761399 6.378002610143768 183
1739997761416 6.282210961235623 184
1739997761431 6.188151529660966 185
1739997761447 6.095790950679357 186
1739997761466 6.00503186352379 187
1739997761483 5.915972431393219 188
1739997761499 5.8285157026283265 189
1739997761515 5.742630901551111 190
1739997761532 5.658287867120661 191
1739997761548 5.575457040385495 192
1739997761564 5.494046772315077 193
1739997761581 5.414154869296405 194
1739997761597 5.335689982586689 195
1739997761614 5.258624840965401 196
1739997761630 5.182932716361087 197
1739997761646 5.108526620745554 198
1739997761662 5.035503259245449 199
1739997761678 4.9637758749708345 200
1739997761694 4.893319803739151 201
1739997761711 4.824110871412259 202
1739997761728 4.756066375291506 203
1739997761744 4.6892818638793425 204
1739997761761 4.623674806153771 205
1739997761777 4.559222890177926 206
1739997761793 4.495904246209102 207
1739997761811 4.433640111531017 208
1739997761826 4.3725248419764515 209
1739997761842 4.312479795618348 210
1739997761858 4.253484783175721 211
1739997761875 4.195464361492236 212
1739997761891 4.138511112108132 213
1739997761908 4.08254968796728 214
1739997761924 4.027561447884049 215
1739997761940 3.9735281183440723 216
1739997761957 3.9203776176047618 217
1739997761973 3.86820136085325 218
1739997761989 3.816927323838169 219
1739997762007 3.766538630436319 220
1739997762023 3.7169660886233435 221
1739997762040 3.668299375476751 222
1739997762057 3.620469340519682 223
1739997762072 3.5734603952432265 224
1739997762088 3.5272060540983565 225
1739997762105 3.481794303601528 226
1739997762121 3.4371586867504074 227
1739997762137 3.3932848016244606 228
1739997762153 3.3501086972824945 229
1739997762168 3.3077167199706916 230
1739997762184 3.266044936923495 231
1739997762200 3.2250800398306985 232
1739997762216 3.1847604511020493 233
1739997762237 3.1451709292252286 234
1739997762254 3.106249906759329 235
1739997762271 3.067985083427964 236
1739997762286 3.0303171036367553 237
1739997762302 2.993329192379951 238
1739997762319 2.9569619982718542 239
1739997762336 2.9212041503007193 240
1739997762352 2.8859983727576033 241
1739997762368 2.851426412742958 242
1739997762384 2.817430994665997 243
1739997762400 2.784001604271467 244
1739997762417 2.751082912260512 245
1739997762435 2.7187552443998433 246
1739997762451 2.686963269054536 247
1739997762470 2.6556535342168255 248
1739997762486 2.624904323613898 249
1739997762502 2.594662195262767 250
1739997762520 2.5649179767321164 251
1739997762537 2.5356199225450062 252
1739997762553 2.506845046918001 253
1739997762569 2.478541613626936 254
1739997762586 2.450659583985548 255
1739997762603 2.423274042463346 256
1739997762622 2.3963349730800707 257
1739997762639 2.3698343681304945 258
1739997762655 2.3437236799528955 259
1739997762670 2.3180768709166957 260
1739997762686 2.2928454165453096 261
1739997762702 2.267982322725465 262
1739997762720 2.2435597307543818 263
1739997762738 2.2195306839549764 264
1739997762756 2.195849669709206 265
1739997762773 2.1725870762816495 266
1739997762790 2.149697442686361 267
1739997762806 2.1271741643599036 268
1739997762825 2.104972934754524 269
1739997762843 2.0831632503100295 270
1739997762859 2.0617008573674886 271
1739997762875 2.040542800168691 272
1739997762891 2.019756922678846 273
1739997762908 1.9993003367187123 274
1739997762925 1.9791313741786751 275
1739997762941 1.9593162910212454 276
1739997762958 1.9398135012385707 277
1739997762976 1.9205825639691185 278
1739997762992 1.90168820988209 279
1739997763008 1.8830900945553097 280
1739997763025 1.8647489465901685 281
1739997763041 1.8467280323336728 282
1739997763057 1.8289881909631789 283
1739997763078 1.8114912652543138 284
1739997763096 1.7942991164903124 285
1739997763114 1.7773737119445008 286
1739997763134 1.7606779556615055 287
1739997763153 1.7442723614333366 288
1739997763171 1.7281199714970659 289
1739997763187 1.7121847005370978 290
1739997763204 1.6965257707687622 291
1739997763222 1.6811072485261163 292
1739997763241 1.6658940106779665 293
1739997763257 1.650944042148199 294
1739997763274 1.6362223846659236 295
1739997763290 1.621694830905618 296
1739997763307 1.6074181811851318 297
1739997763324 1.5933584059956694 298
1739997763340 1.5794821694228238 299
1739997763356 1.5658451382941163 300
1739997763373 1.5524141672076461 301
1739997763389 1.539156749161758 302
1739997763407 1.526127467070201 303
1739997763425 1.5132660620617786 304
1739997763442 1.5006250608315426 305
1739997763459 1.4881733864041082 306
1739997763479 1.4758804692498182 307
1739997763496 1.4637978836876016 308
1739997763513 1.4518953002981825 309
1739997763530 1.4401428490901853 310
1739997763547 1.4285911954707142 311
1739997763564 1.4172107205570121 312
1739997763580 1.4059722186830632 313
1739997763596 1.3949254884758424 314
1739997763613 1.3840162139487997 315
1739997763630 1.3732922782142218 316
1739997763647 1.3627258575917323 317
1739997763664 1.3522894248935713 318
1739997763681 1.342030116032593 319
1739997763697 1.3319207000995505 320
1739997763717 1.3219342027739147 321
1739997763735 1.312117049322901 322
1739997763753 1.3024189886633213 323
1739997763769 1.2928846316090334 324
1739997763787 1.2834883570279496 325
1739997763803 1.2742046936402303 326
1739997763821 1.265077652266707 327
1739997763838 1.2560820994776012 328
1739997763854 1.2471930174838701 329
1739997763870 1.2384538485240615 330
1739997763888 1.2298179141682397 331
1739997763905 1.2213269341198132 332
1739997763923 1.2129572192718903 333
1739997763942 1.2046850984370365 334
1739997763959 1.1965518251630571 335
1739997764040 1.1885132270188175 336
1739997764057 1.1806089012008743 337
1739997764075 1.1728164917736639 338
1739997764092 1.165113569333506 339
1739997764109 1.1575393611643061 340
1739997764125 1.1500520084039616 341
1739997764142 1.1426891441627192 342
1739997764159 1.1354296421396153 343
1739997764175 1.1282522171111338 344
1739997764192 1.1211942226764238 345
1739997764209 1.1142159338963769 346
1739997764228 1.1073531685901339 347
1739997764247 1.1005859336438206 348
1739997764263 1.093893997124891 349
1739997764280 1.0873129822266598 350
1739997764296 1.0808051302317243 351
1739997764313 1.0744045833742537 352
1739997764331 1.0680923918816287 353
1739997764347 1.0618492924740364 354
1739997764364 1.0557093124373123 355
1739997764380 1.049636502737233 356
1739997764397 1.04366346114884 357
1739997764413 1.0377557374261006 358
1739997764432 1.0319445408514925 359
1739997764449 1.026212650978547 360
1739997764466 1.0205424116601127 361
1739997764487 1.0149650514925945 362
1739997764504 1.0094476765970544 363
1739997764520 1.0040201726706666 364
1739997764537 0.9986661455209195 365
1739997764555 0.9933687035137841 366
1739997764571 0.9881578179057525 367
1739997764587 0.9830020220551501 368
1739997764604 0.9779299870806503 369
1739997764622 0.9729115994081061 370
1739997764642 0.9679742677068749 371
1739997764664 0.9631030479010682 372
1739997764684 0.9582823930296718 373
1739997764702 0.9535399140934191 374
1739997764720 0.9488467068155222 375
1739997764738 0.9442291573602681 376
1739997764754 0.9396596314962758 377
1739997764771 0.9351633262688837 378
1739997764790 0.9307265899421014 379
1739997764808 0.926335072122971 380
1739997764825 0.9220142786069074 381
1739997764842 0.9177375867656797 382
1739997764858 0.9135293461703499 383
1739997764875 0.9093641289365627 384
1739997764891 0.9052651623224741 385
1739997764908 0.9012081777439713 386
1739997764925 0.8972153131406714 387
1739997764943 0.8932746579188825 388
1739997764960 0.8893734743920407 389
1739997764976 0.8855343540126313 390
1739997764994 0.8817337761412429 391
1739997765011 0.8779932692955156 392
1739997765028 0.8742904071711252 393
1739997765046 0.8706456867731192 394
1739997765063 0.8670377434646585 395
1739997765079 0.8634860733064889 396
1739997765097 0.8599802671849529 397
1739997765114 0.8565089755411629 398
1739997765134 0.8530922761112272 399
1739997765151 0.8497093197946751 400
1739997765168 0.8463792039670478 401
1739997765184 0.8430820853685838 402
1739997765202 0.8398361102193587 403
1739997765220 0.8366224108873169 404
1739997765238 0.8334582108445869 405
1739997765255 0.8303343915849746 406
1739997765271 0.8272407941686394 407
1739997765287 0.8241953371199809 408
1739997765302 0.8211794635667234 409
1739997765318 0.8182101847039037 410
1739997765336 0.8152698715414471 411
1739997765352 0.812374655175871 412
1739997765369 0.809507806457206 413
1739997765385 0.8066846028670248 414
1739997765401 0.8038891878348808 415
1739997765417 0.801136010983818 416
1739997765433 0.7984100618222963 417
1739997765450 0.7957249871636282 418
1739997765466 0.7930736468980258 419
1739997765484 0.7904477091764079 420
1739997765500 0.7878616896869003 421
1739997765516 0.7853005804331208 422
1739997765534 0.7827781016926374 423
1739997765551 0.7802800560180114 424
1739997765567 0.7778193924454482 425
1739997765583 0.7753826993140315 426
1739997765599 0.7729821779205172 427
1739997765615 0.7706051783205808 428
1739997765631 0.7682631769242124 429
1739997765648 0.7659442621071109 430
1739997765664 0.763659207613475 431
1739997765680 0.7613968173972523 432
1739997765696 0.7591671841431952 433
1739997765713 0.7569651199286297 434
1739997765730 0.754784092380068 435
1739997765746 0.7526352394475853 436
1739997765762 0.7505070571308695 437
1739997765780 0.7484100015035051 438
1739997765795 0.7463332609810555 439
1739997765811 0.7442866307942216 440
1739997765831 0.7422599703322675 441
1739997765850 0.7402624344319186 442
1739997765867 0.7382845326161992 443
1739997765884 0.7363347992079536 444
1739997765901 0.7344043736096219 445
1739997765917 0.7325011889568964 446
1739997765934 0.7306169948467034 447
1739997765951 0.7287591420159626 448
1739997765967 0.7269199711248293 449
1739997765983 0.725106268776133 450
1739997765998 0.7233109481003782 451
1739997766015 0.7215402493214934 452
1739997766031 0.719787639970974 453
1739997766047 0.7180588311533825 454
1739997766065 0.7163478272409017 455
1739997766102 0.7146598269960887 456
1739997766119 0.7129922924757477 457
1739997766136 0.7113411314901525 458
1739997766152 0.7097128324012657 459
1739997766171 0.7081006665619439 460
1739997766187 0.706510597657656 461
1739997766204 0.7049364277624546 462
1739997766221 0.7033836125265737 463
1739997766242 0.7018464678769417 464
1739997766260 0.7003299576025004 465
1739997766278 0.6988288950919797 466
1739997766295 0.6973477679924113 467
1739997766312 0.6958818712272646 468
1739997766329 0.6944352315789216 469
1739997766346 0.6930036100297067 470
1739997766364 0.6915905873445627 471
1739997766381 0.6901923755274707 472
1739997766398 0.6888121237548525 473
1739997766415 0.6874464804417016 474
1739997766431 0.6860981771979642 475
1739997766447 0.6847642846537468 476
1739997766464 0.683447130478838 477
1739997766482 0.6821441937258151 478
1739997766498 0.6808574113657069 479
1739997766514 0.6795846574730297 480
1739997766530 0.6783274911870592 481
1739997766549 0.6770841685849847 482
1739997766566 0.6758558834771717 483
1739997766582 0.674641261294934 484
1739997766598 0.6734411426683778 485
1739997766615 0.6722545100948458 486
1739997766631 0.6710818628283256 487
1739997766648 0.6699225284945927 488
1739997766665 0.6687766764405744 489
1739997766681 0.6676439678236713 490
1739997766697 0.6665242532268938 491
1739997766713 0.6654175160738447 492
1739997766729 0.6643232990097496 493
1739997766746 0.6632418967812005 494
1739997766764 0.6621725546134543 495
1739997766780 0.6611158679461772 496
1739997766796 0.6600707948025837 497
1739997766812 0.6590382209901441 498
1739997766828 0.6580168272562837 499
