1740003451597 33.23048542036991 0
1740003451621 5.285728049305075 1
1740003451648 1.117493476251035 2
1740003451672 0.4160765688480617 3
1740003451695 0.19510251244797527 4
1740003451719 0.1403468257760497 5
1740003451743 0.10911976678031167 6
1740003451766 0.14644210354190798 7
1740003451790 0.1184834755717268 8
1740003451813 0.10203391898847415 9
1740003451838 0.20154078052145538 10
1740003451866 0.11659036952511467 11
1740003451894 0.13867497330397183 12
1740003451917 0.17289769452361392 13
1740003451941 0.1691843159047582 14
1740003451967 0.1451685209274147 15
1740003451991 0.18488373769574337 16
1740003452013 0.12184429324504241 17
1740003452035 0.12560400074033232 18
1740003452057 0.15656543023449557 19
1740003452080 0.11773939571159113 20
1740003452102 0.10774515726976604 21
1740003452124 0.17491068826037778 22
1740003452147 0.16388244352790607 23
1740003452172 0.127755269594466 24
1740003452196 0.21806864166928036 25
1740003452218 0.13576230369305878 26
1740003452241 0.14404226559610053 27
1740003452263 0.191146864678349 28
1740003452285 0.0989312201420227 29
1740003452308 0.15230123705748813 30
1740003452331 0.15817751544378683 31
1740003452353 0.07826326675376526 32
1740003452377 0.11496868693151062 33
1740003452403 0.16918405845202994 34
1740003452426 0.10263745795312733 35
1740003452451 0.11218455709467809 36
1740003452473 0.12089978219712691 37
1740003452496 0.13850416611328084 38
1740003452520 0.18297471640377694 39
1740003452544 0.12204409096072762 40
1740003452567 0.17575369517328038 41
1740003452592 0.1684912285049607 42
1740003452615 0.1445938205752793 43
1740003452638 0.08934248233681903 44
1740003452661 0.14629713580896633 45
1740003452683 0.13316578967413575 46
1740003452706 0.07377884233036212 47
1740003452729 0.12441616993618619 48
1740003452753 0.18779486530708708 49
1740003452775 0.15295259964570815 50
1740003452801 0.14388068770500165 51
1740003452825 0.07357779989842818 52
1740003452855 0.08580425693127668 53
1740003452940 0.1255740167837936 54
1740003452973 0.12121595255448142 55
1740003452997 0.1170272336358158 56
1740003453020 0.16385933457910606 57
1740003453043 0.12674354886349515 58
1740003453066 0.16505275232985572 59
1740003453089 0.14442186318076064 60
1740003453111 0.1481316778939446 61
1740003453133 0.12971023980367788 62
1740003453155 0.2640697185508518 63
1740003453177 0.13799440268351615 64
1740003453200 0.1334605101062909 65
1740003453222 0.15826360988968544 66
1740003453246 0.14061786726013173 67
1740003453270 0.16592762725669283 68
1740003453293 0.16880892209884546 69
1740003453315 0.15137870594962471 70
1740003453337 0.0805754005358482 71
1740003453359 0.17320900775116618 72
1740003453381 0.15906617605063839 73
1740003453404 0.13680207415404128 74
1740003453427 0.09498076588590883 75
1740003453453 0.14411444810782292 76
1740003453476 0.1338099499667433 77
1740003453499 0.13803352387170262 78
1740003453522 0.17482340820670958 79
1740003453544 0.10859668182997556 80
1740003453567 0.1283334732373079 81
1740003453590 0.15079756188839588 82
1740003453611 0.10496939837334762 83
1740003453632 0.13408922098747406 84
1740003453654 0.13064112435395603 85
1740003453675 0.157908836637473 86
1740003453699 0.06789861133653387 87
1740003453720 0.12178089915699275 88
1740003453744 0.143600026957974 89
1740003453765 0.09850662454631261 90
1740003453785 0.16804206035662858 91
1740003453807 0.11607070615759209 92
1740003453835 0.11493256615463779 93
1740003453856 0.12108670070430316 94
1740003453877 0.11086040046533512 95
1740003453902 0.15238989240424075 96
1740003453922 0.13524944316872783 97
1740003453945 0.10545235005784391 98
1740003453966 0.11488502423962334 99
1740003453988 0.13556071566369618 100
1740003454011 0.21778037553229512 101
1740003454032 0.11303495053684366 102
1740003454054 0.15322740031037824 103
1740003454075 0.10453584392426526 104
1740003454095 0.14822780656679962 105
1740003454115 0.11784722196706755 106
1740003454136 0.1157132547319613 107
1740003454156 0.13929203758483594 108
1740003454177 0.18099421131698712 109
1740003454198 0.13633202352211535 110
1740003454218 0.12206665094401116 111
1740003454239 0.11839141724791642 112
1740003454259 0.1980112372597854 113
1740003454280 0.10767988376269239 114
1740003454302 0.1198707172468567 115
1740003454322 0.13907320834587517 116
1740003454342 0.1751265535442438 117
1740003454363 0.14362563591391017 118
1740003454384 0.12310587286527866 119
1740003454404 0.09309654959681853 120
1740003454425 0.1882535889812632 121
1740003454445 0.1472548805220212 122
1740003454466 0.07914492663144543 123
1740003454487 0.09890713820470436 124
1740003454508 0.163686936142125 125
1740003454529 0.09001723156677714 126
1740003454550 0.16455260027635737 127
1740003454570 0.11512241568897918 128
1740003454591 0.1241685223107762 129
1740003454612 0.14399125559056736 130
1740003454638 0.10363746470868752 131
1740003454660 0.11667495084506486 132
1740003454682 0.1852105477139433 133
1740003454704 0.204789624262904 134
1740003454729 0.14121876668044972 135
1740003454751 0.11379611455275843 136
1740003454773 0.17722632752437859 137
1740003454796 0.10981410093812663 138
1740003454818 0.10460131411195019 139
1740003454841 0.16091330403261872 140
1740003454867 0.11251389222139248 141
1740003454906 0.1446803145777869 142
1740003454928 0.1077078938128224 143
1740003454950 0.16233145970407903 144
1740003454972 0.14273653863379043 145
1740003454992 0.10700058620243041 146
1740003455012 0.1840314662384452 147
1740003455033 0.10901253603458827 148
1740003455053 0.1325335190031003 149
1740003455075 0.1360908329721197 150
1740003455099 0.11481015927148722 151
1740003455119 0.11299686440553364 152
1740003455140 0.10056516075399129 153
1740003455161 0.11970561629090953 154
1740003455181 0.21126068038529144 155
1740003455203 0.10770101541771213 156
1740003455224 0.16678357753679882 157
1740003455246 0.12285864867734798 158
1740003455266 0.1210218968204926 159
1740003455287 0.1165706798364974 160
1740003455308 0.15608133563467158 161
1740003455330 0.1376522981663805 162
1740003455351 0.13244068086624844 163
1740003455372 0.13001111868288942 164
1740003455393 0.16509131646148165 165
1740003455414 0.12361299179681637 166
1740003455435 0.11507755854568968 167
1740003455456 0.15703437698535747 168
1740003455476 0.11279906833261677 169
1740003455497 0.1942796642098818 170
1740003455520 0.16757240994887287 171
1740003455542 0.15402431962848856 172
1740003455563 0.15891918335212257 173
1740003455584 0.12162484648974982 174
1740003455605 0.1998544820784551 175
1740003455625 0.1613580873234957 176
1740003455646 0.1407953052867482 177
1740003455666 0.1445816872656134 178
1740003455686 0.11325313655673135 179
1740003455706 0.13765909133543588 180
1740003455727 0.10114835681580642 181
1740003455747 0.1708884704224599 182
1740003455767 0.11643172490459933 183
1740003455789 0.12973537340762856 184
1740003455809 0.1796514149338679 185
1740003455832 0.12894625373524907 186
1740003455853 0.10410098527748321 187
1740003455873 0.08946803360581933 188
1740003455894 0.09285573624969434 189
1740003455916 0.15595744310679419 190
1740003455941 0.12375025563234852 191
1740003455961 0.127921283426889 192
1740003455982 0.13208701423669367 193
1740003456002 0.16486766914666193 194
1740003456023 0.13473743844798783 195
1740003456044 0.11081076336055654 196
1740003456065 0.15886325216305025 197
1740003456086 0.11618336911767586 198
1740003456106 0.14755193210934717 199
1740003456128 0.1379996659333367 200
1740003456148 0.11458140247706376 201
1740003456168 0.14488127475054963 202
1740003456189 0.12420003180982958 203
1740003456210 0.15900425369978188 204
1740003456231 0.15166929363727197 205
1740003456252 0.1168920356943265 206
1740003456272 0.14220858302655456 207
