1740000564372 178.9014659779914 0
1740000564393 178.54136537851576 1
1740000564411 178.18206033931986 2
1740000564433 177.82354903160865 3
1740000564450 177.46582963088542 4
1740000564467 177.10890031694117 5
1740000564487 176.75275927384493 6
1740000564505 176.3974046899331 7
1740000564524 176.0428347577995 8
1740000564545 175.68904767428538 9
1740000564565 175.3360416404691 10
1740000564582 174.9838148616561 11
1740000564600 174.63236554736895 12
1740000564618 174.28169191133722 13
1740000564637 173.93179217148753 14
1740000564655 173.5826645499335 15
1740000564674 173.23430727296588 16
1740000564694 172.8867185710426 17
1740000564712 172.5398966787787 18
1740000564737 172.1938398349367 19
1740000564757 171.84854628241666 20
1740000564777 171.50401426824615 21
1740000564796 171.16024204357066 22
1740000564814 170.8172278636437 23
1740000564832 170.47496998781708 24
1740000564850 170.13346667953113 25
1740000564867 169.79271620630502 26
1740000564885 169.45271683972695 27
1740000564903 169.11346685544467 28
1740000564920 168.77496453315564 29
1740000564937 168.43720815659753 30
1740000564954 168.1001960135385 31
1740000564972 167.76392639576764 32
1740000564992 167.4283975990856 33
1740000565087 167.09360792329477 34
1740000565108 166.75955567218992 35
1740000565127 166.4262391535487 36
1740000565147 166.09365667912215 37
1740000565167 165.76180656462526 38
1740000565184 165.43068712972752 39
1740000565202 165.10029669804354 40
1740000565219 164.77063359712375 41
1740000565239 164.44169615844484 42
1740000565258 164.1134827174007 43
1740000565276 163.78599161329288 44
1740000565294 163.45922118932125 45
1740000565310 163.1331697925752 46
1740000565328 162.80783577402372 47
1740000565346 162.48321748850677 48
1740000565364 162.15931329472568 49
1740000565383 161.83612155523412 50
1740000565400 161.51364063642902 51
1740000565417 161.1918689085413 52
1740000565436 160.87080474562688 53
1740000565453 160.55044652555748 54
1740000565471 160.23079263001154 55
1740000565489 159.91184144446535 56
1740000565507 159.59359135818383 57
1740000565525 159.27604076421153 58
1740000565544 158.9591880593639 59
1740000565562 158.64303164421793 60
1740000565583 158.32756992310357 61
1740000565601 158.01280130409464 62
1740000565619 157.6987241989999 63
1740000565638 157.38533702335428 64
1740000565655 157.07263819641 65
1740000565673 156.76062614112763 66
1740000565691 156.44929928416747 67
1740000565708 156.13865605588052 68
1740000565727 155.82869489030003 69
1740000565744 155.51941422513235 70
1740000565762 155.21081250174856 71
1740000565785 154.90288816517548 72
1740000565861 154.5956396640874 73
1740000565901 154.28906545079676 74
1740000565924 153.9831639812461 75
1740000565943 153.67793371499928 76
1740000565961 153.3733731152326 77
1740000565980 153.0694806487266 78
1740000565996 152.76625478585717 79
1740000566015 152.46369400058737 80
1740000566033 152.16179677045855 81
1740000566053 151.86056157658203 82
1740000566074 151.5599869036306 83
1740000566094 151.26007123983007 84
1740000566111 150.96081307695079 85
1740000566128 150.66221091029925 86
1740000566145 150.36426323870964 87
1740000566163 150.06696856453564 88
1740000566186 149.77032539364174 89
1740000566206 149.47433223539525 90
1740000566226 149.17898760265774 91
1740000566244 148.8842900117769 92
1740000566263 148.59023798257803 93
1740000566281 148.29683003835606 94
1740000566300 148.00406470586717 95
1740000566317 147.7119405153205 96
1740000566336 147.42045600037008 97
1740000566353 147.12960969810663 98
1740000566372 146.83940014904934 99
1740000566394 146.54982589713765 100
1740000566414 146.26088548972342 101
1740000566436 145.97257747756248 102
1740000566457 145.68490041480675 103
1740000566477 145.39785285899615 104
1740000566497 145.11143337105045 105
1740000566515 144.82564051526148 106
1740000566532 144.5404728592848 107
1740000566550 144.25592897413196 108
1740000566569 143.97200743416246 109
1740000566593 143.6887068170758 110
1740000566610 143.40602570390342 111
1740000566628 143.1239626790011 112
1740000566646 142.84251633004067 113
1740000566662 142.5616852480025 114
1740000566680 142.2814680271675 115
1740000566697 142.0018632651091 116
1740000566716 141.7228695626858 117
1740000566736 141.44448552403293 118
1740000566755 141.16670975655543 119
1740000566776 140.8895408709195 120
1740000566796 140.61297748104525 121
1740000566815 140.33701820409885 122
1740000566833 140.06166166048482 123
1740000566852 139.78690647383834 124
1740000566870 139.5127512710176 125
1740000566888 139.2391946820961 126
1740000566908 138.96623534035513 127
1740000566926 138.69387188227603 128
1740000566945 138.4221029475327 129
1740000566965 138.1509271789839 130
1740000566985 137.88034322266574 131
1740000567005 137.61034972778427 132
1740000567024 137.3409453467078 133
1740000567043 137.0721287349594 134
1740000567061 136.80389855120941 135
1740000567080 136.53625345726815 136
1740000567098 136.26919211807822 137
1740000567116 136.00271320170717 138
1740000567133 135.73681537934016 139
1740000567151 135.47149732527245 140
1740000567169 135.206757716902 141
1740000567188 134.9425952347223 142
1740000567206 134.6790085623147 143
1740000567227 134.41599638634148 144
1740000567249 134.15355739653813 145
1740000567268 133.89169028570643 146
1740000567287 133.6303937497069 147
1740000567305 133.36966648745167 148
1740000567323 133.1095072008972 149
1740000567341 132.84991459503703 150
1740000567359 132.59088737789477 151
1740000567378 132.3324242605165 152
1740000567396 132.07452395696407 153
1740000567415 131.81718518430762 154
1740000567434 131.56040666261856 155
1740000567453 131.30418711496245 156
1740000567472 131.04852526739185 157
1740000567490 130.79341984893935 158
1740000567509 130.53886959161028 159
1740000567528 130.28487323037598 160
1740000567547 130.0314295031664 161
1740000567567 129.77853715086331 162
1740000567587 129.52619491729334 163
1740000567606 129.27440154922073 164
1740000567625 129.02315579634072 165
1740000567645 128.77245641127223 166
1740000567664 128.52230214955125 167
1740000567685 128.27269176962372 168
1740000567703 128.0236240328386 169
1740000567722 127.77509770344122 170
1740000567740 127.52711154856611 171
1740000567758 127.2796643382304 172
1740000567780 127.03275484532683 173
1740000567799 126.78638184561702 174
1740000567818 126.54054411772452 175
1740000567836 126.29524044312818 176
1740000567854 126.05046960615542 177
1740000567874 125.80623039397518 178
1740000567892 125.56252159659157 179
1740000567910 125.3193420068368 180
1740000567929 125.07669042036476 181
1740000567946 124.83456563564404 182
1740000567964 124.59296645395162 183
1740000567982 124.35189167936576 184
1740000568000 124.11134011875978 185
1740000568019 123.87131058179521 186
1740000568037 123.6318018809152 187
1740000568056 123.3928128313379 188
1740000568075 123.15434225105004 189
1740000568094 122.91638896080015 190
1740000568113 122.67895178409212 191
1740000568131 122.44202954717865 192
1740000568149 122.20562107905485 193
1740000568168 121.96972521145153 194
1740000568187 121.73434077882878 195
1740000568205 121.49946661836961 196
1740000568224 121.26510156997341 197
1740000568244 121.03124447624948 198
1740000568265 120.79789418251072 199
1740000568286 120.56504953676698 200
1740000568306 120.332709389719 201
1740000568326 120.1008725947518 202
1740000568344 119.86953800792838 203
1740000568363 119.63870448798338 204
1740000568383 119.40837089631668 205
1740000568401 119.17853609698719 206
1740000568419 118.94919895670655 207
1740000568438 118.72035834483266 208
1740000568457 118.49201313336367 209
1740000568475 118.2641621969315 210
1740000568493 118.03680441279575 211
1740000568512 117.80993866083732 212
1740000568532 117.58356382355238 213
1740000568551 117.35767878604607 214
1740000568570 117.13228243602626 215
1740000568588 116.90737366379753 216
1740000568610 116.68295136225484 217
1740000568632 116.45901442687754 218
1740000568650 116.23556175572324 219
1740000568669 116.01259224942156 220
1740000568686 115.79010481116816 221
1740000568704 115.56809834671866 222
1740000568722 115.34657176438247 223
1740000568741 115.1255239750169 224
1740000568759 114.90495389202094 225
1740000568779 114.6848604313294 226
1740000568799 114.46524251140676 227
1740000568818 114.24609905324131 228
1740000568837 114.02742898033911 229
1740000568855 113.80923121871794 230
1740000568874 113.59150469690154 231
1740000568893 113.37424834591346 232
1740000568911 113.15746109927134 233
1740000568929 112.94114189298087 234
1740000568948 112.72528966552986 235
1740000568967 112.5099033578825 236
1740000568987 112.29498191347345 237
1740000569006 112.08052427820189 238
1740000569025 111.86652940042578 239
1740000569043 111.652996230956 240
1740000569062 111.43992372305058 241
1740000569081 111.22731083240885 242
1740000569099 111.01515651716566 243
1740000569118 110.80345973788566 244
1740000569137 110.59221945755752 245
1740000569155 110.38143464158813 246
1740000569173 110.17110425779698 247
1740000569192 109.9612272764104 248
1740000569210 109.75180267005581 249
1740000569229 109.54282941375605 250
1740000569249 109.33430648492384 251
1740000569268 109.12623286335592 252
1740000569286 108.91860753122754 253
1740000569305 108.71142947308677 254
1740000569325 108.50469767584889 255
1740000569346 108.29841112879078 256
1740000569364 108.09256882354538 257
1740000569383 107.88716975409604 258
1740000569402 107.68221291677094 259
1740000569420 107.4776973102377 260
1740000569438 107.27362193549762 261
1740000569456 107.06998579588027 262
1740000569475 106.866787897038 263
1740000569495 106.66402724694035 264
1740000569514 106.46170285586871 265
1740000569533 106.25981373641066 266
1740000569551 106.05835890345465 267
1740000569569 105.85733737418451 268
1740000569587 105.65674816807395 269
1740000569607 105.45659030688132 270
1740000569625 105.25686281464401 271
1740000569644 105.05756471767309 272
1740000569662 104.85869504454809 273
1740000569681 104.66025282611135 274
1740000569699 104.462237095463 275
1740000569717 104.26464688795527 276
1740000569738 104.06748124118741 277
1740000569758 103.8707391950003 278
1740000569784 103.67441979147107 279
1740000569804 103.47852207490793 280
1740000569823 103.2830450918448 281
1740000569843 103.08798789103606 282
1740000569863 102.89334952345136 283
1740000569882 102.69912904227024 284
1740000569900 102.50532550287701 285
1740000569919 102.31193796285557 286
1740000569937 102.11896548198405 287
1740000569955 101.92640712222975 288
1740000569974 101.7342619477439 289
1740000569992 101.54252902485658 290
1740000570010 101.35120742207134 291
1740000570028 101.1602962100604 292
1740000570045 100.96979446165915 293
1740000570063 100.77970125186133 294
1740000570082 100.59001565781374 295
1740000570100 100.40073675881125 296
1740000570118 100.21186363629165 297
1740000570136 100.02339537383062 298
1740000570153 99.83533105713661 299
1740000570171 99.64766977404594 300
1740000570189 99.46041061451761 301
1740000570206 99.27355267062829 302
1740000570225 99.08709503656742 303
1740000570244 98.90103680863217 304
1740000570261 98.71537708522233 305
1740000570280 98.53011496683555 306
1740000570298 98.34524955606221 307
1740000570316 98.16077995758053 308
1740000570334 97.9767052781516 309
1740000570351 97.79302462661455 310
1740000570371 97.60973711388151 311
1740000570390 97.42684185293278 312
1740000570408 97.24433795881195 313
1740000570426 97.0622245486209 314
1740000570444 96.88050074151512 315
1740000570462 96.69916565869867 316
1740000570480 96.51821842341953 317
1740000570499 96.33765816096455 318
1740000570517 96.15748399865477 319
1740000570535 95.97769506584059 320
1740000570554 95.79829049389696 321
1740000570571 95.61926941621854 322
1740000570589 95.44063096821505 323
1740000570606 95.26237428730633 324
1740000570624 95.08449851291778 325
1740000570643 94.90700278647545 326
1740000570665 94.72988625140141 327
1740000570684 94.55314805310898 328
1740000570702 94.3767873389981 329
1740000570719 94.20080325845052 330
1740000570737 94.02519496282518 331
1740000570759 93.84996160545352 332
1740000570783 93.67510234163487 333
1740000570805 93.5006163286317 334
1740000570826 93.32650272566501 335
1740000570849 93.15276069390981 336
1740000570876 92.97938939649033 337
1740000570901 92.80638799847553 338
1740000570931 92.6337556668744 339
1740000570957 92.46149157063155 340
1740000570981 92.28959488062245 341
1740000571003 92.11806476964894 342
1740000571027 91.94690041243469 343
1740000571047 91.77610098562064 344
1740000571067 91.60566566776049 345
1740000571089 91.43559363931614 346
1740000571108 91.26588408265323 347
1740000571129 91.09653618203657 348
1740000571147 90.92754912362571 349
1740000571166 90.75892209547047 350
1740000571185 90.59065428750641 351
1740000571202 90.42274489155047 352
1740000571221 90.25519310129637 353
1740000571241 90.08799811231039 354
1740000571259 89.92115912202672 355
1740000571279 89.75467532974322 356
1740000571297 89.58854593661695 357
1740000571315 89.42277014565973 358
1740000571336 89.25734716173383 359
1740000571354 89.09227619154758 360
1740000571376 88.92755644365099 361
1740000571395 88.76318712843138 362
1740000571417 88.5991674581091 363
1740000571437 88.4354966467332 364
1740000571454 88.27217391017702 365
1740000571472 88.10919846613392 366
1740000571491 87.94656953411307 367
1740000571509 87.78428633543503 368
1740000571528 87.62234809322756 369
1740000571547 87.4607540324213 370
1740000571565 87.29950337974554 371
1740000571585 87.13859536372397 372
1740000571603 86.97802921467037 373
1740000571622 86.81780416468457 374
1740000571641 86.65791944764798 375
1740000571659 86.4983742992196 376
1740000571678 86.33916795683167 377
1740000571697 86.18029965968557 378
1740000571714 86.02176864874761 379
1740000571734 85.86357416674488 380
1740000571755 85.70571545816104 381
1740000571777 85.54819176923223 382
1740000571796 85.39100234794293 383
1740000571814 85.23414644402179 384
1740000571831 85.07762330893753 385
1740000571849 84.92143219589485 386
1740000571867 84.76557235983027 387
1740000571885 84.61004305740818 388
1740000571903 84.45484354701657 389
1740000571921 84.29997308876308 390
1740000571940 84.14543094447097 391
1740000571958 83.99121637767493 392
1740000571976 83.83732865361722 393
1740000571994 83.68376703924345 394
1740000572012 83.53053080319872 395
1740000572030 83.37761921582347 396
1740000572047 83.22503154914963 397
1740000572065 83.0727670768965 398
1740000572083 82.9208250744668 399
1740000572100 82.76920481894273 400
1740000572118 82.61790558908197 401
1740000572137 82.46692666531374 402
1740000572155 82.31626732973484 403
1740000572173 82.16592686610578 404
1740000572191 82.0159045598467 405
1740000572208 81.86619969803365 406
1740000572227 81.71681156939452 407
1740000572246 81.56773946430526 408
1740000572264 81.41898267478584 409
1740000572283 81.27054049449657 410
1740000572300 81.12241221873407 411
1740000572318 80.97459714442746 412
1740000572340 80.82709457013453 413
1740000572358 80.6799037960379 414
1740000572380 80.53302412394109 415
1740000572398 80.38645485726482 416
1740000572415 80.24019530104313 417
1740000572436 80.09424476191957 418
1740000572456 79.94860254814346 419
1740000572479 79.803267969566 420
1740000572500 79.6582403376366 421
1740000572520 79.51351896539899 422
1740000572544 79.36910316748764 423
1740000572564 79.22499226012376 424
1740000572583 79.08118556111177 425
1740000572603 78.93768238983549 426
1740000572625 78.79448206725436 427
1740000572646 78.65158391589982 428
1740000572664 78.50898725987152 429
1740000572686 78.36669142483365 430
1740000572707 78.22469573801129 431
1740000572727 78.08299952818666 432
1740000572749 77.94160212569554 433
1740000572768 77.80050286242341 434
1740000572789 77.65970107180209 435
1740000572807 77.51919608880581 436
1740000572827 77.37898724994774 437
1740000572845 77.23907389327634 438
1740000572863 77.09945535837169 439
1740000572881 76.96013098634188 440
1740000572898 76.82110011981945 441
1740000572916 76.68236210295778 442
1740000572934 76.54391628142751 443
1740000572952 76.4057620024129 444
1740000572969 76.26789861460837 445
1740000572987 76.1303254682148 446
1740000573005 75.99304191493617 447
1740000573025 75.8560473079758 448
1740000573044 75.71934100203296 449
1740000573064 75.5829223532993 450
1740000573082 75.4467907194553 451
1740000573099 75.31094545966684 452
1740000573117 75.17538593458166 453
1740000573137 75.04011150632577 454
1740000573154 74.90512153850017 455
1740000573170 74.77041539617711 456
1740000573188 74.6359924458969 457
1740000573205 74.50185205566427 458
1740000573221 74.3679935949449 459
1740000573239 74.23441643466215 460
1740000573257 74.10111994719342 461
1740000573275 73.96810350636689 462
1740000573293 73.83536648745796 463
1740000573311 73.70290826718593 464
1740000573330 73.57072822371059 465
1740000573347 73.4388257366288 466
1740000573365 73.3072001869711 467
1740000573382 73.1758509571983 468
1740000573399 73.0447774311983 469
1740000573416 72.9139789942824 470
1740000573436 72.78345503318222 471
1740000573454 72.65320493604625 472
1740000573472 72.52322809243648 473
1740000573493 72.39352389332514 474
1740000573512 72.26409173109136 475
1740000573533 72.13493099951782 476
1740000573551 72.00604109378742 477
1740000573567 71.87742141048008 478
1740000573583 71.7490713475694 479
1740000573600 71.62099030441931 480
1740000573625 71.49317768178092 481
1740000573642 71.36563288178911 482
1740000573658 71.23835530795941 483
1740000573675 71.11134436518466 484
1740000573691 70.98459945973178 485
1740000573708 70.85811999923857 486
1740000573726 70.73190539271039 487
1740000573742 70.60595505051708 488
1740000573761 70.4802683843896 489
1740000573783 70.35484480741692 490
1740000573801 70.22968373404282 491
1740000573818 70.10478458006261 492
1740000573836 69.98014676262005 493
1740000573852 69.8557697002041 494
1740000573869 69.73165281264585 495
1740000573887 69.60779552111522 496
1740000573903 69.4841972481179 497
1740000573920 69.36085741749221 498
1740000573936 69.23777545440592 499
