1740001794281 168.996543037322 0
1740001794298 168.78373241051779 1
1740001794319 168.61513645267527 2
1740001794336 168.44669949954974 3
1740001794354 168.2784478022946 4
1740001794376 168.1103811328371 5
1740001794398 167.9424992792636 6
1740001794415 167.77480202989923 7
1740001794432 167.6072891733172 8
1740001794451 167.43996049833837 9
1740001794468 167.27281579403092 10
1740001794486 167.10585484971025 11
1740001794503 166.9390774549385 12
1740001794519 166.77248339952445 13
1740001794537 166.60607247352291 14
1740001794554 166.4398444672347 15
1740001794571 166.2737991712065 16
1740001794588 166.10793637623001 17
1740001794606 165.94225587334213 18
1740001794627 165.77675745382467 19
1740001794643 165.6114409092037 20
1740001794661 165.44630603124963 21
1740001794678 165.28135261197676 22
1740001794695 165.11658044364287 23
1740001794712 164.95198931874924 24
1740001794729 164.78757903004006 25
1740001794746 164.62334937050238 26
1740001794767 164.45930013336564 27
1740001794787 164.2954311121014 28
1740001794831 164.13174210042322 29
1740001794849 163.96823289228618 30
1740001794866 163.80490328188674 31
1740001794883 163.6417530636623 32
1740001794900 163.47878203229106 33
1740001794927 163.31598998269166 34
1740001794948 163.15337671002297 35
1740001794968 162.99094200968358 36
1740001794987 162.82868567731188 37
1740001795008 162.66660750878543 38
1740001795027 162.5047073002209 39
1740001795044 162.34298484797372 40
1740001795060 162.1814399486377 41
1740001795077 162.02007239904492 42
1740001795095 161.85888199626532 43
1740001795112 161.6978685376065 44
1740001795129 161.53703182061335 45
1740001795146 161.37637164306784 46
1740001795163 161.2158878029887 47
1740001795181 161.0555800986312 48
1740001795198 160.89544832848674 49
1740001795215 160.73549229128275 50
1740001795232 160.57571178598226 51
1740001795249 160.41610661178376 52
1740001795268 160.25667656812067 53
1740001795285 160.09742145466132 54
1740001795301 159.93834107130863 55
1740001795318 159.77943521819967 56
1740001795334 159.62070369570569 57
1740001795351 159.46214630443143 58
1740001795368 159.30376284521512 59
1740001795384 159.1455531191282 60
1740001795401 158.98751692747499 61
1740001795418 158.8296540717923 62
1740001795435 158.67196435384946 63
1740001795452 158.5144475756476 64
1740001795469 158.35710353941985 65
1740001795487 158.19993204763065 66
1740001795503 158.04293290297585 67
1740001795528 157.88610590838215 68
1740001795545 157.72945086700688 69
1740001795562 157.57296758223794 70
1740001795579 157.41665585769312 71
1740001795595 157.2605154972203 72
1740001795613 157.10454630489684 73
1740001795630 156.9487480850294 74
1740001795647 156.79312064215372 75
1740001795663 156.63766378103423 76
1740001795681 156.4823773066641 77
1740001795698 156.32726102426435 78
1740001795715 156.17231473928427 79
1740001795731 156.01753825740073 80
1740001795750 155.86293138451802 81
1740001795771 155.70849392676752 82
1740001795792 155.55422569050762 83
1740001795869 155.40012648232326 84
1740001795888 155.2461961090256 85
1740001795905 155.0924343776521 86
1740001795923 154.93884109546588 87
1740001795940 154.78541606995555 88
1740001795956 154.6321591088352 89
1740001795973 154.47907002004374 90
1740001795990 154.32614861174483 91
1740001796007 154.1733946923267 92
1740001796024 154.0208080704017 93
1740001796040 153.86838855480613 94
1740001796058 153.71613595460002 95
1740001796076 153.5640500790668 96
1740001796093 153.41213073771294 97
1740001796109 153.26037774026793 98
1740001796126 153.10879089668376 99
1740001796142 152.95737001713485 100
1740001796159 152.8061149120177 101
1740001796176 152.6550253919506 102
1740001796193 152.50410126777345 103
1740001796211 152.35334235054734 104
1740001796228 152.20274845155456 105
1740001796246 152.05231938229804 106
1740001796263 151.90205495450135 107
1740001796280 151.75195498010817 108
1740001796297 151.60201927128233 109
1740001796313 151.45224764040717 110
1740001796330 151.30263990008578 111
1740001796347 151.15319586314027 112
1740001796367 151.00391534261172 113
1740001796382 150.85479815175998 114
1740001796400 150.70584410406323 115
1740001796421 150.5570530132179 116
1740001796441 150.40842469313836 117
1740001796458 150.25995895795654 118
1740001796475 150.11165562202183 119
1740001796492 149.96351449990078 120
1740001796511 149.81553540637677 121
1740001796529 149.66771815644987 122
1740001796546 149.52006256533645 123
1740001796563 149.37256844846902 124
1740001796580 149.22523562149607 125
1740001796597 149.07806390028145 126
1740001796615 148.93105310090456 127
1740001796631 148.78420303965984 128
1740001796647 148.6375135330565 129
1740001796664 148.49098439781844 130
1740001796681 148.34461545088377 131
1740001796699 148.1984065094048 132
1740001796715 148.05235739074757 133
1740001796732 147.90646791249176 134
1740001796748 147.76073789243029 135
1740001796772 147.61516714856916 136
1740001796790 147.46975549912725 137
1740001796807 147.3245027625359 138
1740001796824 147.1794087574388 139
1740001796840 147.03447330269177 140
1740001796858 146.88969621736226 141
1740001796875 146.74507732072945 142
1740001796892 146.6006164322837 143
1740001796908 146.4563133717265 144
1740001796925 146.3121679589701 145
1740001796942 146.1681800141373 146
1740001796959 146.0243493575612 147
1740001796976 145.88067580978498 148
1740001796992 145.73715919156166 149
1740001797009 145.59379932385366 150
1740001797027 145.45059602783294 151
1740001797043 145.30754912488032 152
1740001797061 145.16465843658557 153
1740001797077 145.0219237847469 154
1740001797095 144.87934499137094 155
1740001797116 144.73692187867232 156
1740001797132 144.5946542690736 157
1740001797149 144.4525419852048 158
1740001797165 144.3105848499033 159
1740001797182 144.16878268621366 160
1740001797201 144.02713531738715 161
1740001797217 143.8856425668817 162
1740001797236 143.74430425836167 163
1740001797251 143.60312021569732 164
1740001797268 143.462090262965 165
1740001797286 143.3212142244466 166
1740001797303 143.18049192462934 167
1740001797319 143.03992318820556 168
1740001797336 142.8995078400726 169
1740001797352 142.75924570533235 170
1740001797371 142.61913660929113 171
1740001797388 142.47918037745947 172
1740001797404 142.33937683555178 173
1740001797420 142.19972580948613 174
1740001797437 142.06022712538407 175
1740001797455 141.92088060957033 176
1740001797471 141.78168608857263 177
1740001797488 141.64264338912128 178
1740001797505 141.5037523381493 179
1740001797523 141.36501276279174 180
1740001797540 141.22642449038568 181
1740001797556 141.08798734847008 182
1740001797573 140.94970116478532 183
1740001797589 140.81156576727304 184
1740001797606 140.67358098407598 185
1740001797624 140.5357466435377 186
1740001797640 140.3980625742023 187
1740001797657 140.2605286048141 188
1740001797674 140.12314456431773 189
1740001797691 139.98591028185754 190
1740001797709 139.84882558677754 191
1740001797725 139.711890308621 192
1740001797742 139.57510427713055 193
1740001797761 139.4384673222476 194
1740001797778 139.3019792741122 195
1740001797799 139.16563996306294 196
1740001797815 139.02944921963655 197
1740001797831 138.89340687456777 198
1740001797848 138.75751275878906 199
1740001797865 138.62176670343038 200
1740001797882 138.48616853981892 201
1740001797899 138.350718099479 202
1740001797916 138.21541521413164 203
1740001797933 138.08025971569444 204
1740001797950 137.94525143628144 205
1740001797968 137.81039020820268 206
1740001797985 137.67567586396405 207
1740001798002 137.54110823626718 208
1740001798018 137.40668715800905 209
1740001798035 137.27241246228178 210
1740001798053 137.1382839823725 211
1740001798069 137.0043015517631 212
1740001798086 136.87046500412978 213
1740001798103 136.73677417334315 214
1740001798121 136.60322889346773 215
1740001798139 136.46982899876195 216
1740001798156 136.33657432367775 217
1740001798174 136.20346470286037 218
1740001798191 136.07049997114825 219
1740001798208 135.93767996357255 220
1740001798226 135.80500451535727 221
1740001798244 135.67247346191866 222
1740001798260 135.5400866388653 223
1740001798277 135.4078438819976 224
1740001798294 135.2757450273079 225
1740001798312 135.14378991097985 226
1740001798329 135.0119783693885 227
1740001798345 134.88031023909988 228
1740001798361 134.748785356871 229
1740001798379 134.6174035596493 230
1740001798396 134.4861646845727 231
1740001798412 134.3550685689693 232
1740001798429 134.22411505035703 233
1740001798447 134.09330396644364 234
1740001798468 133.96263515512624 235
1740001798485 133.8321084544913 236
1740001798502 133.7017237028143 237
1740001798519 133.57148073855944 238
1740001798537 133.44137940037965 239
1740001798554 133.31141952711613 240
1740001798571 133.18160095779825 241
1740001798588 133.0519235316433 242
1740001798604 132.9223870880562 243
1740001798623 132.79299146662947 244
1740001798640 132.66373650714272 245
1740001798657 132.53462204956276 246
1740001798674 132.40564793404303 247
1740001798690 132.27681400092376 248
1740001798706 132.1481200907314 249
1740001798724 132.0195660441785 250
1740001798741 131.89115170216368 251
1740001798760 131.7628769057712 252
1740001798776 131.6347414962708 253
1740001798793 131.50674531511748 254
1740001798811 131.37888820395133 255
1740001798827 131.25117000459718 256
1740001798844 131.12359055906458 257
1740001798861 130.99614970954735 258
1740001798878 130.8688472984236 259
1740001798897 130.74168316825532 260
1740001798914 130.61465716178824 261
1740001798930 130.48776912195163 262
1740001798946 130.36101889185807 263
1740001798963 130.2344063148032 264
1740001798982 130.10793123426552 265
1740001798998 129.98159349390622 266
1740001799015 129.85539293756892 267
1740001799031 129.72932940927942 268
1740001799048 129.60340275324555 269
1740001799066 129.47761281385695 270
1740001799082 129.35195943568482 271
1740001799098 129.22644246348165 272
1740001799115 129.10106174218117 273
1740001799132 128.97581711689807 274
1740001799149 128.85070843292758 275
1740001799165 128.72573553574557 276
1740001799183 128.60089827100822 277
1740001799201 128.47619648455174 278
1740001799218 128.35163002239213 279
1740001799242 128.22719873072518 280
1740001799260 128.102902455926 281
1740001799278 127.97874104454898 282
1740001799296 127.85471434332752 283
1740001799313 127.73082219917379 284
1740001799330 127.60706445917859 285
1740001799347 127.4834409706111 286
1740001799364 127.35995158091859 287
1740001799381 127.23659613772635 288
1740001799398 127.11337448883745 289
1740001799415 126.99028648223246 290
1740001799432 126.86733196606923 291
1740001799450 126.74451078868273 292
1740001799469 126.62182279858497 293
1740001799486 126.49926784446446 294
1740001799505 126.3768457751863 295
1740001799522 126.25455643979194 296
1740001799539 126.13239968749875 297
1740001799557 126.01037536770004 298
1740001799576 125.8884833299648 299
1740001799593 125.76672342403737 300
1740001799612 125.64509549983748 301
1740001799629 125.52359940745971 302
1740001799645 125.40223499717365 303
1740001799662 125.28100211942333 304
1740001799680 125.15990062482733 305
1740001799697 125.03893036417833 306
1740001799714 124.91809118844313 307
1740001799732 124.79738294876218 308
1740001799750 124.67680549644963 309
1740001799769 124.55635868299298 310
1740001799786 124.43604236005285 311
1740001799802 124.31585637946287 312
1740001799820 124.19580059322952 313
1740001799836 124.07587485353173 314
1740001799853 123.9560790127208 315
1740001799870 123.83641292332022 316
1740001799887 123.71687643802545 317
1740001799903 123.59746940970365 318
1740001799921 123.47819169139355 319
1740001799937 123.35904313630523 320
1740001799954 123.24002359781987 321
1740001799971 123.12113292948962 322
1740001799988 123.0023709850374 323
1740001800006 122.88373761835658 324
1740001800023 122.76523268351089 325
1740001800040 122.64685603473424 326
1740001800056 122.52860752643038 327
1740001800073 122.41048701317293 328
1740001800089 122.29249434970485 329
1740001800106 122.17462939093852 330
1740001800123 122.05689199195554 331
1740001800140 121.93928200800623 332
1740001800157 121.82179929450983 333
1740001800173 121.704443707054 334
1740001800190 121.58721510139469 335
1740001800207 121.47011333345617 336
1740001800225 121.35313825933041 337
1740001800245 121.23628973527727 338
1740001800262 121.11956761772399 339
1740001800279 121.00297176326535 340
1740001800296 120.88650202866309 341
1740001800313 120.77015827084597 342
1740001800329 120.65394034690948 343
1740001800346 120.53784811411562 344
1740001800363 120.42188142989285 345
1740001800380 120.30604015183557 346
1740001800396 120.19032413770437 347
1740001800413 120.07473324542542 348
1740001800429 119.9592673330906 349
1740001800446 119.84392625895698 350
1740001800465 119.72870988144696 351
1740001800486 119.61361805914785 352
1740001800507 119.49865065081174 353
1740001800526 119.38380751535533 354
1740001800543 119.26908851185962 355
1740001800560 119.15449349956998 356
1740001800577 119.04002233789558 357
1740001800593 118.92567488640955 358
1740001800610 118.81145100484858 359
1740001800627 118.69735055311283 360
1740001800643 118.58337339126554 361
1740001800661 118.46951937953317 362
1740001800678 118.35578837830491 363
1740001800695 118.24218024813264 364
1740001800713 118.12869484973068 365
1740001800731 118.0153320439756 366
1740001800747 117.90209169190615 367
1740001800770 117.78897365472278 368
1740001800789 117.67597779378782 369
1740001800831 117.56310397062494 370
1740001800849 117.4503520469192 371
1740001800866 117.33772188451682 372
1740001800883 117.22521334542483 373
1740001800900 117.1128262918111 374
1740001800917 117.00056058600401 375
1740001800935 116.88841609049227 376
1740001800953 116.77639266792477 377
1740001800970 116.66449018111047 378
1740001800988 116.55270849301797 379
1740001801004 116.44104746677557 380
1740001801022 116.32950696567096 381
1740001801038 116.21808685315104 382
1740001801055 116.10678699282175 383
1740001801074 115.99560724844788 384
1740001801096 115.88454748395289 385
1740001801121 115.7736075634187 386
1740001801141 115.66278735108551 387
1740001801159 115.55208671135165 388
1740001801177 115.4415055087733 389
1740001801195 115.33104360806442 390
1740001801212 115.22070087409647 391
1740001801229 115.11047717189831 392
1740001801248 115.00037236665591 393
1740001801267 114.89038632371222 394
1740001801286 114.78051890856709 395
1740001801303 114.6707699868768 396
1740001801319 114.56113942445423 397
1740001801336 114.45162708726835 398
1740001801353 114.34223284144433 399
1740001801370 114.23295655326305 400
1740001801387 114.12379808916123 401
1740001801404 114.01475731573098 402
1740001801421 113.90583409971977 403
1740001801438 113.79702830803024 404
1740001801455 113.6883398077199 405
1740001801472 113.57976846600108 406
1740001801490 113.4713141502407 407
1740001801509 113.36297672796005 408
1740001801526 113.25475606683467 409
1740001801543 113.14665203469413 410
1740001801562 113.03866449952184 411
1740001801579 112.9307933294549 412
1740001801597 112.82303839278389 413
1740001801614 112.71539955795274 414
1740001801631 112.60787669355842 415
1740001801648 112.50046966835096 416
1740001801666 112.39317835123306 417
1740001801682 112.28600261126009 418
1740001801699 112.17894231763974 419
1740001801715 112.071997339732 420
1740001801732 111.96516754704889 421
1740001801751 111.85845280925429 422
1740001801770 111.75185299616372 423
1740001801788 111.64536797774431 424
1740001801805 111.53899762411446 425
1740001801822 111.43274180554367 426
1740001801840 111.32660039245253 427
1740001801858 111.22057325541233 428
1740001801875 111.11466026514502 429
1740001801891 111.00886129252298 430
1740001801908 110.90317620856881 431
1740001801925 110.79760488445527 432
1740001801943 110.69214719150493 433
1740001801960 110.58680300119019 434
1740001801977 110.48157218513292 435
1740001801995 110.37645461510441 436
1740001802012 110.27145016302514 437
1740001802028 110.1665587009646 438
1740001802045 110.06178010114112 439
1740001802063 109.95711423592171 440
1740001802080 109.8525609778219 441
1740001802097 109.74812019950546 442
1740001802114 109.64379177378443 443
1740001802130 109.53957557361868 444
1740001802147 109.43547147211596 445
1740001802164 109.33147934253164 446
1740001802181 109.22759905826848 447
1740001802198 109.12383049287658 448
1740001802215 109.02017352005306 449
1740001802234 108.916628013642 450
1740001802255 108.81319384763427 451
1740001802280 108.70987089616726 452
1740001802308 108.60665903352476 453
1740001802335 108.50355813413684 454
1740001802362 108.40056807257956 455
1740001802390 108.29768872357492 456
1740001802418 108.19491996199062 457
1740001802444 108.0922616628399 458
1740001802472 107.98971370128133 459
1740001802504 107.88727595261872 460
1740001802533 107.78494829230091 461
1740001802558 107.68273059592157 462
1740001802582 107.58062273921904 463
1740001802607 107.4786245980762 464
1740001802630 107.37673604852023 465
1740001802649 107.2749569667226 466
1740001802669 107.17328722899857 467
1740001802687 107.07172671180747 468
1740001802704 106.97027529175209 469
1740001802720 106.86893284557881 470
1740001802737 106.76769925017733 471
1740001802756 106.66657438258049 472
1740001802774 106.56555811996408 473
1740001802791 106.46465033964675 474
1740001802808 106.36385091908978 475
1740001802825 106.26315973589692 476
1740001802842 106.16257666781424 477
1740001802861 106.06210159272992 478
1740001802879 105.96173438867413 479
1740001802897 105.86147493381887 480
1740001802915 105.76132310647773 481
1740001802933 105.66127878510585 482
1740001802952 105.56134184829956 483
1740001802975 105.46151217479645 484
1740001802994 105.36178964347498 485
1740001803016 105.26217413335443 486
1740001803036 105.16266552359477 487
1740001803054 105.06326369349637 488
1740001803075 104.9639685225 489
1740001803094 104.86477989018643 490
1740001803114 104.76569767627655 491
1740001803133 104.66672176063096 492
1740001803152 104.56785202324994 493
1740001803171 104.46908834427327 494
1740001803190 104.37043060397998 495
1740001803208 104.27187868278831 496
1740001803227 104.17343246125547 497
1740001803248 104.07509182007743 498
1740001803272 103.97685664008893 499
