1740006090599 104.51176146839843 0
1740006090698 138.3712202947403 1
1740006090802 62.79532031588288 2
1740006090900 35.03986390865439 3
1740006090987 27.94785889332526 4
1740006091078 11.295948845511868 5
1740006091165 7.571179844879001 6
1740006091253 5.898903103165935 7
1740006091338 3.2653910015581764 8
1740006091429 0.047239490377193716 9
1740006091515 1.9904511140347987 10
1740006091603 0.21255608751291596 11
1740006091691 1.1497000044087842 12
1740006091779 0.5291491963155606 13
1740006091872 0.630267620516204 14
1740006092020 0.24190141717914587 15
1740006092109 0.460642703143021 16
1740006092200 0.31017383163138684 17
1740006092293 0.5693255353555556 18
1740006092385 0.04988885813998862 19
1740006092471 0.08715273173535955 20
1740006092557 0.014793358013736609 21
1740006092644 0.001289234228624562 22
1740006092731 0.4213222427516254 23
1740006092822 0.05837871160960334 24
1740006092915 0.13210264308278466 25
1740006093003 0.5037416081450883 26
1740006093091 0.05770112226340994 27
1740006093182 0.052843359535123154 28
1740006093268 0.08052406531351128 29
1740006093394 0.20835324189230048 30
1740006093485 1.5197966270528269e-06 31
1740006093573 0.11670679303981492 32
1740006093658 0.383278542030914 33
1740006093742 1.4172748155848157e-05 34
1740006093827 0.016171441084517985 35
1740006093917 0.3483766797663702 36
1740006094038 0.17982187607520278 37
1740006094132 0.09270054414746835 38
1740006094224 0.03334695224639182 39
1740006094310 0.0002184508155730997 40
1740006094403 0.3153443017126445 41
1740006094500 0.025295910341759056 42
1740006094586 0.5942999439659111 43
1740006094669 0.03088360862114956 44
1740006094753 0.048351658410929824 45
1740006094842 0.16747539754899374 46
1740006094931 0.29365624558841374 47
1740006095014 0.0032074305112801795 48
1740006095098 0.0003335478032931553 49
1740006095185 0.3836665255190935 50
1740006095272 0.014718607137143349 51
