1740009397683 197.01186668006318 0
1740009397706 196.15956480530093 1
1740009397734 181.50587326471768 2
1740009397759 173.51658611874703 3
1740009397785 166.03219341663768 4
1740009397808 159.51053574873777 5
1740009397833 171.66129555132093 6
1740009397857 180.8534669852292 7
1740009397879 161.55141586819852 8
1740009397902 159.52406335631227 9
1740009397925 158.72635511341255 10
1740009397951 157.76697327087302 11
1740009397975 158.1591860694511 12
1740009397999 148.1053161435543 13
1740009398026 151.0694370824183 14
1740009398050 142.02251550737805 15
1740009398077 141.0079799691878 16
1740009398101 134.98554786063568 17
1740009398129 138.38456399789905 18
1740009398154 128.75532172493908 19
1740009398177 126.62718166220336 20
1740009398200 135.85550913568667 21
1740009398223 126.21358877400925 22
1740009398250 123.7607807718143 23
1740009398273 119.04395118499093 24
1740009398296 120.46628877807264 25
1740009398318 121.93639450283555 26
1740009398343 119.45755018055267 27
1740009398366 108.5669836392986 28
1740009398388 116.95425349326963 29
1740009398411 111.90186344039203 30
1740009398437 100.04454017373921 31
1740009398460 106.26946588945994 32
1740009398483 104.3856977925093 33
1740009398507 97.41776651746224 34
1740009398530 101.65970753892472 35
1740009398554 105.12728667476365 36
1740009398578 92.74938729353012 37
1740009398604 99.75052201035673 38
1740009398630 95.35845460987326 39
1740009398654 97.85473347239193 40
1740009398677 85.66702143581475 41
1740009398700 89.73599823623886 42
1740009398723 87.79669949817102 43
1740009398746 82.0314312364977 44
1740009398768 78.75657218721777 45
1740009398791 85.53581772854054 46
1740009398814 78.15244390798182 47
1740009398841 83.80337841206509 48
1740009398864 83.70471244221794 49
1740009398888 75.27901300405803 50
1740009398911 72.85666033836222 51
1740009398934 73.75273577773285 52
1740009398957 68.50797082789194 53
1740009398980 72.8501371862854 54
1740009399003 72.52018516214224 55
1740009399026 68.1526688282362 56
1740009399051 67.33336359451329 57
1740009399080 69.23086628642207 58
1740009399108 70.73541291855507 59
1740009399188 64.32613040465964 60
1740009399212 60.52670683639989 61
1740009399235 60.641381426179535 62
1740009399295 62.912243215019515 63
1740009399322 58.877218719530575 64
1740009399346 63.33195922182452 65
1740009399368 57.267594606955235 66
1740009399391 56.748062465131504 67
1740009399418 59.512804233664234 68
1740009399441 57.3494713024173 69
1740009399464 55.1433363607914 70
1740009399488 53.68529972558343 71
1740009399512 53.318009449262604 72
1740009399536 51.32132980250818 73
1740009399559 51.56118765341063 74
1740009399581 53.72540868965483 75
1740009399608 48.99705091931071 76
1740009399632 47.33240210192451 77
1740009399655 48.53661307633865 78
1740009399678 44.350033805176736 79
1740009399700 45.18452368334956 80
1740009399726 44.462485490499034 81
1740009399749 45.73236966511207 82
1740009399772 43.676054852902055 83
1740009399794 42.84005407214516 84
1740009399819 43.87549684744776 85
1740009399843 40.578562044917895 86
1740009399865 40.839848528758004 87
1740009399888 37.99049205621659 88
1740009399911 41.35898295267058 89
1740009399937 37.49430791275833 90
1740009399962 38.14289999554891 91
1740009399986 37.26148989012099 92
1740009400010 37.9267573807586 93
1740009400034 37.46378382579937 94
1740009400057 36.416513208595894 95
1740009400083 37.08482029936558 96
1740009400108 34.10980719638854 97
1740009400133 32.32087242283686 98
1740009400162 33.434706597770656 99
1740009400185 34.01858970710829 100
1740009400208 32.17469151062913 101
1740009400271 30.939770072408738 102
1740009400298 32.03332955943212 103
1740009400324 30.264667463861972 104
1740009400352 29.987531364256988 105
1740009400376 28.88297999411463 106
1740009400398 28.647075510463313 107
1740009400424 29.41731005695578 108
1740009400447 27.174140057219635 109
1740009400469 27.590439280274015 110
1740009400491 26.53705802260994 111
1740009400515 26.038230122291143 112
1740009400539 27.293255739605158 113
1740009400561 25.41697030522125 114
1740009400584 25.70420503956146 115
1740009400612 25.50038593392413 116
1740009400635 25.853266519571036 117
1740009400659 23.396098630876608 118
1740009400683 24.610067971872887 119
1740009400706 23.672825848987916 120
1740009400730 22.649003879883036 121
1740009400752 21.319355142136352 122
1740009400775 22.7124764213213 123
1740009400799 22.824303662387912 124
1740009400823 21.8999194609345 125
1740009400846 21.958397053959605 126
1740009400869 21.794720312639992 127
1740009400893 21.425829453018945 128
1740009400916 21.18248825086295 129
1740009400939 20.02585315760812 130
1740009400962 20.305566225003325 131
1740009400984 18.938744683864755 132
1740009401012 19.323666684479996 133
1740009401039 20.314351595162837 134
1740009401065 18.403949877821493 135
1740009401088 18.967639359055216 136
1740009401112 18.260368240953728 137
1740009401135 17.206891872248303 138
1740009401160 16.545901550873555 139
1740009401183 16.094586133876344 140
1740009401207 17.27273284889163 141
1740009401229 16.791524898312005 142
1740009401252 16.419792320529737 143
1740009401276 16.272635696484034 144
1740009401301 15.596256376043106 145
1740009401325 15.849999866681202 146
1740009401347 16.281985999619035 147
1740009401370 15.13005564263572 148
1740009401393 14.466337605714134 149
1740009401417 14.35338914091915 150
1740009401447 15.595533849457041 151
1740009401471 14.617276777978251 152
1740009401497 14.187382037078667 153
1740009401523 13.475784331398895 154
1740009401548 13.903041271916386 155
1740009401573 12.316496543116305 156
1740009401601 13.815036547212092 157
1740009401627 13.254261538603787 158
1740009401652 12.808369843071482 159
1740009401676 12.051559043134676 160
1740009401703 12.080075610700336 161
1740009401732 12.420492782285741 162
1740009401757 11.098420593582048 163
1740009401781 11.732385929560563 164
1740009401805 11.700999159834023 165
1740009401831 11.789291983734799 166
1740009401856 11.426102700790805 167
1740009401880 10.843289271308885 168
1740009401903 10.97536550490972 169
1740009401926 11.061774544037375 170
1740009401950 10.214056629404798 171
1740009401973 10.078330205707461 172
1740009401996 10.637817936471672 173
1740009402024 10.601996101131233 174
1740009402047 9.927807510857399 175
1740009402116 9.666645076401968 176
1740009402243 9.957556505220168 177
1740009402268 9.99279032121089 178
1740009402291 9.609695790424531 179
1740009402314 9.43705661537617 180
1740009402342 9.217534615317673 181
1740009402365 8.601864070503066 182
1740009402388 8.83678094201163 183
1740009402410 8.889034731261422 184
1740009402434 9.108910839635804 185
1740009402457 8.22424521031318 186
1740009402480 8.225752809860968 187
1740009402502 8.144230150042091 188
1740009402527 8.402930265373838 189
1740009402551 8.876252281721868 190
1740009402574 7.926915963470882 191
1740009402598 7.812921117746229 192
1740009402623 7.774499682689437 193
1740009402645 7.567471599938247 194
1740009402671 7.3326252374201975 195
1740009402694 7.041595566140903 196
1740009402718 7.259296520369891 197
1740009402747 7.574498681285675 198
1740009402772 7.541009185555275 199
1740009402798 7.411596623068201 200
1740009402823 7.216588815692958 201
1740009402849 6.78182546172023 202
1740009402879 6.911252302115732 203
1740009402911 6.618456744963947 204
1740009402936 6.688199706132337 205
1740009402960 6.558909242881543 206
1740009402983 6.553003679550972 207
1740009403006 6.382318749741014 208
1740009403030 6.522624492161361 209
1740009403059 6.514706367272554 210
1740009403085 6.0139049789378145 211
1740009403108 6.041889706255936 212
1740009403130 5.890924323120344 213
1740009403154 5.689303894353845 214
1740009403177 6.492378052847973 215
1740009403200 5.779990870775206 216
1740009403222 5.055530022794108 217
1740009403249 5.603629035755672 218
1740009403272 6.00368384725339 219
1740009403295 5.265556543247685 220
1740009403317 5.444478617415385 221
1740009403341 5.332990684308349 222
1740009403364 5.100358499400289 223
1740009403387 5.0641101889079705 224
1740009403409 5.2865730710258285 225
1740009403433 4.379025338589749 226
1740009403458 4.804798921451408 227
1740009403482 4.951332095545742 228
1740009403507 4.477130431518008 229
1740009403530 4.808169147711929 230
1740009403555 4.342286211788849 231
1740009403577 4.604907206521985 232
1740009403602 4.43215184737303 233
1740009403704 4.197044984512794 234
1740009403729 4.296396146972727 235
1740009403752 4.850085955365099 236
1740009403775 4.506701844214323 237
1740009403801 3.976186490525946 238
1740009403825 3.7443706093884606 239
1740009403848 4.349778083496605 240
1740009403871 4.227571340478162 241
1740009403896 4.054288907499871 242
1740009403922 4.173360290504642 243
1740009403945 4.116371567230395 244
1740009403968 4.062794502290039 245
1740009403991 3.9033771248638334 246
1740009404014 3.9582433479182066 247
1740009404038 3.4934770899013903 248
1740009404062 3.6523763295325073 249
1740009404086 3.3620624594219892 250
1740009404112 3.6545471853161753 251
1740009404134 3.406648860047788 252
1740009404157 3.914033227719753 253
1740009404180 3.5551206264556803 254
1740009404206 3.595535371427135 255
1740009404234 3.4135208132952672 256
1740009404257 3.0769652022666953 257
1740009404281 3.3015978286858196 258
1740009404305 3.3539588819699606 259
1740009404329 3.351035152269069 260
1740009404354 3.0501629041221854 261
1740009404377 3.1883147244132037 262
1740009404401 3.450938075713228 263
1740009404425 3.186172755280806 264
1740009404448 3.0955610942518037 265
1740009404474 3.315189185314456 266
1740009404498 3.264519199331925 267
1740009404523 2.7955808767886117 268
1740009404546 3.1050429947251854 269
1740009404571 2.976601378943081 270
1740009404604 2.799008341743191 271
1740009404626 2.970389155876787 272
1740009404649 2.6157664021271976 273
1740009404678 2.556992595540679 274
1740009404710 2.928714396884758 275
1740009404738 2.8404018755086367 276
1740009404761 2.932181479093096 277
1740009404785 2.861927430097217 278
1740009404812 2.6277296642881836 279
1740009404839 2.7633045880424794 280
1740009404863 2.495079615726224 281
1740009404886 2.38423784101294 282
1740009404910 2.593044757893378 283
1740009404938 2.4913088695024923 284
1740009404963 2.5787365419615123 285
1740009404990 2.3923337485951297 286
1740009405018 2.3437815027735978 287
1740009405043 2.3692286060645973 288
1740009405069 2.307562525278058 289
1740009405093 2.741424651763641 290
1740009405121 2.5179264454894903 291
1740009405144 2.43479611584307 292
1740009405168 2.3211738738635845 293
1740009405191 2.1338462660619433 294
1740009405215 2.2227219545956607 295
1740009405238 2.244001748283576 296
1740009405270 2.0535896533579137 297
1740009405299 2.2913437710826194 298
1740009405323 2.1593800662365616 299
1740009405350 2.028932465979776 300
1740009405373 2.118629914827485 301
1740009405397 2.143520246568891 302
1740009405422 2.173394771756264 303
1740009405447 2.158951877372687 304
1740009405469 2.052286896791009 305
1740009405492 2.0987462769592944 306
1740009405516 2.070367648849529 307
1740009405540 1.9076383994782282 308
1740009405564 2.038967039678673 309
1740009405587 2.1849280501553676 310
1740009405611 1.677653779547638 311
1740009405641 1.9946849088460903 312
1740009405664 1.9096212564656836 313
1740009405686 1.8266730763939323 314
1740009405710 1.9232440214187865 315
1740009405734 1.8641192065528736 316
1740009405756 1.8834932235017166 317
1740009405779 1.8764983437191405 318
1740009405802 1.9003717885079912 319
1740009405828 2.021735188760002 320
1740009405851 1.8679373250350773 321
1740009405875 1.6079144061445059 322
1740009405899 1.8567391381917924 323
1740009405923 1.7288039166707188 324
1740009405945 1.630290703097066 325
1740009405968 1.6536940043183177 326
1740009405991 1.687349137777517 327
1740009406015 1.6725588288073427 328
1740009406039 1.4515285952269055 329
1740009406064 1.5414413972830816 330
1740009406090 1.6661241957221087 331
1740009406184 1.5257977365453246 332
1740009406212 1.4172195934566616 333
1740009406236 1.5738433644422327 334
1740009406264 1.3398526334143968 335
1740009406289 1.605133481795708 336
1740009406312 1.8990963930672333 337
1740009406338 1.6848354907638405 338
1740009406362 1.5506073753787868 339
1740009406384 1.9571277548576802 340
1740009406410 1.4240157921342649 341
1740009406433 1.416537612456132 342
1740009406456 1.468061626633264 343
1740009406479 1.5034422321116432 344
1740009406504 1.6446188590023882 345
1740009406528 1.5220029373650314 346
1740009406552 1.4006690112173419 347
1740009406575 1.4177191482939302 348
1740009406602 1.235225259854098 349
1740009406625 1.557865927698929 350
1740009406647 1.3354476103460262 351
1740009406670 1.3558621179494421 352
1740009406693 1.4500023246788216 353
1740009406717 1.3994645876199734 354
1740009406741 1.2089421502520443 355
1740009406763 1.3701425064853305 356
1740009406788 1.1087940152556588 357
1740009406812 1.347261145471141 358
1740009406835 1.2295942765287868 359
1740009406858 1.3802783579118436 360
1740009406881 1.202165600429123 361
1740009406905 1.373019200882127 362
1740009406930 1.3639149960010093 363
1740009406953 1.3186151879531764 364
1740009406976 1.2690475357617423 365
1740009407003 1.0486914186046632 366
1740009407026 1.2717050435528976 367
1740009407048 1.1366514889030905 368
1740009407073 1.4011386335113778 369
1740009407096 1.191720757665377 370
1740009407119 1.2360429673407283 371
1740009407141 1.1259779646697163 372
1740009407164 1.0219740130430437 373
1740009407189 1.184402808748083 374
1740009407213 1.1868485243567457 375
1740009407236 1.118428039338206 376
1740009407259 1.2036383586701649 377
1740009407283 1.4185301466393414 378
1740009407307 1.1613136245557394 379
1740009407329 1.186184237725734 380
1740009407351 1.21222177916667 381
1740009407374 1.1936465788204533 382
1740009407398 1.147416909545026 383
1740009407422 1.0851237542223195 384
1740009407445 1.2042498343120795 385
1740009407468 1.0703239875735948 386
1740009407497 0.9366140279861546 387
1740009407520 0.9621604777297594 388
1740009407544 1.2187016980438068 389
1740009407567 1.0909367012437607 390
1740009407592 1.0621886394640434 391
1740009407617 0.9386203303144083 392
1740009407643 0.973704064750551 393
1740009407674 1.0450891446970414 394
1740009407702 1.0415309906061876 395
1740009407727 1.1137627227597526 396
1740009407749 0.8780417594861788 397
1740009407773 0.9732877831892651 398
1740009407799 1.1067691695037734 399
1740009407823 1.1392859828856412 400
1740009407846 0.9662235367398276 401
1740009407869 0.9899846933261941 402
1740009407892 1.034825084878626 403
1740009407915 1.0462679293835626 404
1740009407937 0.8373286340407328 405
1740009407962 1.099858309015297 406
1740009407985 0.8489821775699091 407
1740009408013 1.0438392023081065 408
1740009408036 1.013284569642142 409
1740009408059 0.9925388088085327 410
1740009408084 0.9103298882151412 411
1740009408108 1.0256074943508686 412
1740009408130 0.8866078064889151 413
1740009408153 1.0360091422873632 414
1740009408177 1.1080419134174915 415
1740009408200 1.0089225080053081 416
1740009408223 0.8966383365372672 417
1740009408246 0.9329620200578537 418
1740009408269 1.1823745987393783 419
1740009408296 0.9711383620410665 420
1740009408323 0.8807836888140664 421
1740009408345 1.020229251268418 422
1740009408368 0.9947694049823085 423
1740009408391 1.090717832358866 424
1740009408416 0.8479291070955395 425
1740009408439 0.7743391075879297 426
1740009408463 1.031445518787943 427
1740009408487 0.7586937806596366 428
1740009408511 0.9405245998579883 429
1740009408534 0.8553724444682612 430
1740009408557 0.9757777638595224 431
1740009408580 0.9304739427611682 432
1740009408605 0.8292734778770575 433
1740009408629 0.7422177550402124 434
1740009408652 0.9083686772775555 435
1740009408675 0.981992471126956 436
1740009408702 0.721846365988496 437
1740009408724 0.7359736656707987 438
1740009408747 0.9698380523529602 439
1740009408771 0.8270767446012107 440
1740009408795 0.8367268316871729 441
1740009408819 0.8798561967724161 442
1740009408842 0.983991056159218 443
1740009408864 0.7412013469855392 444
1740009408889 0.903941516334557 445
1740009408912 0.752401683222945 446
1740009408935 0.7669577696061032 447
1740009408957 0.8005827555842634 448
1740009408982 0.7526543742594095 449
1740009409006 0.9084409897021749 450
1740009409030 0.9301376420609003 451
1740009409052 0.8699993097749456 452
1740009409081 0.7281132602812386 453
1740009409107 0.7740120552356343 454
1740009409129 0.8160259703710835 455
1740009409152 0.7841631371383682 456
1740009409175 0.7451823282729614 457
1740009409199 0.8726169772370969 458
1740009409221 0.939976519858274 459
1740009409244 0.7731199372181796 460
1740009409266 0.8891064638942756 461
1740009409295 0.7318423467100996 462
1740009409317 0.6209343193115358 463
1740009409339 0.888181763520856 464
1740009409362 0.5978984820825831 465
1740009409387 0.8032355944501279 466
1740009409410 0.6967309061411968 467
1740009409432 0.7906017078767978 468
1740009409455 0.7405440430844064 469
1740009409480 0.928161763920647 470
1740009409504 0.7778358965096042 471
1740009409527 0.8460483569088375 472
1740009409551 0.5340116428772023 473
1740009409576 0.8543078370730621 474
1740009409600 0.732480960916851 475
1740009409623 0.861181727292871 476
1740009409646 0.890302285389618 477
1740009409669 0.8736119142386031 478
1740009409694 0.7870844601585492 479
1740009409716 0.7059466776509111 480
1740009409738 0.860387162011806 481
1740009409761 0.7541496030122016 482
1740009409786 0.8347894529480034 483
1740009409809 0.6046973996315339 484
1740009409832 0.6105773854804326 485
1740009409855 0.8987039531557808 486
1740009409879 0.5920671730988807 487
1740009409901 0.6659064680552452 488
1740009409923 0.8027965721700685 489
1740009409946 0.800683627269058 490
1740009409972 0.7566284968748391 491
1740009409996 0.7475074196007878 492
1740009410019 0.8059964271292526 493
1740009410045 0.7026694276990979 494
1740009410071 0.680638796747246 495
1740009410095 0.6619708984518037 496
1740009410119 0.6690389351182595 497
1740009410142 0.7286385875798759 498
1740009410167 0.8031798566114342 499
