1740004491366 0.03698764899881688 0
1740004491458 0.05722667990021347 1
1740004491544 0.0004837023285092096 2
1740004491630 0.007329334299205824 3
1740004491722 0.006667862100697665 4
1740004491807 0.03849962716520468 5
1740004491894 0.1222503751501281 6
1740004491980 0.5991697848789427 7
1740004492064 0.10639420870601511 8
1740004492149 0.013679452905829673 9
1740004492236 0.4079831674357676 10
1740004492323 0.5950044859689095 11
1740004492412 0.6509746975498971 12
1740004492496 0.18399803612433496 13
1740004492583 0.014217725664444188 14
1740004492671 0.03379566766451801 15
1740004492757 0.043826561188692055 16
1740004492847 0.12440734820763703 17
1740004492939 0.009996179278016278 18
1740004493024 0.43319356671801573 19
1740004493108 0.24635947756289056 20
1740004493193 0.0021539634116158096 21
1740004493279 0.021471627806853594 22
1740004493472 0.09315123349009909 23
1740004493557 0.027569412217729815 24
1740004493644 0.027741497512598943 25
1740004493730 0.05302071042924471 26
1740004493817 0.04781465734160246 27
1740004493909 1.0018690189467871 28
1740004493994 0.005919673276360701 29
1740004494079 0.6431134736450914 30
1740004494167 0.17955453241474664 31
1740004494255 0.30554204230249954 32
1740004494341 0.004822602640891408 33
1740004494432 0.060266179589083986 34
1740004494519 0.8520279783917957 35
1740004494606 0.030726313052674113 36
1740004494691 0.3913849272458169 37
1740004494775 0.6862737928626048 38
1740004494866 0.016093939541329573 39
1740004494952 0.31767579430223514 40
1740004495037 0.6551866143771924 41
1740004495122 0.037661636620149194 42
1740004495207 0.01004105767993956 43
1740004495290 0.6455635792559303 44
1740004495375 0.19753852132815472 45
1740004495461 0.028712630797406005 46
1740004495547 0.1903069501024389 47
1740004495633 0.0383053922799759 48
1740004495716 0.275405760388219 49
1740004495803 0.01011105654340818 50
1740004495893 0.14645728393129523 51
1740004495977 0.004480420909620408 52
1740004496063 0.00024546379285459076 53
1740004496146 0.05372852454628625 54
1740004496233 0.0006977548124260747 55
1740004496321 0.5832342791641181 56
1740004496412 0.0008076549999186273 57
1740004496502 0.24448964971919063 58
1740004496588 0.1725247504215945 59
1740004496673 0.15320254062686228 60
1740004496758 0.1579647557682677 61
1740004496849 0.3100611189633509 62
1740004496937 0.018634608341830488 63
1740004497022 0.13346727672819403 64
1740004497108 0.00240955598454086 65
1740004497194 0.9598879769295904 66
1740004497280 0.38704836823643707 67
1740004497366 0.04103116504219549 68
1740004497449 0.3036693568186384 69
1740004497537 0.0612324206663463 70
1740004497625 0.8420892452681099 71
1740004497714 0.002342856998977844 72
1740004497800 0.18922295650216803 73
1740004497900 0.06130596675888406 74
1740004497991 0.13930523098381004 75
1740004498075 0.37973265189318267 76
1740004498158 0.04619990856061389 77
1740004498245 0.1847145372897843 78
1740004498332 0.03649966964787295 79
1740004498418 0.009387393143584105 80
1740004498511 0.1801348295924242 81
1740004498597 0.10513103524142806 82
1740004498688 0.0052375871215392805 83
1740004498775 0.34815659501954077 84
1740004498875 0.009016829056801158 85
1740004498968 0.005821645156816204 86
1740004499054 0.0025564041739687083 87
1740004499139 0.11682419796747084 88
1740004499225 0.09089225956162938 89
1740004499312 0.28300567199726495 90
1740004499400 0.027045131058539465 91
1740004499484 0.004072518817366558 92
1740004499571 0.06472021514803845 93
1740004499655 0.12174674330072924 94
1740004499739 0.007753095024801297 95
1740004499822 0.0643873355758826 96
1740004499912 0.5623101701597407 97
1740004499997 0.0018367353578508552 98
1740004500080 0.12618004188126353 99
1740004500175 0.11066329402397604 100
1740004500309 0.019682647102273514 101
1740004500433 0.029732607087680725 102
1740004500531 0.04185787600621179 103
1740004500615 0.10636867548478803 104
1740004500699 0.03340013847112434 105
1740004500791 0.03280661628305863 106
1740004500901 0.6653262353006922 107
1740004500998 0.00026416396680524907 108
1740004501085 0.11900350360198135 109
1740004501170 0.05767480119701125 110
1740004501260 0.2674205371571063 111
1740004501346 0.02877518704055076 112
1740004501429 0.23611939970677287 113
1740004501514 0.0011522172709623796 114
1740004501605 0.32658509543912845 115
1740004501694 0.2168847001749068 116
1740004501783 0.1522427478791019 117
1740004501871 0.019046055752423793 118
1740004501954 0.22147601011040946 119
1740004502038 0.17935681919623986 120
1740004502127 0.1612695250166292 121
1740004502212 0.16311648060898346 122
1740004502295 0.1300277192408051 123
1740004502380 0.15857025490492355 124
1740004502466 0.21470020310166973 125
1740004502557 0.4157132045223097 126
1740004502645 0.02990628201771208 127
1740004502728 0.11675675563481985 128
1740004502812 0.0035554875787830657 129
1740004502951 0.0005160086308095964 130
1740004503042 0.05481635869420744 131
1740004503133 0.26176970767848873 132
1740004503221 0.7673430734552315 133
1740004503307 0.014900868585497036 134
1740004503398 0.46191628459706674 135
1740004503483 0.34252836158853517 136
1740004503567 0.006175716568407075 137
1740004503651 0.12126336457263327 138
1740004503735 0.12959697085845065 139
1740004503821 0.06288124198366929 140
1740004503908 0.1100665378374876 141
1740004503993 0.022199590420509854 142
1740004504077 0.004442893794499448 143
1740004504164 0.0005915139498369148 144
1740004504250 0.04181167501110807 145
1740004504338 0.037488434274632394 146
1740004504422 0.6003849476412242 147
1740004504507 0.027075811757142836 148
1740004504596 0.038395938970025446 149
1740004504686 0.08833377471857874 150
1740004504771 0.33690904433338725 151
1740004504862 0.06818619640522397 152
1740004504971 0.07494772175657875 153
1740004505057 0.1296335017568784 154
1740004505144 0.11811835870442848 155
1740004505233 0.03582753940038642 156
1740004505319 0.0037684569868569125 157
1740004505406 0.15861078177183743 158
1740004505490 0.0574004814871872 159
1740004505573 0.012975533700902297 160
1740004505659 0.15404288812057773 161
1740004505744 0.03801631929983841 162
1740004505830 0.027822415778918648 163
1740004505915 0.0817435398306783 164
1740004506000 0.1387881515398188 165
1740004506084 0.4858603408582 166
1740004506170 0.011831393510435925 167
1740004506256 0.12835787685232186 168
1740004506340 0.0014911906965084682 169
1740004506428 0.4389502065238968 170
1740004506511 0.005877237832727264 171
1740004506595 0.026322213125315862 172
1740004506686 0.035220523281417435 173
1740004506770 0.032622428704976156 174
1740004506886 0.01332380852204514 175
1740004506990 0.20466107451874432 176
1740004507085 0.11505780740940165 177
1740004507183 0.03280554701471463 178
1740004507288 0.08919329543013234 179
1740004507382 0.04805463348655683 180
1740004507477 0.005201185526475131 181
1740004507580 0.03303988540336472 182
1740004507680 0.19460142404238584 183
1740004507775 0.0774308059647792 184
1740004507876 0.006237920522216582 185
1740004507978 0.1867293590205671 186
1740004508077 0.013537827372513108 187
1740004508178 0.2830333259342703 188
1740004508282 1.4801210812088733e-09 189
1740004508383 0.21782722459246726 190
1740004508481 0.04605704055373973 191
1740004508584 0.08830042439223305 192
1740004508688 0.5496085238995712 193
1740004508783 0.009180093762452147 194
1740004508882 0.010729517137951436 195
1740004508990 0.030340950660464973 196
1740004509087 0.02033207350309818 197
1740004509177 0.37080460422285183 198
1740004509268 0.030141856810545643 199
1740004509365 0.11197065967388434 200
1740004509456 0.5541479265307365 201
1740004509554 0.12795064746752022 202
1740004509652 0.24427920611856643 203
1740004509743 0.026011986895636212 204
1740004509834 0.13055831746671248 205
1740004509933 0.008268723982913078 206
1740004510022 0.0009860846110164333 207
1740004510113 0.24828030505750262 208
1740004510213 0.0005248782987989616 209
1740004510302 4.417457885978837e-06 210
1740004510397 0.0005794555192164016 211
1740004510490 0.0943271740801077 212
1740004510581 0.2791385017180138 213
1740004510673 0.08514787163591489 214
1740004510768 0.00035082623307842396 215
1740004510864 0.03237649258709153 216
1740004511029 0.06953364157520794 217
1740004511120 0.20032109437172388 218
1740004511211 0.008792695335902224 219
1740004511304 0.041199096079281766 220
1740004511397 0.06453751652204216 221
1740004511491 0.5479117739426029 222
1740004511580 0.1199681514717147 223
1740004511671 0.14806830654347974 224
1740004511762 0.07125348450727209 225
1740004511855 0.242797206688889 226
1740004511949 0.39270763656917784 227
1740004512039 0.2633547265172064 228
1740004512133 0.014194446274236829 229
1740004512223 0.13173189129923796 230
1740004512316 0.034868166892019936 231
1740004512406 0.17541239673309209 232
1740004512503 0.023789234573852607 233
1740004512595 0.00029427854769661053 234
1740004512689 0.03311982458007299 235
1740004512782 8.797231055149557e-05 236
1740004512874 0.028850242679790233 237
1740004512967 0.0017276957579833376 238
1740004513065 0.166841770150782 239
1740004513155 0.5724412429192033 240
1740004513247 0.002282338476445871 241
1740004513340 0.024045437870986727 242
1740004513433 0.023967443592360967 243
1740004513535 0.10716549375688403 244
1740004513625 0.00548249603697324 245
1740004513718 0.01752924635727233 246
1740004513808 0.0015655766699326696 247
1740004513899 0.02011263806615465 248
1740004513992 0.3150651896968128 249
1740004514087 0.3934389262968686 250
1740004514178 0.017204827352729348 251
1740004514269 0.02100279972984535 252
1740004514362 0.17700439554543182 253
1740004514455 0.0014833878505423714 254
1740004514548 0.038258187513718636 255
1740004514643 0.006120789316870746 256
1740004514731 0.11662669132376902 257
1740004514829 0.02095840138456259 258
1740004514918 0.3724731051841482 259
1740004515009 0.12351994286050394 260
1740004515099 0.07310751477699375 261
1740004515190 0.5148892616060858 262
1740004515283 0.9801161627146184 263
1740004515375 0.00439843228296718 264
1740004515465 0.02794474625585553 265
1740004515557 0.03075712226554842 266
1740004515652 0.008087282247150274 267
1740004515743 0.0029945821704806066 268
1740004515839 0.15892249513177392 269
1740004515933 0.1835915076298357 270
1740004516025 0.07018385771278349 271
1740004516119 0.09945229332310625 272
1740004516213 0.48861223855423325 273
1740004516319 0.0024455589655211474 274
1740004516430 0.017055089144449646 275
1740004516526 0.002034946082525694 276
1740004516626 0.047515731223934744 277
1740004516733 0.0006343155662835081 278
1740004516836 0.5025373641532204 279
1740004516935 2.0196787986563252e-05 280
1740004517042 0.0654457759067425 281
1740004517138 0.021438926210532765 282
1740004517228 0.06424054430143897 283
1740004517325 0.0801588928790725 284
1740004517416 0.024248901817790495 285
1740004517505 0.13735569880905651 286
1740004517600 0.16972065331224195 287
1740004517694 0.01577529931861921 288
1740004517791 7.299981528622236e-05 289
1740004517882 0.1077776475157798 290
1740004517973 0.4076600913810184 291
1740004518068 0.09162821568503064 292
1740004518161 0.07526870266416201 293
1740004518252 0.17455223888357194 294
1740004518386 0.3641039529569857 295
1740004518550 0.018092029835112336 296
1740004518639 0.3265384697937397 297
1740004518726 0.06264269827597095 298
1740004518811 0.0002796205448273651 299
1740004518909 0.006307810439115213 300
1740004518996 0.17583897466984616 301
1740004519095 0.11534842527277599 302
1740004519181 0.37865469865581325 303
1740004519266 0.2861265171749169 304
1740004519352 0.05009375929232716 305
1740004519437 0.021600276325211963 306
1740004519524 0.0035995874433571557 307
1740004519610 0.011179851118203191 308
1740004519693 0.048524168627531394 309
1740004519781 0.43778490841202466 310
1740004519870 0.11824563381047688 311
1740004519956 0.11574068486626454 312
1740004520042 0.006578718230901184 313
1740004520130 0.0973287341478036 314
1740004520217 0.06645109540924592 315
1740004520303 0.04012653665246297 316
1740004520390 0.0038392326055781646 317
1740004520483 0.13785119762161444 318
1740004520571 0.03573706702414278 319
1740004520658 0.3934522198933394 320
1740004520743 0.6309691576829041 321
1740004520832 0.043581875731216385 322
1740004520924 0.16451409438706188 323
1740004521010 0.004273808247837051 324
1740004521098 0.11757620927196889 325
1740004521181 0.11833553984406912 326
1740004521267 0.7546809540257984 327
1740004521359 0.0632407907552353 328
1740004521443 0.13284156968570907 329
1740004521526 0.1294193851227989 330
1740004521612 0.16322131369172047 331
1740004521698 0.12986916311327776 332
1740004521781 0.6000256923696021 333
1740004521873 0.046554322992065 334
1740004521981 0.164982088991061 335
1740004522066 0.21290187773674368 336
1740004522204 0.36567297550672534 337
1740004522288 0.3707766610429666 338
1740004522376 0.1510634998475734 339
1740004522462 0.0114236914894466 340
1740004522546 0.028866073438772843 341
1740004522634 0.004132885245424151 342
1740004522722 0.030036004556797048 343
1740004522807 0.022698339558183348 344
1740004522894 0.3092084082862271 345
1740004522983 0.13510035407971765 346
1740004523068 0.001481848082990943 347
1740004523154 1.3216196624164455e-05 348
1740004523238 0.0001375797051743974 349
1740004523328 0.06748201146830325 350
1740004523414 0.015414645113779525 351
1740004523499 0.11966153451984816 352
1740004523585 0.0022583749716754936 353
1740004523669 0.19745827003262467 354
1740004523753 0.13192546008979333 355
1740004523841 0.02980750659180425 356
1740004523931 0.033547961736443234 357
1740004524017 0.6257792360443039 358
1740004524102 0.07881059005006993 359
1740004524186 0.021717311360248334 360
1740004524272 0.9778855638530294 361
1740004524357 0.048911572759654194 362
1740004524442 0.056890098299773255 363
1740004524528 0.0005012431813989355 364
1740004524615 0.0206487754163179 365
1740004524699 0.016238918440333202 366
1740004524783 0.06571578202407244 367
1740004524872 0.2810361896989254 368
1740004524966 0.0026303726976288195 369
1740004525050 0.11893949407642165 370
1740004525134 0.0038209259804729877 371
1740004525218 0.005053763757952567 372
1740004525307 0.28109597412977566 373
1740004525400 0.15686113316575878 374
1740004525488 0.4680517196560826 375
1740004525575 0.013185509273804212 376
1740004525666 0.02147149738620259 377
1740004525752 0.009429329046184935 378
1740004525842 0.5892322151386464 379
1740004525934 0.18177197485037208 380
1740004526020 0.1234311367726503 381
1740004526109 0.02052508299923316 382
1740004526197 0.20490051766937653 383
1740004526282 0.028199794549626584 384
1740004526368 0.16676884828640448 385
1740004526456 0.04007983398687592 386
1740004526596 0.08822572702259752 387
1740004526682 0.012945346348159444 388
1740004526767 0.30512900266563114 389
1740004526857 0.04749336513317921 390
1740004526943 0.06683090072134798 391
1740004527034 0.009250237427874244 392
1740004527121 0.17169479257987272 393
1740004527209 0.1875239372789131 394
1740004527300 0.2852757126968957 395
1740004527384 0.048966789692455936 396
1740004527468 0.02605453670694953 397
1740004527554 0.6688576803628702 398
1740004527640 0.0280746085083224 399
1740004527729 0.013563015457864692 400
1740004527814 0.028648698593636578 401
1740004527904 0.10911120399805538 402
1740004527987 0.3442949572882891 403
1740004528072 0.05559879734336488 404
1740004528159 0.31611495298267595 405
1740004528243 0.22433199016206198 406
1740004528329 0.030275386978745468 407
1740004528415 0.0005823906027498476 408
1740004528500 0.6096380512921249 409
1740004528586 0.2147825352115685 410
1740004528673 0.3846466995099812 411
1740004528755 0.002354673016786943 412
1740004528842 0.03762098022232035 413
1740004528930 8.047911711552568e-05 414
1740004529015 0.474198957872135 415
1740004529109 0.0019958369846592634 416
1740004529212 0.03815204391863689 417
1740004529299 0.08804387478922664 418
1740004529386 0.22324348521565557 419
1740004529472 0.38889445414322704 420
1740004529558 0.47426292126147623 421
1740004529643 0.05627953305618545 422
1740004529727 0.048571496991628695 423
1740004529813 0.49111466740713966 424
1740004529904 0.045635999732028275 425
1740004529988 0.12459634872896139 426
1740004530071 0.2155903620061885 427
1740004530157 0.0007441584996056828 428
1740004530246 0.031701264967157715 429
1740004530330 0.023103250614503697 430
1740004530416 0.04179026533988539 431
1740004530501 0.08992936944625847 432
1740004530587 0.09020243111869247 433
1740004530673 0.3860964590183324 434
1740004530759 0.084904301348847 435
1740004530849 0.004809378025697391 436
1740004530942 0.39110613313954157 437
1740004531033 0.0722385312685527 438
1740004531123 0.18412458458007458 439
1740004531213 0.031165091514790348 440
1740004531303 0.008092194690384611 441
1740004531389 0.3657556170606322 442
1740004531474 0.03573339604837129 443
1740004531561 0.006010330864859372 444
1740004531650 0.03604979138026231 445
1740004531735 0.6392472664812848 446
1740004531819 0.044118450633085345 447
1740004531910 0.020754897205989702 448
1740004531994 0.00015337963057705922 449
1740004532079 4.997887719804996e-05 450
1740004532165 0.11459917148937379 451
1740004532251 0.007509789237769816 452
1740004532337 0.5866470825631039 453
1740004532424 0.02250685540840601 454
1740004532510 0.1440531791223554 455
1740004532596 0.5279874240536926 456
1740004532683 0.027341623283570347 457
1740004532769 0.005340401256969091 458
1740004532859 0.7840617765384613 459
1740004532973 0.006684751913033022 460
1740004533058 0.040803934028204814 461
1740004533147 0.009706985180153388 462
1740004533231 0.16372468108858307 463
1740004533319 0.023602525344991156 464
1740004533405 0.03542582514545759 465
1740004533489 0.022111704061286135 466
1740004533576 5.033849169304392e-05 467
1740004533663 0.8194437484591588 468
1740004533749 0.03327318538174111 469
1740004533834 0.4051521106704714 470
1740004533921 0.17663249759824168 471
1740004534005 0.047227984256561495 472
1740004534089 0.5460744647930152 473
1740004534173 0.022111316091172097 474
1740004534256 0.093845504082669 475
1740004534344 0.0030390487972487266 476
1740004534432 0.019075860687929904 477
1740004534515 2.0031294459355834e-06 478
1740004534599 0.11922207129672695 479
1740004534684 0.15762759420638056 480
1740004534769 0.6985063433563315 481
1740004534856 0.01848172333379869 482
1740004534941 0.3057686490712997 483
1740004535024 0.7832277557997231 484
1740004535111 0.18456679366266246 485
1740004535201 0.4049798778241761 486
1740004535284 0.42441919546043394 487
1740004535371 0.1330436761384888 488
1740004535456 0.034070885815277466 489
1740004535539 0.036708283449975114 490
1740004535624 0.01512396516395399 491
1740004535711 0.043879429578219366 492
1740004535799 0.0901183896396013 493
1740004535888 0.08463993203903473 494
1740004535972 0.16557004007835335 495
1740004536056 0.6978189008614408 496
1740004536144 0.12244298832133606 497
1740004536230 0.20796607819442092 498
1740004536316 0.015997044885745684 499
