1740010315430 168.996543037322 0
1740010315453 165.75502066549677 1
1740010315477 164.13325329206907 2
1740010315501 162.51264127628366 3
1740010315525 160.90856322763102 4
1740010315550 159.32076746400352 5
1740010315573 157.74908695681333 6
1740010315603 156.19335597116145 7
1740010315626 154.6533339474787 8
1740010315649 153.1290514276115 9
1740010315671 151.62019178357968 10
1740010315693 150.1266361295371 11
1740010315716 148.6482267123139 12
1740010315742 147.18480783698368 13
1740010315764 145.73622541681743 14
1740010315790 144.30232696035335 15
1740010315811 142.88288802285996 16
1740010315835 141.47794450243828 17
1740010315857 140.08719877704033 18
1740010315879 138.7105430695957 19
1740010315900 137.34783221157147 20
1740010315922 135.99892294449964 21
1740010315944 134.66367348902963 22
1740010315966 133.34187254544665 23
1740010315988 132.03356007250312 24
1740010316010 130.7384540449918 25
1740010316032 129.45645561624082 26
1740010316053 128.18742979942874 27
1740010316077 126.93124339736598 28
1740010316098 125.68776458757542 29
1740010316120 124.45679427828551 30
1740010316142 123.23837622763611 31
1740010316166 122.03224288837862 32
1740010316191 120.8383037190578 33
1740010316219 119.6564331969266 34
1740010316241 118.48650747678629 35
1740010316263 117.32833737160907 36
1740010316285 116.18196935930125 37
1740010316306 115.0471477483707 38
1740010316329 113.9237885817679 39
1740010316351 112.81177391661576 40
1740010316372 111.71098739726305 41
1740010316395 110.62124913300039 42
1740010316418 109.54260817325967 43
1740010316441 108.47481994933234 44
1740010316467 107.4178066917247 45
1740010316495 106.37145757727157 46
1740010316522 105.33566328509907 47
1740010316545 104.31025264823563 48
1740010316568 103.29527715134923 49
1740010316590 102.29050265776814 50
1740010316613 101.29585721347198 51
1740010316637 100.31123668284489 52
1740010316658 99.33647692014283 53
1740010316681 98.37163093742258 54
1740010316702 97.41647311979703 55
1740010316724 96.47093600879396 56
1740010316747 95.53492073119371 57
1740010316770 94.60826979863378 58
1740010316792 93.69103768217005 59
1740010316815 92.78300684832999 60
1740010316837 91.8841141072044 61
1740010316859 90.99426558048273 62
1740010316884 90.11331009426117 63
1740010316906 89.24130351525277 64
1740010316929 88.37803597218439 65
1740010316951 87.52344832862696 66
1740010316973 86.6774514473202 67
1740010316996 85.83990014278531 68
1740010317019 85.01085161876698 69
1740010317042 84.1901032671309 70
1740010317063 83.37759980111939 71
1740010317092 82.57325658359682 72
1740010317173 81.77693410754033 73
1740010317228 80.98869085948182 74
1740010317258 80.20833111456773 75
1740010317283 79.43580324258257 76
1740010317307 78.67097195168077 77
1740010317329 77.9138962325056 78
1740010317352 77.16438599960944 79
1740010317374 76.42239231555962 80
1740010317396 75.68783807574155 81
1740010317419 74.96059344966064 82
1740010317441 74.24071863570254 83
1740010317462 73.52802978118062 84
1740010317485 72.82248128584011 85
1740010317507 72.12394714545837 86
1740010317530 71.43248800895677 87
1740010317553 70.74792516515365 88
1740010317575 70.07021546320622 89
1740010317598 69.3992368566701 90
1740010317620 68.73505042809045 91
1740010317642 68.07748239471513 92
1740010317664 67.42649195572267 93
1740010317687 66.78196085885678 94
1740010317709 66.14395060730862 95
1740010317732 65.51229214182582 96
1740010317754 64.88694691643462 97
1740010317777 64.26780031591639 98
1740010317798 63.65491425231951 99
1740010317820 63.04812419282175 100
1740010317842 62.44739375516026 101
1740010317864 61.852611810192236 102
1740010317886 61.26384066814161 103
1740010317908 60.68092013311128 104
1740010317930 60.10381589927637 105
1740010317952 59.5324201785558 106
1740010317974 58.96679566969745 107
1740010317996 58.40678633150379 108
1740010318018 57.85235985101452 109
1740010318040 57.303411641911445 110
1740010318063 56.760004782772036 111
1740010318087 56.22198721187877 112
1740010318109 55.68932852910326 113
1740010318131 55.16192721608455 114
1740010318153 54.63984672342369 115
1740010318175 54.12293880040585 116
1740010318197 53.6111748830916 117
1740010318219 53.10445639255027 118
1740010318248 52.60284714442425 119
1740010318272 52.10620253701274 120
1740010318294 51.61445054759849 121
1740010318316 51.12765439954591 122
1740010318339 50.645672621607545 123
1740010318365 50.16847956273953 124
1740010318398 49.695981732111136 125
1740010318436 49.22824297238946 126
1740010318473 48.76512517815028 127
1740010318510 48.30660434326357 128
1740010318546 47.85258958248375 129
1740010318582 47.40314510303416 130
1740010318619 46.958136022464224 131
1740010318655 46.517496674173586 132
1740010318686 46.08129068587851 133
1740010318718 45.64938599668064 134
1740010318743 45.22176119795778 135
1740010318766 44.79832993958816 136
1740010318788 44.37915645827557 137
1740010318810 43.96411166116118 138
1740010318833 43.553133598456576 139
1740010318854 43.14628594068438 140
1740010318876 42.7434422331845 141
1740010318898 42.34458348495138 142
1740010318919 41.94962755571763 143
1740010318943 41.558638725797394 144
1740010318971 41.17149327243566 145
1740010318996 40.788132697400634 146
1740010319020 40.4086207283273 147
1740010319046 40.032836109389415 148
1740010319073 39.66072181027805 149
1740010319099 39.29234124154019 150
1740010319127 38.92757553703653 151
1740010319154 38.56640880226767 152
1740010319181 38.20876452492473 153
1740010319205 37.854706736734336 154
1740010319234 37.504118985885256 155
1740010319258 37.15694734332544 156
1740010319282 36.81325531428515 157
1740010319305 36.47292868350165 158
1740010319327 36.135914847196325 159
1740010319350 35.802277009809956 160
1740010319372 35.47190312208571 161
1740010319393 35.14478008514325 162
1740010319414 34.820836446202584 163
1740010319445 34.50013604359419 164
1740010319471 34.182568954195155 165
1740010319493 33.86808535912681 166
1740010319515 33.55674859580608 167
1740010319537 33.24845076860924 168
1740010319560 32.9431432551146 169
1740010319582 32.6408891084128 170
1740010319603 32.34158239593219 171
1740010319625 32.04517565470487 172
1740010319647 31.75173166304715 173
1740010319669 31.46114639057765 174
1740010319691 31.1733734978728 175
1740010319714 30.888475497918897 176
1740010319737 30.60635020338755 177
1740010319761 30.326988341375863 178
1740010319783 30.050325690120264 179
1740010319804 29.776425429784283 180
1740010319827 29.505187083032755 181
1740010319856 29.236566647890232 182
1740010319882 28.970626852156027 183
1740010319907 28.707268944094817 184
1740010319931 28.446449935974584 185
1740010319954 28.188232305888622 186
1740010319978 27.932518972032717 187
1740010320000 27.679267929398474 188
1740010320024 27.428541415619186 189
1740010320046 27.180243966375155 190
1740010320074 26.93433452879283 191
1740010320096 26.690875109161876 192
1740010320118 26.449771809690446 193
1740010320139 26.210984499967424 194
1740010320161 25.974574963923597 195
1740010320183 25.740450820787043 196
1740010320204 25.508572833825838 197
1740010320226 25.279002573463202 198
1740010320248 25.051649127847895 199
1740010320277 24.826474126006634 200
1740010320300 24.60353893357151 201
1740010320323 24.38275406088242 202
1740010320347 24.164081975641263 203
1740010320370 23.94758384726918 204
1740010320395 23.73317156289958 205
1740010320417 23.520808402638266 206
1740010320438 23.31055534813821 207
1740010320460 23.102325619223755 208
1740010320484 22.896083282921325 209
1740010320506 22.691889141420305 210
1740010320527 22.489657704392602 211
1740010320549 22.28935380106661 212
1740010320571 22.091038062333674 213
1740010320593 21.894626246094308 214
1740010320614 21.700083919802125 215
1740010320636 21.507471551076307 216
1740010320657 21.316706105617634 217
1740010320682 21.127753865848014 218
1740010320705 20.94067514400035 219
1740010320727 20.755388074304882 220
1740010320749 20.571859631593348 221
1740010320772 20.39014998045792 222
1740010320794 20.210178385513196 223
1740010320816 20.031912492119943 224
1740010320837 19.855412324834706 225
1740010320859 19.68059824160579 226
1740010320883 19.50743853709977 227
1740010320906 19.335993103302208 228
1740010320927 19.16615318256308 229
1740010320948 18.99799376172601 230
1740010320971 18.83143744467615 231
1740010320993 18.6664537155933 232
1740010321014 18.50310145880058 233
1740010321036 18.341304422984262 234
1740010321057 18.181032683933783 235
1740010321087 18.022345027772324 236
1740010321113 17.86516615731661 237
1740010321151 17.70946672237498 238
1740010321173 17.555305417503224 239
1740010321196 17.402607867567394 240
1740010321219 17.251345278047538 241
1740010321241 17.10157625844318 242
1740010321263 16.953227324516853 243
1740010321286 16.806270219626157 244
1740010321310 16.660763474593583 245
1740010321332 16.516605864121278 246
1740010321354 16.373870189694596 247
1740010321376 16.232484897902086 248
1740010321402 16.09242274315895 249
1740010321424 15.953741336059789 250
1740010321445 15.816370070889851 251
1740010321467 15.680282190988896 252
1740010321490 15.545535259795098 253
1740010321511 15.412059443563168 254
1740010321532 15.279828459952157 255
1740010321554 15.148899830826313 256
1740010321576 15.01920446750934 257
1740010321601 14.890716546613382 258
1740010321623 14.763493553899565 259
1740010321644 14.637439654152292 260
1740010321665 14.512626009239534 261
1740010321687 14.388985234470534 262
1740010321715 14.266492391110923 263
1740010321739 14.145204113658615 264
1740010321762 14.02505382300029 265
1740010321784 13.906016996595532 266
1740010321808 13.788150261986699 267
1740010321829 13.6713876808234 268
1740010321851 13.555705134265374 269
1740010321875 13.441159247612 270
1740010321898 13.327658072867816 271
1740010321920 13.21527147461413 272
1740010321941 13.103935056345044 273
1740010321963 12.993625495372173 274
1740010321985 12.884398620528705 275
1740010322010 12.776190739081033 276
1740010322031 12.668978893611547 277
1740010322052 12.56281893791079 278
1740010322077 12.457647726131139 279
1740010322171 12.353442655105349 280
1740010322194 12.25025960758262 281
1740010322216 12.148010074504223 282
1740010322238 12.046762793405922 283
1740010322260 11.946456014407783 284
1740010322281 11.8470678512916 285
1740010322309 11.748653440788777 286
1740010322333 11.651151645165083 287
1740010322355 11.554540897904575 288
1740010322384 11.458876390049253 289
1740010322409 11.36407212208431 290
1740010322432 11.270195847405454 291
1740010322453 11.17718772208149 292
1740010322478 11.085026842935578 293
1740010322501 10.993767695960708 294
1740010322523 10.903350984961628 295
1740010322546 10.813756095614664 296
1740010322569 10.725037592058266 297
1740010322591 10.637111773455185 298
1740010322613 10.550045499189023 299
1740010322636 10.463780672204512 300
1740010322658 10.378297292044778 301
1740010322681 10.293649256309534 302
1740010322705 10.209778955982845 303
1740010322727 10.126666650994776 304
1740010322749 10.044366339482725 305
1740010322771 9.962796423725742 306
1740010322794 9.882022953538286 307
1740010322815 9.801989431352434 308
1740010322837 9.722676685315157 309
1740010322858 9.644138083184613 310
1740010322880 9.56631756011804 311
1740010322902 9.489196178384441 312
1740010322925 9.41282742729327 313
1740010322946 9.337131630926441 314
1740010322969 9.262174108574936 315
1740010322991 9.187899825630016 316
1740010323013 9.114290370458969 317
1740010323034 9.041398635906454 318
1740010323055 8.96914642823556 319
1740010323081 8.8975982827519 320
1740010323104 8.826700258651618 321
1740010323126 8.756434442976612 322
1740010323147 8.686853161776947 323
1740010323168 8.617902820643488 324
1740010323193 8.549565701282726 325
1740010323215 8.481894288244709 326
1740010323236 8.414812024661597 327
1740010323258 8.34838285103608 328
1740010323281 8.282554076786614 329
1740010323303 8.217308446420228 330
1740010323325 8.152697907660615 331
1740010323346 8.08867007136822 332
1740010323367 8.025207855518326 333
1740010323393 7.962363383727436 334
1740010323415 7.900061588536756 335
1740010323437 7.838365880853621 336
1740010323461 7.777224709434697 337
1740010323483 7.716621421069731 338
1740010323507 7.6566076305748325 339
1740010323529 7.59710949857429 340
1740010323550 7.53818977086887 341
1740010323572 7.47979779997318 342
1740010323596 7.4219173388952795 343
1740010323618 7.364599519786181 344
1740010323640 7.3077716690764225 345
1740010323662 7.251495901599784 346
1740010323684 7.195722427839141 347
1740010323706 7.140435386397131 348
1740010323728 7.085685451863344 349
1740010323749 7.0314230370639 350
1740010323773 6.9776324101608935 351
1740010323797 6.924364467655771 352
1740010323819 6.8715476966782845 353
1740010323840 6.8192438490351694 354
1740010323862 6.7674040307172465 355
1740010323884 6.716012868251151 356
1740010323906 6.665120823549007 357
1740010323927 6.6146574185713805 358
1740010323949 6.564683838541705 359
1740010323970 6.515151949954893 360
1740010323994 6.466046718587754 361
1740010324016 6.417418194876145 362
1740010324037 6.369196882225928 363
1740010324059 6.321443429301826 364
1740010324083 6.274110423972084 365
1740010324105 6.2271831539077755 366
1740010324126 6.180711280249039 367
1740010324148 6.134626236867364 368
1740010324170 6.0889881646641575 369
1740010324192 6.043750335533777 370
1740010324214 5.998898342522213 371
1740010324236 5.954481478760439 372
1740010324258 5.910453112020985 373
1740010324281 5.866798918721025 374
1740010324305 5.823568465855483 375
1740010324326 5.780693993736036 376
1740010324352 5.738235466713106 377
1740010324375 5.696146790518892 378
1740010324398 5.654413925823643 379
1740010324425 5.613086088740235 380
1740010324448 5.572096346206202 381
1740010324469 5.531504206160398 382
1740010324493 5.491264181144479 383
1740010324520 5.451362500635819 384
1740010324542 5.411848049483338 385
1740010324564 5.3726546774969055 386
1740010324585 5.333841461533175 387
1740010324608 5.295363488988457 388
1740010324631 5.25720724423223 389
1740010324653 5.219421299653978 390
1740010324674 5.181940246170021 391
1740010324698 5.144822753823192 392
1740010324723 5.10802445437588 393
1740010324745 5.071532073846831 394
1740010324767 5.035393890191911 395
1740010324789 4.999545195570336 396
1740010324812 4.964044276456932 397
1740010324833 4.92884727989373 398
1740010324855 4.893941160946237 399
1740010324877 4.859373920411011 400
1740010324900 4.825081513647221 401
1740010324923 4.791121865822089 402
1740010324944 4.75745161151171 403
1740010324966 4.724057922835877 404
1740010324987 4.690988539980942 405
1740010325011 4.65818004520551 406
1740010325034 4.625690023680152 407
1740010325055 4.593475571051732 408
1740010325080 4.5615240650829465 409
1740010325103 4.529883001199468 410
1740010325124 4.498489553926264 411
1740010325147 4.467400988833647 412
1740010325168 4.436574837402061 413
1740010325190 4.405998672179268 414
1740010325213 4.375719759005111 415
1740010325234 4.345675831633479 416
1740010325256 4.315923855549987 417
1740010325278 4.2864217740039 418
1740010325301 4.25715734399753 419
1740010325325 4.228177616309175 420
1740010325346 4.199420852411049 421
1740010325368 4.170943736371421 422
1740010325389 4.14270460026466 423
1740010325413 4.114691375719481 424
1740010325435 4.086950912349714 425
1740010325456 4.059421969296264 426
1740010325478 4.0321609670608485 427
1740010325501 4.005126604671056 428
1740010325527 3.9783069790323613 429
1740010325550 3.9517487518867473 430
1740010325571 3.925391151392011 431
1740010325593 3.8992903515480477 432
1740010325615 3.8734053974886025 433
1740010325637 3.8477245425021476 434
1740010325658 3.8222942731688874 435
1740010325680 3.7970542593491383 436
1740010325701 3.772060444849222 437
1740010325724 3.7472722010417066 438
1740010325745 3.722677929138539 439
1740010325768 3.6983239527070837 440
1740010325789 3.674150357275246 441
1740010325812 3.650212872036096 442
1740010325835 3.626471175670383 443
1740010325857 3.6029138092676476 444
1740010325878 3.579586944990817 445
1740010325900 3.556431059224476 446
1740010325923 3.533501681428487 447
1740010325944 3.510758779556527 448
1740010325965 3.4881910269239293 449
1740010325987 3.4658444553770806 450
1740010326012 3.4436599085171724 451
1740010326036 3.421692730277301 452
1740010326057 3.3998844107271253 453
1740010326083 3.378289634041975 454
1740010326105 3.356869139079023 455
1740010326128 3.3356118624082765 456
1740010326149 3.3145631784212046 457
1740010326170 3.2936649818609682 458
1740010326192 3.2729718079437395 459
1740010326217 3.2524446326015464 460
1740010326241 3.2320725049603767 461
1740010326262 3.211900698631164 462
1740010326284 3.1918714053865407 463
1740010326306 3.172039024242109 464
1740010326329 3.1523647533386567 465
1740010326350 3.132837748005741 466
1740010326373 3.1135031900305874 467
1740010326399 3.0943035487914803 468
1740010326424 3.075293098607652 469
1740010326447 3.056433245687985 470
1740010326468 3.037713245528017 471
1740010326489 3.0191781966257993 472
1740010326511 3.000770827482908 473
1740010326536 2.9825452986807943 474
1740010326611 2.96446321104336 475
1740010326659 2.9465139144944827 476
1740010326680 2.9287424323713287 477
1740010326702 2.911091734716605 478
1740010326724 2.8936158788082853 479
1740010326747 2.876258436102112 480
1740010326770 2.8590728359503133 481
1740010326791 2.8420213248799633 482
1740010326813 2.825093466198579 483
1740010326835 2.8083337122437113 484
1740010326862 2.7916859179392715 485
1740010326884 2.775203440895005 486
1740010326905 2.7588486802562002 487
1740010326926 2.742611278324822 488
1740010326949 2.7265356451548324 489
1740010326971 2.7105658205249807 490
1740010326993 2.694755099593642 491
1740010327014 2.679066023198046 492
1740010327036 2.663488307908008 493
1740010327060 2.648066327852517 494
1740010327111 2.6327442934602647 495
1740010327136 2.617575445640765 496
1740010327166 2.602522456550398 497
1740010327196 2.587575112538836 498
1740010327229 2.5727777578449937 499
