1740008519358 0.0428014949832049 0
1740008519445 0.11607070625714858 1
1740008519539 0.061644506222658955 2
1740008519626 4.8718195773166216e-05 3
1740008519717 0.45434282425754885 4
1740008519801 1.4517647146833363e-05 5
1740008519886 0.02729526821591428 6
1740008519972 0.11617000621068978 7
1740008520058 0.252276298811904 8
1740008520139 0.0011897940874039045 9
1740008520226 0.025267479597377667 10
1740008520312 0.1290912519208591 11
1740008520395 0.04670998391361934 12
1740008520479 0.04644853896647599 13
1740008520565 0.07469534225466301 14
1740008520650 0.1118164415356679 15
1740008520733 0.20857488710007654 16
1740008520816 0.06739204232657756 17
1740008520901 0.10444371507054612 18
1740008520986 0.0007945921178297129 19
1740008521083 0.981621506884731 20
1740008521235 0.005003504538627838 21
1740008521321 0.34857106776880376 22
1740008521406 0.0015871689277747211 23
1740008521489 0.051581986351034545 24
1740008521573 0.005689348653166415 25
1740008521661 0.29979751919078973 26
1740008521751 0.01881072994646942 27
1740008521837 0.24395757216803782 28
1740008521923 0.010415262257649275 29
1740008522008 0.0861443048865299 30
1740008522098 0.03473504788103685 31
1740008522185 0.022546877078208433 32
1740008522273 0.006362178072450497 33
1740008522357 0.03421763082302286 34
1740008522440 0.040535325060603714 35
1740008522523 0.008810531318001401 36
1740008522608 0.11128433347700592 37
1740008522694 0.0001121722827763499 38
1740008522777 0.016472239006283196 39
1740008522861 0.0068459600373438475 40
1740008522949 0.07183220425224876 41
1740008523034 7.302495846101688e-05 42
1740008523122 0.07111811853844714 43
1740008523205 0.0012727795074747692 44
1740008523288 0.25410414048137114 45
1740008523373 0.01970461527890943 46
1740008523457 0.0005878494619887796 47
1740008523541 0.07216023434554242 48
1740008523626 0.06795559301562056 49
1740008523710 0.0179377668560935 50
1740008523795 0.012096769076319323 51
1740008523880 0.21536568066319203 52
1740008523966 0.03373006592412899 53
1740008524054 0.05723099798401521 54
1740008524142 0.009171377350260605 55
1740008524226 0.04104793161988576 56
1740008524317 0.1607297283729207 57
1740008524406 0.43318661274861026 58
1740008524492 0.0011226005514753926 59
1740008524576 0.14129248461854108 60
1740008524661 0.25564100810589335 61
1740008524748 0.015730310824845665 62
1740008524833 1.0616777853690933 63
1740008524917 0.002138917781452699 64
1740008525000 0.0527382145514679 65
1740008525088 0.030349707395322986 66
1740008525172 0.02505802709177544 67
1740008525255 0.07369187474949011 68
1740008525337 0.011493617366237795 69
1740008525421 0.001332342531671488 70
1740008525506 0.06550516450076456 71
1740008525591 0.1801697335140708 72
1740008525674 0.001842667258882795 73
1740008525761 0.03804299649155156 74
1740008525847 0.037804919331499404 75
1740008525932 0.05341205430058033 76
1740008526020 1.3424382521218057 77
1740008526113 0.01802252153337626 78
1740008526199 0.022500918956893132 79
1740008526284 0.001083221798515356 80
1740008526376 0.8528701950482875 81
1740008526461 0.0004060791563444265 82
1740008526545 0.0012254939581811395 83
1740008526632 0.0033502186312195812 84
1740008526716 0.049572631452709945 85
1740008526802 0.09175327182191502 86
1740008526887 0.0011196238468260925 87
1740008526971 0.1375648690218933 88
1740008527093 0.4896973834900617 89
1740008527194 0.010015110465610546 90
1740008527289 0.0007599982397391788 91
1740008527385 0.15481592354426585 92
1740008527479 0.24123327765270108 93
1740008527572 0.7532224491292908 94
1740008527664 0.19399718249721265 95
1740008527756 0.01775462515813618 96
1740008527847 0.005646806727885983 97
1740008527939 0.16373899732598104 98
1740008528036 0.015742957399438037 99
1740008528182 5.021787175131842e-05 100
1740008528273 0.01755478317633646 101
1740008528367 0.18791735760680447 102
1740008528468 0.08761377581447401 103
1740008528568 0.1474733647789663 104
1740008528660 0.029800592942152173 105
1740008528750 0.3487739951126505 106
1740008528841 0.046288168462993065 107
1740008528937 0.052646277661950576 108
1740008529030 0.00041297532498488833 109
1740008529122 0.03420543067687596 110
1740008529213 0.23731269405282876 111
1740008529303 0.1807594490062564 112
1740008529398 0.02679936439071515 113
1740008529488 0.01867679088224916 114
1740008529580 0.12709299961180331 115
1740008529676 0.31506687280456086 116
1740008529769 0.0045523431867186175 117
1740008529861 3.5294748303740013e-06 118
1740008529964 0.01492459067359641 119
1740008530057 0.2766585441401221 120
1740008530150 0.02325916410745952 121
1740008530243 0.2102542153903602 122
1740008530336 0.019278754184925955 123
1740008530427 0.01820091117580241 124
1740008530518 0.4664496631211153 125
1740008530611 2.0098720804212375e-05 126
1740008530703 0.024917212671072015 127
1740008530794 0.03494638675102073 128
1740008530886 0.07826601580102151 129
1740008530983 2.9204078919090156e-05 130
1740008531077 0.30813026627813306 131
1740008531170 0.17036675483573985 132
1740008531263 0.10029380575196281 133
1740008531356 0.008753689520048407 134
1740008531452 0.2006201581441669 135
1740008531547 0.044309235807816226 136
1740008531638 0.005581798945521315 137
1740008531728 0.033269068574367934 138
1740008531820 0.11696464360700581 139
1740008531917 0.02063434588599781 140
1740008532013 0.008854414999386396 141
1740008532107 0.4882000287802815 142
1740008532199 0.8098144929743807 143
1740008532290 0.8230545875719908 144
1740008532385 0.01008380784074888 145
1740008532480 0.11654271580070469 146
1740008532571 0.23227157178812396 147
1740008532664 0.04563363403002927 148
1740008532757 0.37458770554558346 149
1740008532850 0.00018019934546547632 150
1740008532943 0.0023894210510344172 151
1740008533042 0.5808471443771811 152
1740008533138 0.012341509204667913 153
1740008533230 0.12305391897597989 154
1740008533321 0.27567083852018465 155
1740008533413 0.9394036609090205 156
1740008533505 0.05947947059784014 157
1740008533632 0.03313737262943905 158
1740008533729 0.0013084240503567198 159
1740008533821 0.026745303714242306 160
1740008533912 0.011593019260824098 161
1740008534004 0.0003498502566985659 162
1740008534100 0.03622428323560691 163
1740008534192 0.0063292337981951585 164
1740008534282 0.21976291490930172 165
1740008534373 0.007736210996777952 166
1740008534469 0.057823031508283024 167
1740008534563 0.000298059837392584 168
1740008534655 0.005873725122846987 169
1740008534749 0.01465822288151088 170
1740008534840 0.03561571412347125 171
1740008534933 0.2487490557479401 172
1740008535036 0.019281399597987046 173
1740008535128 0.06178635118854477 174
1740008535219 0.0871238733195931 175
1740008535310 0.001271389140067946 176
1740008535405 0.5021978065704943 177
1740008535496 0.2960068426352372 178
1740008535589 0.007154465634718435 179
1740008535673 0.0904483190173257 180
1740008535757 0.07792441710431351 181
1740008535847 0.028834242571962286 182
1740008535935 0.03014853358623205 183
1740008536022 0.2753177154593124 184
1740008536110 0.022295345597180452 185
1740008536203 0.0411507297648772 186
1740008536305 0.036155176287658346 187
1740008536400 0.10341526661263971 188
1740008536491 0.07250359703044802 189
1740008536585 5.826244449280289e-05 190
1740008536673 0.4242411510977855 191
1740008536764 0.0006457618939591207 192
1740008536860 0.03278796471077619 193
1740008536944 0.25981412456336483 194
1740008537036 0.3744626226093919 195
1740008537119 0.02392351744250719 196
1740008537203 0.7614193438595598 197
1740008537287 0.1259936152099074 198
1740008537371 0.002062969900281318 199
1740008537455 0.02775626013447478 200
1740008537538 0.5930907270001425 201
1740008537625 0.03706239127575263 202
1740008537710 0.10182540790535707 203
1740008537797 0.037721696995049375 204
1740008537883 0.0545036197935956 205
1740008537972 0.08522345986607684 206
1740008538065 0.025429849003154804 207
1740008538177 0.07864656786378706 208
1740008538265 0.11929673298302636 209
1740008538349 0.0021529874704065014 210
1740008538435 0.02021230552797752 211
1740008538525 0.009417991422815105 212
1740008538631 0.09767988361968143 213
1740008538763 0.07291359851099018 214
1740008538851 0.09716322960066791 215
1740008538935 0.02621459101562643 216
1740008539018 0.0966209868617356 217
1740008539103 0.021473730348190216 218
1740008539187 0.03728442638721514 219
1740008539271 1.003439108551935 220
1740008539356 0.09591236999139766 221
1740008539439 0.0006035912492812735 222
1740008539523 0.007144964542283144 223
1740008539606 0.0746632115405281 224
1740008539689 0.0025154922218844824 225
1740008539773 0.445084772505646 226
1740008539857 0.07266815330536754 227
1740008539940 0.09216820795316712 228
1740008540027 4.3239793373282066e-05 229
1740008540111 0.08145385916217047 230
1740008540196 0.0014467353311916158 231
1740008540282 0.023159838776274297 232
1740008540366 0.03338856846508062 233
1740008540451 0.021921992597896765 234
1740008540536 0.0015874549447362626 235
1740008540630 0.005244536284621273 236
1740008540715 0.015439938617294266 237
1740008540801 0.4466943735419824 238
1740008540888 0.0013616105608960437 239
1740008540971 0.6914630262896878 240
1740008541058 0.00012722500748765981 241
1740008541143 0.5358984024456658 242
1740008541225 0.0030560594050563945 243
1740008541315 0.14642268962573815 244
1740008541401 0.060228733702458084 245
1740008541484 0.002549969976684636 246
1740008541568 0.5439002559673966 247
1740008541663 0.03320466752617412 248
1740008541748 0.037487249322496426 249
1740008541832 0.30143283625708606 250
1740008541916 0.6007802342208437 251
1740008542002 0.023412826794490135 252
1740008542089 0.007985083399971398 253
1740008542172 0.797367840229271 254
1740008542256 0.11018307144919118 255
1740008542340 0.08540761178064918 256
1740008542425 0.01136835336778455 257
1740008542509 0.030249251833442087 258
1740008542696 0.01250355751013997 259
1740008542781 0.011846081497230493 260
1740008542864 0.03250659341360433 261
1740008542949 0.09104601888613413 262
1740008543051 0.7102811213873543 263
1740008543164 0.21185492745841686 264
1740008543249 0.1446808107831812 265
1740008543333 0.039089579841783725 266
1740008543418 0.2974849992010112 267
1740008543507 0.0011490028538797647 268
1740008543591 0.046201523010508755 269
1740008543674 0.0006370018632284357 270
1740008543758 0.00820637313786424 271
1740008543846 0.021119809510070815 272
1740008543932 0.018411821436778882 273
1740008544014 0.033887666146090706 274
1740008544103 0.05237200365232679 275
1740008544230 0.12831815385393686 276
1740008544358 0.09377359774657501 277
1740008544465 0.041604727099902636 278
1740008544551 0.027336399595828707 279
1740008544633 0.06032981322440208 280
1740008544729 0.13040340809751697 281
1740008544822 0.028343452153293144 282
1740008544923 0.15740457188442472 283
1740008545015 1.2958956722292078e-05 284
1740008545106 0.08396720660106123 285
1740008545199 0.2755869482327602 286
1740008545286 0.2622398123413552 287
1740008545373 0.0006213223002245114 288
1740008545462 0.04385740008134262 289
1740008545553 0.005282439857188536 290
1740008545642 0.09553480588322515 291
1740008545728 0.0021369935382818082 292
1740008545816 0.3127595460830612 293
1740008545907 0.037839833788145934 294
1740008545994 0.9140672108944632 295
1740008546090 0.0001396907646673786 296
1740008546236 0.07873381969102596 297
1740008546322 0.014210967761455319 298
1740008546412 0.21682409690332005 299
1740008546498 0.12957142039769753 300
1740008546588 0.04459648492027976 301
1740008546676 0.08787400273539073 302
1740008546772 0.20418032306690453 303
1740008546858 0.2692473568591426 304
1740008546944 1.3850687131377057e-06 305
1740008547036 0.002409934186809504 306
1740008547126 0.13687900250108057 307
1740008547213 0.6702542917269465 308
1740008547302 0.016009217660509546 309
1740008547389 0.00045629363099404486 310
1740008547479 0.179395500244831 311
1740008547565 0.3754082625753139 312
1740008547653 0.3434800442455901 313
1740008547743 0.1292658829210492 314
1740008547832 0.005195936003823485 315
1740008547917 0.0016482382636977756 316
1740008548007 0.006647733124891637 317
1740008548099 0.0008221641429670319 318
1740008548188 0.015812123563674823 319
1740008548276 0.24957327647218394 320
1740008548365 0.03128653084141635 321
1740008548452 0.10374453362817858 322
1740008548543 0.10837248330306944 323
1740008548633 0.059023769419905135 324
1740008548737 0.021632314742074 325
1740008548825 0.023013810577362286 326
1740008548912 0.09441926202917054 327
1740008549003 0.019942043668347877 328
1740008549093 0.027733614781377536 329
1740008549178 0.12038117367229731 330
1740008549266 0.04679536003915515 331
1740008549355 2.70699476355346e-05 332
1740008549441 0.0007488976167077309 333
1740008549529 0.4883019000544951 334
1740008549619 0.0685084842089407 335
1740008549706 3.49108636880891e-05 336
1740008549793 0.006489833824863647 337
1740008549881 0.009804495979429315 338
1740008549972 0.01613086454937324 339
1740008550062 0.06700058838322444 340
1740008550150 0.004681464427463098 341
1740008550239 0.19981761884826368 342
1740008550328 0.05768245546373403 343
1740008550415 0.0011959204418355701 344
1740008550505 0.0008552352644370001 345
1740008550593 0.03365591288759548 346
1740008550682 0.06717068989336997 347
1740008550779 0.0002647069852937295 348
1740008550871 0.21438352297343424 349
1740008550959 0.007632085911007453 350
1740008551047 0.0014046301796122186 351
1740008551140 0.06918890075186312 352
1740008551226 0.03497714994454379 353
1740008551313 0.01784301441165228 354
1740008551402 0.07449493111957488 355
1740008551491 0.015673494129384413 356
1740008551579 0.0003584734366372543 357
1740008551669 0.02236989541207871 358
1740008551758 0.019627238025119776 359
1740008551849 0.9700461839572482 360
1740008551936 0.039035338496533366 361
1740008552024 0.2404535548536197 362
1740008552121 0.003132263685390112 363
1740008552208 0.3593803773598595 364
1740008552294 0.06330145911013976 365
1740008552385 0.031215951411787447 366
1740008552471 0.16503088589905662 367
1740008552559 0.031119085681738066 368
1740008552648 0.002655581166450358 369
1740008552735 0.054996884636693895 370
1740008552830 0.4010074159723202 371
1740008552917 0.01657672926892209 372
1740008553007 0.06956590831689048 373
1740008553096 1.1281262497400655 374
1740008553183 0.0016337079247377925 375
1740008553271 0.009809664786521198 376
1740008553358 0.7571962847358605 377
1740008553447 0.012519740057684121 378
1740008553535 0.023569382174577123 379
1740008553624 0.014606743145890291 380
1740008553712 7.658970148230673e-05 381
1740008553798 0.03177494578420718 382
1740008553887 0.0014944088033510244 383
1740008553974 0.031986123443863715 384
1740008554067 0.24427458300033447 385
1740008554158 0.10110895852735435 386
1740008554245 0.0006337079365185717 387
1740008554333 0.4879203637568137 388
1740008554421 0.013405444454634626 389
1740008554511 0.0182710180638731 390
1740008554600 0.012462987462676883 391
1740008554686 0.02101333414826334 392
1740008554775 0.03644438045578078 393
1740008554868 0.365720775471944 394
