1740009069001 32.58946534832805 0
1740009069028 7.078099597020667 1
1740009069054 2.365488088217981 2
1740009069082 0.9544355763121116 3
1740009069110 0.7951808194082484 4
1740009069136 0.5794210058896484 5
1740009069162 0.47896816156623595 6
1740009069187 0.4978471015996284 7
1740009069215 0.42734937457232214 8
1740009069242 0.5089700137630698 9
1740009069266 0.5877781118605255 10
1740009069290 0.5354597414765903 11
1740009069319 0.643330249571797 12
1740009069349 0.5418393811087513 13
1740009069378 0.5207194424934789 14
1740009069403 0.6150640207183452 15
1740009069428 0.5554027590971903 16
1740009069454 0.6627003434612776 17
1740009069485 0.46895827078516356 18
1740009069512 0.5357342794838369 19
1740009069537 0.600037689844547 20
1740009069562 0.5919453143804241 21
1740009069589 0.3962548773443145 22
1740009069616 0.5819316006431523 23
1740009069641 0.5191993177408539 24
1740009069665 0.4896746705098042 25
1740009069690 0.5085226456139175 26
1740009069718 0.4534472497959208 27
1740009069745 0.5740625808471127 28
1740009069771 0.5181916221669006 29
1740009069796 0.6108205777569184 30
1740009069823 0.5784862719434973 31
1740009069852 0.5371064658448319 32
1740009069879 0.6712905045135544 33
1740009069905 0.5867823189089377 34
1740009069932 0.5078040003802797 35
1740009069958 0.538248067240577 36
1740009069988 0.5574599416674234 37
1740009070018 0.5974308446241199 38
1740009070050 0.6087574926298024 39
1740009070079 0.6432257526916538 40
1740009070107 0.5615526379071252 41
1740009070134 0.46924543591956624 42
1740009070159 0.48998854421796334 43
1740009070187 0.45407354546446155 44
1740009070242 0.586702700533861 45
1740009070266 0.6956780820183663 46
1740009070289 0.5205729946231099 47
1740009070319 0.5351254782488192 48
1740009070347 0.43434294203621104 49
1740009070375 0.6558994122082137 50
1740009070403 0.7000277909144166 51
1740009070435 0.596934573520323 52
1740009070465 0.6269102996604385 53
1740009070489 0.5323290737626384 54
1740009070515 0.5732999230872838 55
1740009070543 0.49250677222866934 56
1740009070573 0.565874278617464 57
1740009070598 0.6732086755415243 58
1740009070623 0.667711865974856 59
1740009070648 0.6018977954396968 60
1740009070675 0.5136890540632062 61
1740009070704 0.46874371090127775 62
1740009070729 0.4703214801835439 63
1740009070754 0.49361397837286314 64
1740009070779 0.5050885391317863 65
1740009070806 0.5009016958362875 66
1740009070833 0.552030937073358 67
1740009070859 0.6930510240637644 68
1740009070885 0.4836682196444283 69
1740009070913 0.5121313913079897 70
1740009070944 0.4263683932438127 71
1740009070972 0.6104701070671388 72
1740009070997 0.5402286747523849 73
1740009071025 0.5217275818599632 74
1740009071054 0.5107443427086216 75
1740009071098 0.6801831840318525 76
1740009071196 0.5700301063332982 77
1740009071223 0.49542792699542426 78
1740009071287 0.6180167974889738 79
1740009071318 0.5943392454046804 80
1740009071346 0.48616750514121365 81
1740009071370 0.4844516124959971 82
1740009071395 0.49558364866451815 83
1740009071422 0.4929268224090075 84
1740009071451 0.6316281352932228 85
1740009071479 0.47474780877052886 86
1740009071506 0.7180061281768852 87
1740009071533 0.5836281060201389 88
1740009071563 0.6396548753886968 89
1740009071592 0.5514632618765466 90
1740009071616 0.5705843403225735 91
1740009071640 0.6795154683025517 92
1740009071666 0.5256449750252344 93
1740009071695 0.7633973661847432 94
1740009071721 0.6591226217167273 95
1740009071745 0.6472875048516902 96
1740009071772 0.5653393804578063 97
1740009071801 0.538285393175188 98
1740009071832 0.6153751091448453 99
1740009071861 0.4822192671349387 100
1740009071887 0.6534872285218996 101
1740009071914 0.6116347351734173 102
1740009071944 0.561458073357195 103
1740009071971 0.3936222258213136 104
1740009071996 0.5396629783863447 105
1740009072021 0.5965968621648685 106
1740009072046 0.5857653145277555 107
1740009072081 0.5596494595283885 108
1740009072149 0.5129882825112047 109
1740009072182 0.5491137336821493 110
1740009072215 0.5414432405905785 111
1740009072241 0.5570833172452387 112
1740009072267 0.6666830940181389 113
1740009072291 0.47912523633269094 114
1740009072319 0.6377393873624209 115
1740009072348 0.616037061658031 116
1740009072372 0.4828135032404 117
1740009072399 0.6513138364194272 118
1740009072427 0.584789721419965 119
1740009072455 0.5296021561398161 120
1740009072480 0.6286229208454542 121
1740009072504 0.4886153951654813 122
1740009072529 0.48682397360948604 123
1740009072557 0.5415730199555033 124
1740009072583 0.600512774674415 125
1740009072610 0.5599032447851109 126
1740009072636 0.6263070016913098 127
1740009072665 0.7129194739887394 128
1740009072698 0.41209713170173196 129
1740009072728 0.47573836232155875 130
1740009072759 0.5182202549604288 131
1740009072792 0.5246896875822404 132
1740009072819 0.6466969780391939 133
1740009072850 0.521425160548695 134
1740009072876 0.533199515660255 135
1740009072901 0.47391499069153764 136
1740009072926 0.5303367361185226 137
1740009072951 0.47982561522272754 138
1740009072980 0.614997086339161 139
1740009073007 0.5755657274119791 140
1740009073031 0.4533452780954701 141
1740009073058 0.5204649662956717 142
1740009073084 0.48123531832247285 143
1740009073113 0.6714125470638712 144
1740009073138 0.4893957765310294 145
1740009073162 0.647723086549673 146
1740009073187 0.4744194143293081 147
1740009073213 0.6461054710741471 148
1740009073243 0.4521856182708879 149
1740009073270 0.4765441709620367 150
1740009073295 0.4418829160000616 151
1740009073320 0.5267641091108229 152
1740009073345 0.49817899228555895 153
1740009073370 0.5901928161922441 154
1740009073400 0.5181943301057274 155
1740009073426 0.6316337584274393 156
1740009073450 0.5442693975044647 157
1740009073476 0.5131854519984128 158
1740009073503 0.4621289305500679 159
1740009073533 0.5246111578853142 160
1740009073560 0.4807596478413126 161
1740009073584 0.4534966670656605 162
1740009073608 0.5020948812574366 163
1740009073636 0.5397028957733728 164
1740009073667 0.6394646685546446 165
1740009073692 0.555588664242188 166
1740009073716 0.443955395135957 167
1740009073741 0.578610687507227 168
1740009073770 0.8246321102835853 169
1740009073797 0.48672766248069227 170
1740009073821 0.5282434172729881 171
1740009073846 0.6589792273237969 172
1740009073871 0.516308398130609 173
1740009073901 0.7281516711546858 174
1740009073927 0.584313022962943 175
1740009073952 0.5251628108069011 176
1740009073978 0.4876467225556439 177
1740009074008 0.5163164504015307 178
1740009074038 0.5718830838916296 179
1740009074067 0.46257680539191653 180
1740009074094 0.5470989531583156 181
1740009074119 0.6373854007070271 182
1740009074149 0.5151585393913207 183
1740009074183 0.6502833294283455 184
1740009074215 0.6902805965540008 185
1740009074240 0.464901725663685 186
1740009074265 0.6421360373551129 187
1740009074290 0.5095881141339287 188
1740009074319 0.6209448629761581 189
1740009074346 0.3785600034165118 190
1740009074371 0.5584479003298176 191
1740009074397 0.5231269169797006 192
1740009074422 0.5369563504565653 193
1740009074447 0.5956632225572078 194
1740009074475 0.5902632293075234 195
1740009074499 0.5676061581365295 196
1740009074523 0.6307323489459933 197
1740009074548 0.5736211523354126 198
1740009074577 0.5177331831689485 199
1740009074605 0.5455099047035327 200
1740009074629 0.7004830454597036 201
1740009074653 0.6819032108968752 202
1740009074678 0.6214691920738808 203
1740009074710 0.5060039185470314 204
1740009074734 0.5640252071928605 205
1740009074760 0.5503223459028113 206
1740009074786 0.627965383100609 207
1740009074816 0.5876925867245031 208
1740009074849 0.6385410398409767 209
1740009074882 0.5397490741444531 210
1740009074912 0.5585308956227715 211
1740009074962 0.5313077025092318 212
1740009074988 0.5700687311552398 213
1740009075017 0.5425309407969875 214
1740009075049 0.47063731403612 215
1740009075076 0.7552486689165362 216
1740009075100 0.5865829183364838 217
1740009075124 0.5254150349257818 218
1740009075149 0.6062177001598886 219
1740009075176 0.5082425425534388 220
1740009075202 0.579790921394106 221
1740009075226 0.6560692872859488 222
1740009075251 0.547959280028409 223
1740009075280 0.5282564394308019 224
1740009075308 0.6510797961269297 225
1740009075332 0.586382572527729 226
1740009075356 0.5873812861978566 227
1740009075379 0.5309077257118473 228
1740009075407 0.46536781584812537 229
1740009075436 0.5942405319153788 230
1740009075461 0.491885151107524 231
1740009075484 0.6494626233121513 232
1740009075510 0.4463326310033549 233
1740009075537 0.4800621769417142 234
1740009075565 0.5171148108270094 235
1740009075588 0.4847649180031291 236
1740009075612 0.6538822912143586 237
1740009075638 0.46377386908845436 238
1740009075664 0.542328504694066 239
1740009075690 0.5777817826057183 240
1740009075715 0.5548553308884577 241
1740009075743 0.6111031875371783 242
1740009075770 0.476907082200428 243
1740009075798 0.5743229537977038 244
1740009075867 0.4737606458437489 245
1740009075892 0.6529367047230412 246
1740009075917 0.5208165510328717 247
1740009075943 0.568418298305191 248
1740009075971 0.5100928987558958 249
1740009075997 0.6043105847457452 250
1740009076021 0.44143188910210235 251
1740009076045 0.7062974291779843 252
1740009076075 0.6930171591246905 253
1740009076102 0.5913619719872828 254
1740009076129 0.6166346734982262 255
1740009076153 0.6054431208773396 256
1740009076179 0.5701707496485635 257
1740009076211 0.5775198307771247 258
1740009076240 0.5702329421574124 259
1740009076265 0.5773704496880877 260
1740009076289 0.6415794512176478 261
1740009076314 0.43343241009377675 262
1740009076342 0.48387635725657957 263
1740009076368 0.49969508565014736 264
1740009076394 0.6281802972079857 265
1740009076419 0.5957084313505002 266
1740009076444 0.5209834892479981 267
1740009076472 0.6781873479155969 268
1740009076499 0.5334529302895857 269
1740009076524 0.6360924489449951 270
1740009076549 0.5279978395436137 271
1740009076574 0.4478026792552013 272
1740009076603 0.4813250834675349 273
1740009076629 0.5351138971977557 274
1740009076653 0.5466215728743994 275
1740009076678 0.591239014278035 276
1740009076705 0.48439026339591285 277
1740009076734 0.4929628892378253 278
1740009076758 0.4873807494149142 279
1740009076784 0.591837163484147 280
1740009076811 0.7144771395952609 281
1740009076841 0.6048975517495591 282
1740009076867 0.5631460332867011 283
1740009076891 0.559632413031696 284
1740009076916 0.5880742496479227 285
1740009076945 0.4991736800614295 286
1740009076977 0.5144138615648163 287
1740009077006 0.4577544391711891 288
1740009077039 0.6040479892209845 289
1740009077068 0.7506049200878148 290
1740009077097 0.4359683360249895 291
1740009077129 0.5288763790633032 292
1740009077156 0.5284024330982471 293
1740009077182 0.6507697345861034 294
1740009077209 0.6093492550785129 295
1740009077235 0.5449671236488027 296
1740009077267 0.592155012892176 297
1740009077296 0.5746416689621032 298
1740009077322 0.4940376489437905 299
1740009077347 0.49535597511837554 300
1740009077382 0.5407649743975131 301
1740009077409 0.5988570819524934 302
1740009077432 0.6098095946400603 303
1740009077457 0.5967786501594249 304
1740009077482 0.564145563456547 305
1740009077510 0.5030610041014221 306
1740009077536 0.582388252374526 307
1740009077560 0.6053416681295867 308
1740009077586 0.5659939688384252 309
1740009077613 0.5853949379651984 310
1740009077641 0.45531146034127784 311
1740009077666 0.5203431399734996 312
1740009077692 0.572514122634772 313
1740009077716 0.5982260982776295 314
1740009077743 0.5576538019973919 315
1740009077771 0.5592579345538843 316
1740009077797 0.49554714589795335 317
1740009077822 0.5999233238367008 318
1740009077849 0.6628426492884191 319
1740009077877 0.5479431637272102 320
1740009077905 0.5113767660191292 321
1740009077931 0.642647305345847 322
1740009077956 0.46265518995871857 323
1740009077981 0.5750193918755565 324
1740009078011 0.6640827183038279 325
1740009078040 0.6405539935542383 326
1740009078074 0.6326201818042663 327
1740009078102 0.5868828041640979 328
1740009078129 0.6440867797849569 329
1740009078155 0.53440840799041 330
1740009078183 0.6120624896964544 331
1740009078208 0.5072963942217037 332
1740009078231 0.6994583477372207 333
1740009078258 0.4973430945167928 334
1740009078288 0.42291418914934137 335
1740009078317 0.48999287917274553 336
1740009078342 0.5912395910363217 337
1740009078366 0.4957348938314248 338
1740009078391 0.5804601150664457 339
1740009078416 0.5924111640944983 340
1740009078442 0.6042767988284352 341
1740009078472 0.5553205553621671 342
1740009078497 0.6676826619807752 343
1740009078521 0.7687801368611029 344
1740009078546 0.4760295690360585 345
1740009078576 0.4697308109067343 346
1740009078605 0.46625368596114997 347
1740009078631 0.46278111669220595 348
1740009078655 0.5209258856500368 349
1740009078680 0.5256417836792816 350
1740009078708 0.6361434988829936 351
1740009078733 0.5390346991721716 352
1740009078757 0.5323900169995146 353
1740009078782 0.559579025886261 354
1740009078806 0.4719175948988853 355
1740009078834 0.569608874521931 356
