1740008924485 169.15949537300654 0
1740008924514 169.12562833774695 1
1740008924536 169.091911679475 2
1740008924562 169.0582019324542 3
1740008924585 169.02449909524896 4
1740008924611 168.9908031664239 5
1740008924635 168.95711414454405 6
1740008924663 168.92343202817463 7
1740008924688 168.88975681588127 8
1740008924712 168.8560885062298 9
1740008924736 168.82242709778643 10
1740008924760 168.78877258911766 11
1740008924785 168.75512497879023 12
1740008924813 168.7214842653712 13
1740008924837 168.68785044742805 14
1740008924863 168.65422352352832 15
1740008924892 168.6206034922401 16
1740008924915 168.5869903521316 17
1740008924937 168.5533841017714 18
1740008924960 168.5197847397284 19
1740008924983 168.48619226457183 20
1740008925008 168.45260667487105 21
1740008925032 168.41902796919592 22
1740008925057 168.38545614611647 23
1740008925084 168.35189120420307 24
1740008925128 168.31833314202643 25
1740008925153 168.2847819581575 26
1740008925178 168.25123765116754 27
1740008925203 168.2177002196281 28
1740008925226 168.18416966211115 29
1740008925248 168.15064597718876 30
1740008925270 168.11712916343336 31
1740008925293 168.08361921941784 32
1740008925319 168.05011614371517 33
1740008925342 168.01661993489876 34
1740008925364 167.9831305915422 35
1740008925389 167.94964811221953 36
1740008925417 167.91617249550498 37
1740008925441 167.88270373997307 38
1740008925464 167.84924184419867 39
1740008925486 167.81578680675696 40
1740008925509 167.78233862622338 41
1740008925534 167.74889730117366 42
1740008925560 167.71546283018387 43
1740008925583 167.68203521183034 44
1740008925604 167.64861444468963 45
1740008925626 167.61520052733883 46
1740008925652 167.58179345835512 47
1740008925675 167.548393236316 48
1740008925696 167.5149998597993 49
1740008925722 167.48161332738317 50
1740008925745 167.44823363764607 51
1740008925771 167.41486078916668 52
1740008925794 167.38149478052404 53
1740008925815 167.34813561029742 54
1740008925838 167.31478327706657 55
1740008925860 167.28143777941125 56
1740008925886 167.2480991159117 57
1740008925911 167.21476728514855 58
1740008925934 167.1814422857025 59
1740008925956 167.14812411615466 60
1740008925977 167.11481277508642 61
1740008926000 167.0815082610795 62
1740008926026 167.04821057271587 63
1740008926090 167.01491970857788 64
1740008926143 166.98163566724807 65
1740008926169 166.94835844730932 66
1740008926192 166.9150880473448 67
1740008926214 166.88182446593797 68
1740008926238 166.8485677016727 69
1740008926262 166.81531775313294 70
1740008926285 166.7820746189031 71
1740008926308 166.74883829756786 72
1740008926330 166.71560878771217 73
1740008926353 166.68238608792126 74
1740008926378 166.64917019678066 75
1740008926403 166.61596111287628 76
1740008926425 166.5827588347942 77
1740008926447 166.5495633611209 78
1740008926470 166.5163746904431 79
1740008926497 166.48319282134779 80
1740008926520 166.45001775242235 81
1740008926542 166.41684948225435 82
1740008926565 166.38368800943172 83
1740008926590 166.35053333254268 84
1740008926615 166.31738545017578 85
1740008926638 166.2842443609197 86
1740008926660 166.25111006336365 87
1740008926683 166.21798255609696 88
1740008926707 166.18486183770932 89
1740008926732 166.15174790679077 90
1740008926756 166.1186407619315 91
1740008926778 166.08554040172214 92
1740008926799 166.05244682475353 93
1740008926822 166.01936002961685 94
1740008926848 165.98628001490354 95
1740008926873 165.95320677920535 96
1740008926897 165.9201403211143 97
1740008926919 165.88708063922277 98
1740008926942 165.8540277321234 99
1740008926965 165.8209815984091 100
1740008926990 165.7879422366731 101
1740008927013 165.7549096455089 102
1740008927035 165.7218838235103 103
1740008927059 165.68886476927148 104
1740008927083 165.65585248138672 105
1740008927109 165.6228469584508 106
1740008927132 165.58984819905868 107
1740008927154 165.5568562018057 108
1740008927176 165.5238709652873 109
1740008927200 165.4908924880995 110
1740008927225 165.45792076883836 111
1740008927246 165.4249558061004 112
1740008927268 165.39199759848233 113
1740008927291 165.3590461445812 114
1740008927318 165.32610144299437 115
1740008927343 165.29316349231945 116
1740008927365 165.26023229115438 117
1740008927386 165.22730783809735 118
1740008927412 165.19439013174693 119
1740008927441 165.16147917070185 120
1740008927466 165.12857495356124 121
1740008927489 165.09567747892453 122
1740008927511 165.06278674539132 123
1740008927533 165.02990275156165 124
1740008927557 164.99702549603577 125
1740008927583 164.96415497741427 126
1740008927606 164.93129119429793 127
1740008927630 164.89843414528798 128
1740008927653 164.8655838289858 129
1740008927677 164.8327402439932 130
1740008927701 164.7999033889121 131
1740008927723 164.76707326234492 132
1740008927746 164.73424986289422 133
1740008927768 164.7014331891629 134
1740008927792 164.66862323975414 135
1740008927816 164.63582001327148 136
1740008927839 164.60302350831867 137
1740008927860 164.57023372349977 138
1740008927885 164.53745065741916 139
1740008927909 164.50467430868144 140
1740008927930 164.47190467589166 141
1740008927952 164.43914175765502 142
1740008927977 164.406385552577 143
1740008928003 164.3736360592635 144
1740008928026 164.34089327632057 145
1740008928051 164.30815720235466 146
1740008928074 164.27542783597244 147
1740008928100 164.2427051757809 148
1740008928123 164.20998922038734 149
1740008928146 164.17727996839932 150
1740008928169 164.14457741842472 151
1740008928192 164.11188156907167 152
1740008928218 164.07919241894865 153
1740008928241 164.04650996666433 154
1740008928264 164.0138342108278 155
1740008928286 163.98116515004838 156
1740008928310 163.94850278293566 157
1740008928334 163.9158471080995 158
1740008928357 163.8831981241502 159
1740008928379 163.85055582969812 160
1740008928401 163.81792022335412 161
1740008928427 163.78529130372922 162
1740008928451 163.7526690694348 163
1740008928475 163.7200535190825 164
1740008928498 163.6874446512842 165
1740008928520 163.65484246465226 166
1740008928543 163.622246957799 167
1740008928567 163.58965812933744 168
1740008928593 163.55707597788052 169
1740008928618 163.52450050204163 170
1740008928641 163.49193170043458 171
1740008928666 163.45936957167325 172
1740008928689 163.42681411437187 173
1740008928713 163.39426532714498 174
1740008928737 163.36172320860754 175
1740008928761 163.32918775737454 176
1740008928783 163.29665897206144 177
1740008928806 163.26413685128395 178
1740008928829 163.2316213936581 179
1740008928853 163.1991125978001 180
1740008928879 163.16661046232662 181
1740008928903 163.1341149858544 182
1740008928926 163.10162616700075 183
1740008928948 163.06914400438296 184
1740008928970 163.03666849661883 185
1740008928995 163.0041996423264 186
1740008929021 162.97173744012395 187
1740008929044 162.9392818886301 188
1740008929070 162.90683298646368 189
1740008929093 162.87439073224394 190
1740008929116 162.84195512459036 191
1740008929140 162.80952616212258 192
1740008929163 162.77710384346076 193
1740008929186 162.7446881672252 194
1740008929208 162.71227913203649 195
1740008929233 162.67987673651552 196
1740008929258 162.64748097928359 197
1740008929280 162.61509185896207 198
1740008929304 162.5827093741728 199
1740008929326 162.55033352353786 200
1740008929351 162.51796430567956 201
1740008929375 162.48560171922054 202
1740008929397 162.45324576278372 203
1740008929419 162.42089643499236 204
1740008929443 162.38855373446992 205
1740008929473 162.3562176598402 206
1740008929498 162.32388820972733 207
1740008929521 162.29156538275558 208
1740008929543 162.2592491775497 209
1740008929566 162.2269395927346 210
1740008929590 162.19463662693548 211
1740008929614 162.16234027877792 212
1740008929637 162.13005054688762 213
1740008929659 162.09776742989078 214
1740008929682 162.06549092641376 215
1740008929709 162.0332210350832 216
1740008929733 162.00095775452604 217
1740008929755 161.96870108336958 218
1740008929777 161.93645102024126 219
1740008929799 161.904207563769 220
1740008929825 161.87197071258086 221
1740008929849 161.83974046530523 222
1740008929871 161.80751682057078 223
1740008929894 161.7752997770065 224
1740008929916 161.74308933324156 225
1740008929941 161.71088548790559 226
1740008929965 161.67868823962843 227
1740008929988 161.6464975870401 228
1740008930010 161.61431352877105 229
1740008930032 161.58213606345197 230
1740008930057 161.54996518971382 231
1740008930083 161.51780090618783 232
1740008930105 161.4856432115056 233
1740008930127 161.45349210429893 234
1740008930149 161.42134758319992 235
1740008930174 161.38920964684104 236
1740008930197 161.3570782938549 237
1740008930220 161.32495352287447 238
1740008930242 161.2928353325331 239
1740008930264 161.26072372146427 240
1740008930289 161.2286186883018 241
1740008930315 161.1965202316798 242
1740008930338 161.16442835023278 243
1740008930360 161.13234304259532 244
1740008930382 161.10026430740243 245
1740008930406 161.0681921432894 246
1740008930432 161.03612654889167 247
1740008930454 161.00406752284522 248
1740008930476 160.9720150637861 249
1740008930498 160.93996917035065 250
1740008930523 160.90792984117564 251
1740008930548 160.875897074898 252
1740008930571 160.84387087015506 253
1740008930594 160.81185122558426 254
1740008930616 160.7798381398235 255
1740008930639 160.74783161151086 256
1740008930664 160.71583163928474 257
1740008930686 160.68383822178384 258
1740008930708 160.65185135764713 259
1740008930730 160.61987104551386 260
1740008930754 160.5878972840235 261
1740008930779 160.555930071816 262
1740008930804 160.52396940753135 263
1740008930826 160.49201528980998 264
1740008930849 160.4600677172926 265
1740008930871 160.42812668862013 266
1740008930897 160.39619220243378 267
1740008930919 160.36426425737514 268
1740008930942 160.33234285208601 269
1740008930964 160.3004279852085 270
1740008930987 160.2685196553849 271
1740008931011 160.236617861258 272
1740008931036 160.20472260147065 273
1740008931060 160.17283387466617 274
1740008931082 160.140951679488 275
1740008931106 160.10907601457998 276
1740008931131 160.07720687858614 277
1740008931155 160.04534427015093 278
1740008931176 160.01348818791897 279
1740008931199 159.98163863053512 280
1740008931222 159.9497955966447 281
1740008931247 159.91795908489317 282
1740008931271 159.88612909392626 283
1740008931293 159.85430562239014 284
1740008931318 159.82248866893113 285
1740008931341 159.7906782321958 286
1740008931365 159.75887431083112 287
1740008931388 159.7270769034843 288
1740008931411 159.69528600880275 289
1740008931433 159.66350162543435 290
1740008931455 159.63172375202709 291
1740008931483 159.59995238722925 292
1740008931510 159.56818752968954 293
1740008931533 159.53642917805678 294
1740008931555 159.50467733098017 295
1740008931579 159.47293198710926 296
1740008931604 159.44119314509365 297
1740008931629 159.40946080358344 298
1740008931653 159.37773496122892 299
1740008931675 159.34601561668075 300
1740008931697 159.3143027685897 301
1740008931721 159.282596415607 302
1740008931746 159.25089655638408 303
1740008931771 159.2192031895726 304
1740008931796 159.18751631382463 305
1740008931819 159.15583592779242 306
1740008931841 159.12416203012856 307
1740008931866 159.0924946194859 308
1740008931893 159.06083369451753 309
1740008931915 159.02917925387692 310
1740008931937 158.99753129621772 311
1740008931960 158.96588982019392 312
1740008931984 158.93425482445974 313
1740008932008 158.9026263076698 314
1740008932030 158.87100426847886 315
1740008932055 158.839388705542 316
1740008932078 158.80777961751465 317
1740008932102 158.7761770030525 318
1740008932126 158.74458086081145 319
1740008932149 158.71299118944768 320
1740008932172 158.68140798761777 321
1740008932193 158.64983125397848 322
1740008932216 158.6182609871869 323
1740008932242 158.58669718590033 324
1740008932266 158.55513984877646 325
1740008932287 158.5235889744732 326
1740008932310 158.49204456164867 327
1740008932333 158.46050660896142 328
1740008932357 158.4289751150702 329
1740008932380 158.397450078634 330
1740008932402 158.36593149831214 331
1740008932428 158.33441937276422 332
1740008932455 158.30291370065012 333
1740008932481 158.27141448063003 334
1740008932509 158.2399217113644 335
1740008932537 158.20843539151386 336
1740008932567 158.1769555197394 337
1740008932590 158.1454820947024 338
1740008932612 158.11401511506435 339
1740008932636 158.08255457948712 340
1740008932663 158.0511004866328 341
1740008932685 158.01965283516378 342
1740008932711 157.98821162374276 343
1740008932735 157.95677685103269 344
1740008932763 157.92534851569678 345
1740008932790 157.89392661639855 346
1740008932821 157.86251115180184 347
1740008932846 157.8311021205707 348
1740008932871 157.79969952136946 349
1740008932897 157.7683033528628 350
1740008932927 157.73691361371553 351
1740008932953 157.705530302593 352
1740008932980 157.67415341816056 353
1740008933004 157.642782959084 354
1740008933028 157.61141892402935 355
1740008933054 157.5800613116629 356
1740008933081 157.54871012065124 357
1740008933104 157.51736534966125 358
1740008933126 157.48602699736009 359
1740008933148 157.45469506241514 360
1740008933172 157.42336954349415 361
1740008933197 157.39205043926503 362
1740008933222 157.36073774839613 363
1740008933245 157.32943146955594 364
1740008933268 157.29813160141327 365
1740008933291 157.26683814263725 366
1740008933318 157.2355510918972 367
1740008933342 157.20427044786283 368
1740008933365 157.17299620920403 369
1740008933386 157.14172837459105 370
1740008933410 157.11046694269427 371
1740008933434 157.0792119121846 372
1740008933460 157.047963281733 373
1740008933484 157.0167210500108 374
1740008933508 156.9854852156896 375
1740008933535 156.9542557774413 376
1740008933559 156.923032733938 377
1740008933585 156.89181608385218 378
1740008933609 156.86060582585654 379
1740008933632 156.82940195862403 380
1740008933660 156.79820448082802 381
1740008933686 156.76701339114192 382
1740008933712 156.73582868823965 383
1740008933737 156.70465037079524 384
1740008933766 156.67347843748308 385
1740008933789 156.64231288697783 386
1740008933811 156.61115371795444 387
1740008933834 156.58000092908813 388
1740008933861 156.5488545190543 389
1740008933887 156.51771448652875 390
1740008933916 156.48658083018756 391
1740008933939 156.45545354870706 392
1740008933962 156.4243326407637 393
1740008933984 156.39321810503446 394
1740008934012 156.36210994019652 395
1740008934037 156.33100814492724 396
1740008934064 156.29991271790428 397
1740008934086 156.26882365780568 398
1740008934109 156.23774096330968 399
1740008934133 156.2066646330948 400
1740008934158 156.17559466583984 401
1740008934181 156.14453106022387 402
1740008934203 156.1134738149263 403
1740008934226 156.08242292862664 404
1740008934250 156.05137840000495 405
1740008934277 156.0203402277413 406
1740008934300 155.98930841051623 407
1740008934323 155.95828294701042 408
1740008934346 155.92726383590497 409
1740008934370 155.89625107588103 410
1740008934395 155.86524466562025 411
1740008934419 155.83424460380448 412
1740008934441 155.80325088911582 413
1740008934464 155.77226352023666 414
1740008934487 155.74128249584965 415
1740008934514 155.71030781463776 416
1740008934537 155.67933947528422 417
1740008934565 155.6483774764725 418
1740008934591 155.61742181688635 419
1740008934616 155.58647249520982 420
1740008934638 155.55552951012726 421
1740008934661 155.52459286032325 422
1740008934686 155.49366254448267 423
1740008934712 155.46273856129065 424
1740008934734 155.43182090943262 425
1740008934758 155.40090958759427 426
1740008934782 155.37000459446156 427
1740008934807 155.33910592872076 428
1740008934832 155.30821358905837 429
1740008934857 155.2773275741612 430
1740008934881 155.24644788271627 431
1740008934907 155.215574513411 432
1740008934933 155.18470746493293 433
1740008934957 155.15384673597006 434
1740008934979 155.12299232521048 435
1740008935001 155.0921442313426 436
1740008935026 155.0613024530552 437
1740008935052 155.03046698903722 438
1740008935074 154.99963783797796 439
1740008935096 154.96881499856698 440
1740008935119 154.93799846949406 441
1740008935142 154.90718824944926 442
1740008935167 154.876384337123 443
1740008935191 154.84558673120588 444
1740008935213 154.81479543038884 445
1740008935235 154.78401043336302 446
1740008935258 154.75323173881984 447
1740008935284 154.72245934545114 448
1740008935310 154.69169325194883 449
1740008935332 154.66093345700526 450
1740008935354 154.63017995931287 451
1740008935376 154.59943275756464 452
1740008935400 154.56869185045352 453
1740008935426 154.53795723667295 454
1740008935448 154.5072289149166 455
1740008935469 154.47650688387833 456
1740008935492 154.44579114225235 457
1740008935517 154.41508168873315 458
1740008935543 154.38437852201542 459
1740008935574 154.35368164079418 460
1740008935598 154.32299104376474 461
1740008935620 154.29230672962268 462
1740008935643 154.26162869706374 463
1740008935667 154.23095694478405 464
1740008935692 154.20029147148009 465
1740008935715 154.16963227584833 466
1740008935738 154.13897935658582 467
1740008935762 154.10833271238968 468
1740008935788 154.0776923419574 469
1740008935813 154.04705824398678 470
1740008935836 154.0164304171757 471
1740008935858 153.98580886022253 472
1740008935880 153.95519357182582 473
1740008935906 153.92458455068436 474
1740008935930 153.89398179549727 475
1740008935955 153.86338530496388 476
1740008935978 153.83279507778389 477
1740008936001 153.80221111265718 478
1740008936026 153.77163340828395 479
1740008936052 153.74106196336467 480
1740008936078 153.7104967766 481
1740008936159 153.67993784669105 482
1740008936185 153.649385172339 483
1740008936211 153.61883875224544 484
1740008936236 153.58829858511217 485
1740008936260 153.55776466964124 486
1740008936282 153.5272370045351 487
1740008936305 153.49671558849633 488
1740008936327 153.4662004202278 489
1740008936353 153.4356914984327 490
1740008936376 153.40518882181453 491
1740008936399 153.37469238907693 492
1740008936420 153.34420219892394 493
1740008936443 153.31371825005976 494
1740008936466 153.283240541189 495
1740008936489 153.2527690710164 496
1740008936512 153.22230383824703 497
1740008936534 153.1918448415863 498
1740008936557 153.16139207973964 499
