1739998592023 75.33474359651231 0
1739998592109 47.503368751694275 1
1739998592199 14.869595379473932 2
1739998592292 2.6932158748584474 3
1739998592389 1.0803778565108897 4
1739998592480 0.4594078319971924 5
1739998592569 0.7665860033636387 6
1739998592658 0.870819312994463 7
1739998592749 0.6396258567768532 8
1739998592837 0.5047329573794994 9
1739998592924 0.7008452973838374 10
1739998593012 0.019098785504026383 11
1739998593100 0.29455118302144784 12
1739998593188 0.39075174876007074 13
1739998593277 0.9927401707234976 14
1739998593366 0.9424793870439938 15
1739998593456 3.845289886299461e-05 16
1739998593544 0.9468594676985 17
1739998593630 0.346926675552761 18
1739998593720 0.5091799190888984 19
1739998593870 0.6441085786679284 20
1739998593955 0.14226028628295362 21
1739998594042 0.995208154157737 22
1739998594128 0.21355196923560013 23
1739998594216 1.3347687155417334 24
1739998594302 0.7846726984090542 25
1739998594389 1.2845546486569472 26
1739998594478 0.5266854684002225 27
1739998594566 0.21047979563990543 28
1739998594652 0.2416849306089213 29
1739998594744 0.6004509815301339 30
1739998594832 0.47907139992725895 31
1739998594937 0.320746242959935 32
1739998595026 0.1269183208080654 33
1739998595115 0.16252619371955887 34
1739998595202 0.0011321052745489133 35
1739998595290 1.3036441303374093 36
1739998595378 0.13083081488160725 37
1739998595472 0.02973315107852429 38
1739998595559 0.19656980299868618 39
1739998595646 0.10377268170234061 40
1739998595734 0.3855866704754772 41
1739998595821 1.5160428667059769 42
1739998595905 0.706398080330237 43
