1739983745961 6.603555389067556 0
1739983746009 6.5709957111408395 1
1739983746060 6.571545976370541 2
1739983746107 6.540674374353053 3
1739983746153 6.562664147494012 4
1739983746202 6.623027581522814 5
1739983746252 6.572404166566211 6
1739983746369 6.648581870371703 7
1739983746423 6.571251382714539 8
1739983746473 6.520197234311797 9
1739983746519 6.556048535633867 10
1739983746567 6.549209582488153 11
1739983746617 6.626649417628715 12
1739983746667 6.492478720350152 13
1739983746719 6.6089375654281834 14
1739983746773 6.569038791886648 15
1739983746824 6.5461722123180195 16
1739983746870 6.497012162748941 17
1739983746919 6.627908886180374 18
1739983746968 6.61429619777344 19
1739983747018 6.573108640887272 20
1739983747081 6.611225683850882 21
1739983747135 6.566331739077235 22
1739983747186 6.503524589602595 23
1739983747235 6.584528962403232 24
1739983747286 6.594941973674143 25
1739983747336 6.528072877497308 26
1739983747387 6.5500131842778035 27
1739983747436 6.542127773057385 28
1739983747486 6.568293574491074 29
1739983747536 6.543056554572477 30
1739983747585 6.679874925955535 31
1739983747633 6.532372370530999 32
1739983747685 6.5670990076667355 33
1739983747735 6.598815796072336 34
1739983747797 6.641853594126282 35
1739983747852 6.483480561524081 36
1739983747903 6.534879746253293 37
1739983747954 6.54329180212975 38
1739983748001 6.5532092658924785 39
1739983748052 6.55991458550021 40
1739983748102 6.498011157686109 41
1739983748153 6.570599325542727 42
1739983748202 6.581804322266126 43
1739983748251 6.548580880914191 44
1739983748302 6.583153548840455 45
1739983748351 6.56952810093145 46
1739983748400 6.615361918607514 47
1739983748451 6.688979180721169 48
1739983748501 6.560989927005162 49
1739983748557 6.558049509881555 50
1739983748606 6.531029037801116 51
1739983748659 6.6105633851935615 52
1739983748717 6.591088501359393 53
