1740015540336 169.15949537300654 0
1740015540362 168.82097777822898 1
1740015540394 168.48600149277183 2
1740015540420 168.15169326613008 3
1740015540448 167.81802865576947 4
1740015540473 167.48505263447475 5
1740015540502 167.1527406727418 6
1740015540527 166.8210914429495 7
1740015540551 166.49010362013527 8
1740015540576 166.159752977208 9
1740015540600 165.8300840949985 10
1740015540625 165.50107266040135 11
1740015540655 165.17271735903682 12
1740015540681 164.8449941502808 13
1740015540709 164.5179472728569 14
1740015540734 164.1915526009241 15
1740015540758 163.86580883060074 16
1740015540788 163.54071466061626 17
1740015540814 163.21624626095937 18
1740015540839 162.89244748736212 19
1740015540863 162.5692944255359 20
1740015540888 162.2467857846033 21
1740015540915 161.92489791718822 22
1740015540940 161.60367434402593 23
1740015540965 161.28309133424733 24
1740015540991 160.96314760728526 25
1740015541016 160.64384188513688 26
1740015541040 160.32515072628894 27
1740015541066 160.0071172772993 28
1740015541093 159.68971801408557 29
1740015541117 159.372951668852 30
1740015541195 159.05679497895255 31
1740015541248 158.7412907629408 32
1740015541273 158.4264156763733 33
1740015541298 158.11216846157993 34
1740015541326 157.7985478634087 35
1740015541352 157.48553082040604 36
1740015541376 157.17315978561615 37
1740015541401 156.8614116166959 38
1740015541426 156.55028506851795 39
1740015541452 156.23975725479045 40
1740015541476 155.92987030743 41
1740015541502 155.62060126001498 42
1740015541528 155.31194887736214 43
1740015541557 155.00391192676156 44
1740015541589 154.6964677185213 45
1740015541615 154.38965802757258 46
1740015541640 154.0834600849861 47
1740015541665 153.77787266789684 48
1740015541690 153.4728732581316 49
1740015541719 153.16850331625636 50
1740015541745 152.86474024560763 51
1740015541769 152.56158283308667 52
1740015541793 152.259008730396 53
1740015541820 151.95705908679238 54
1740015541844 151.65571147622992 55
1740015541869 151.35496469529778 56
1740015541893 151.05481754299487 57
1740015541920 150.7552478610712 58
1740015541946 150.45629645396895 59
1740015541973 150.1579410865603 60
1740015541999 149.86018056743538 61
1740015542026 149.5629929046651 62
1740015542051 149.26641859798184 63
1740015542075 148.9704355793082 64
1740015542104 148.67504266674908 65
1740015542133 148.380218033092 66
1740015542163 148.0860018763439 67
1740015542251 147.7923722938685 68
1740015542280 147.49932811320915 69
1740015542306 147.206847670278 70
1740015542330 146.9149708643188 71
1740015542358 146.62367595653893 72
1740015542384 146.33296178384458 73
1740015542408 146.0428068436922 74
1740015542433 145.7532507395029 75
1740015542462 145.46427189474184 76
1740015542486 145.1758691556035 77
1740015542511 144.8880211795198 78
1740015542536 144.60076727700798 79
1740015542562 144.3140860322172 80
1740015542586 144.0279763005558 81
1740015542610 143.74241689787434 82
1740015542635 143.45744684468335 83
1740015542660 143.17304488425367 84
1740015542688 142.88920988113387 85
1740015542714 142.60592080804807 86
1740015542744 142.32321639837537 87
1740015542769 142.04107555295798 88
1740015542795 141.75949714541164 89
1740015542820 141.47846030380023 90
1740015542852 141.19800347722554 91
1740015542876 140.91810572256247 92
1740015542903 140.63876592242124 93
1740015542929 140.35996335868325 94
1740015542956 140.0817361990061 95
1740015542981 139.80406365476978 96
1740015543007 139.5269446175072 97
1740015543032 139.2503585214064 98
1740015543057 138.9743432554927 99
1740015543081 138.69887818413517 100
1740015543105 138.42396220771806 101
1740015543137 138.14957491123656 102
1740015543165 137.87575390787444 103
1740015543192 137.60247871348554 104
1740015543217 137.3297482372345 105
1740015543248 137.0575422134354 106
1740015543273 136.7858979822007 107
1740015543298 136.51479520937542 108
1740015543324 136.24423281283458 109
1740015543351 135.97419067473385 110
1740015543376 135.70470586486402 111
1740015543400 135.43575819757908 112
1740015543425 135.16732768498292 113
1740015543450 134.89945115580963 114
1740015543475 134.63210855490766 115
1740015543501 134.3652988152282 116
1740015543529 134.0990020940608 117
1740015543555 133.83325495477547 118
1740015543582 133.5680374880648 119
1740015543612 133.30334863540003 120
1740015543645 133.0391686978103 121
1740015543670 132.77553397599365 122
1740015543696 132.5124247050357 123
1740015543721 132.2498398348597 124
1740015543748 131.98775980879867 125
1740015543779 131.72622066755113 126
1740015543806 131.46520278915523 127
1740015543835 131.2046867427663 128
1740015543868 130.94470833571722 129
1740015543897 130.6852480724007 130
1740015543925 130.42630491736887 131
1740015543957 130.16785957949736 132
1740015543985 129.90994761094302 133
1740015544013 129.6525496564588 134
1740015544045 129.39566468886431 135
1740015544077 129.1392735553502 136
1740015544105 128.88341155551367 137
1740015544134 128.62805947305773 138
1740015544166 128.3732162890034 139
1740015544196 128.1188629874615 140
1740015544221 127.86503461806635 141
1740015544246 127.6117121020716 142
1740015544271 127.35887654539901 143
1740015544296 127.10656277179577 144
1740015544320 126.85475182484502 145
1740015544346 126.60344269976278 146
1740015544373 126.35261663687791 147
1740015544398 126.10230821466754 148
1740015544423 125.85249861174375 149
1740015544450 125.60316918837373 150
1740015544480 125.35435430064432 151
1740015544518 125.10603524761821 152
1740015544613 124.85821103850841 153
1740015544708 124.6108631655089 154
1740015544742 124.36402574406848 155
1740015544780 124.11768020578998 156
1740015544808 123.87182556779683 157
1740015544840 123.62644345286277 158
1740015544871 123.38156773830649 159
1740015544899 123.13717998691953 160
1740015544926 122.89326193856238 161
1740015544962 122.64984725348329 162
1740015544989 122.40691761206307 163
1740015545017 122.16447204511661 164
1740015545048 121.92249242065402 165
1740015545081 121.6810121653323 166
1740015545109 121.44001308828256 167
1740015545137 121.19947717279094 168
1740015545170 120.9594376318259 169
1740015545200 120.719876390291 170
1740015545228 120.48079249250151 171
1740015545255 120.24216804749501 172
1740015545291 120.00403603912837 173
1740015545323 119.76637851864879 174
1740015545352 119.52917770858303 175
1740015545380 119.2924663824372 176
1740015545407 119.05622670543792 177
1740015545432 118.82044101280049 178
1740015545456 118.58514186918137 179
1740015545481 118.35031155298337 180
1740015545506 118.11594912748231 181
1740015545531 117.88203705021732 182
1740015545555 117.6486076631432 183
1740015545584 117.41564336756738 184
1740015545610 117.18312673196442 185
1740015545637 116.95108989271448 186
1740015545665 116.71951536254198 187
1740015545697 116.48840221777034 188
1740015545721 116.25773314687582 189
1740015545746 116.02754006787497 190
1740015545772 115.79780561406669 191
1740015545800 115.56851258313256 192
1740015545824 115.33969269074663 193
1740015545848 115.11132867988869 194
1740015545873 114.8834196397478 195
1740015545898 114.65594848571563 196
1740015545923 114.42894671938389 197
1740015545947 114.2023972020074 198
1740015545974 113.9762829564757 199
1740015546001 113.75063528522789 200
1740015546025 113.52543715748648 201
1740015546050 113.3006717028721 202
1740015546081 113.07637002610943 203
1740015546107 112.85251520361935 204
1740015546136 112.62910634265977 205
1740015546162 112.4061266872843 206
1740015546188 112.18360713426566 207
1740015546212 111.96153087501132 208
1740015546237 111.73988125863103 209
1740015546262 111.5186889873126 210
1740015546287 111.29793735798111 211
1740015546312 111.0776098240495 212
1740015546337 110.85773689453319 213
1740015546364 110.63830197111936 214
1740015546390 110.41928861077533 215
1740015546416 110.20072713074885 216
1740015546441 109.98260103673785 217
1740015546472 109.76490945895439 218
1740015546497 109.547636064591 219
1740015546523 109.33081097082058 220
1740015546549 109.11441779410559 221
1740015546577 108.8984403035596 222
1740015546601 108.6829084276398 223
1740015546626 108.46780588518045 224
1740015546651 108.25311654648097 225
1740015546676 108.03887015266233 226
1740015546701 107.82505052419282 227
1740015546725 107.61164163182652 228
1740015546752 107.39867303072013 229
1740015546777 107.18612864224232 230
1740015546802 106.97400761896814 231
1740015546826 106.76229403777107 232
1740015546858 106.55101726142013 233
1740015546882 106.34016131792863 234
1740015546907 106.129710383032 235
1740015546932 105.91969363651113 236
1740015546958 105.71009520568153 237
1740015546982 105.50089936442266 238
1740015547007 105.29213511087461 239
1740015547033 105.08378667093464 240
1740015547059 104.87583841591234 241
1740015547083 104.66831916364671 242
1740015547107 104.4612132379005 243
1740015547152 104.25450510670339 244
1740015547184 104.04822340892567 245
1740015547210 103.84235256548311 246
1740015547237 103.63689175568572 247
1740015547266 103.43182554873613 248
1740015547292 103.22718240038317 249
1740015547318 103.02294683322366 250
1740015547344 102.81910351163695 251
1740015547372 102.61568071528761 252
1740015547398 102.4126630623767 253
1740015547424 102.21003531176301 254
1740015547451 102.00782556833536 255
1740015547478 101.80601854519946 256
1740015547503 101.60459909500052 257
1740015547528 101.40359514915257 258
1740015547560 101.20299151497042 259
1740015547588 101.00277313819635 260
1740015547614 100.80296777806349 261
1740015547639 100.60356033540411 262
1740015547673 100.40453584837213 263
1740015547701 100.2059219053063 264
1740015547730 100.00770349986861 265
1740015547757 99.80986576194307 266
1740015547785 99.61243611025338 267
1740015547810 99.41539963060737 268
1740015547836 99.2187415439414 269
1740015547862 99.02248910063636 270
1740015547888 98.82662747796577 271
1740015547914 98.63115589533223 272
1740015547940 98.43605966733796 273
1740015547968 98.24136587531697 274
1740015547995 98.047059790691 275
1740015548020 97.85312681764583 276
1740015548047 97.65959387191776 277
1740015548078 97.46644631492035 278
1740015548104 97.27366963975744 279
1740015548132 97.08129059781695 280
1740015548159 96.88929463983644 281
1740015548188 96.69766734717622 282
1740015548216 96.506435308118 283
1740015548241 96.31558406205947 284
1740015548267 96.12509927795954 285
1740015548294 95.93500738222876 286
1740015548321 95.74529400226487 287
1740015548347 95.55594489397117 288
1740015548375 95.36698632311543 289
1740015548404 95.17840400443885 290
1740015548431 94.99018378013866 291
1740015548458 94.80235175656114 292
1740015548487 94.6148937351383 293
1740015548512 94.4277956437145 294
1740015548538 94.24108343042896 295
1740015548567 94.05474298275546 296
1740015548598 93.86876031354241 297
1740015548624 93.68316121392947 298
1740015548650 93.49793165678683 299
1740015548680 93.3130577393275 300
1740015548710 93.12856509689234 301
1740015548735 92.94443978710635 302
1740015548764 92.76066799091122 303
1740015548803 92.57727518904291 304
1740015548836 92.39424752324321 305
1740015548863 92.21157125755026 306
1740015548890 92.02927171928243 307
1740015548922 91.84733513366375 308
1740015548947 91.66574784720027 309
1740015548972 91.48453503497315 310
1740015548998 91.30368300505792 311
1740015549024 91.12317818580343 312
1740015549049 90.94304560122744 313
1740015549075 90.76327164162977 314
1740015549103 90.58384281658053 315
1740015549133 90.40478400020129 316
1740015549161 90.22608166439241 317
1740015549187 90.0477223993274 318
1740015549218 89.869730930392 319
1740015549249 89.69208118979188 320
1740015549276 89.51479775088788 321
1740015549303 89.33786724699283 322
1740015549334 89.16127642788021 323
1740015549359 88.98504972029023 324
1740015549385 88.80917383739266 325
1740015549415 88.63363560783628 326
1740015549444 88.45845931288297 327
1740015549469 88.28363174494902 328
1740015549495 88.10913981095379 329
1740015549524 87.9350076478166 330
1740015549550 87.76122212659338 331
1740015549575 87.58777023187284 332
1740015549602 87.4146759573609 333
1740015549629 87.24192625214984 334
1740015549656 87.0695081778998 335
1740015549681 86.89744558622618 336
1740015549712 86.72572550365763 337
1740015549740 86.55433506833131 338
1740015549765 86.3832979908886 339
1740015549792 86.21260137469795 340
1740015549821 86.0422324337825 341
1740015549848 85.87221473891965 342
1740015549874 85.70253546972462 343
1740015549900 85.53318191551887 344
1740015549934 85.36417750831957 345
1740015549960 85.1954975423714 346
1740015549985 85.02716530428562 347
1740015550012 84.85916812623422 348
1740015550041 84.69149344836386 349
1740015550067 84.52416442054667 350
1740015550092 84.35716844953848 351
1740015550119 84.19049304913622 352
1740015550150 84.02416123355937 353
1740015550176 83.85816048356703 354
1740015550202 83.6924783860316 355
1740015550232 83.52713782059969 356
1740015550258 83.36212634145687 357
1740015550287 83.19743160797918 358
1740015550317 83.03307636631433 359
1740015550348 82.86904824350052 360
1740015550394 82.70533497084905 361
1740015550421 82.5419591620764 362
1740015550449 82.37889697270279 363
1740015550474 82.21617087523809 364
1740015550500 82.05376864366336 365
1740015550527 81.89167815455245 366
1740015550553 81.72992174994543 367
1740015550579 81.5684872750643 368
1740015550606 81.40736267682107 369
1740015550633 81.24657016783667 370
1740015550660 81.08609766401271 371
1740015550685 80.92593318204325 372
1740015550711 80.7660988061747 373
1740015550738 80.60658252243022 374
1740015550764 80.44737241673296 375
1740015550791 80.28849044599345 376
1740015550819 80.12991345683086 377
1740015550848 79.97166326832992 378
1740015550875 79.81372800893922 379
1740015550901 79.65609590536847 380
1740015550930 79.49878865127984 381
1740015550958 79.341794443673 382
1740015550983 79.18510157693062 383
1740015551009 79.02873162031425 384
1740015551045 78.87267283882868 385
1740015551071 78.71691359398861 386
1740015551097 78.56147533167106 387
1740015551126 78.40634638434312 388
1740015551159 78.25151518011384 389
1740015551188 78.09700304248582 390
1740015551214 77.9427874848271 391
1740015551244 77.78888969610655 392
1740015551271 77.63529814681833 393
1740015551297 77.48200140149997 394
1740015551326 77.32902052861239 395
1740015551359 77.17634406458181 396
1740015551385 77.02396063902394 397
1740015551412 76.87189120088561 398
1740015551437 76.72012435199417 399
1740015551463 76.56864878651749 400
1740015551489 76.41748533487633 401
1740015551514 76.26661202905277 402
1740015551541 76.11604956748734 403
1740015551567 75.96578668662542 404
1740015551593 75.81581221368548 405
1740015551619 75.66614673041208 406
1740015551649 75.51677903715282 407
1740015551676 75.36769802419303 408
1740015551703 75.21892415755353 409
1740015551729 75.07043585181614 410
1740015551769 74.92225344288067 411
1740015551796 74.77436586323324 412
1740015551821 74.6267621337534 413
1740015551848 74.4794624764205 414
1740015551878 74.33245588614666 415
1740015551904 74.18573144541553 416
1740015551930 74.03930926324257 417
1740015551958 73.89317839645487 418
1740015551985 73.74732798863398 419
1740015552011 73.60177803678238 420
1740015552037 73.45650744907576 421
1740015552064 73.31153609485757 422
1740015552090 73.16685315980672 423
1740015552116 73.02244791484233 424
1740015552144 72.87834011906305 425
1740015552172 72.73451901861664 426
1740015552197 72.59097394408737 427
1740015552223 72.44772454526446 428
1740015552251 72.30475009505417 429
1740015552279 72.1620701173805 430
1740015552305 72.0196739848512 431
1740015552332 71.87755115301844 432
1740015552363 71.73572103823932 433
1740015552394 71.59417307216637 434
1740015552421 71.45289676860585 435
1740015552447 71.31191143726811 436
1740015552480 71.171196708376 437
1740015552506 71.03077176754135 438
1740015552532 70.89062617052123 439
1740015552559 70.75074955375592 440
1740015552585 70.61116099792781 441
1740015552612 70.47185011643619 442
1740015552638 70.3328066025859 443
1740015552666 70.19404943303492 444
1740015552692 70.05555858802116 445
1740015552718 69.91735292184399 446
1740015552743 69.77942216968754 447
1740015552772 69.64175614519236 448
1740015552816 69.50437360032578 449
1740015552888 69.36725475045615 450
1740015552917 69.23041822631511 451
1740015552943 69.09385388337836 452
1740015552969 68.95755165414266 453
1740015552996 68.821530068684 454
1740015553021 68.68577903785 455
1740015553047 68.5502885487525 456
1740015553074 68.41507703169258 457
1740015553100 68.28012504023029 458
1740015553130 68.14545088512763 459
1740015553159 68.01104459526195 460
1740015553188 67.87689627436026 461
1740015553215 67.74302413506176 462
1740015553240 67.6094182602689 463
1740015553266 67.47606880698947 464
1740015553298 67.3429938906061 465
1740015553325 67.21017439585916 466
1740015553351 67.07762832026295 467
1740015553379 66.94534586252219 468
1740015553409 66.81331729405318 469
1740015553439 66.68156051674153 470
1740015553465 66.55005663883205 471
1740015553494 66.41882344542226 472
1740015553521 66.2878512495831 473
1740015553548 66.15713043571624 474
1740015553574 66.02667869490325 475
1740015553601 65.89648639205878 476
1740015553627 65.76654396270418 477
1740015553654 65.63686900474768 478
1740015553679 65.50744294625423 479
1740015553707 65.37828326997305 480
1740015553733 65.24938045301325 481
1740015553758 65.12072504173022 482
1740015553791 64.99233442728887 483
1740015553819 64.86419025424642 484
1740015553850 64.73630979966312 485
1740015553880 64.60868365144097 486
1740015553910 64.48130246538051 487
1740015553937 64.35418342853175 488
1740015553964 64.22730839921829 489
1740015553991 64.10069445142983 490
1740015554017 63.97433228247281 491
1740015554043 63.84821265621734 492
1740015554069 63.7223525582022 493
1740015554099 63.59674273462328 494
1740015554128 63.47137399754343 495
1740015554156 63.34626324486119 496
1740015554183 63.221392639332194 497
1740015554221 63.09677896736705 498
1740015554249 62.972413082470005 499
