1739999991753 3.9820370507127256 0
1739999991843 0.43891635683331015 1
1739999991932 0.2052883040316631 2
1739999992017 0.3476954951974824 3
1739999992106 0.09014907842215844 4
1739999992190 1.1104504736639214 5
1739999992283 0.24254596939434236 6
1739999992372 0.6066372833256076 7
1739999992459 0.5934750842254563 8
1739999992548 0.4028489708629892 9
1739999992635 0.5842682817127808 10
1739999992721 0.05576320203411915 11
1739999992814 1.30314652727094 12
1739999992904 0.33216366348650833 13
1739999992999 1.2706592534142738 14
1739999993089 1.2117589484169302 15
1739999993177 0.5783007793357833 16
1739999993263 0.7429834580014828 17
1739999993351 0.3947785315289007 18
1739999993439 0.5507578556142086 19
1739999993525 0.9101617289838123 20
1739999993612 0.07296244957558962 21
1739999993697 0.7214185626215646 22
1739999993799 1.3218722705274593 23
1739999993942 0.38919480487089914 24
1739999994028 1.291984662080737 25
1739999994114 0.9603331876549988 26
1739999994202 0.6561373063980296 27
1739999994290 0.6309101450157191 28
1739999994387 0.5034622996118067 29
1739999994473 0.6601093294724606 30
1739999994560 0.30679582853516796 31
1739999994646 0.4690274928671524 32
1739999994731 0.02171480861643224 33
1739999994819 0.16091119661898617 34
1739999994904 1.0903283609638372 35
1739999994989 0.13277432810893916 36
1739999995075 0.22655233438864317 37
1739999995166 0.22909413473397075 38
1739999995261 0.41791933033497813 39
1739999995347 0.5920322474335225 40
1739999995432 0.14850993404545249 41
1739999995519 0.6252242926242829 42
1739999995605 0.3412865166403532 43
1739999995690 1.9131664626057228 44
1739999995780 0.2777022824164252 45
1739999995867 0.29806448273685227 46
1739999995953 0.306191246452843 47
1739999996038 0.1895177025147427 48
1739999996125 0.16963980939153503 49
1739999996209 0.3599598440261644 50
1739999996294 0.33012233017672893 51
1739999996387 0.9322352584835611 52
1739999996472 1.1014991727051198 53
1739999996563 0.18690705096550944 54
1739999996647 0.013464778831675472 55
1739999996732 0.6421152000291706 56
1739999996822 0.8318831648536836 57
1739999996905 0.4650412401992279 58
1739999996991 0.23846563392984224 59
1739999997076 1.5664554536520117 60
1739999997161 0.8558003353215535 61
1739999997249 0.7471444728829144 62
1739999997334 0.6000035600594392 63
1739999997420 0.9558165039870044 64
1739999997505 0.8186930085655593 65
1739999997592 0.06530638609050184 66
1739999997678 0.18333838364931593 67
1739999997767 0.3211445705902076 68
1739999997854 0.02478456710133862 69
1739999997939 1.0597496248766953 70
1739999998024 0.46470236610688986 71
1739999998111 0.8697499424124481 72
1739999998197 1.2531841165337787 73
1739999998281 0.21888509246283486 74
1739999998367 0.12154530729324245 75
1739999998458 0.21617271147918365 76
1739999998542 0.3923279160749485 77
1739999998630 0.42215352998618516 78
1739999998716 0.6321246780916467 79
1739999998804 1.2702560833408272 80
1739999998889 0.12108677205481298 81
1739999998976 0.0014573385870620603 82
1739999999063 0.471384142353866 83
1739999999150 1.0163303561077162 84
1739999999237 0.000500448676514984 85
1739999999324 0.694533381877058 86
1739999999410 0.4616075672675427 87
1739999999498 0.3865064483410916 88
1739999999585 1.4184030796253442 89
1739999999671 0.800484231831117 90
1739999999763 0.8294851869670492 91
1739999999850 0.11660710099011727 92
1739999999936 0.19809290260361045 93
1740000000024 0.8217605532536087 94
1740000000111 0.48708541094903934 95
1740000000196 0.8863333662826834 96
1740000000281 0.2964643054763789 97
1740000000367 0.48664719151696134 98
1740000000455 1.255968110275983 99
1740000000539 0.5768915991812698 100
1740000000628 0.6520762207897429 101
1740000000714 0.09889283200578365 102
1740000000801 1.1052841033910714 103
1740000000886 0.741125253372058 104
1740000000971 0.36473032930109844 105
1740000001056 0.29294095932656267 106
1740000001140 0.38568752174865695 107
1740000001227 0.01876862552822334 108
1740000001313 1.7012096456585293 109
1740000001398 0.18116896670619365 110
1740000001483 0.5389875080047419 111
1740000001572 0.6118762061772014 112
1740000001659 0.0008161716063713767 113
1740000001749 1.128462547759638 114
1740000001835 0.48748478224065633 115
1740000001921 0.9073040819288434 116
1740000002006 0.5332472676667288 117
1740000002090 0.2965792328142238 118
1740000002175 0.1573992816967971 119
1740000002262 0.006434485891351124 120
1740000002349 0.551147254753653 121
1740000002435 0.3985817513524928 122
1740000002528 0.2023279337731121 123
1740000002679 0.6121877230122961 124
1740000002769 0.437584470509031 125
1740000002856 0.16104005974627078 126
1740000002940 1.262312504695957 127
1740000003026 0.29750635750898813 128
1740000003112 0.98622944958604 129
1740000003199 0.1264866795317274 130
1740000003287 0.466453571973067 131
1740000003374 0.21443976684626495 132
1740000003463 1.1590188857730352 133
1740000003548 0.06433200576133849 134
1740000003635 0.379255311681317 135
1740000003721 0.27269128969190426 136
1740000003812 0.6255300959261266 137
1740000003898 0.132109968360126 138
1740000003984 1.1629702465877763 139
1740000004069 0.07615138401738686 140
1740000004155 0.48582719696461435 141
1740000004241 2.451419769680302 142
1740000004325 0.04412624218136045 143
1740000004410 0.7953366674110535 144
1740000004502 0.5929849029591605 145
1740000004589 0.3510329443867096 146
1740000004673 0.9421502639867062 147
1740000004766 0.9649242792030122 148
1740000004858 0.9299961936556063 149
1740000004945 0.7472987574965734 150
1740000005030 0.17743919285795418 151
1740000005115 0.7611024146492684 152
1740000005199 0.20651699416918945 153
1740000005299 0.005237805934904095 154
1740000005388 0.18071434424523736 155
1740000005473 0.09329195603244098 156
1740000005562 1.0909588474429364 157
1740000005646 0.6095021556500188 158
1740000005734 0.156952563189029 159
1740000005822 0.20892535640878213 160
1740000005910 0.922678689500367 161
1740000005995 0.5493226357071218 162
1740000006081 0.7046908280865459 163
1740000006167 0.009707067239191649 164
1740000006255 0.44963682807422994 165
1740000006342 0.7812325797963732 166
1740000006428 0.24232856874255165 167
1740000006513 0.8009414525809181 168
1740000006606 1.2013329594812892 169
1740000006691 0.9382835958276459 170
1740000006830 0.1250099168350018 171
1740000006931 0.015023841152626468 172
1740000007029 0.16865761419501288 173
1740000007122 0.002549085622095165 174
1740000007221 0.6414315294778662 175
1740000007315 0.1591542474362662 176
1740000007407 0.9084939430951052 177
1740000007512 1.5894450329069483 178
1740000007608 1.5738025831735536 179
1740000007702 0.4189823557779382 180
1740000007798 1.141528410141733 181
1740000007890 0.18697852672557677 182
1740000007986 0.39566737464475293 183
1740000008083 1.5527532730664173 184
1740000008179 0.6744917763262341 185
1740000008277 0.525691122643271 186
1740000008370 1.4751905884325875 187
1740000008465 0.6396656074805558 188
1740000008564 0.3250118204951565 189
1740000008656 1.5632677357813094 190
1740000008746 0.29833663507669406 191
1740000008839 0.1285815810562601 192
1740000008974 1.3975565237458494 193
1740000009071 1.9695087183057929 194
1740000009167 0.30389957206354656 195
1740000009265 0.2287151187395074 196
1740000009355 0.9554670615591215 197
1740000009446 0.033494566541043776 198
1740000009540 0.00010649435583393315 199
1740000009633 0.4683857416091928 200
1740000009727 1.0127050237819135 201
1740000009828 0.39275525535212163 202
1740000009920 0.3722267232010658 203
1740000010015 0.07647202622010847 204
1740000010113 0.015843671242820007 205
1740000010202 0.22995488771809316 206
1740000010296 0.5413497306891736 207
1740000010388 0.2268495553705798 208
1740000010481 0.4003851497941564 209
1740000010571 0.414495211527686 210
1740000010670 0.4511093459915581 211
1740000010765 0.3861859280951019 212
1740000010857 0.6656416942709387 213
1740000010948 0.5295018687703512 214
1740000011040 0.002396149965792881 215
1740000011134 0.7543183271730856 216
1740000011229 0.7099285073453234 217
1740000011326 0.053935004426192736 218
1740000011416 0.05939213823177353 219
1740000011507 0.9530850323399812 220
1740000011598 0.4252631197087704 221
1740000011687 0.4105743429655706 222
1740000011782 0.1492270943458234 223
1740000011875 0.7360656476388912 224
1740000011964 0.7344842466046214 225
1740000012060 1.569795158621615 226
1740000012153 0.9621785182543023 227
1740000012245 0.7148170584141499 228
1740000012338 0.7057383715308624 229
1740000012433 0.7342777447379618 230
1740000012523 0.0030176795258870744 231
1740000012610 0.7210913613034318 232
1740000012702 0.7949635598368722 233
1740000012792 0.1097324635541833 234
1740000012879 0.5663116937770509 235
1740000012968 0.4103334527495574 236
1740000013054 0.3517129617956043 237
1740000013140 0.7148255939435371 238
1740000013227 0.9415568540855009 239
1740000013313 0.1520515155240651 240
1740000013399 0.8919258054252287 241
1740000013484 0.3330384495851524 242
1740000013571 0.705508268707191 243
1740000013655 0.5753299873314625 244
1740000013742 0.26872933483994005 245
1740000013831 2.419715244388833 246
1740000013916 0.19842282414961318 247
1740000014001 0.1565113940979367 248
1740000014091 0.33453849816431924 249
1740000014179 0.014435717071654214 250
1740000014270 0.5885422677187098 251
1740000014356 0.26424763517602556 252
1740000014442 0.0013205568957717333 253
1740000014531 0.4999876356139941 254
1740000014617 1.353696221569574 255
1740000014708 0.07799865586403804 256
1740000014906 1.1377418245022983 257
1740000014994 0.27891338277137695 258
1740000015081 0.1586119857023456 259
1740000015166 2.0524632764822597 260
1740000015255 0.9396177863076633 261
1740000015345 0.22916411142578097 262
1740000015446 1.008051730060111 263
1740000015533 0.327341239567204 264
1740000015621 0.6577925609510997 265
1740000015707 1.6223618408606646 266
1740000015795 0.5031437206714667 267
1740000015879 0.6367482449864217 268
1740000015966 0.4098248332544005 269
1740000016052 0.949786107176779 270
1740000016137 2.449546849410137 271
1740000016223 0.8327076447100112 272
1740000016310 0.15011853352590648 273
1740000016395 0.34699090226503837 274
1740000016480 0.5850843169613283 275
1740000016568 0.9461695631983181 276
1740000016654 0.8205069651084753 277
1740000016747 0.46359147673198026 278
1740000016835 0.02313873973963646 279
1740000016919 0.21587847218791945 280
1740000017005 0.31707495862450835 281
1740000017096 0.5981032177941613 282
1740000017181 0.7929123424394772 283
1740000017270 0.1912173900161244 284
1740000017367 0.7463779158591687 285
1740000017464 0.03494905699302369 286
1740000017566 0.25961708919486 287
1740000017662 0.03402871363482995 288
1740000017757 0.9400917217902054 289
1740000017845 0.02295782327573183 290
1740000017930 0.20689937646391862 291
1740000018015 0.0885201595008279 292
1740000018108 0.19324878024247288 293
1740000018194 0.6387160838673892 294
1740000018279 0.17584769328347277 295
1740000018367 0.17704470709704287 296
1740000018451 0.48622450866065087 297
1740000018537 0.45035603961279314 298
1740000018622 1.1343291367390698 299
1740000018707 0.5253337888637566 300
1740000018806 1.207646154511296 301
1740000018892 0.522387182596399 302
1740000018977 0.6542725626649462 303
1740000019061 0.11823000894704876 304
1740000019147 1.008558286548938 305
1740000019234 0.10557777791179618 306
1740000019320 0.7990536520816505 307
1740000019405 2.1889509895922865 308
1740000019490 1.447989539661528 309
1740000019576 0.0025147318426497972 310
1740000019661 0.25501260128570835 311
1740000019748 1.868895198885557 312
1740000019839 0.8640508066937685 313
1740000019924 1.0501830754673636 314
1740000020008 0.6127881268848026 315
1740000020093 0.3225023489827099 316
1740000020178 0.3571399232272758 317
1740000020263 0.18203190633820945 318
1740000020349 0.8835077633242893 319
1740000020436 0.30667874890901825 320
1740000020525 0.3836228676848887 321
1740000020611 0.37381808810637873 322
1740000020696 0.30264777555798744 323
1740000020783 1.4072440708052534 324
1740000020873 0.02915352381134292 325
1740000020959 0.2229170196624038 326
1740000021044 0.6152548904915562 327
1740000021130 2.5879779571456725 328
1740000021217 0.19215314505343167 329
1740000021304 0.32563288344451846 330
1740000021389 0.18331435014443997 331
1740000021475 0.7801497662466309 332
1740000021561 0.44923751320384164 333
1740000021649 0.10052127997001724 334
1740000021734 0.18406247174886978 335
1740000021828 0.6290977883848893 336
1740000021913 0.3117227300309733 337
1740000021999 0.6354073405805505 338
1740000022083 0.01710466291466647 339
1740000022169 1.0280724579370935 340
1740000022254 0.34510393753453 341
1740000022339 0.02021845637372832 342
1740000022423 0.5676528052553286 343
1740000022509 0.007434215386885895 344
1740000022596 0.6611075039250408 345
1740000022681 0.8923920913971745 346
1740000022770 0.1778554544027289 347
1740000022859 1.0727847705639382 348
1740000022944 0.1563884753128665 349
1740000023029 0.3608962045756689 350
1740000023116 0.14202948419391662 351
1740000023201 0.4433263416473739 352
1740000023288 0.8777475998558626 353
1740000023373 1.1686319166129369 354
1740000023461 0.7050369285722364 355
1740000023548 1.3202624664162763 356
1740000023636 0.9492753735897905 357
1740000023723 0.6110289946805944 358
1740000023810 0.04928307701589097 359
1740000023896 0.6188957690752396 360
1740000023984 0.79991919325612 361
1740000024068 0.09756881408374925 362
1740000024155 0.20252482213515238 363
1740000024241 1.0292185403832108 364
1740000024328 0.6386559544035836 365
1740000024412 0.44833555552426524 366
1740000024497 0.205269125382771 367
1740000024585 0.5189268146930233 368
1740000024671 0.05153409997381083 369
1740000024762 0.42509962252959943 370
1740000024851 1.4376592642449937 371
1740000024940 0.10497860030622144 372
1740000025028 0.013723163091639456 373
1740000025112 0.4683697021300926 374
1740000025197 1.0701346314732294 375
1740000025285 0.33774589179591963 376
1740000025369 0.3120328905806629 377
1740000025460 0.21563160814946755 378
1740000025561 0.5500738990952917 379
1740000025648 0.5531353211316039 380
1740000025732 0.07714073877750711 381
1740000025819 0.9040507845377108 382
1740000025904 0.45797189961613993 383
1740000025989 1.1001299692393185 384
1740000026075 0.9645811331271928 385
1740000026162 0.18983736937083537 386
1740000026246 0.28989482904498803 387
1740000026333 0.08017864490806485 388
1740000026420 1.1997685047640734 389
1740000026506 0.374434965351765 390
1740000026595 1.2977092803214056 391
1740000026683 0.16026299327646926 392
1740000026771 1.1378652661420685 393
1740000026858 0.9939635438555797 394
1740000026951 0.5844561194669813 395
1740000027041 0.5961163366391394 396
1740000027131 0.32459070171991566 397
1740000027218 0.5899314848268266 398
1740000027308 0.4665008392696305 399
1740000027396 0.09740548462343972 400
1740000027481 0.5052068421885285 401
1740000027568 2.1091895845502555 402
1740000027655 0.73600327630681 403
1740000027750 0.6467089578730906 404
1740000027836 0.5527187090975832 405
1740000027923 0.1616564126785492 406
1740000028008 0.0018915919335860505 407
1740000028092 0.15571697903759557 408
1740000028177 0.3169813969197364 409
1740000028266 0.3103990212017978 410
1740000028352 1.1622924965581545 411
1740000028434 0.011062630037111503 412
1740000028521 0.44531435034021843 413
1740000028609 0.5255506533152237 414
1740000028694 0.39853308972020046 415
1740000028786 0.7175872375412082 416
1740000028884 0.16501477794325636 417
1740000028974 0.7051138503362225 418
1740000029059 0.9091541571820977 419
1740000029144 0.038163225877464235 420
1740000029230 0.44922381337443473 421
1740000029317 0.3369756422223465 422
1740000029401 0.06363487254574726 423
1740000029487 0.21930447908783343 424
1740000029574 0.5002510783889739 425
1740000029661 0.8234061229897854 426
1740000029747 0.012345928514594137 427
1740000029834 1.1421024382582499 428
1740000029918 0.7439781000930396 429
1740000030004 0.3030650634511187 430
1740000030130 0.3020951983099955 431
1740000030220 0.21838530898024816 432
1740000030306 0.6648107366702772 433
1740000030391 0.15515755109402746 434
1740000030476 0.2327629815042497 435
1740000030562 0.09197028109112498 436
1740000030648 1.1081661053713268 437
1740000030735 0.21902009520092486 438
1740000030826 0.4704880097840141 439
1740000030913 0.3433825146073608 440
1740000031005 0.045320373841535956 441
1740000031091 0.4340500999598426 442
1740000031176 0.07111410997501215 443
1740000031263 0.4547514269011635 444
1740000031354 0.2445438733208052 445
1740000031440 0.32080580264241326 446
1740000031525 0.7932900413938142 447
1740000031614 0.3839139768645729 448
1740000031699 0.3892040236135702 449
1740000031786 0.8214050138866612 450
1740000031872 0.17991580466452026 451
1740000031956 0.6953419571903742 452
1740000032042 1.233218556326601 453
1740000032127 1.5922237350243693 454
1740000032210 0.0006359270381169493 455
1740000032296 0.7299948078779044 456
1740000032381 0.48152732802308723 457
1740000032468 1.5724423525332962 458
1740000032555 0.6625591960409196 459
1740000032641 0.020675139840558326 460
1740000032725 0.7790795895879425 461
1740000032811 0.19164539768745345 462
1740000032897 0.8773857258799116 463
1740000032982 0.12059928964538773 464
1740000033070 0.4538806539065921 465
1740000033154 0.18171105690700226 466
1740000033241 0.9954703310638465 467
1740000033354 0.22290359433623907 468
1740000033440 0.28315857617745466 469
1740000033528 0.5505943789096819 470
1740000033614 0.49270776189720994 471
1740000033699 0.43040849471961695 472
1740000033789 0.9024245320505245 473
1740000033876 0.07617771255726545 474
1740000033963 0.4161071740015163 475
1740000034048 0.08347944787840797 476
1740000034134 1.3638820653528163 477
1740000034222 0.0004320675158491288 478
1740000034307 1.2917860621990815 479
1740000034392 2.288897089337503 480
1740000034476 0.2976419392724996 481
1740000034563 1.1959593007183544 482
1740000034648 0.1552183602862719 483
1740000034733 0.7897361966399431 484
1740000034825 0.03800856142252689 485
1740000034911 0.9171833631623652 486
1740000034998 0.3839222728828554 487
1740000035088 0.4838789458423538 488
1740000035172 0.6544447757682111 489
1740000035257 0.3954843078483614 490
1740000035342 0.3970531350965377 491
1740000035426 0.41372247281427676 492
1740000035512 0.5617728160344865 493
1740000035613 0.3995714838566263 494
1740000035700 0.9966641859209485 495
1740000035787 0.06543757950085176 496
1740000035872 0.10788899132584596 497
1740000035958 0.5415976422723806 498
1740000036047 0.18926006117737654 499
