1740010828970 161.23470319039188 0
1740010829005 147.60367998668656 1
1740010829033 136.02080967728918 2
1740010829062 123.99054520605715 3
1740010829086 116.40544336956059 4
1740010829122 105.7347547985888 5
1740010829150 93.96457986856946 6
1740010829174 87.30185465781689 7
1740010829199 78.34884304822553 8
1740010829224 77.38999444468706 9
1740010829259 66.43216565718102 10
1740010829288 64.00300665982199 11
1740010829316 61.451330753368715 12
1740010829341 53.783358571564406 13
1740010829368 48.43900509000282 14
1740010829397 43.44006898386977 15
1740010829425 42.80754958635913 16
1740010829449 35.92494706226242 17
1740010829473 33.16960835446393 18
1740010829498 32.42149846628306 19
1740010829527 28.925054637722923 20
1740010829557 26.376640733268687 21
1740010829582 24.702397499560337 22
1740010829607 23.490582453327285 23
1740010829633 19.77541199573622 24
1740010829660 17.92276589199004 25
1740010829687 17.479517686790878 26
1740010829713 16.87030627711308 27
1740010829737 14.514054030398274 28
1740010829762 13.325257033226404 29
1740010829791 12.815084383407315 30
1740010829823 12.015152740068737 31
1740010829849 11.277080624454994 32
1740010829873 10.096887167659148 33
1740010829898 9.338068411244839 34
1740010829924 9.13474865775103 35
1740010829955 8.113663404013208 36
1740010829982 8.152893553224445 37
1740010830008 7.242339990019631 38
1740010830033 6.871387087249648 39
1740010830064 6.411057434004669 40
1740010830154 5.805861069278548 41
1740010830182 5.360171511634627 42
1740010830208 5.36157024356179 43
1740010830234 5.205584576851911 44
1740010830262 4.632345537048414 45
1740010830291 4.069202352424391 46
1740010830317 4.126363145945678 47
1740010830341 3.9597444824765846 48
1740010830365 3.536066501900294 49
1740010830392 3.440075970803532 50
1740010830423 3.4391368143597605 51
1740010830450 2.8188734998161142 52
1740010830474 2.9404637688398383 53
1740010830499 2.425188722602122 54
1740010830526 2.844332738412607 55
1740010830554 2.5118863621848933 56
1740010830580 2.4560562660949627 57
1740010830605 2.0758242926708723 58
1740010830629 2.3300581901055897 59
1740010830655 2.0609987280489364 60
1740010830684 2.203341379940773 61
1740010830711 1.883830918128853 62
1740010830735 1.787798620295078 63
1740010830761 1.4142787113500535 64
1740010830788 1.4878952016454128 65
1740010830816 1.4640846236746352 66
1740010830842 1.4736293091270807 67
1740010830867 1.4756823104381185 68
1740010830891 1.4613941858547135 69
1740010830916 1.3433360808596495 70
1740010830943 1.554055215286556 71
1740010830972 1.164874647239792 72
1740010830999 1.2452695342150664 73
1740010831023 1.0211632299633546 74
1740010831051 1.1387005187668005 75
1740010831082 1.0753070002471505 76
1740010831128 0.9972361167227951 77
1740010831154 1.299489824834589 78
1740010831178 0.9975095937812618 79
1740010831202 1.1217890429189143 80
1740010831229 1.2758360318344508 81
1740010831261 0.9067290557251282 82
1740010831296 1.1562471749516083 83
1740010831327 0.880038211686459 84
1740010831352 0.8246719268512798 85
1740010831377 0.9072011669939452 86
1740010831403 0.9176507794809485 87
1740010831436 0.9413837006877079 88
1740010831471 0.8185424055507656 89
1740010831498 0.8652037893137469 90
1740010831524 0.7796317238837697 91
1740010831549 0.6983828527700269 92
1740010831576 0.6278083896426078 93
1740010831605 0.8167878341953758 94
1740010831633 0.6193433036070056 95
1740010831657 0.738486403456325 96
1740010831681 0.7714872026933207 97
1740010831708 0.6901083093773193 98
1740010831737 0.5540386502564411 99
1740010831764 0.7510548071768914 100
1740010831788 0.5894324827928443 101
1740010831813 0.6436433330097778 102
1740010831841 0.8949269804964424 103
1740010831870 0.6061987180052636 104
1740010831897 0.6505658503300534 105
1740010831921 0.5635224215311524 106
1740010831946 0.5415388038198792 107
1740010831972 0.5997954853244515 108
1740010831998 0.5711848878630275 109
1740010832028 0.5478229867320461 110
1740010832057 0.6595888409308016 111
1740010832085 0.6134461507013305 112
1740010832110 0.686941881243246 113
1740010832138 0.5330719999538613 114
1740010832168 0.6034410087754895 115
1740010832195 0.5518957900319996 116
1740010832219 0.5487856584516992 117
1740010832245 0.7288526133390313 118
1740010832271 0.5391798125051382 119
1740010832300 0.706236076244212 120
1740010832326 0.683446992471798 121
1740010832351 0.5680011615562379 122
1740010832375 0.6739184874035093 123
1740010832402 0.5785574348503473 124
1740010832431 0.7461669629044816 125
1740010832456 0.5893643154399398 126
1740010832481 0.5635912546585814 127
1740010832508 0.5629822047213748 128
1740010832536 0.6563552841651079 129
1740010832563 0.5754182071106207 130
1740010832588 0.6517611828493589 131
1740010832612 0.725230334839358 132
1740010832637 0.5545338148377985 133
1740010832665 0.6253536178293048 134
1740010832693 0.5969857805396706 135
1740010832719 0.6002005455664466 136
1740010832743 0.6678006324574511 137
1740010832770 0.49778169835660935 138
1740010832799 0.49981065478880043 139
1740010832828 0.5309938713516316 140
1740010832855 0.604432213465111 141
1740010832879 0.5921921802878066 142
1740010832903 0.5258381254458548 143
1740010832930 0.6379266532648837 144
1740010832959 0.6429722134766087 145
1740010832986 0.5527100181718242 146
1740010833011 0.6670238635343902 147
1740010833037 0.5846654529554821 148
1740010833064 0.5571468399107121 149
1740010833092 0.45148711964804117 150
1740010833118 0.5467412961552646 151
1740010833143 0.5729707780430991 152
1740010833167 0.47034761353874793 153
1740010833194 0.5356665487605534 154
1740010833222 0.5351218243231104 155
1740010833249 0.6832981615006625 156
1740010833308 0.6477107848919142 157
1740010833339 0.5321354185578376 158
1740010833365 0.539150999146625 159
1740010833392 0.6103306134334489 160
1740010833419 0.5653011513912393 161
1740010833443 0.48227955555144414 162
1740010833468 0.5087120826393359 163
1740010833495 0.515193340486731 164
1740010833526 0.605398180929571 165
1740010833557 0.6613140849783495 166
1740010833581 0.5975782217327875 167
1740010833607 0.7229421303944733 168
1740010833632 0.5020305557365866 169
1740010833660 0.6585649816396267 170
1740010833687 0.4655304484800816 171
1740010833711 0.4467710335480349 172
1740010833735 0.5375669084293311 173
1740010833763 0.6250458056745762 174
1740010833792 0.7539847784471547 175
1740010833820 0.5272899895097118 176
1740010833845 0.5786027432499401 177
1740010833870 0.6070961295517298 178
1740010833896 0.5327679720171742 179
1740010833924 0.5033199747780737 180
1740010833951 0.48108436321733333 181
1740010833978 0.500521846146793 182
1740010834005 0.4692631234036805 183
1740010834034 0.44127700587692803 184
1740010834064 0.5016804513638184 185
1740010834089 0.6156940062058925 186
1740010834113 0.5166633299542083 187
1740010834137 0.6325204615998744 188
1740010834165 0.484840485004612 189
