1740003044988 169.25480595599964 0
1740003045013 165.88168404515733 1
1740003045031 162.60398881177488 2
1740003045054 159.39135953364257 3
1740003045073 156.24256680963236 4
1740003045092 153.15627343686208 5
1740003045113 150.13130108303372 6
1740003045131 147.1663628549068 7
1740003045150 144.26032943911375 8
1740003045169 141.41196229295699 9
1740003045187 138.6201791530817 10
1740003045206 135.88378794597824 11
1740003045224 133.2017515671798 12
1740003045243 130.57292260565012 13
1740003045266 127.99630729941433 14
1740003045285 125.4708358344927 15
1740003045307 122.99545172296202 16
1740003045326 120.56923086576498 17
1740003045348 118.19112226469478 18
1740003045368 115.86024073903071 19
1740003045387 113.57557436393064 20
1740003045406 111.33627530475478 21
1740003045424 109.14136919905872 22
1740003045442 106.99004404826361 23
1740003045461 104.88136160115101 24
1740003045480 102.81454424496701 25
1740003045498 100.7887256908317 26
1740003045517 98.80304920311546 27
1740003045535 96.85679405223556 28
1740003045554 94.94909848500927 29
1740003045572 93.07927258734607 30
1740003045592 91.24648626403949 31
1740003045611 89.45007916257079 32
1740003045630 87.689251630501 33
1740003045648 85.96337167272321 34
1740003045666 84.27170842775378 35
1740003045685 82.6135381194961 36
1740003045706 80.98827703378329 37
1740003045724 79.39518881613255 38
1740003045743 77.83371511333888 39
1740003045761 76.30314631417029 40
1740003045780 74.80294838645594 41
1740003045799 73.33243744323639 42
1740003045817 71.89110277483731 43
1740003045836 70.47828523965251 44
1740003045856 69.09349649172405 45
1740003045875 67.73614203720275 46
1740003045894 66.40563196222566 47
1740003045912 65.10151765036083 48
1740003045930 63.82318998691911 49
1740003045948 62.5702202949631 50
1740003045966 61.342021260514244 51
1740003045985 60.13818331956515 52
1740003046005 58.958140136424845 53
1740003046023 57.801500466488235 54
1740003046043 56.66776040836435 55
1740003046065 55.55641901360214 56
1740003046084 54.467118996409006 57
1740003046107 53.39933527434735 58
1740003046126 52.35272684223838 59
1740003046146 51.32678715115381 60
1740003046185 50.32119079370169 61
1740003046204 49.33544906216952 62
1740003046224 48.36925149154792 63
1740003046242 47.4221698555443 64
1740003046261 46.49377752874754 65
1740003046280 45.583793186637536 66
1740003046298 44.69176206756847 67
1740003046317 43.81741607278239 68
1740003046337 42.96031625271466 69
1740003046360 42.120207171690836 70
1740003046379 41.296665108137745 71
1740003046399 40.489446749517256 72
1740003046420 39.69818711196644 73
1740003046439 38.92252168805776 74
1740003046460 38.162232283514015 75
1740003046478 37.41692303503227 76
1740003046496 36.68638642415862 77
1740003046514 35.97024013205846 78
1740003046532 35.26828685385939 79
1740003046551 34.5801573210783 80
1740003046570 33.90566399899373 81
1740003046589 33.244494782351865 82
1740003046609 32.596337106269 83
1740003046633 31.96102519754847 84
1740003046653 31.33821257211996 85
1740003046672 30.727742004756948 86
1740003046690 30.129278665600417 87
1740003046709 29.54267349911542 88
1740003046727 28.967602910352742 89
1740003046747 28.403925650724958 90
1740003046767 27.851373852414422 91
1740003046786 27.30967840781303 92
1740003046806 26.77871702946223 93
1740003046824 26.258184676092103 94
1740003046847 25.74796583322023 95
1740003046868 25.247765537319655 96
1740003046956 24.757474738798734 97
1740003046981 24.276808194786238 98
1740003047002 23.80566302529134 99
1740003047025 23.34380839319257 100
1740003047047 22.89101157044825 101
1740003047067 22.44718630290084 102
1740003047088 22.012062371744342 103
1740003047108 21.585558815793643 104
1740003047127 21.167414178462455 105
1740003047146 20.75755254213398 106
1740003047166 20.355720907094188 107
1740003047187 19.961848160395654 108
1740003047207 19.57573448337146 109
1740003047226 19.197177622105706 110
1740003047246 18.826121143009452 111
1740003047269 18.462324123897567 112
1740003047289 18.10573419075781 113
1740003047310 17.756118085121948 114
1740003047331 17.413427292205796 115
1740003047351 17.077435954944118 116
1740003047370 16.74809922602211 117
1740003047390 16.425243287747325 118
1740003047411 16.108691431268642 119
1740003047430 15.798411867193504 120
1740003047450 15.494188354413968 121
1740003047470 15.195992135869114 122
1740003047489 14.903613716177805 123
1740003047509 14.617027211267722 124
1740003047530 14.336029644968649 125
1740003047549 14.060597853842035 126
1740003047569 13.790579832181722 127
1740003047588 13.525820300437843 128
1740003047608 13.266307803356153 129
1740003047627 13.011846922575335 130
1740003047647 12.762428380242955 131
1740003047667 12.517862735906851 132
1740003047687 12.278142764046192 133
1740003047707 12.043084805387151 134
1740003047726 11.81268356731857 135
1740003047748 11.586805357217427 136
1740003047771 11.365312886601718 137
1740003047794 11.1482114483907 138
1740003047817 10.93532321863139 139
1740003047837 10.726654956729181 140
1740003047863 10.522034173782401 141
1740003047910 10.32146899925306 142
1740003047934 10.124792107348492 143
1740003047955 9.932012905685333 144
1740003047976 9.743013090695035 145
1740003047997 9.557670491233745 146
1740003048017 9.376004167558193 147
1740003048037 9.197851186060845 148
1740003048058 9.02323148290789 149
1740003048078 8.85198692069496 150
1740003048097 8.684138238997175 151
1740003048115 8.519531945307884 152
1740003048134 8.358189513700383 153
1740003048152 8.200005584605934 154
1740003048172 8.044870700899349 155
1740003048191 7.892815214944648 156
1740003048210 7.743688815850471 157
1740003048228 7.597522241845321 158
1740003048248 7.454169525995424 159
1740003048268 7.313661739879942 160
1740003048357 7.175857126404845 161
1740003048376 7.040787040791233 162
1740003048396 6.908357021563599 163
1740003048415 6.778468314374169 164
1740003048433 6.65116051080278 165
1740003048452 6.526294018493677 166
1740003048471 6.403908408804845 167
1740003048490 6.283868053232644 168
1740003048508 6.1662124670873935 169
1740003048526 6.050809865921419 170
1740003048545 5.937699675320115 171
1740003048563 5.826796618697 172
1740003048581 5.718010960107723 173
1740003048599 5.611389830122597 174
1740003048619 5.50680275355133 175
1740003048637 5.404296504746874 176
1740003048659 5.303744252389782 177
1740003048681 5.205192392717563 178
1740003048700 5.10851763042615 179
1740003048718 5.013765963338603 180
1740003048737 4.920859863947134 181
1740003048755 4.829717202915304 182
1740003048774 4.7403912439438125 183
1740003048792 4.652759280068149 184
1740003048811 4.566873941262335 185
1740003048830 4.482615894592546 186
1740003048853 4.400037126025869 187
1740003048873 4.319021578766187 188
1740003048892 4.239620585632631 189
1740003048911 4.161763163740416 190
1740003048929 4.085373605946789 191
1740003048948 4.010510148800901 192
1740003048966 3.9370567151974956 193
1740003048984 3.86507067922488 194
1740003049004 3.794439109814963 195
1740003049022 3.725218517999784 196
1740003049041 3.6572990291741903 197
1740003049061 3.590736291473062 198
1740003049080 3.525423399986754 199
1740003049100 3.4614151408215346 200
1740003049118 3.398648034036624 201
1740003049136 3.3370536973152976 202
1740003049154 3.276693525042401 203
1740003049172 3.217459871843361 204
1740003049191 3.159413084015262 205
1740003049209 3.102448391506758 206
1740003049228 3.0466251005668643 207
1740003049246 2.9918412362489133 208
1740003049265 2.9381550731899155 209
1740003049284 2.8855075551668867 210
1740003049303 2.8338346405103048 211
1740003049321 2.7832009712888133 212
1740003049340 2.7335034226037367 213
1740003049358 2.684805436480245 214
1740003049376 2.637006609723089 215
1740003049394 2.5901691989177484 216
1740003049413 2.5441954478287765 217
1740003049431 2.4991464423399927 218
1740003049449 2.4549270006743416 219
1740003049469 2.411597052865556 220
1740003049488 2.3691028993084053 221
1740003049506 2.3273857168362597 222
1740003049525 2.2865116279966484 223
1740003049544 2.246383781358958 224
1740003049562 2.207066990063889 225
1740003049581 2.1684669285678675 226
1740003049599 2.130647120720506 227
1740003049619 2.093515698636766 228
1740003049638 2.057134916889926 229
1740003049657 2.021454044854831 230
1740003049675 1.9864171725621567 231
1740003049694 1.9520925861864584 232
1740003049712 1.9183864738058836 233
1740003049730 1.8853657107849502 234
1740003049747 1.852938907980945 235
1740003049766 1.8211715545394318 236
1740003049784 1.7899746194456019 237
1740003049803 1.7594122299364086 238
1740003049822 1.7293976503389594 239
1740003049843 1.699993670006911 240
1740003049932 1.6711534374462629 241
1740003049953 1.642824811662047 242
1740003049972 1.6150765178362236 243
1740003049991 1.5878194930120368 244
1740003050010 1.5611209922240408 245
1740003050028 1.534894230531204 246
1740003050048 1.5092050208351695 247
1740003050068 1.483968796176901 248
1740003050086 1.4592499549062372 249
1740003050105 1.434966089713177 250
1740003050124 1.4111802115454228 251
1740003050143 1.3878486866824682 252
1740003050161 1.36492249684342 253
1740003050179 1.342470520080331 254
1740003050198 1.320407701027691 255
1740003050216 1.2988014052802221 256
1740003050234 1.2775687341742956 257
1740003050253 1.2567755715192517 258
1740003050271 1.236341119106907 259
1740003050289 1.2163298090784784 260
1740003050308 1.196699517976106 261
1740003050328 1.1774027117812957 262
1740003050347 1.1585095986423135 263
1740003050366 1.1399365929140854 264
1740003050385 1.1217523329320964 265
1740003050403 1.1038753372485435 266
1740003050422 1.086372707630212 267
1740003050440 1.0691650123287768 268
1740003050458 1.0523178491282903 269
1740003050478 1.035753782983349 270
1740003050497 1.0195369396339802 271
1740003050515 1.0036275835145612 272
1740003050534 0.9879804892980675 273
1740003050552 0.9726655313924519 274
1740003050570 0.9576022414362173 275
1740003050588 0.9428589078224318 276
1740003050607 0.9283570731612694 277
1740003050626 0.9141634746021268 278
1740003050644 0.9002016140108954 279
1740003050662 0.8865367113301768 280
1740003050681 0.873094177373244 281
1740003050702 0.8599377481925015 282
1740003050723 0.8469946946070911 283
1740003050742 0.8343273013894783 284
1740003050761 0.8218988429145485 285
1740003050779 0.8096669820633638 286
1740003050798 0.7976997845677933 287
1740003050816 0.785921163097213 288
1740003050835 0.7743976195714004 289
1740003050855 0.7630549541346813 290
1740003050874 0.7519581401527772 291
1740003050892 0.7410348170351593 292
1740003050912 0.7303484640701873 293
1740003050932 0.7198285130197671 294
1740003050951 0.7095369828067369 295
1740003050970 0.6994386658228817 296
1740003050988 0.6894926896584151 297
1740003051007 0.6797668425119326 298
1740003051025 0.67018703730481 299
1740003051044 0.6608194918518956 300
1740003051063 0.6515919454843103 301
1740003051081 0.6425690818068321 302
1740003051100 0.6336804200961672 303
1740003051118 0.6249891450912053 304
1740003051136 0.6164265107904793 305
1740003051155 0.6080542376002512 306
1740003051173 0.5998383804532057 307
1740003051192 0.5917392826537186 308
1740003051210 0.583824429378538 309
1740003051229 0.5760214187458425 310
1740003051248 0.5683961634462649 311
1740003051266 0.5608780358711413 312
1740003051285 0.5535314130738603 313
1740003051304 0.5462873967131014 314
1740003051323 0.5392088641866151 315
1740003051343 0.5322286026087582 316
1740003051362 0.5254080248561807 317
1740003051381 0.5186815608481963 318
1740003051400 0.512109193247547 319
1740003051418 0.5056588918969088 320
1740003051436 0.49929282569097466 321
1740003051455 0.49307679279115063 322
1740003051475 0.48694134821022134 323
1740003051493 0.48095075111227475 324
1740003051512 0.47503724728316205 325
1740003051531 0.469263593463663 326
1740003051549 0.46356368345365034 327
1740003051568 0.4579988072656319 328
1740003051587 0.45250446508253805 329
1740003051605 0.4471405150257823 330
1740003051624 0.4418440231274035 331
1740003051643 0.4366734496176199 332
1740003051661 0.43159833487373395 333
1740003051679 0.4265823421360144 334
1740003051698 0.4216897950275665 335
1740003051715 0.41685370115030257 336
1740003051734 0.41213687664602705 337
1740003051752 0.4074739498684554 338
1740003051771 0.4029262657162528 339
1740003051789 0.3984300323898264 340
1740003051808 0.3940451588973422 341
1740003051827 0.3897093934555476 342
1740003051847 0.3854812436709777 343
1740003051866 0.38129995899178676 344
1740003051885 0.37722267926918956 345
1740003051905 0.3732202316392502 346
1740003051923 0.36925750100781957 347
1740003051942 0.36539753515492435 348
1740003051962 0.36157537088739505 349
1740003051981 0.35785257773627416 350
1740003052000 0.3541657543807038 351
1740003052018 0.3505750279732356 352
1740003052036 0.3470185196966249 353
1740003052055 0.34355494930702224 354
1740003052073 0.34012392215365733 355
1740003052092 0.3367827847121659 356
1740003052111 0.3334725891646758 357
1740003052129 0.330249341977651 358
1740003052148 0.32708492240965853 359
1740003052166 0.32394521180522323 360
1740003052185 0.3208921654768977 361
1740003052203 0.3178624930604674 362
1740003052221 0.3149166984219183 363
1740003052240 0.3119930034394607 364
1740003052259 0.30915049602413586 365
1740003052277 0.30632887220657845 366
1740003052296 0.30358583854577725 367
1740003052315 0.30086252813118874 368
1740003052335 0.29821529990643186 369
1740003052353 0.2955866878956772 370
1740003052372 0.2930317363195939 371
1740003052391 0.29052318193818466 372
1740003052409 0.2880277159190592 373
1740003052428 0.2856063685530414 374
1740003052447 0.2831972216534817 375
1740003052467 0.2808598784064344 376
1740003052487 0.27853389094895875 377
1740003052510 0.27627747047814954 378
1740003052530 0.2740316024333856 379
1740003052550 0.2718531402512944 380
1740003052569 0.26968446661986045 381
1740003052590 0.2675811105791482 382
1740003052611 0.2654868169536583 383
1740003052631 0.26345582290836655 384
1740003052651 0.26146156080877075 385
1740003052671 0.2594713765815537 386
1740003052691 0.2575455270459066 387
1740003052711 0.25562321207551836 388
1740003052736 0.25376328331430625 389
1740003052760 0.25190637549580797 390
1740003052780 0.25010996984128514 391
1740003052800 0.24831609981934977 392
1740003052820 0.2465809100964621 393
1740003052842 0.24484779769561532 394
1740003052863 0.243171603734435 395
1740003052883 0.24149705452833536 396
1740003052903 0.2398777198124543 397
1740003052923 0.23825962182675936 398
1740003052943 0.2366950902723126 399
1740003052964 0.23515877498616228 400
1740003052984 0.2336191651114455 401
1740003053008 0.23213468562609982 402
1740003053029 0.230646655628329 403
1740003053049 0.22921214393305733 404
1740003053069 0.22777384403548862 405
1740003053088 0.22638750224938795 406
1740003053109 0.22499715188860495 407
1740003053129 0.2236572495653713 408
1740003053149 0.22231313473729852 409
1740003053169 0.22101800627492865 410
1740003053189 0.21971847698401853 411
1740003053208 0.21846651913532847 412
1740003053228 0.21720998694286608 413
1740003053248 0.21599965642286983 414
1740003053268 0.2148111520642674 415
1740003053289 0.21361387611849103 416
1740003053309 0.21246476371935274 417
1740003053329 0.21130683566008235 418
1740003053350 0.21019571227327216 419
1740003053370 0.2090757389434827 420
1740003053390 0.20800125393213068 421
1740003053411 0.20691789390489473 422
1740003053431 0.20587874693933744 423
1740003053451 0.20483070854266353 424
1740003053471 0.20382564767523784 425
1740003053491 0.202811687093511 426
1740003053510 0.20183950690813335 427
1740003053530 0.20085842635717244 428
1740003053550 0.19991796619078245 429
1740003053570 0.19899452715240173 430
1740003053590 0.1980582367319 431
1740003053610 0.19716482857788042 432
1740003053632 0.19625868112892364 433
1740003053653 0.1953942480641576 434
1740003053673 0.19451719135696988 435
1740003053692 0.19368071665258504 436
1740003053712 0.1928317371916694 437
1740003053732 0.19202224169520588 438
1740003053752 0.19120036324755182 439
1740003053772 0.1904169039509233 440
1740003053792 0.18962118613114773 441
1740003053811 0.18886285479412493 442
1740003053832 0.188092391704338 443
1740003053855 0.18735831353138185 444
1740003053876 0.1866376349383904 445
1740003053896 0.18590105505319532 446
1740003053917 0.1852033486513558 447
1740003053936 0.18448996815648888 448
1740003053957 0.1838144376428109 449
1740003053977 0.18312345921329556 450
1740003053997 0.18246933750012792 451
1740003054017 0.18179999287750434 452
1740003054039 0.18116654098342116 453
1740003054062 0.18051808987737752 454
1740003054082 0.17990459586099244 455
1740003054102 0.17927632489337106 456
1740003054123 0.17868210282840002 457
1740003054143 0.17807332451792318 458
1740003054162 0.1774977135078841 459
1740003054183 0.17693276541978312 460
1740003054204 0.17634962531651 461
1740003054223 0.17580231276249564 462
1740003054243 0.1752371202598077 463
1740003054261 0.17470684120677427 464
1740003054280 0.17415898987024192 465
1740003054299 0.17364516416692383 466
1740003054318 0.17311406943022126 467
1740003054337 0.1726161379806255 468
1740003054356 0.17210123632432905 469
1740003054376 0.17161866029308698 470
1740003054395 0.17111940845505824 471
1740003054415 0.17065166850344887 472
1740003054434 0.17016754271955878 473
1740003054453 0.16971413827100645 474
1740003054472 0.16924463354503264 475
1740003054490 0.1688050820789269 476
1740003054509 0.1683738913256471 477
1740003054527 0.16792305638056543 478
1740003054546 0.16750499755636294 479
1740003054564 0.16706766481929936 480
1740003054582 0.16666229801320548 481
1740003054601 0.1662380207019032 482
1740003054620 0.16584492180351285 483
1740003054638 0.16543326902537098 484
1740003054657 0.16505202913180614 485
1740003054675 0.16465258529201174 486
1740003054693 0.16428281013771878 487
1740003054711 0.16389517437004034 488
1740003054729 0.1635364837785306 489
1740003054748 0.16316026939789455 490
1740003054768 0.1628122967545743 491
1740003054791 0.16244713073057612 492
1740003054813 0.16210952247583718 493
1740003054833 0.16177858716008317 494
1740003054858 0.1614269780219293 495
1740003054878 0.1611058700360821 496
1740003054899 0.16076449873982251 497
1740003054918 0.16045289547729352 498
1740003054937 0.1601214308257087 499
