1740010910845 0.5608634485549392 0
1740010910948 0.5969925380064139 1
1740010911044 0.49012454188500604 2
1740010911142 0.13754147519044435 3
1740010911237 0.15994289469880837 4
1740010911328 0.3986610359016787 5
1740010911420 0.21003885931673374 6
1740010911511 0.2103142108820084 7
1740010911605 2.568673320795185 8
1740010911699 0.12259127304805706 9
1740010911793 0.7174933642226585 10
1740010911887 0.15502282061855513 11
1740010911984 0.49411431115321386 12
1740010912095 0.24801047385930594 13
1740010912265 0.34884720589067775 14
1740010912359 0.7733072536751682 15
1740010912452 0.45943424428153107 16
1740010912545 1.2947456789743295 17
1740010912639 0.9007231845352075 18
1740010912739 0.652337043224451 19
1740010912832 0.17381693390209157 20
1740010912924 0.2907874129567067 21
1740010913016 0.2719905453779617 22
1740010913112 0.3348086196321058 23
1740010913225 0.1340123701018484 24
1740010913363 0.3122249620743128 25
1740010913491 0.029955935728341154 26
1740010913584 1.7563127695387524 27
1740010913678 0.6904666198991278 28
1740010913779 0.2616111581816253 29
1740010913887 0.49717293013827063 30
1740010913995 1.1751262701599061 31
1740010914095 0.13904490131022643 32
1740010914195 1.288195355231828 33
1740010914297 0.8445572128911765 34
1740010914392 0.6887848818986161 35
1740010914488 0.6535786411561811 36
1740010914591 0.5886032636271166 37
1740010914686 1.07133981568726 38
1740010914788 0.5008370066038456 39
1740010914891 0.9088384995518427 40
1740010914991 0.15853603115442505 41
1740010915090 0.35890918427435936 42
1740010915247 0.036009791357126605 43
1740010915344 0.0758887149667529 44
1740010915438 0.3772147424908439 45
1740010915533 0.2664431735471319 46
1740010915630 0.18771535591147165 47
1740010915729 1.4854504828177546 48
1740010915829 0.5549105186968654 49
1740010915925 0.26090545501061096 50
1740010916021 1.1235778954837503 51
1740010916120 0.44399426553634586 52
1740010916219 1.0602639018333497 53
1740010916315 0.700584089707583 54
1740010916409 0.06387969287754282 55
1740010916504 0.6259348905455795 56
1740010916604 0.4602238898276196 57
1740010916700 0.7245790945908739 58
1740010916799 0.4544333936900755 59
1740010916903 0.7114258433255265 60
1740010917000 0.8746760492724094 61
1740010917097 0.016478886379613505 62
1740010917191 0.3590929330336814 63
1740010917289 0.00858513812141809 64
1740010917387 0.2096310004332021 65
1740010917487 0.6101963946537107 66
1740010917584 0.30381358847237194 67
1740010917681 0.9502255730548224 68
1740010917776 0.9922313892306652 69
1740010917872 0.47993061749437727 70
1740010917970 0.472543725130516 71
1740010918070 0.21976219683314108 72
1740010918165 1.3722087229581446 73
1740010918261 0.1351267791099125 74
1740010918359 0.780886511149686 75
1740010918457 0.7111100648875964 76
1740010918555 0.5771379160592969 77
1740010918650 0.40576955826494093 78
1740010918749 0.9520902069380446 79
1740010918852 0.28665573484858525 80
1740010918954 0.6426094439574459 81
1740010919056 0.6458636119678118 82
1740010919150 1.4100184630179828 83
1740010919245 0.802609406987878 84
1740010919343 0.190278082464275 85
1740010919440 0.17927364099198168 86
1740010919536 0.6696739000202826 87
1740010919630 0.0922626308234216 88
1740010919730 0.7945918981599029 89
1740010919831 0.6870122101556749 90
1740010919927 0.3788823855573839 91
1740010920022 0.5169636057241374 92
1740010920121 0.3210247576592036 93
1740010920218 1.1320404916680256 94
1740010920318 0.13358518947478723 95
1740010920414 0.6564622755092475 96
1740010920508 0.0015340542737559408 97
1740010920604 0.615710539166551 98
1740010920702 0.038246773734022146 99
1740010920800 0.5560844720397947 100
1740010920904 0.24794841734565948 101
1740010920998 0.3914094949539292 102
1740010921100 0.16691061141056635 103
1740010921196 0.24538833849208763 104
1740010921290 0.15053971914036515 105
1740010921386 0.7850503003170978 106
1740010921481 1.3196698495441739 107
1740010921580 0.3219765891335345 108
1740010921674 0.5168441374535608 109
1740010921769 0.1450358229999939 110
1740010921869 0.35772663723054376 111
1740010921966 0.3705848310043234 112
1740010922066 0.09677307072312767 113
1740010922163 0.2689004770089783 114
1740010922259 0.11948842213888364 115
1740010922367 0.14324006581174836 116
1740010922463 0.546822720037616 117
1740010922560 0.08813083934965152 118
1740010922664 0.5655261153160703 119
1740010922762 0.8913216378699969 120
1740010922860 0.8389622739730509 121
1740010922991 0.4779200432714266 122
1740010923089 0.015944261254303177 123
1740010923191 0.784920739701978 124
1740010923287 0.07007493784764689 125
1740010923383 0.0004786942038604012 126
1740010923480 0.1776726343595909 127
1740010923575 0.3875676262605363 128
1740010923673 0.2919945293781484 129
1740010923771 1.0508244766426171 130
1740010923868 0.9423413678977207 131
1740010923962 1.3838760185060395 132
1740010924068 0.20085966951670986 133
1740010924172 0.04764273167534941 134
1740010924266 1.285202240104345 135
1740010924365 0.5128199290540981 136
1740010924463 0.043477242418271216 137
1740010924560 0.09265637085542011 138
1740010924655 0.4557477730395524 139
1740010924749 0.302270093353659 140
1740010924848 0.7657144542021125 141
1740010924949 1.592468628507029 142
1740010925045 0.4726417491186844 143
1740010925140 0.968681480593114 144
1740010925240 0.14300903917613697 145
1740010925335 0.08699275248095607 146
1740010925429 0.8539279552825658 147
1740010925527 0.8036112779494115 148
1740010925625 0.28037803704251163 149
1740010925731 1.0868930487428186 150
1740010925828 0.1730954859260126 151
1740010925928 0.38388066089325146 152
1740010926030 0.025520368102777243 153
1740010926129 0.44330513959236806 154
1740010926225 0.5899189789220444 155
1740010926323 1.072511091523308 156
1740010926421 0.5095436305745422 157
1740010926518 0.3590938449090868 158
1740010926612 0.003356263936407825 159
1740010926706 1.1534758651479993 160
1740010926805 0.98594579786659 161
1740010926909 0.22508506224605904 162
1740010927007 0.8272258505902419 163
1740010927185 0.02331886949173841 164
1740010927289 0.5365315525534005 165
1740010927393 0.04713382561265437 166
1740010927498 1.0619482379952068 167
1740010927603 0.43819851405635074 168
1740010927706 0.35600901063085083 169
1740010927807 1.0915363685470865 170
1740010927916 0.44183233794438326 171
1740010928019 0.806847962893038 172
1740010928121 0.5197702987663054 173
1740010928224 0.5878576086248348 174
1740010928330 0.6093982037507283 175
1740010928431 0.13637083504365888 176
1740010928534 0.31231354267098377 177
1740010928635 0.9803379529919171 178
1740010928739 1.0470215068832622 179
1740010928842 0.4858068176251916 180
1740010928940 2.491700376381549 181
1740010929049 0.8826078756027601 182
1740010929149 1.5537110550418858 183
1740010929251 0.23018047704730554 184
1740010929357 0.10406606749085398 185
1740010929455 0.6180817730043954 186
1740010929560 0.2728633452283423 187
1740010929660 0.1051342670795978 188
1740010929761 0.35399558844315804 189
1740010929863 0.5825862834546308 190
1740010929965 1.4051306149373912 191
1740010930073 0.16081289462821735 192
1740010930178 0.2202919398864728 193
1740010930286 0.7512973079298887 194
1740010930389 0.21995696705858267 195
1740010930487 1.0377288432905045 196
1740010930593 0.12016112900798008 197
1740010930693 0.07765581239208746 198
1740010930793 0.11796989864697886 199
1740010930897 0.2359540515835887 200
1740010931000 0.40045353992425897 201
1740010931109 0.30773974636519413 202
1740010931211 0.9938561732271226 203
1740010931313 0.3776544113189773 204
1740010931414 2.174069173415713 205
1740010931518 0.8210248038730049 206
1740010931624 0.8295231709354173 207
1740010931725 0.33270455517545033 208
1740010931829 0.3583595187730617 209
1740010931929 1.1918382467977475 210
1740010932032 0.4029228902829266 211
1740010932135 1.4124974567827284 212
1740010932236 0.5838228222573972 213
1740010932340 0.4422787064672072 214
1740010932454 0.3426341256347062 215
1740010932559 0.3675085891418249 216
1740010932658 1.15480245986191 217
1740010932763 0.2073858776050421 218
1740010932872 0.038920449605813895 219
1740010932973 0.3641900223121487 220
1740010933082 0.08788517172699283 221
1740010933185 1.2211643102607066 222
1740010933288 0.6096365699050577 223
1740010933395 0.6137914273374234 224
1740010933496 0.0992292254351978 225
1740010933603 0.4473328298414971 226
1740010933704 0.9453503678475677 227
1740010933803 0.001266635254477077 228
1740010933907 0.02382784050977514 229
1740010934009 0.9727207402077561 230
1740010934114 2.517501151467939 231
1740010934216 0.48841735526811825 232
1740010934315 0.5789382932786216 233
1740010934419 0.3161807334713921 234
1740010934523 0.05002036707033068 235
1740010934628 0.1840983362137011 236
1740010934727 0.02814206358370958 237
1740010934829 0.6635673626504363 238
1740010934987 0.11148660894747289 239
1740010935093 0.07102946587008065 240
1740010935202 0.039591644084844765 241
1740010935299 0.5666279084844017 242
1740010935402 0.36569292861509295 243
1740010935505 0.46522190113967377 244
1740010935607 0.045635233911324624 245
1740010935711 0.9560449150685391 246
1740010935811 0.9122309052241311 247
1740010935911 0.24843972977026366 248
1740010936016 0.5722238823507371 249
1740010936121 0.9639066211461497 250
1740010936221 0.5110872450805951 251
1740010936323 0.022513520864591862 252
1740010936429 0.22973538089312692 253
1740010936523 0.6718866741968805 254
1740010936617 0.7245277095433608 255
1740010936716 0.05670720908015791 256
1740010936814 0.474198028722982 257
1740010936914 0.08124588936184568 258
1740010937014 1.4985571973057537 259
1740010937115 0.48784020415837104 260
1740010937216 0.39707299678241054 261
1740010937313 0.2199453941394083 262
1740010937408 1.6393450423319333 263
1740010937504 0.3050677826100358 264
1740010937603 0.42463100063923487 265
1740010937702 2.151097144065294 266
1740010937795 0.22544967624102566 267
1740010937893 1.3613453228524792 268
1740010937995 0.026187932624173467 269
1740010938099 0.33185292705203223 270
1740010938194 0.7912523384264242 271
1740010938298 0.40234149249464946 272
1740010938396 0.13682142493407795 273
1740010938493 0.6424293702229691 274
1740010938589 0.22600518731859115 275
1740010938686 1.2677318662237302 276
1740010938791 0.08894692543019682 277
1740010938888 0.4843688551266718 278
1740010938984 0.0013147859932190812 279
1740010939080 0.24532042332402645 280
1740010939187 0.8115151286424578 281
1740010939286 0.2906162477742303 282
1740010939385 0.5968300386941615 283
1740010939483 0.6025022861674597 284
1740010939579 0.26794491809433224 285
1740010939674 1.2946739385393378 286
1740010939771 0.9415078419165548 287
1740010939868 0.1680437322848096 288
1740010939964 0.5462475782992579 289
1740010940064 0.17857678364821483 290
1740010940225 1.0148889074386542 291
1740010940320 1.272393246842539 292
1740010940417 0.4429748319077581 293
1740010940514 0.7411551229567168 294
1740010940666 1.4931669871978062 295
1740010940760 0.8330578838517404 296
1740010940865 0.8004274387168273 297
1740010940962 0.2552268309655518 298
1740010941059 0.44813685357121513 299
1740010941155 1.0916270248547537 300
1740010941259 0.08441024979166305 301
1740010941353 2.5026449415427816 302
1740010941449 0.8507573212283235 303
1740010941548 0.10344426457089116 304
1740010941647 0.21802100727699236 305
1740010941745 4.3029973859116664e-05 306
1740010941845 0.5979987383863691 307
1740010941940 0.5914064104106003 308
1740010942042 3.967986046329355e-05 309
1740010942145 0.10663271016915309 310
1740010942241 1.0384318955344616 311
1740010942337 0.3390199750541973 312
1740010942432 0.06739315045563142 313
1740010942538 0.11745152378010591 314
1740010942641 0.6555691902942145 315
1740010942736 0.194731579726934 316
1740010942834 0.675519275017759 317
1740010942938 0.2562684167646722 318
1740010943033 0.8872968460351903 319
1740010943132 0.4079266655514406 320
1740010943226 8.718170469802218e-05 321
1740010943329 1.746553156685563 322
1740010943425 0.05401964387144968 323
1740010943520 0.00011999258279277603 324
1740010943618 0.868672715155331 325
1740010943717 0.40147970344016776 326
1740010943814 0.6550051975900865 327
1740010943911 0.6590872732098423 328
1740010944005 0.6128114876942088 329
1740010944111 0.3728494632721189 330
1740010944205 0.22516018104613877 331
1740010944299 0.23118396602265878 332
1740010944398 0.2780892655757451 333
1740010944496 0.36982880909752136 334
1740010944590 0.11532682302131819 335
1740010944686 0.3969311952009106 336
1740010944787 0.56904016917007 337
1740010944886 0.21642222490403656 338
1740010944983 0.20739154246802788 339
1740010945079 2.2205242848031252 340
1740010945177 1.3672234946173436 341
1740010945275 0.13078262983364664 342
1740010945375 0.348651655972413 343
1740010945468 0.027806792603718926 344
1740010945566 1.2351258691972842 345
1740010945664 0.5199860628587002 346
1740010945763 0.46668888033560485 347
1740010945861 0.14161734604246073 348
1740010945956 0.5610416915092902 349
1740010946054 0.2825476045263293 350
1740010946154 0.3476255367217061 351
1740010946252 0.26052527534289804 352
1740010946349 0.36469246607466776 353
1740010946444 0.5380323459790496 354
1740010946539 0.46401958081258826 355
1740010946636 0.6347291855556615 356
1740010946734 0.05256239639240289 357
1740010946834 0.11875517491490109 358
1740010946930 1.1392474580000431 359
1740010947026 0.5289305250177104 360
1740010947125 1.290565673764596 361
1740010947223 1.014321881606115 362
1740010947322 1.0989418757640654 363
1740010947422 0.4352293044147477 364
1740010947518 0.21991068818489673 365
1740010947614 0.05455016788815806 366
1740010947714 0.6160369215230476 367
1740010947812 3.374092710692189 368
1740010947909 0.1894959023583236 369
1740010948004 0.27411852211748466 370
1740010948103 0.37806233044636295 371
1740010948199 0.16987497790981296 372
1740010948295 0.24561025494087577 373
1740010948392 0.41961261922472193 374
1740010948489 1.173661731865382 375
1740010948589 0.3943899057192876 376
1740010948686 0.5721048370830332 377
1740010948782 0.4068664538998859 378
1740010948876 2.0507334756129545 379
1740010948972 0.4130173289415573 380
1740010949074 0.8472766560271513 381
1740010949175 0.18035689798639204 382
1740010949271 0.14504229657568304 383
1740010949376 0.6554441690910375 384
1740010949472 0.6936121111544067 385
1740010949567 0.6136626296461476 386
1740010949664 1.1975462213890593 387
1740010949763 0.22056135518799339 388
1740010949865 0.37237246854371475 389
1740010949968 1.135649212884833 390
1740010950069 0.4506041657119753 391
1740010950170 0.5549469005280352 392
1740010950266 0.9500545960292106 393
1740010950360 1.3620370991587534 394
1740010950455 0.6834872494130028 395
1740010950552 1.242630609540909 396
1740010950650 0.03968643034093637 397
1740010950743 0.5684245600567776 398
1740010950839 0.9509417094794457 399
1740010950938 0.6732850795209199 400
1740010951037 0.6545642733767955 401
1740010951193 1.4782150943543337 402
1740010951290 0.17149358774782933 403
1740010951387 0.541367147955339 404
1740010951485 0.3421292714052704 405
1740010951582 0.7594499709453617 406
1740010951680 1.1909582645302859 407
1740010951780 0.09850009993090324 408
1740010951886 0.15811540501656834 409
1740010951998 0.42914828599485744 410
1740010952108 1.008288206265585 411
1740010952211 0.6915172510026293 412
1740010952310 0.82598904099752 413
1740010952405 0.03587579095452882 414
1740010952503 0.9241148855440448 415
1740010952611 1.0976745315015202 416
1740010952718 0.28549407480050465 417
1740010952817 0.2671228927340453 418
1740010952917 0.3689032207553388 419
1740010953013 1.079956840554123 420
1740010953114 2.1165888151913665 421
1740010953213 0.4969976725055481 422
1740010953313 0.492975303060014 423
1740010953409 0.4695227222972453 424
1740010953509 0.22392350605793812 425
1740010953642 1.2722904342306862 426
1740010953739 0.003399872504140113 427
1740010953835 0.2544991082426882 428
1740010953933 0.7445484800284452 429
1740010954029 0.3249834943500505 430
1740010954129 0.09388815240909441 431
1740010954227 0.21912028243667656 432
1740010954328 0.30753114710290785 433
1740010954423 1.0508723719064197 434
1740010954518 0.9810470496056027 435
1740010954614 0.9765199131626904 436
1740010954709 0.8811828016336959 437
1740010954806 0.00027794551299176683 438
1740010954904 1.4055348333498967 439
1740010955003 0.7115092734835321 440
1740010955101 1.2084965917440207 441
1740010955196 0.35482605208063295 442
1740010955290 0.5601659006053875 443
1740010955388 0.08118910152818594 444
1740010955488 0.2493047132212398 445
1740010955584 0.43852118885769686 446
1740010955683 0.5293710509724892 447
1740010955784 0.37560620290935004 448
1740010955885 0.17105298063692911 449
1740010955981 0.1774301436044084 450
1740010956081 0.14174969205560922 451
1740010956178 0.7710059891706058 452
1740010956278 1.2846273366062324 453
1740010956379 0.09753566212952537 454
1740010956475 0.2354747988770233 455
1740010956571 0.49183471336867995 456
1740010956668 0.05997784580640664 457
1740010956766 1.1425132724756721 458
1740010956867 0.5685298353550269 459
1740010956964 0.4242965810020782 460
1740010957060 0.1782583935530841 461
1740010957158 0.1701596032891062 462
1740010957255 0.5549901206463514 463
1740010957360 1.108115831395048 464
1740010957456 0.23277262163743642 465
1740010957556 0.5038385610676064 466
1740010957657 0.8900668260956586 467
1740010957755 0.12136244916655313 468
1740010957854 1.9991573505776197 469
1740010957955 0.746094828486344 470
1740010958053 1.222397046691139 471
1740010958150 0.4323569396077288 472
1740010958245 0.5037114939957865 473
1740010958343 0.6241812515974754 474
1740010958441 0.7306863466806921 475
1740010958545 0.056189434138392474 476
1740010958642 0.7295652878033461 477
1740010958737 0.452753369755498 478
1740010958832 0.4584287986055382 479
1740010958927 0.10904908291298451 480
1740010959024 0.16904869627135632 481
1740010959123 0.5662246591037624 482
1740010959220 0.25306957006194153 483
1740010959315 0.16063528096626106 484
1740010959413 0.1393123606094397 485
1740010959512 0.6558623577708947 486
1740010959619 0.3694619016223975 487
1740010959719 0.30357806813683125 488
1740010959816 0.363597083669819 489
1740010959916 0.15292301370309067 490
1740010960011 0.4637120491139172 491
1740010960112 0.2378045338086266 492
1740010960208 0.5832949416716516 493
1740010960316 0.48692591699830284 494
1740010960415 0.4821711494501224 495
1740010960514 0.4048154050554273 496
1740010960613 0.3205475083363059 497
1740010960709 0.09513323883322661 498
1740010960803 0.9570459593426908 499
