1740014670984 53.59811908567194 0
1740014671072 31.025790615250624 1
1740014671171 55.724367446083065 2
1740014671259 37.282259302983256 3
1740014671347 20.95612472516955 4
1740014671435 11.267842710488706 5
1740014671529 13.719575873086976 6
1740014671620 11.543998890916143 7
1740014671709 12.912747265698169 8
1740014671799 7.462486644440506 9
1740014671886 8.314240848018466 10
1740014671972 8.245664744103534 11
1740014672058 8.682715797455781 12
1740014672152 2.687737853497106 13
1740014672235 4.088082343262744 14
1740014672319 5.8131241172201245 15
1740014672409 7.111619629222519 16
1740014672494 6.41032249396642 17
1740014672581 4.190588967019031 18
1740014672673 4.757586727586904 19
1740014672764 6.3468152776461135 20
1740014672849 4.809152911475652 21
1740014672937 3.873378697112923 22
1740014673024 5.2917520709656936 23
1740014673116 4.812528381098507 24
1740014673289 4.117654539808208 25
1740014673377 6.213227977773693 26
1740014673465 4.689379733502114 27
1740014673551 5.826566601866025 28
1740014673637 4.2823954132280795 29
1740014673722 3.2879785983824554 30
1740014673808 7.92221237075311 31
1740014673892 1.6166788463810438 32
1740014673977 2.7756905331605632 33
1740014674065 7.905578575305194 34
1740014674156 5.3805841381519395 35
1740014674243 4.249084489094363 36
1740014674329 2.7543061787758796 37
1740014674413 4.326930002176825 38
