1740007987260 0.02224629776250245 0
1740007987378 0.4051401143544447 1
1740007987483 0.20136806315513248 2
1740007987579 0.057391269142545234 3
1740007987677 0.08708669465790622 4
1740007987775 0.019650607860055725 5
1740007987891 0.3400273968321841 6
1740007987988 0.036376328667685004 7
1740007988088 0.29760203047037115 8
1740007988194 0.1464251328177494 9
1740007988290 0.028552558860257645 10
1740007988385 0.28369361491214745 11
1740007988484 0.06738217928674076 12
1740007988580 0.046587222299031894 13
1740007988679 0.5751686906104065 14
1740007988773 0.35981043957761305 15
1740007988869 0.013027064719081811 16
1740007988957 0.006945938755424415 17
1740007989059 0.027790592242949313 18
1740007989212 0.007419180781744031 19
1740007989300 0.028134192949474675 20
1740007989398 0.038351238552113844 21
1740007989489 0.00929939690549911 22
1740007989582 0.2796127023337548 23
1740007989741 0.02366331457361962 24
1740007989830 0.14186452222628282 25
1740007989919 0.2912852499542669 26
1740007990017 0.09404931618608489 27
1740007990104 0.012152895157899746 28
1740007990193 0.0028579956881733463 29
1740007990293 0.06636336710138852 30
1740007990403 0.07432897249868042 31
1740007990496 0.06250545248452372 32
1740007990594 0.20939252830727437 33
1740007990685 0.04299367442956294 34
1740007990773 0.5448096183924983 35
1740007990864 0.04976587089836934 36
1740007990957 0.0036929129367173643 37
1740007991046 0.015568248289539979 38
1740007991175 0.001644926999105682 39
1740007991262 0.026728802989101446 40
1740007991350 0.029645565421563293 41
1740007991438 0.001102732004709497 42
1740007991529 0.015793921213609813 43
1740007991613 0.018905789495875444 44
1740007991701 0.05080333213506165 45
1740007991793 0.09017751258687981 46
1740007991895 0.0836314562217958 47
1740007991997 0.00032972437362118444 48
1740007992100 0.03154767265688349 49
1740007992192 0.22596932740724082 50
1740007992277 0.00025337379405633445 51
1740007992363 1.4547974431098207 52
1740007992448 0.2297153181966983 53
1740007992537 0.014381020253109085 54
1740007992624 0.6493109341493143 55
1740007992709 0.19052981260286184 56
1740007992796 0.045275472265390505 57
1740007992885 0.0035341348413166235 58
1740007992980 0.03679276073171056 59
1740007993069 0.10111588297144304 60
1740007993156 0.1644424109155118 61
1740007993245 0.13192047690599576 62
1740007993348 0.01957599277766296 63
1740007993432 0.06873199085541655 64
1740007993523 0.019301221776669097 65
1740007993611 0.25954732712073936 66
1740007993703 0.13634495490500692 67
1740007993792 0.002467157386956895 68
1740007993879 0.20589383060715177 69
1740007993965 0.004444087503381551 70
1740007994055 0.027852805492469428 71
1740007994144 0.02299742304513195 72
1740007994232 0.0731780578469425 73
1740007994320 0.00012662967170947616 74
1740007994411 0.0008644130280508693 75
1740007994501 0.05121822334528011 76
1740007994589 0.02168515026511383 77
1740007994683 0.014180621346037457 78
1740007994774 0.10796777307792588 79
1740007994865 0.07253553745194377 80
1740007994959 0.6397556980091333 81
1740007995049 0.00019534073036807904 82
1740007995144 0.046956675383709005 83
1740007995235 0.11728685413461762 84
1740007995327 0.0006706887270706768 85
1740007995419 0.04103067081572882 86
1740007995513 0.029323902185397203 87
1740007995608 0.0012345823761569104 88
1740007995701 0.06455855468181323 89
1740007995791 0.02881395953579272 90
1740007995886 0.17288715090220388 91
1740007995977 0.11550509658760176 92
1740007996075 0.11562724807388516 93
1740007996175 0.6111708522439184 94
1740007996325 0.0277745534854663 95
1740007996417 0.0003569469886980339 96
1740007996513 0.37376126962087397 97
1740007996607 0.029217097507521078 98
1740007996701 0.0008476095114334164 99
1740007996792 0.2642422713434623 100
1740007996884 0.01584357151827409 101
1740007996979 0.0658500349515408 102
1740007997075 0.00040624905365287307 103
1740007997165 0.12965079469434032 104
1740007997252 0.1419865844523139 105
1740007997344 0.10393708900664882 106
1740007997462 0.04849202616816964 107
1740007997557 0.2297447053409414 108
1740007997649 2.228083384538736e-05 109
1740007997743 0.0006852569310255218 110
1740007997837 0.04681850403087486 111
1740007997931 0.03435048659760344 112
1740007998029 0.01152159395113927 113
1740007998125 0.04469655660423229 114
1740007998214 0.002933988350206948 115
1740007998308 0.03448484117741783 116
1740007998397 0.003996035925652374 117
1740007998494 0.12035634688373052 118
1740007998585 0.0018928254901397973 119
1740007998674 0.003693629532472868 120
1740007998762 0.11048828273182493 121
1740007998854 0.00725940235718984 122
1740007998946 0.04285306892330133 123
1740007999045 0.06982195931044995 124
1740007999134 2.968032856079733e-05 125
1740007999223 0.4880512487686686 126
1740007999321 0.01886814785032644 127
1740007999414 0.024989694315058944 128
1740007999505 0.00012347102708521701 129
1740007999597 0.005376755620931298 130
1740007999687 0.033979286304046175 131
1740007999774 0.0011619553588420963 132
1740007999868 0.058246205083179646 133
1740007999960 0.010554391543342393 134
1740008000059 0.027138021076552155 135
1740008000166 0.33642824274930083 136
1740008000255 0.12199657717146381 137
1740008000344 4.0746981352432035e-05 138
1740008000435 0.7516050136528799 139
1740008000528 0.0014840696178191296 140
1740008000621 0.00750763592931104 141
1740008000710 0.057452146371055106 142
1740008000798 0.1655308097932959 143
1740008000894 0.030231734538533575 144
1740008000985 0.08181561113112167 145
1740008001086 0.0043098643644711955 146
1740008001178 0.0031339454364199765 147
1740008001270 0.6121258957062098 148
1740008001362 0.04085668913620152 149
1740008001456 0.6211961097738035 150
1740008001551 0.06281302387586774 151
1740008001640 0.006725814121480452 152
1740008001727 0.1018632524034182 153
1740008001817 0.07470801710178143 154
1740008001900 0.08194805989331236 155
1740008001988 0.05913726339510508 156
1740008002076 0.14111075276454052 157
1740008002163 0.010190345168300946 158
1740008002248 1.4025795850431894e-06 159
1740008002333 0.0005528818391726661 160
1740008002420 0.48235671933101226 161
1740008002507 0.03726268328932392 162
1740008002594 0.06903152672635882 163
1740008002682 0.006215791745303152 164
1740008002770 0.01432043000812288 165
1740008002859 0.010951273186195367 166
1740008002949 0.514452458036126 167
1740008003036 0.00023444863331699686 168
1740008003134 0.200567829195346 169
1740008003222 0.018286232461009886 170
1740008003307 0.09918337750307386 171
1740008003401 0.053410363058616156 172
1740008003492 0.006351253699678301 173
1740008003578 0.0047715655593452665 174
1740008003665 0.017764607570305947 175
1740008003751 0.11822961738064898 176
1740008003843 0.03710848926913951 177
1740008003934 0.0020622338057819543 178
1740008004027 0.11729908501683319 179
1740008004122 0.012685761729929138 180
1740008004211 0.1835900471859232 181
1740008004295 0.185965082802875 182
1740008004382 0.008153323821184482 183
1740008004466 0.32211632786112687 184
1740008004553 0.27352903071853235 185
1740008004640 0.0948521242289997 186
1740008004725 0.39726462621984937 187
1740008004814 0.04377036565362957 188
1740008004899 0.01986211680633745 189
1740008004984 0.0070701569026797705 190
1740008005072 0.014885329361064476 191
1740008005163 0.008386433137046966 192
1740008005249 0.12190817283435605 193
1740008005334 0.231634279451485 194
1740008005420 0.14384234862217274 195
1740008005505 0.04572232261175642 196
1740008005590 0.038345102517051366 197
1740008005679 0.05342863212503206 198
1740008005762 0.12374601643768965 199
1740008005851 0.026329758242228767 200
1740008005982 0.14756178627468877 201
1740008006072 0.03437544075818557 202
1740008006156 0.33705731073137635 203
1740008006244 0.020560011646253578 204
1740008006328 0.02619043104304599 205
1740008006413 0.0042441632026919245 206
1740008006500 0.00848218231609434 207
1740008006586 0.02585596530859991 208
1740008006670 0.005901196057634827 209
1740008006757 0.0013405434921284324 210
1740008006845 0.001800156340870951 211
1740008006935 0.11588454442253077 212
1740008007022 0.17249136898307943 213
1740008007112 0.0345137010178708 214
1740008007201 0.03890227029544815 215
1740008007292 0.0038209084914356045 216
1740008007376 0.00133154881664254 217
1740008007463 0.001479187346851103 218
1740008007548 0.18905063882824813 219
1740008007634 0.0941016734873997 220
1740008007719 0.017254033047225593 221
1740008007806 0.035363615291286364 222
1740008007891 0.07672006785755289 223
1740008007977 0.08597027864247435 224
1740008008062 0.02241429307093148 225
1740008008149 0.4074070529195042 226
1740008008234 0.01261475863553133 227
1740008008318 0.007475851537248542 228
1740008008403 0.029257373198250072 229
1740008008494 0.11978730443378022 230
1740008008579 0.1456301381515421 231
1740008008664 0.33508777584509025 232
1740008008753 0.001076782831017724 233
1740008008846 0.029765587465708274 234
1740008008932 0.005686405243438093 235
1740008009022 0.007508662130173893 236
1740008009112 0.00041509748062852636 237
1740008009199 0.5895585334714502 238
1740008009289 3.819107809977377e-05 239
1740008009373 0.2759061182102557 240
1740008009460 0.06032513173252686 241
1740008009546 0.37629738883296915 242
1740008009632 0.022139979597041212 243
1740008009717 0.009554461784669338 244
1740008009805 0.005926370004833205 245
1740008009890 0.31736844809842146 246
1740008009982 0.08758597856907313 247
1740008010073 0.05355699535060293 248
1740008010161 0.003419889199350131 249
1740008010248 0.0981695717352676 250
1740008010331 0.015013293036807925 251
1740008010417 0.004345114058981792 252
1740008010506 0.0032224976899893148 253
1740008010594 0.14581837768353006 254
1740008010680 0.032626028155119 255
1740008010764 0.11700437629442338 256
1740008010849 0.030671431899220357 257
1740008010933 0.0015294663879036733 258
1740008011022 5.05448251720948e-07 259
1740008011110 1.023454021996676 260
1740008011194 0.02172547956642945 261
1740008011287 0.029127164127180548 262
1740008011372 0.00012162807104755388 263
1740008011456 0.08262819757322713 264
1740008011542 0.1416535969460996 265
1740008011630 0.21710404682816878 266
1740008011715 0.008758214906507236 267
1740008011803 0.3621974031102224 268
1740008011889 0.10536961432713232 269
1740008011975 0.025799117136997972 270
1740008012063 0.4925586845624697 271
1740008012150 7.9894948294703e-05 272
1740008012236 0.3615338638743737 273
1740008012321 0.27521456486987356 274
1740008012408 0.014503949430803268 275
1740008012493 0.4751412037258789 276
1740008012582 0.0023557282411973183 277
1740008012667 8.584892871063466e-06 278
1740008012757 0.1939156627865238 279
1740008012843 0.06177357822558386 280
1740008012933 0.14742354892856405 281
1740008013021 0.03124929280658195 282
1740008013109 0.009186101548210639 283
1740008013204 0.008243218418742013 284
1740008013293 0.014741669398673472 285
1740008013378 0.4365730260212422 286
1740008013469 0.06825586323887677 287
1740008013565 0.5069179350478652 288
1740008013652 0.132250969040369 289
1740008013736 0.12632912498469676 290
1740008013825 0.047145224839619596 291
1740008013910 0.10025849248343151 292
1740008014000 0.1842892573124249 293
1740008014098 0.009470041971379548 294
1740008014238 0.13642312453970115 295
1740008014321 0.01812377225234396 296
1740008014408 0.0015003744553181062 297
1740008014497 0.006536927849376613 298
1740008014598 0.10823772490485908 299
1740008014684 0.15743778409279027 300
1740008014770 0.15789703607221242 301
1740008014853 0.03159146847743473 302
1740008014939 0.20156877266889012 303
1740008015026 0.3022855013159623 304
1740008015111 0.7042306305778933 305
1740008015197 0.0013950474757258577 306
1740008015282 0.015511096317702667 307
1740008015375 0.09461304703849871 308
1740008015459 0.0009015348047167989 309
1740008015548 0.15935886093088703 310
1740008015631 0.08779339282258546 311
1740008015717 2.425118995164645e-05 312
1740008015803 0.03865510578126695 313
1740008015890 0.25546668714336 314
1740008015972 0.09739041633328178 315
1740008016061 0.03614572060960179 316
1740008016145 0.001372735553421507 317
1740008016234 0.43105949873293997 318
1740008016318 0.0009960343320837034 319
1740008016405 0.020442410292208592 320
1740008016491 0.2393208829418905 321
1740008016579 0.059185156192180115 322
1740008016664 0.002686444293048112 323
1740008016752 0.008261667597960739 324
1740008016837 0.4765366105438343 325
1740008016922 0.4124722426035917 326
1740008017003 0.0029357540312985866 327
1740008017091 0.0426705945401086 328
1740008017175 0.04428782019694006 329
1740008017256 6.203588944534052e-05 330
1740008017343 0.04076275329319495 331
1740008017426 0.012707538905031538 332
1740008017507 0.04372797212576055 333
1740008017591 0.09625817446675904 334
1740008017673 0.021931991091951535 335
1740008017754 0.12505750694350554 336
1740008017837 0.08598266912277576 337
1740008017919 0.014751207407328345 338
1740008018000 0.0822653576349428 339
1740008018090 0.09938978292410133 340
1740008018175 0.029964361875707245 341
1740008018257 0.025388777398611607 342
1740008018340 0.00012640308148310016 343
1740008018424 0.032367425027987916 344
1740008018509 0.0018092488134902056 345
1740008018593 0.02541453597617399 346
1740008018690 0.09147614229369946 347
1740008018772 0.08607544072160164 348
1740008018855 0.24263516498020207 349
1740008018937 0.04096488557413302 350
1740008019020 2.4007540913062213 351
1740008019108 0.10826376187141962 352
1740008019188 0.5048174909602701 353
1740008019269 0.04050650391991801 354
1740008019352 0.05835845984548595 355
1740008019440 0.6849629040631326 356
1740008019520 0.004552190687043856 357
1740008019602 0.1712465874375515 358
1740008019684 0.008225327435555846 359
1740008019765 0.21336104646384454 360
1740008019846 0.14112996055213625 361
1740008019929 0.02971274271714529 362
1740008020011 0.055678505337641036 363
1740008020109 0.28895893469526446 364
1740008020249 0.13742093655200463 365
1740008020378 0.04412690414046009 366
1740008020474 5.642210796488163e-05 367
1740008020559 5.613320464272095e-05 368
1740008020715 0.015261034253366869 369
1740008020804 0.0009212770866091093 370
1740008020899 0.057409166630640586 371
1740008020992 0.0026047616664068482 372
1740008021078 0.003034391897288256 373
1740008021170 0.017712629898728967 374
1740008021258 0.005164273033808294 375
1740008021344 0.010229624017691142 376
1740008021436 0.07574681551632975 377
1740008021522 0.011334533649658845 378
1740008021612 0.30134849028684746 379
1740008021696 0.19974076172713115 380
1740008021783 0.4721071660801511 381
1740008021871 0.08402980437559916 382
1740008021958 0.06477485111721061 383
1740008022050 0.06082183294618904 384
1740008022203 0.07302972955719657 385
1740008022288 0.3521224777589445 386
1740008022372 0.06877354882194774 387
1740008022460 0.39841113423203417 388
1740008022546 0.5595716904853432 389
1740008022634 0.00012413223304771039 390
1740008022717 0.2233567785067812 391
1740008022803 0.00014324459569219945 392
1740008022888 0.0804375405806761 393
1740008022974 0.2808481714955817 394
1740008023066 0.01580506213169601 395
1740008023150 0.41705143938976874 396
1740008023239 0.06581713842364961 397
1740008023324 0.07595513514248149 398
1740008023411 0.1707057218518523 399
1740008023506 0.2673982935565848 400
1740008023602 0.146022998588188 401
1740008023695 0.3792943061639099 402
1740008023779 0.0071113385088777585 403
1740008023866 0.07851722417489608 404
1740008023953 0.15430768573531617 405
1740008024041 0.018288938315532664 406
1740008024124 0.06049844128686182 407
1740008024211 1.1876784475690504e-05 408
1740008024296 0.6632350717487762 409
1740008024385 0.0459916053468365 410
1740008024470 0.17802884426667903 411
1740008024559 0.0730983742085177 412
1740008024648 0.03946566708172755 413
1740008024732 0.28539376975639535 414
1740008024819 0.06266931061372158 415
1740008024908 0.06429091234624898 416
1740008025001 0.005939651409697673 417
1740008025090 0.06267046361705007 418
1740008025176 0.022384155613284194 419
1740008025261 0.32202207601301674 420
1740008025348 0.030726997428308082 421
1740008025432 0.0003678969179663625 422
1740008025524 0.15608588822810726 423
1740008025609 0.0666378075134472 424
1740008025697 0.044000614833869536 425
1740008025780 0.08805446769460971 426
1740008025867 0.004338732157880293 427
1740008025951 0.17678964821900697 428
1740008026042 0.0035751641291171285 429
1740008026124 0.20978842955421653 430
1740008026211 0.1564668923060935 431
1740008026295 0.004320658216945173 432
1740008026380 0.07477805460442279 433
1740008026465 0.13355122862595958 434
1740008026553 0.07106645709839007 435
1740008026640 0.592705116394125 436
1740008026773 0.30443793026807237 437
1740008026862 0.04789122772874067 438
1740008026946 0.012462317046035705 439
1740008027035 0.03201231560542655 440
1740008027120 0.0002787444645088487 441
1740008027208 0.03345409088746122 442
1740008027292 0.09833335237599229 443
1740008027381 0.043257546906399665 444
1740008027465 0.13726342234503444 445
1740008027555 0.0015181508638113454 446
1740008027640 0.21097688034251696 447
1740008027727 0.009505736164053499 448
1740008027811 0.07409873225766297 449
1740008027898 0.0035754244247343295 450
1740008027982 0.00659209154605738 451
1740008028072 0.0025877566958854305 452
1740008028157 0.0013752756477822372 453
1740008028244 0.012668641946220539 454
1740008028328 0.06078779734387216 455
1740008028414 0.016617136580932734 456
1740008028502 0.0996644449898918 457
1740008028591 0.021696528036227524 458
1740008028676 0.17518099090864528 459
1740008028764 0.273409209766379 460
1740008028848 0.004106847876029278 461
1740008028935 0.2426119446146522 462
1740008029022 0.28377660792508436 463
1740008029110 0.18612777420300067 464
1740008029194 0.08416579365653779 465
1740008029282 0.00010430055523942681 466
1740008029367 0.0006493504041901475 467
1740008029454 0.00012128299854402674 468
1740008029542 0.04357246592127072 469
1740008029631 0.005794392399242766 470
1740008029717 0.045950357966789555 471
1740008029806 0.004990625958283828 472
1740008029890 0.0034347417712870284 473
1740008029975 0.01144443918258564 474
1740008030063 0.11734619687865624 475
1740008030151 4.461488306910221e-05 476
1740008030234 0.02554286530496204 477
1740008030320 0.005620568394927539 478
1740008030405 0.0006553719003475809 479
1740008030490 2.2557310024739944e-05 480
1740008030576 0.042917119994830215 481
1740008030661 0.459790567278529 482
1740008030745 0.0032915237140165652 483
1740008030835 0.21542016892219906 484
1740008030919 0.008309562828529678 485
1740008031005 0.1140300923816552 486
1740008031090 0.015880184485948818 487
1740008031175 0.2359061476444089 488
1740008031259 0.3352762281377732 489
1740008031345 0.03623998366581636 490
1740008031429 0.014099647914421674 491
1740008031517 0.06371026590578514 492
1740008031608 0.006742869181563432 493
1740008031697 0.17906177244714094 494
1740008031783 0.14897895297477048 495
1740008031870 0.9753155205610224 496
1740008031955 0.0008376219712712428 497
1740008032043 0.010873308180814813 498
1740008032128 0.027939274387180007 499
