1739963270139 6.647606606597543 0
1739963270207 6.4371730724046525 1
1739963270271 7.724864080312299 2
1739963270339 6.705638540728314 3
1739963270403 6.6507070963001365 4
1739963270478 6.216401453086238 5
1739963270544 6.45142295480086 6
1739963270607 6.870158575497913 7
1739963270670 6.800220926927808 8
1739963270731 6.601543187724317 9
1739963270793 7.398785452284085 10
1739963270854 6.567935183235078 11
1739963270915 6.741864503316124 12
1739963270978 6.288771599776404 13
1739963271040 6.363378335883064 14
1739963271102 6.2454363042410925 15
