1740045992698 169.25480595599964 0
1740045992734 165.88168404515736 1
1740045992761 162.57586768598281 2
1740045992792 159.33601298146712 3
1740045992824 156.1608028904523 4
1740045992860 153.0489466904219 5
1740045992909 149.99917945105 6
1740045992944 147.01026151829382 7
1740045992982 144.08097800881748 8
1740045993012 141.21013831454104 9
1740045993046 138.39657561711022 10
1740045993075 135.63914641208913 11
1740045993104 132.93673004268035 12
1740045993131 130.28822824278166 13
1740045993161 127.69256468919184 14
1740045993199 125.1486845627824 15
1740045993241 122.65555411845541 16
1740045993280 120.21216026371131 17
1740045993315 117.81751014565377 18
1740045993349 115.47063074626297 19
1740045993399 113.17056848577113 20
1740045993433 110.91638883397799 21
1740045993467 108.70717592934714 22
1740045993499 106.54203220572715 23
1740045993534 104.42007802654479 24
1740045993569 102.3404513263202 25
1740045993601 100.30230725935795 26
1740045993636 98.30481785546934 27
1740045993673 96.34717168258565 28
1740045993705 94.42857351612395 29
1740045993793 92.54824401497017 30
1740045993834 90.70541940394686 31
1740045993865 88.89935116263581 32
1740045993898 87.12930572042778 33
1740045993931 85.39456415767509 34
1740045993964 83.6944219128245 35
1740045993997 82.02818849541038 36
1740045994030 80.3951872047912 37
1740045994063 78.79475485451395 38
1740045994096 77.22624150219372 39
1740045994128 75.68901018479806 40
1740045994161 74.18243665922803 41
1740045994194 72.70590914808928 42
1740045994227 71.25882809054976 43
1740045994260 69.84060589818189 44
1740045994293 68.45066671568937 45
1740045994326 67.08844618642073 46
1740045994360 65.753391222574 47
1740045994392 64.44495977999823 48
1740045994423 63.16262063749988 49
1740045994453 61.905853180563945 50
1740045994483 60.674147189401445 51
1740045994513 59.46700263123636 52
1740045994545 58.28392945674737 53
1740045994576 57.124447400581104 54
1740045994606 55.98808578585541 55
1740045994637 54.8743833325726 56
1740045994668 53.78288796986462 57
1740045994700 52.71315665199311 58
1740045994732 51.66475517802954 59
1740045994764 50.63725801514136 60
1740045994796 49.63024812541224 61
1740045994827 48.64331679612553 62
1740045994857 47.6760634734416 63
1740045994886 46.72809559940108 64
1740045994916 45.79902845218763 65
1740045994947 44.888484989584626 66
1740045994977 43.996095695562154 67
1740045995008 43.12149842993151 68
1740045995039 42.264338281005735 69
1740045995070 41.42426742120618 70
1740045995103 40.600944965555996 71
1740045995135 39.794036833002764 72
1740045995168 39.003215610513855 73
1740045995201 38.22816041988863 74
1740045995234 37.468556787233496 75
1740045995264 36.72409651504634 76
1740045995294 35.994477556858044 77
1740045995324 35.279403894380074 78
1740045995354 34.57858541710798 79
1740045995401 33.891737804331434 80
1740045995444 33.21858240950297 81
1740045995474 32.55884614691801 82
1740045995504 31.91226138065998 83
1740045995534 31.27856581576521 84
1740045995566 30.657502391563213 85
1740045995597 30.048819177148786 86
1740045995628 29.452269268943294 87
1740045995658 28.86761069030331 88
1740045995688 28.294606293135732 89
1740045995719 27.73302366147914 90
1740045995750 27.18263501701209 91
1740045995781 26.643217126449816 92
1740045995811 26.11455121079159 93
1740045995842 25.596422856381565 94
1740045995886 25.088621927747077 95
1740045995917 24.590942482178576 96
1740045995946 24.103182686016584 97
1740045995976 23.625144732611385 98
1740045996006 23.15663476192205 99
1740045996038 22.697462781721992 100
1740045996070 22.247442590378885 101
1740045996103 21.806391701177628 102
1740045996135 21.374131268155182 103
1740045996167 20.95048601341735 104
1740045996200 20.535284155907682 105
1740045996233 20.128357341599543 106
1740045996265 19.729540575082837 107
1740045996298 19.33867215251752 108
1740045996331 18.95559359592661 109
1740045996362 18.5801495888018 110
1740045996393 18.21218791299555 111
1740045996424 17.85155938687383 112
1740045996455 17.498117804704407 113
1740045996484 17.15171987725587 114
1740045996514 16.81222517358329 115
1740045996545 16.479496063976644 116
1740045996576 16.153397664048928 117
1740045996607 15.833797779941097 118
1740045996639 15.520566854621405 119
1740045996670 15.213577915257433 120
1740045996700 14.912706521639267 121
1740045996730 14.617830715632834 122
1740045996760 14.32883097164277 123
1740045996790 14.04559014806469 124
1740045996820 13.767993439707048 125
1740045996850 13.495928331163261 126
1740045996882 13.22928455111494 127
1740045996914 12.967954027547874 128
1740045996946 12.71183084386231 129
1740045996977 12.460811195859687 130
1740045997009 12.21479334958843 131
1740045997039 11.9736776000315 132
1740045997070 11.73736623061892 133
1740045997101 11.505763473548821 134
1740045997132 11.278775470900786 135
1740045997164 11.056310236525723 136
1740045997194 10.838277618696695 137
1740045997226 10.624589263505571 138
1740045997257 10.415158578990475 139
1740045997289 10.209900699979537 140
1740045997320 10.0087324536366 141
1740045997351 9.81157232569484 142
1740045997382 9.61834042736456 143
1740045997413 9.428958462901686 144
1740045997444 9.24334969782377 145
1740045997475 9.061438927760602 146
1740045997506 8.883152447926605 147
1740045997536 8.708418023202785 148
1740045997567 8.537164858815947 149
1740045997597 8.369323571603214 150
1740045997627 8.20482616185024 151
1740045997657 8.043605985691627 152
1740045997688 7.885597728062263 153
1740045997718 7.730737376188669 154
1740045997748 7.578962193609431 155
1740045997778 7.4302106947143365 156
1740045997808 7.284422619791644 157
1740045997838 7.141538910573527 158
1740045997868 7.001501686269577 159
1740045997899 6.864254220078712 160
1740045997929 6.7297409161699555 161
1740045997960 6.5979072871226 162
1740045997991 6.468699931816724 163
1740045998022 6.342066513764946 164
1740045998052 6.217955739876718 165
1740045998082 6.096317339646368 166
1740045998113 5.977102044756588 167
1740045998144 5.860261569088978 168
1740045998173 5.745748589133517 169
1740045998201 5.633516724789032 170
1740045998230 5.523520520546823 171
1740045998260 5.415715427049823 172
1740045998291 5.310057783019751 173
1740045998321 5.2065047975449295 174
1740045998351 5.105014532721623 175
1740045998380 5.005545886641691 176
1740045998409 4.908058576719815 177
1740045998439 4.812513123353375 178
1740045998471 4.718870833908426 179
1740045998507 4.627093787025209 180
1740045998545 4.537144817236848 181
1740045998593 4.448987499894962 182
1740045998636 4.362586136396053 183
1740045998682 4.2779057397027 184
1740045998742 4.194912020153646 185
1740045998789 4.113571371557013 186
1740045998835 4.033850857560991 187
1740045998881 3.9557181982964735 188
1740045998926 3.8791417572861824 189
1740045998969 3.804090528615016 190
1740045999015 3.7305341243563235 191
1740045999147 3.6584427622490745 192
1740045999206 3.587787253620874 193
1740045999255 3.5185389915519054 194
1740045999291 3.450669939275052 195
1740045999324 3.3841526188073825 196
1740045999359 3.3189600998084807 197
1740045999394 3.25506598866103 198
1740045999426 3.1924444177692406 199
1740045999459 3.1310700350707563 200
1740045999489 3.070917993757811 201
1740045999523 3.0119639422034004 202
1740045999562 2.954184014088432 203
1740045999600 2.8975548187258218 204
1740045999644 2.8420534315776025 205
1740045999702 2.787657384961175 206
1740045999747 2.7343446589409797 207
1740045999792 2.6820936724018285 208
1740045999835 2.6308832743003023 209
1740045999878 2.5806927350906634 210
1740045999915 2.531501738321771 211
1740045999947 2.4832903724016187 212
1740045999977 2.436039122526143 213
1740046000007 2.389728862769004 214
1740046000039 2.3443408483291486 215
1740046000077 2.2998567079329826 216
1740046000107 2.256258436388103 217
1740046000136 2.213528387285524 218
1740046000168 2.171649265847469 219
1740046000199 2.1306041219177936 220
1740046000231 2.0903763430922266 221
1740046000263 2.050949647985595 222
1740046000295 2.0123080796333546 223
1740046000328 1.9744359990246758 224
1740046000361 1.9373180787645476 225
1740046000393 1.9009392968622434 226
1740046000423 1.86528493064366 227
1740046000454 1.830340550785082 228
1740046000484 1.796092015465911 229
1740046000513 1.7625254646380022 230
1740046000542 1.7296273144092782 231
1740046000573 1.6973842515393491 232
1740046000602 1.6657832280448897 233
1740046000632 1.6348114559125901 234
1740046000660 1.6044564019175414 235
1740046000687 1.5747057825449455 236
1740046000716 1.545547559013079 237
1740046000744 1.5169699323955064 238
1740046000776 1.4889613388405598 239
1740046000806 1.4615104448861256 240
1740046000835 1.434606142867875 241
1740046000863 1.408237546419024 242
1740046000891 1.3823939860598553 243
1740046000918 1.3570650048751454 244
1740046000946 1.3322403542778065 245
1740046000975 1.3079099898569788 246
1740046001003 1.2840640673089188 247
1740046001031 1.2606929384489916 248
1740046001060 1.2377871473031983 249
1740046001089 1.2153374262776322 250
1740046001118 1.1933346924042791 251
1740046001147 1.1717700436616907 252
1740046001176 1.1506347553690068 253
1740046001205 1.129920276651864 254
1740046001234 1.1096182269787587 255
1740046001266 1.0897203927664711 256
1740046001299 1.0702187240531704 257
1740046001329 1.0511053312378178 258
1740046001357 1.032372481884601 259
1740046001387 1.0140125975910632 260
1740046001417 0.9960182509186527 261
1740046001446 0.9783821623844909 262
1740046001476 0.961097197513089 263
1740046001507 0.944156363946835 264
1740046001539 0.9275528086141024 265
1740046001573 0.9112798149537868 266
1740046001604 0.895330800195186 267
1740046001635 0.8796993126920983 268
1740046001666 0.8643790293100596 269
1740046001697 0.84936375286566 270
1740046001727 0.8346474096169139 271
1740046001756 0.8202240468036421 272
1740046001784 0.8060878302368897 273
1740046001812 0.7922330419363972 274
1740046001842 0.7786540778151474 275
1740046001872 0.7653454454100816 276
1740046001903 0.7523017616580399 277
1740046001933 0.7395177507160325 278
1740046001961 0.7269882418249614 279
1740046001988 0.7147081672159106 280
1740046002017 0.7026725600581774 281
1740046002048 0.6908765524482026 282
1740046002079 0.6793153734385744 283
1740046002109 0.6679843471063263 284
1740046002137 0.6568788906597316 285
1740046002166 0.6459945125828223 286
1740046002194 0.6353268108169087 287
1740046002223 0.6248714709783165 288
1740046002252 0.6146242646116703 289
1740046002280 0.6045810474779628 290
1740046002309 0.5947377578767667 291
1740046002339 0.5850904150018681 292
1740046002368 0.5756351173296762 293
1740046002398 0.5663680410397518 294
1740046002428 0.5572854384668106 295
1740046002456 0.5483836365835809 296
1740046002482 0.5396590355138873 297
1740046002509 0.5311081070753785 298
1740046002538 0.5227273933512857 299
1740046002569 0.5145135052906444 300
1740046002598 0.5064631213364239 301
1740046002631 0.49857298608097245 302
1740046002662 0.49083990894827695 303
1740046002692 0.4832607629024739 304
1740046002721 0.4758324831820909 305
1740046002756 0.4685520660595242 306
1740046002789 0.46141656762521915 307
1740046002821 0.45442310259609786 308
1740046002856 0.44756884314771395 309
1740046002888 0.4408510177696877 310
1740046002920 0.4342669101439414 311
1740046002952 0.42781385804529926 312
1740046002983 0.4214892522639809 313
1740046003014 0.41529053554957013 314
1740046003045 0.40921520157602836 315
1740046003077 0.4032607939273279 316
1740046003108 0.3974249051032985 317
1740046003138 0.39170517554528184 318
1740046003168 0.3860992926811995 319
1740046003197 0.38060498998964815 320
1740046003227 0.37522004608264126 321
1740046003258 0.3699422838066322 322
1740046003286 0.3647695693614443 323
1740046003316 0.35969981143675295 324
1740046003345 0.35473096036578106 325
1740046003374 0.3498610072958466 326
1740046003401 0.3450879833754448 327
1740046003430 0.34040995895752274 328
1740046003461 0.33582504281862485 329
1740046003490 0.3313313813935991 330
1740046003519 0.3269271580255558 331
1740046003549 0.3226105922307529 332
1740046003579 0.3183799389781483 333
1740046003610 0.31423348798328693 334
1740046003640 0.3101695630162699 335
1740046003670 0.3061865212234993 336
1740046003699 0.3022827524629437 337
1740046003729 0.2984566786526415 338
1740046003760 0.29470675313218964 339
1740046003791 0.2910314600369412 340
1740046003821 0.2874293136846851 341
1740046003851 0.2838988579745321 342
1740046003881 0.280438665797784 343
1740046003911 0.2770473384605303 344
1740046003941 0.27372350511775734 345
1740046003971 0.2704658222187272 346
1740046004000 0.2672729729633992 347
1740046004030 0.264143666769689 348
1740046004127 0.26107663875133613 349
1740046004158 0.25807064920617095 350
1740046004187 0.25512448311457625 351
1740046004218 0.2522369496479475 352
1740046004247 0.24940688168693004 353
1740046004277 0.2466331353492664 354
1740046004306 0.24391458952704068 355
1740046004337 0.24125014543314607 356
1740046004367 0.2386387261567821 357
1740046004398 0.23607927622781172 358
1740046004429 0.23357076118978842 359
1740046004460 0.2311121671814949 360
1740046004489 0.22870250052681773 361
1740046004520 0.22634078733278284 362
1740046004551 0.2240260730956082 363
1740046004583 0.22175742231459666 364
1740046004614 0.21953391811372241 365
1740046004644 0.2173546618707534 366
1740046004674 0.21521877285376032 367
1740046004704 0.2131253878648709 368
1740046004735 0.21107366089111057 369
1740046004767 0.20906276276220953 370
1740046004797 0.2070918808152144 371
1740046004828 0.2051602185657855 372
1740046004859 0.20326699538604293 373
1740046004893 0.20141144618882514 374
1740046004925 0.19959282111823923 375
1740046004956 0.19781038524636935 376
1740046004987 0.19606341827603432 377
1740046005017 0.19435121424945895 378
1740046005048 0.1926730812627483 379
1740046005077 0.19102834118605297 380
1740046005106 0.18941632938930283 381
1740046005136 0.18783639447340464 382
1740046005166 0.1862878980067958 383
1740046005194 0.1847702142672425 384
1740046005224 0.18328272998877784 385
1740046005253 0.18182484411368618 386
1740046005283 0.18039596754942278 387
1740046005312 0.17899552293037538 388
1740046005343 0.17762294438436965 389
1740046005374 0.17627767730382726 390
1740046005407 0.17495917812147854 391
1740046005439 0.17366691409054358 392
1740046005471 0.17240036306929202 393
1740046005501 0.17115901330989 394
1740046005533 0.1699423632514565 395
1740046005564 0.16874992131723657 396
1740046005595 0.16758120571581814 397
1740046005624 0.16643574424630556 398
1740046005655 0.16531307410737014 399
1740046005686 0.16421274171010833 400
1740046005715 0.1631343024946254 401
1740046005745 0.16207732075026934 402
1740046005775 0.16104136943944544 403
1740046005805 0.16002603002494248 404
1740046005835 0.1590308923006943 405
1740046005865 0.15805555422591033 406
1740046005895 0.1570996217625148 407
1740046005926 0.15616270871581778 408
1740046005956 0.15524443657836037 409
1740046005986 0.15434443437687276 410
1740046006017 0.15346233852227376 411
1740046006048 0.15259779266266268 412
1740046006078 0.15175044753923578 413
1740046006109 0.15091996084507311 414
1740046006139 0.15010599708673789 415
1740046006169 0.14930822744862807 416
1740046006199 0.14852632966003487 417
1740046006228 0.14775998786484312 418
1740046006258 0.1470088924938295 419
1740046006288 0.14627274013950253 420
1740046006317 0.1455512334334354 421
1740046006346 0.14484408092603945 422
1740046006378 0.1441509969687347 423
1740046006410 0.1434717015984638 424
1740046006441 0.14280592042450663 425
1740046006471 0.14215338451754916 426
1740046006500 0.14151383030095988 427
1740046006530 0.14088699944423358 428
1740046006561 0.14027263875855234 429
1740046006590 0.13967050009443135 430
1740046006621 0.1390803402413983 431
1740046006651 0.1385019208296735 432
1740046006681 0.13793500823380447 433
1740046006711 0.13737937347822332 434
1740046006740 0.136834792144681 435
1740046006769 0.13630104428152623 436
1740046006799 0.13577791431478933 437
1740046006828 0.13526519096104006 438
1740046006858 0.13476266714197588 439
1740046006889 0.13427013990071346 440
1740046006918 0.13378741031974659 441
1740046006948 0.13331428344053717 442
1740046006977 0.13285056818470667 443
1740046007007 0.13239607727679872 444
1740046007036 0.1319506271685766 445
1740046007067 0.13151403796483038 446
1740046007096 0.1310861333506597 447
1740046007126 0.13066674052020444 448
1740046007156 0.13025569010679638 449
1740046007186 0.12985281611449823 450
1740046007216 0.12945795585100767 451
1740046007245 0.1290709498618984 452
1740046007275 0.12869164186616688 453
1740046007304 0.1283198786930659 454
1740046007335 0.1279555102201928 455
1740046007365 0.12759838931281262 456
1740046007395 0.12724837176438822 457
1740046007425 0.12690531623829351 458
1740046007454 0.12656908421068988 459
1740046007484 0.1262395399145353 460
1740046007514 0.12591655028471374 461
1740046007544 0.12559998490425195 462
1740046007575 0.12528971595161037 463
1740046007606 0.12498561814902139 464
1740046007635 0.12468756871185739 465
1740046007665 0.12439544729900576 466
1740046007695 0.12410913596423231 467
1740046007725 0.12382851910851331 468
1740046007752 0.12355348343331635 469
1740046007781 0.12328391789480987 470
1740046007812 0.12301971365898691 471
1740046007841 0.12276076405767956 472
1740046007869 0.12250696454545147 473
1740046007898 0.12225821265734624 474
1740046007926 0.12201440796747914 475
1740046007953 0.12177545204845046 476
1740046007982 0.12154124843157024 477
1740046008010 0.12131170256787156 478
1740046008039 0.12108672178990189 479
1740046008069 0.12086621527427481 480
1740046008099 0.12065009400496676 481
1740046008129 0.12043827073734387 482
1740046008158 0.12023065996290683 483
1740046008188 0.12002717787473575 484
1740046008216 0.11982774233362369 485
1740046008243 0.1196322728348837 486
1740046008271 0.11944069047581753 487
1740046008299 0.11925291792383177 488
1740046008327 0.11906887938518795 489
1740046008355 0.11888850057437496 490
1740046008384 0.11871170868409159 491
1740046008414 0.11853843235582727 492
1740046008448 0.11836860165102561 493
1740046008477 0.11820214802282529 494
1740046008507 0.11803900428836162 495
1740046008536 0.11787910460162018 496
1740046008567 0.11772238442682943 497
1740046008597 0.11756878051238538 498
1740046008625 0.11741823086529365 499
