1740003229552 183.58238128237292 0
1740003229572 179.90050878886282 1
1740003229596 176.29225055395008 2
1740003229615 172.75613746846952 3
1740003229636 169.29072972000486 4
1740003229656 165.94589331399064 5
1740003229675 162.6674364025262 6
1740003229694 159.45403917471515 7
1740003229715 156.30440809061136 8
1740003229734 153.21727535788057 9
1740003229753 150.19139841889455 10
1740003229771 147.22555944804955 11
1740003229790 144.3185648591053 12
1740003229808 141.46924482234448 13
1740003229829 138.67645279135684 14
1740003229851 135.93906503925612 15
1740003229871 133.25598020414122 16
1740003229892 130.62866494294707 17
1740003229911 128.05342152627827 18
1740003229930 125.52921566409597 19
1740003229948 123.0550336348719 20
1740003229966 120.62988187625633 21
1740003229986 118.25278658389603 22
1740003230005 115.9227933182402 23
1740003230026 113.63896661917511 24
1740003230047 111.40038962833147 25
1740003230067 109.20616371891177 26
1740003230087 107.05540813288785 27
1740003230107 104.9472596254218 28
1740003230127 102.8808721163663 29
1740003230148 100.85541634870363 30
1740003230168 98.87007955378458 31
1740003230189 96.9240651232326 32
1740003230208 95.01659228737975 33
1740003230229 93.14689580010479 34
1740003230248 91.31422562994555 35
1740003230268 89.51784665736102 36
1740003230288 87.75703837802027 37
1740003230311 86.03109461199844 38
1740003230333 84.339323218762 39
1740003230355 82.68104581782812 40
1740003230376 81.05559751498487 41
1740003230396 79.46232663396198 42
1740003230416 77.90059445344299 43
1740003230437 76.36977494931298 44
1740003230458 74.86925454203715 45
1740003230478 73.39843184906859 46
1740003230497 71.95671744218427 47
1740003230517 70.5435336096522 48
1740003230535 69.15831412313247 49
1740003230554 67.80050400921859 50
1740003230574 66.46955932552643 51
1740003230599 65.16494694124046 52
1740003230620 63.88614432202797 53
1740003230645 62.632639319235025 54
1740003230666 61.40392996327824 55
1740003230688 60.19952426114929 56
1740003230709 59.018939997949914 57
1740003230731 57.86170454237744 58
1740003230751 56.727354656081786 59
1740003230772 55.61543630681737 60
1740003230792 54.52550448531386 61
1740003230813 53.45712302579196 62
1740003230837 52.41170420083309 63
1740003230865 51.38693274825141 64
1740003230949 50.382399396549815 65
1740003230971 49.397703002143324 66
1740003230991 48.43245038777794 67
1740003231010 47.48625618416361 68
1740003231032 46.55874267475737 69
1740003231050 45.64953964363403 70
1740003231069 44.75828422638283 71
1740003231088 43.88462076396997 72
1740003231106 43.02820065950794 73
1740003231160 42.18868223787385 74
1740003231220 41.36573060811997 75
1740003231245 40.55901752862104 76
1740003231264 39.76822127490381 77
1740003231284 38.99302651010546 78
1740003231303 38.233124158008586 79
1740003231322 37.48821127860152 80
1740003231341 36.757990946113615 81
1740003231361 36.04217212947645 82
1740003231381 35.34046957516246 83
1740003231399 34.65260369235385 84
1740003231417 33.97830044039533 85
1740003231436 33.31729121848533 86
1740003231455 32.66931275756098 87
1740003231473 32.03410701433343 88
1740003231492 31.41142106743052 89
1740003231510 30.801007015605002 90
1740003231529 30.20262187796717 91
1740003231548 29.616027496201625 92
1740003231566 29.04099043872865 93
1740003231585 28.477281906771598 94
1740003231603 27.92467764229231 95
1740003231622 27.382957837757374 96
1740003231642 26.85199110723252 97
1740003231661 26.331393846400513 98
1740003231679 25.821130993491607 99
1740003231698 25.32082838122074 100
1740003231716 24.830457883701957 101
1740003231734 24.349741072797087 102
1740003231753 23.878396661414325 103
1740003231771 23.416414227457054 104
1740003231794 22.9634342991748 105
1740003231813 22.51945213112691 106
1740003231835 22.08420556621219 107
1740003231855 21.657429786316598 108
1740003231876 21.239135959497172 109
1740003231896 20.829069431524065 110
1740003231916 20.426973093450403 111
1740003231934 20.032872919704566 112
1740003231953 19.646428344490424 113
1740003231972 19.267669188028265 114
1740003231991 18.89635528586597 115
1740003232009 18.532244164052315 116
1740003232031 18.17537895286922 117
1740003232050 17.825432214687773 118
1740003232069 17.4824499817385 119
1740003232087 17.146205526828158 120
1740003232105 16.816469933306767 121
1740003232123 16.493301203787492 122
1740003232142 16.17647853303135 123
1740003232160 15.865779089072364 124
1740003232178 15.561271987739275 125
1740003232197 15.262646391031597 126
1740003232216 14.969972930513581 127
1740003232235 14.683042838091929 128
1740003232253 14.401645396536338 129
1740003232272 14.125861239499399 130
1740003232291 13.855391324882508 131
1740003232311 13.590317102636051 132
1740003232333 13.330440997090763 133
1740003232352 13.075563541751185 134
1740003232370 12.825775197987332 135
1740003232390 12.580883056180548 136
1740003232410 12.340692444251852 137
1740003232429 12.105302171244588 138
1740003232448 11.874427811199153 139
1740003232467 11.648167947320367 140
1740003232485 11.426339753140567 141
1740003232504 11.208758664233786 142
1740003232523 10.995530798116304 143
1740003232543 10.786477372544972 144
1740003232561 10.581417976909979 145
1740003232580 10.38046569751171 146
1740003232600 10.183349749073159 147
1740003232619 9.990182124641374 148
1740003232638 9.800793155713862 149
1740003232656 9.615011540991253 150
1740003232674 9.432955580073466 151
1740003232693 9.254364549013443 152
1740003232711 9.079355239336069 153
1740003232731 8.907766487044418 154
1740003232750 8.7394354793433 155
1740003232769 8.574484729756962 156
1740003232788 8.41275623091722 157
1740003232807 8.254090413917076 158
1740003232825 8.098615075304771 159
1740003232845 7.946081490275563 160
1740003232863 7.796615305014711 161
1740003232882 7.650066238042202 162
1740003232900 7.506282407753672 163
1740003232919 7.365394275537606 164
1740003232938 7.227162206611244 165
1740003232956 7.091714220282325 166
1740003232975 6.958907256565272 167
1740003232994 6.828596608787433 168
1740003233013 6.7009147023299365 169
1740003233034 6.575720910197267 170
1740003233053 6.452873029244856 171
1740003233071 6.332507548825667 172
1740003233090 6.214395356860007 173
1740003233108 6.098670030665744 174
1740003233126 5.985197534130909 175
1740003233147 5.8738421910448215 176
1740003233165 5.764741323448117 177
1740003233184 5.657674030924089 178
1740003233202 5.552774525735013 179
1740003233220 5.449914939922433 180
1740003233239 5.348965696429194 181
1740003233259 5.250064476873612 182
1740003233278 5.152998198797572 183
1740003233297 5.057901263990348 184
1740003233316 4.964651579132684 185
1740003233335 4.873125268541533 186
1740003233353 4.78345996731965 187
1740003233372 4.695535196048988 188
1740003233391 4.60922874912493 189
1740003233410 4.524681248175482 190
1740003233430 4.44168819526201 191
1740003233452 4.360386631791548 192
1740003233471 4.2806613798355935 193
1740003233489 4.2023954499570895 194
1740003233507 4.125728696579616 195
1740003233526 4.050463678671642 196
1740003233546 3.9767365646926214 197
1740003233565 3.904437142905753 198
1740003233584 3.8334533026724618 199
1740003233603 3.7639238807868516 200
1740003233622 3.695658140173074 201
1740003233641 3.6287911440523755 202
1740003233660 3.5632173333758894 203
1740003233679 3.4988291612630986 204
1740003233698 3.43576424025574 205
1740003233716 3.3738381982176207 206
1740003233735 3.31318480264033 207
1740003233753 3.2537028537070247 208
1740003233772 3.1952890737870656 209
1740003233790 3.138079683488039 210
1740003233808 3.081896349875901 211
1740003233828 3.0268713913505767 212
1740003233918 2.9729076923409377 213
1740003233940 2.9199059688654234 214
1740003233959 2.8680009164607494 215
1740003233978 2.817019928341374 216
1740003233997 2.7670937533610203 217
1740003234015 2.7181291022499185 218
1740003234037 2.6700304265110453 219
1740003234056 2.622930794045779 220
1740003234074 2.576663023306245 221
1740003234093 2.5313562022383693 222
1740003234111 2.4869206256786542 223
1740003234131 2.4432642385532297 224
1740003234149 2.400518405547843 225
1740003234168 2.3585210810897013 226
1740003234187 2.3173996265043026 227
1740003234205 2.2769972374835232 228
1740003234224 2.237437347191121 229
1740003234242 2.1986365206038805 230
1740003234260 2.160508747504204 231
1740003234279 2.1231798204957117 232
1740003234297 2.086497486632026 233
1740003234316 2.0505835933674468 234
1740003234335 2.0153576668777293 235
1740003234354 1.9807365755251722 236
1740003234373 1.9468445065367261 237
1740003234392 1.91353350826956 238
1740003234411 1.8809238133532726 239
1740003234429 1.8488723881122515 240
1740003234448 1.8174955907621826 241
1740003234470 1.7867184077027312 242
1740003234490 1.756462953822589 243
1740003234509 1.7268480360297518 244
1740003234527 1.697734389161814 245
1740003234546 1.6692369398255185 246
1740003234564 1.6412830979954065 247
1740003234583 1.6137973279474673 248
1740003234602 1.5868970005943281 249
1740003234620 1.5604464042272652 250
1740003234639 1.5345590293264806 251
1740003234658 1.5091037924644506 252
1740003234677 1.4841903871424107 253
1740003234696 1.459750983236914 254
1740003234715 1.4357146031683308 255
1740003234734 1.4121935108697086 256
1740003234753 1.389059689973333 257
1740003234771 1.3664216086837626 258
1740003234790 1.3441556910367534 259
1740003234809 1.322366693346521 260
1740003234829 1.3009911208888523 261
1740003234848 1.2799621406765995 262
1740003234867 1.2593872076167694 263
1740003234885 1.2391453591523822 264
1740003234904 1.2193403401357064 265
1740003234922 1.1998554531823085 266
1740003234941 1.180790817022423 267
1740003234960 1.1620868819567745 268
1740003234978 1.1436805797811191 269
1740003234996 1.1256748564892058 270
1740003235015 1.1079552050000963 271
1740003235034 1.0906209469461812 272
1740003235054 1.0735616769946423 273
1740003235072 1.0568731762043158 274
1740003235092 1.0404994806402397 275
1740003235110 1.0243809377945592 276
1740003235128 1.0086162839109976 277
1740003235147 0.9930969093899615 278
1740003235166 0.9779180110448524 279
1740003235184 0.9629749286328064 280
1740003235202 0.9483594029839487 281
1740003235220 0.933970622975765 282
1740003235238 0.9198969551770408 283
1740003235255 0.9060877142618268 284
1740003235274 0.8924882521397443 285
1740003235292 0.8791901361355793 286
1740003235312 0.8660937427637491 287
1740003235331 0.8532872609978119 288
1740003235350 0.8406747825508564 289
1740003235369 0.8283411993778775 290
1740003235388 0.8162385971420405 291
1740003235406 0.8043149567924913 292
1740003235425 0.7926584860873853 293
1740003235444 0.7811741409543624 294
1740003235463 0.7699468268973255 295
1740003235482 0.7588850901024956 296
1740003235500 0.7480706146309215 297
1740003235520 0.737415444180223 298
1740003235541 0.7269981204136527 299
1740003235560 0.7167750547882837 300
1740003235579 0.7066983138332831 301
1740003235598 0.6968499826782835 302
1740003235617 0.6871424454338717 303
1740003235635 0.6776546338964027 304
1740003235654 0.6683023208131127 305
1740003235672 0.6591613631901322 306
1740003235690 0.650150834038235 307
1740003235709 0.6413435923585613 308
1740003235728 0.6326619252111881 309
1740003235746 0.6241757686570244 310
1740003235765 0.6158470057876764 311
1740003235783 0.6076328560073263 312
1740003235801 0.5996071206907142 313
1740003235820 0.5916917463134025 314
1740003235842 0.5839575906264517 315
1740003235860 0.576329727021508 316
1740003235880 0.5688761443524307 317
1740003235898 0.5615249604589797 318
1740003235916 0.5543413683139298 319
1740003235934 0.5472564497655268 320
1740003235954 0.5403326732487654 321
1740003235977 0.533536600285698 322
1740003235996 0.5268298458428647 323
1740003236014 0.5202790344203806 324
1740003236034 0.513814306635363 325
1740003236053 0.5074995326717513 326
1740003236072 0.501267749248348 327
1740003236091 0.495180143405709 328
1740003236109 0.489172570720607 329
1740003236128 0.4833036046006576 330
1740003236147 0.4775118441506869 331
1740003236166 0.4718533170310231 332
1740003236184 0.4662692924106832 333
1740003236202 0.4608133185002619 334
1740003236220 0.45545731179308296 335
1740003236240 0.4501679058211512 336
1740003236259 0.44500316324314243 337
1740003236278 0.4399027066528731 338
1740003236297 0.434922077230373 339
1740003236316 0.43000352291812227 340
1740003236336 0.42520012983419414 341
1740003236355 0.42045670031817256 342
1740003236374 0.4158239302612435 343
1740003236393 0.4112491072202031 344
1740003236411 0.4067806001493974 345
1740003236430 0.4023681143702395 346
1740003236451 0.3980577536810515 347
1740003236470 0.39380157539931987 348
1740003236488 0.389643478473898 349
1740003236507 0.3855610015121041 350
1740003236525 0.3815260330746433 351
1740003236546 0.3775873875043556 352
1740003236571 0.37369471291839973 353
1740003236591 0.36989456228892004 354
1740003236613 0.36613891657496817 355
1740003236634 0.3624721281884961 356
1740003236653 0.3588484469079579 357
1740003236671 0.3553100839200852 358
1740003236689 0.35181349541267315 359
1740003236708 0.3483988092416004 360
1740003236726 0.3450246271657957 361
1740003236747 0.34172905019816296 362
1740003236766 0.3384727663628763 363
1740003236785 0.3352919049445597 364
1740003236804 0.3321491824205557 365
1740003236823 0.32907881012125556 366
1740003236844 0.32604547662139083 367
1740003236862 0.3230815277622656 368
1740003236881 0.32017102364590433 369
1740003236900 0.3172919322454359 370
1740003236919 0.3144820095329954 371
1740003236937 0.31170262491610445 372
1740003236956 0.3089895934541071 373
1740003236975 0.30630626872589034 374
1740003236994 0.3036865784015506 375
1740003237012 0.30109580466357283 376
1740003237031 0.29856603999240217 377
1740003237051 0.2960644410198899 378
1740003237070 0.2936213159444973 379
1740003237089 0.29120564307098656 380
1740003237108 0.2888459959628079 381
1740003237127 0.2865131231641095 382
1740003237147 0.2842339120200865 383
1740003237166 0.2819808311897558 384
1740003237185 0.2797791290163438 385
1740003237204 0.27760294542515296 386
1740003237223 0.27547593580229285 387
1740003237243 0.273373863734505 388
1740003237262 0.2713188365525196 389
1740003237282 0.2692881951120286 390
1740003237301 0.2673025424746576 391
1740003237321 0.26534075155434683 392
1740003237340 0.263421963841406 393
1740003237359 0.2615265402493368 394
1740003237378 0.2596722023327577 395
1740003237397 0.2578510318759535 396
1740003237416 0.25604845109500984 397
1740003237435 0.25428824028937924 398
1740003237456 0.2525462828922767 399
1740003237474 0.2508448378118679 400
1740003237493 0.2491613293026719 401
1740003237512 0.24751653839807816 402
1740003237531 0.24588938562452745 403
1740003237551 0.24429921655683196 404
1740003237570 0.2427264045923054 405
1740003237590 0.24118890119023204 406
1740003237610 0.23966849033684562 407
1740003237630 0.2381817696722904 408
1740003237649 0.23671189258037767 409
1740003237668 0.23527414215767833 410
1740003237686 0.233853001057105 411
1740003237705 0.2324624761116027 412
1740003237723 0.23108834015054752 413
1740003237742 0.2297433610521562 414
1740003237760 0.22841456373913885 415
1740003237779 0.2271135134968105 416
1740003237797 0.2258284502419494 417
1740003237816 0.22456977210509446 418
1740003237840 0.22332689785669987 419
1740003237864 0.222109093009759 420
1740003237883 0.22090691998254047 421
1740003237901 0.21972854532906574 422
1740003237920 0.21856564082037663 423
1740003237938 0.21742530685312272 424
1740003237957 0.2163002911437963 425
1740003237976 0.21519665989745712 426
1740003237996 0.21410820423392926 427
1740003238017 0.21303998731728307 428
1740003238035 0.21198681197183725 429
1740003238059 0.21095276867620344 430
1740003238081 0.20993364108226903 431
1740003238101 0.20893257656328315 432
1740003238122 0.20794630952287368 433
1740003238145 0.2069770730527238 434
1740003238164 0.20602252301318902 435
1740003238185 0.20508400630055731 436
1740003238205 0.2041600716979474 437
1740003238225 0.20325120727300428 438
1740003238245 0.2023568269394468 439
1740003238268 0.2014765866013667 440
1740003238289 0.20061073823395728 441
1740003238309 0.19975813155850974 442
1740003238329 0.19891983024731874 443
1740003238350 0.19809390315218556 444
1740003238372 0.1972821999650759 445
1740003238393 0.19648203333064485 446
1740003238413 0.195696013952682 447
1740003238433 0.1949207222961505 448
1740003238454 0.1941595057214858 449
1740003238474 0.19340823592219092 450
1740003238493 0.19267097319635912 451
1740003238513 0.19194290327034247 452
1740003238532 0.19122877628102536 453
1740003238551 0.19052311420290172 454
1740003238569 0.18983133451725606 455
1740003238589 0.18914731708754895 456
1740003238609 0.18847712483429402 457
1740003238628 0.18781401659046318 458
1740003238649 0.18716467938498263 459
1740003238669 0.18652177155443764 460
1740003238688 0.18589258346522092 461
1740003238706 0.18526919295868674 462
1740003238724 0.18465947351350057 463
1740003238743 0.18405494195716382 464
1740003238761 0.18346403518741145 465
1740003238779 0.18287772799232985 466
1740003238798 0.1823050015141076 467
1740003238816 0.1817363069814433 468
1740003238839 0.18118115111187358 469
1740003238857 0.18062947957254075 470
1740003238876 0.1800913064800057 471
1740003238896 0.17955608946740534 472
1740003238949 0.1790343323543642 473
1740003239006 0.17851502180891 474
1740003239027 0.17800913412603664 475
1740003239048 0.17750520163024064 476
1740003239068 0.1770146563206613 477
1740003239087 0.1765255923635839 478
1740003239107 0.17604988113604933 479
1740003239127 0.17557519440598207 480
1740003239147 0.17511382703585063 481
1740003239166 0.17465304374011895 482
1740003239184 0.1742055473970683 483
1740003239202 0.17375821060791832 484
1740003239221 0.17332412920935514 485
1740003239240 0.1728897982348928 486
1740003239259 0.17246869182405317 487
1740003239277 0.17204694160327919 488
1740003239296 0.17163838575107565 489
1740003239315 0.17122880627206577 490
1740003239335 0.17083239150174995 491
1740003239355 0.17043458724209268 492
1740003239374 0.17004991847585674 493
1740003239393 0.16966350786448006 494
1740003239411 0.16929020389114088 495
1740003239430 0.16891481879069922 496
1740003239453 0.16855251175365404 497
1740003239471 0.1681975346523571 498
1740003239492 0.16783591023539113 499
