1740016358944 0.001060856676912508 0
1740016359050 0.27067623789994694 1
1740016359145 0.07024331201701961 2
1740016359247 0.13082377107174128 3
1740016359340 0.023656797727433697 4
1740016359433 0.02671455182624573 5
1740016359527 0.0011082366638165914 6
1740016359629 0.0008276122371131809 7
1740016359729 0.017398783754671812 8
1740016359821 0.02216981176234165 9
1740016359914 0.12173891670393497 10
1740016360020 0.020909848251813058 11
1740016360116 0.0004162859340932289 12
1740016360266 0.012178301379060672 13
1740016360395 0.0266635065387367 14
1740016360497 0.06395352786897648 15
1740016360591 0.04166530011968752 16
1740016360690 0.6364770369755998 17
1740016360784 0.13267223407517414 18
1740016360877 0.04603637430473565 19
1740016360972 0.06211531493699439 20
1740016361067 1.0999026275794572 21
1740016361163 0.10893089863764953 22
1740016361260 0.031153697456315445 23
1740016361354 0.12674157596435143 24
1740016361448 0.03679576772847983 25
1740016361545 0.006895829941090966 26
1740016361637 0.006103229031190322 27
1740016361731 0.12831288552739448 28
1740016361822 0.011949626867648515 29
1740016361917 0.22009152434442714 30
1740016362014 0.11861579293389743 31
1740016362108 0.1503808675479971 32
1740016362204 0.00926673637611533 33
1740016362298 0.11409283958524419 34
1740016362390 0.0010507502816979027 35
1740016362483 0.13596967553851103 36
1740016362580 0.003310375680293629 37
1740016362679 0.000344382474591748 38
1740016362774 0.019205441870679574 39
1740016362866 0.0009263568541356401 40
1740016362961 0.005655830602375191 41
1740016363054 0.0069896849363626215 42
1740016363149 0.07686769758295195 43
1740016363249 0.6221708814538992 44
1740016363340 0.0454418798904075 45
1740016363432 0.22353662265682983 46
1740016363525 0.024603506775174564 47
1740016363622 0.15482203270465636 48
1740016363717 0.1930140718928849 49
1740016363809 0.06349903697907668 50
1740016363902 0.033979161281755266 51
1740016363998 0.006267400500442473 52
1740016364097 0.1584666751728044 53
1740016364191 0.011987467265197806 54
1740016364287 0.02291926727735381 55
1740016364382 0.3735464799508498 56
1740016364475 0.17600920880177898 57
1740016364568 0.006027116359569895 58
1740016364670 0.030032488908041662 59
1740016364771 0.03700590416175887 60
1740016364870 0.013913402667633525 61
1740016364965 0.2826034741312054 62
1740016365059 0.00041660732257290653 63
1740016365157 0.37700396076684684 64
1740016365262 0.0011515472619693292 65
1740016365358 0.00037906359087041234 66
1740016365458 0.037573610808885785 67
1740016365553 0.009504152864584616 68
1740016365649 0.03792249513412106 69
1740016365746 0.03928640997848298 70
1740016365841 0.04039472712904275 71
1740016365937 0.24353486832099502 72
1740016366034 0.2432888329332877 73
1740016366133 0.16225942159481593 74
1740016366230 0.10972963500199895 75
1740016366324 0.023546999679684294 76
1740016366418 0.018391450712580724 77
1740016366513 0.004101590341887932 78
1740016366607 0.1623231137972404 79
1740016366705 0.004731497354402007 80
1740016366813 0.07861119425331663 81
1740016366907 0.08432838605463173 82
1740016367001 0.048969607169607014 83
1740016367095 0.12517090830177316 84
1740016367189 0.019983626291745066 85
1740016367282 0.0010205271926661506 86
1740016367375 0.042462114894618 87
1740016367468 0.2094877259751174 88
1740016367562 0.013843119303153678 89
1740016367656 0.015417235196711369 90
1740016367749 0.000457843504593304 91
1740016367843 0.16280020278321042 92
1740016367935 1.2914906914651385 93
1740016368027 0.7606429386264179 94
1740016368126 0.15702875090807442 95
1740016368226 0.0016965500359619268 96
1740016368340 0.0036109478888787607 97
1740016368438 0.1525802886508347 98
1740016368533 0.12119795117641628 99
1740016368628 0.023830057648760127 100
1740016368749 0.06738672441549005 101
1740016368843 0.04521158257484978 102
1740016368937 0.016264961097978616 103
1740016369030 0.5863864838485692 104
1740016369130 0.0009545733762271357 105
1740016369230 0.00022962859464030515 106
1740016369324 0.0011880364534090256 107
1740016369418 0.004037243632798943 108
1740016369514 0.012004512845502774 109
1740016369610 0.29110343859791227 110
1740016369707 0.008106287120047555 111
1740016369799 0.2689619425453519 112
1740016369895 0.11966585365148898 113
1740016369991 0.016039340893553827 114
1740016370084 0.04335507530073176 115
1740016370182 0.039831599198764556 116
1740016370274 0.300460980988035 117
1740016370366 0.2896224255835532 118
1740016370459 0.11223375605354109 119
1740016370551 0.032497561224430344 120
1740016370645 0.019386281478756904 121
1740016370736 0.325237355169748 122
1740016370829 0.008985548397231318 123
1740016370926 0.006928830388292311 124
1740016371019 0.40939389267833903 125
1740016371112 0.006804229352779456 126
1740016371209 0.2285278677148517 127
1740016371302 0.00040133033549104573 128
1740016371393 0.16913672608085953 129
1740016371488 0.30721191010930343 130
1740016371580 0.17568557790095932 131
1740016371677 0.6384882722996006 132
1740016371773 0.01485371667199616 133
1740016371950 0.13696998021447024 134
1740016372044 0.08828898696960003 135
1740016372136 1.2119009525560316 136
1740016372235 0.0032198103468209322 137
1740016372327 0.03557019557484959 138
1740016372420 0.019098957084313924 139
1740016372513 0.0031378464372580524 140
1740016372605 0.14057453197735897 141
1740016372701 0.08127361918459976 142
1740016372795 0.11724902287904464 143
1740016372890 0.06552976062712709 144
1740016372986 0.08754300354455027 145
1740016373079 0.014731538187071212 146
1740016373179 0.0853562434008833 147
1740016373273 0.004395424081980975 148
1740016373368 0.0027660907769653416 149
1740016373464 0.06562090424754985 150
1740016373558 0.003705364962913489 151
1740016373655 0.046837007258706695 152
1740016373749 0.8311107348731442 153
1740016373841 0.29564780211229635 154
1740016373933 0.0809235984420649 155
1740016374031 0.00045456446739377713 156
1740016374130 0.8822974492768563 157
1740016374236 0.5492289502076568 158
1740016374335 0.024804820378290952 159
1740016374427 0.04845618079810102 160
1740016374521 0.10446790883257868 161
1740016374619 0.00018746546658474775 162
1740016374718 0.10716599975980054 163
1740016374812 0.018068144496328938 164
1740016374909 0.008464270289006587 165
1740016375004 0.2693895788785798 166
1740016375100 0.00011034542243957627 167
1740016375196 0.7007379149598917 168
1740016375288 0.2008348032079934 169
1740016375380 0.059892064334394104 170
1740016375473 6.767094603648982e-05 171
1740016375568 1.3310062383150406e-07 172
1740016375661 0.00029405877982048063 173
1740016375752 0.2926944403625704 174
1740016375843 0.07119846122826672 175
1740016375938 0.0014666342608163588 176
1740016376032 0.08377367407366904 177
1740016376126 0.31256821764402576 178
1740016376223 0.22903954492946166 179
1740016376322 0.12210133294137228 180
1740016376416 0.48205589061110177 181
1740016376509 0.11089567266716394 182
1740016376601 0.008355760021650413 183
1740016376695 0.06760655485400645 184
1740016376789 0.2710262260765707 185
1740016376898 0.020533737299781935 186
1740016376994 0.28261964211020507 187
1740016377087 0.08264419418890834 188
1740016377183 0.03603321939731538 189
1740016377277 0.051374417492085676 190
1740016377368 0.22914470306747692 191
1740016377462 0.011905598364912907 192
1740016377555 0.39208669160117426 193
1740016377650 4.144884873789226 194
1740016377744 3.1628727135845936e-05 195
1740016377837 0.0007147025919243056 196
1740016377929 9.281491469181491e-05 197
1740016378023 0.004739514224703604 198
1740016378120 0.23603540076925478 199
1740016378220 0.10471600536810356 200
1740016378320 0.006183743798784095 201
1740016378417 0.088717697131985 202
1740016378508 0.0394030040620234 203
1740016378603 0.1927605311351808 204
1740016378702 0.027759260091291267 205
1740016378802 0.11356878785158274 206
1740016378897 0.5143416331207324 207
1740016378992 0.16785886256510235 208
1740016379086 1.0223023291742905 209
1740016379183 0.36711773875886566 210
1740016379281 0.2751865738813896 211
1740016379373 0.010828047189885988 212
1740016379468 0.047839640473769256 213
1740016379563 0.037857371020170553 214
1740016379659 0.002232562105691497 215
1740016379752 0.001977813285733139 216
1740016379846 0.02079313011187688 217
1740016379938 0.014609598505395399 218
1740016380032 0.12939502124754967 219
1740016380126 0.19045176844431255 220
1740016380220 0.4799905239073218 221
1740016380316 0.028181733240679605 222
1740016380413 0.0030018599406506177 223
1740016380505 0.026068908227536398 224
1740016380597 0.009632988422545622 225
1740016380694 0.03144146210992617 226
1740016380788 0.0107653172591046 227
1740016380881 0.008220577390027137 228
1740016380974 0.1435311971261436 229
1740016381068 0.029457195205626882 230
1740016381162 0.675127439921361 231
1740016381259 0.1861471021072416 232
1740016381353 0.01674157038713456 233
1740016381444 0.08462280440364826 234
1740016381537 0.6000237698336573 235
1740016381630 1.0442575682922681 236
1740016381723 0.39169387911888076 237
1740016381814 0.15094808763042794 238
1740016381906 0.22446880031927585 239
1740016382000 0.04987293663744933 240
1740016382094 0.004511107497096551 241
1740016382187 0.29680725333768987 242
1740016382281 0.03379560306645579 243
1740016382380 0.004654657517603201 244
1740016382472 0.10441125020289524 245
1740016382565 0.503808181384285 246
1740016382662 0.07913965774718962 247
1740016382821 0.05269537534247138 248
1740016382914 0.00898552278788296 249
1740016383012 0.04462532795459042 250
1740016383113 0.02788783804449062 251
1740016383212 0.035383401348719486 252
1740016383307 0.3976771611137406 253
1740016383402 0.0021125810356912426 254
1740016383498 0.032916179587365604 255
1740016383595 0.002886320880768993 256
1740016383690 0.11170980389377703 257
1740016383783 0.061658397780081 258
1740016383877 2.3901266103794195e-06 259
1740016383975 0.25764759382229296 260
1740016384070 0.1881494838568476 261
1740016384161 0.032469263245438834 262
1740016384258 0.08131671568683288 263
1740016384352 0.039809052137931684 264
1740016384452 5.353684397284e-05 265
1740016384544 0.012193127591864228 266
1740016384636 0.23467008992586705 267
1740016384730 0.33558376480466784 268
1740016384823 0.07317295280828884 269
1740016384914 0.018874549833033407 270
1740016385008 0.0012606772478116121 271
1740016385102 0.02318222762741173 272
1740016385196 0.3574569287396579 273
1740016385289 0.006738405126193928 274
1740016385381 0.0429839928935728 275
1740016385476 0.0579146666990225 276
1740016385569 0.0528368680381475 277
1740016385662 0.001306569565237588 278
1740016385757 0.10632175821943748 279
1740016385851 0.10208510187917554 280
1740016385944 0.02936759304800279 281
1740016386038 0.32759604404979686 282
1740016386131 0.002764765291456839 283
1740016386225 0.21186825757825037 284
1740016386316 0.09988028970306294 285
1740016386408 0.13199732462716948 286
1740016386507 0.02854804948171949 287
1740016386599 0.1794009270759642 288
1740016386692 0.006685161581922664 289
1740016386784 0.00037132869769512854 290
1740016386878 0.02826408061071379 291
1740016386992 0.01238318281181861 292
1740016387096 0.15951485772204835 293
1740016387227 0.07717272239332885 294
1740016387333 0.2761712810187781 295
1740016387439 0.11393930878730983 296
1740016387537 0.0006142795736869232 297
1740016387640 0.28024638938799307 298
1740016387740 0.0015609473675747988 299
1740016387845 0.09623769552648807 300
1740016387944 0.013211960550698822 301
1740016388040 0.006872275964954347 302
1740016388138 0.22920323943402696 303
1740016388241 0.07548755647376214 304
1740016388342 0.00018664946803345977 305
1740016388441 0.07368395431036448 306
1740016388547 0.0018965280127943526 307
1740016388650 0.010882506600802573 308
1740016388748 0.1277512398084654 309
1740016388845 0.46289329946065 310
1740016388942 0.7120484824607612 311
1740016389041 0.011413423104049131 312
1740016389140 0.0051448804953787486 313
1740016389242 0.23440012027574902 314
1740016389382 2.4938030325366603e-06 315
1740016389478 0.14996600906846935 316
1740016389578 0.44962965178467 317
1740016389683 0.07737747236994376 318
1740016389781 0.18393949158788744 319
1740016389881 0.3127222360854211 320
1740016389978 0.024022374287865196 321
1740016390076 0.3371424576713881 322
1740016390175 0.12391497536817635 323
1740016390273 0.06823951232082547 324
1740016390374 1.677870196919178e-05 325
1740016390479 0.11090379619905961 326
1740016390585 0.05733611810163469 327
1740016390687 0.07894245174833704 328
1740016390784 0.549107163944243 329
1740016390880 0.1861061003295973 330
1740016390980 0.24936170729220627 331
1740016391078 0.0005950692756917007 332
1740016391175 0.03682215412077296 333
1740016391271 0.3366585965818483 334
1740016391368 0.15901544503230083 335
1740016391465 0.12974039235157364 336
1740016391561 0.005084725492718649 337
1740016391656 0.07224849749301461 338
1740016391759 0.04182628749679198 339
1740016391855 0.011362466471061938 340
1740016391952 0.1488030253153642 341
1740016392050 0.048311608364841004 342
1740016392149 0.039593629346101875 343
1740016392248 0.000300063543488248 344
1740016392345 0.06469876093752819 345
1740016392441 0.12524062400442354 346
1740016392539 0.00375401831472648 347
1740016392641 0.015912816771007175 348
1740016392741 0.07019308372812401 349
1740016392836 0.033038697888823874 350
1740016392934 0.02792798599645541 351
1740016393032 0.3277812051040198 352
1740016393130 0.09950927662430366 353
1740016393232 0.1090592215893406 354
1740016393327 0.12433640379366753 355
1740016393425 0.27010676358264735 356
1740016393519 0.1404616869805593 357
1740016393616 0.05821533017896005 358
1740016393715 0.032864977458545185 359
1740016393814 0.07650941420256505 360
1740016393911 5.485900825376408e-06 361
1740016394009 0.15328994829898285 362
1740016394107 0.057712534434374456 363
1740016394205 9.756304584226553e-05 364
1740016394301 0.18073923519206542 365
1740016394401 0.1402352087362604 366
1740016394500 0.04034655519883971 367
1740016394601 0.05362510937108613 368
1740016394701 0.13016838301892636 369
1740016394803 0.3948281302524657 370
1740016394903 0.15553379849553814 371
1740016395002 0.16977586189215593 372
1740016395100 0.011559903497830605 373
1740016395204 0.07977063626196992 374
1740016395306 0.02355344424699946 375
1740016395410 0.325603299026418 376
1740016395509 0.3892313660308194 377
1740016395610 0.04452094906174168 378
1740016395711 0.04997657834381561 379
1740016395807 0.1144910624645809 380
1740016395909 0.00670581124476448 381
1740016396009 0.1870845178360056 382
1740016396111 0.48577440971952446 383
1740016396214 0.259593916223122 384
1740016396309 0.3334517612920263 385
1740016396407 0.033208569431899954 386
1740016396504 0.13991000102805312 387
1740016396603 0.007870965286704276 388
1740016396711 0.013214118764596924 389
1740016396809 0.06758362718207839 390
1740016396907 0.013673986156424707 391
1740016397013 0.014843285513070377 392
1740016397137 0.014392715582224002 393
1740016397235 0.028797047758427417 394
1740016397331 0.02180627410969966 395
1740016397431 0.051178927989137805 396
1740016397539 0.0014878466698079371 397
1740016397639 0.050261304941656045 398
1740016397740 0.14994254801839155 399
1740016397837 0.13139410851091335 400
1740016397935 0.024169528780520155 401
1740016398033 0.1415826697265795 402
1740016398131 0.033080763199111414 403
1740016398240 0.1924979003328894 404
1740016398340 0.11280458367410653 405
1740016398436 0.15475536390514721 406
1740016398528 0.21610611762879417 407
1740016398622 0.13779483039590212 408
1740016398725 0.01556727090198236 409
1740016398871 0.14238458565013196 410
1740016398965 0.027160551280846778 411
1740016399058 0.2595053714345805 412
1740016399152 0.10367274508409305 413
1740016399249 0.10136000418891106 414
1740016399342 0.0006008299146038581 415
1740016399436 0.00617084743811323 416
1740016399528 0.028242064946555973 417
1740016399620 0.03552076542711771 418
1740016399718 0.007439639693753041 419
1740016399816 0.07616266121923967 420
1740016399910 0.003637743365827402 421
1740016400006 0.09657515142389113 422
1740016400103 0.01029618256750638 423
1740016400202 0.002725540587245594 424
1740016400296 0.33412762155191256 425
1740016400389 0.2847442366822626 426
1740016400484 0.0001306803527272288 427
1740016400583 0.0798815030135035 428
1740016400684 0.16362350975954135 429
1740016400787 0.03578817059084612 430
1740016400884 0.581424282101463 431
1740016400978 0.07182345376890367 432
1740016401074 0.17606255805123475 433
1740016401171 0.027889626088773198 434
1740016401270 0.340646727996415 435
1740016401365 0.08958768307973305 436
1740016401457 0.11483046231883236 437
1740016401551 0.07770621683414444 438
1740016401648 0.5239601625273866 439
1740016401743 0.2903623075205097 440
1740016401835 0.35372996528829037 441
1740016401929 0.3605075659448098 442
1740016402023 0.020703287796220864 443
1740016402119 0.03167844925712028 444
1740016402217 0.005364040864863594 445
1740016402310 0.004964161778599348 446
1740016402403 0.20487633632818958 447
1740016402497 0.27135437139597907 448
1740016402589 0.030502935374487592 449
1740016402682 0.0007229555581431465 450
1740016402783 0.02607121901822201 451
1740016402874 0.276711126192019 452
1740016402999 0.19199686583240033 453
1740016403092 0.12908118870873272 454
1740016403185 0.021548976344148478 455
1740016403277 0.03173220463134145 456
1740016403368 0.08758132793421618 457
1740016403461 0.07625421191820164 458
1740016403554 0.0017815167462296667 459
1740016403649 0.4798430272080319 460
1740016403744 0.11785263202497523 461
1740016403836 0.2033752673225966 462
1740016403929 0.3754192836555667 463
1740016404022 0.03340979072360679 464
1740016404117 0.08428346397603385 465
1740016404213 0.33972675440121475 466
1740016404309 0.0884411181000187 467
1740016404401 0.1635317880553266 468
1740016404495 0.0011313164921971516 469
1740016404588 0.007627895941711538 470
1740016404688 2.0239746895861176e-06 471
1740016404807 0.6497417408349025 472
1740016404908 0.0002567731513598079 473
1740016405005 0.00384376656223447 474
1740016405100 0.03541364592773616 475
1740016405197 0.0011894495786473579 476
1740016405289 0.2673268679649327 477
1740016405381 0.17731681634585109 478
1740016405475 0.0075171139375330475 479
1740016405567 0.009540927109920602 480
1740016405660 0.004298060506391832 481
1740016405757 0.5442177876054646 482
1740016405851 0.010918703237338609 483
1740016405947 0.578668175471526 484
1740016406041 0.025552972176406084 485
1740016406135 0.03655714414833917 486
1740016406230 0.012956483086087706 487
1740016406322 0.037217896399712395 488
1740016406417 0.07286628197966832 489
1740016406514 0.055442606777347074 490
1740016406610 0.08409306106758024 491
1740016406707 0.050857949351105096 492
1740016406807 0.23968315625110836 493
1740016406905 0.0673026724364929 494
1740016407006 0.0012279161149782783 495
1740016407104 0.1338048738063046 496
1740016407215 0.01709670574482615 497
1740016407311 0.2517470572131156 498
1740016407405 0.005545939196483253 499
