1740005654353 0.027488763302062902 0
1740005654510 0.00015057856476082064 1
1740005654599 0.04135795885420738 2
1740005654687 0.001130856136075065 3
1740005654833 0.052993820366171306 4
1740005654932 0.004961608243703746 5
1740005655024 0.09942376050042337 6
1740005655111 0.12262277281802199 7
1740005655195 0.010778980736766938 8
1740005655289 0.009615921495182951 9
1740005655375 0.16221825705308257 10
1740005655459 0.14091857435424085 11
1740005655544 0.5331103010972479 12
1740005655630 0.7990498913565302 13
1740005655714 0.05970522816454691 14
1740005655799 0.0118964837559467 15
1740005655887 0.25212457716090786 16
1740005655996 0.10366853597069445 17
1740005656081 0.03939081694693228 18
1740005656212 0.01529534482233873 19
1740005656299 0.17034759920050205 20
1740005656387 1.2131336366504148 21
1740005656477 0.026422615487016556 22
1740005656561 0.08307088263263511 23
1740005656645 0.21262429925064155 24
1740005656733 0.020101112267694288 25
1740005656821 0.0008173424621655122 26
1740005656906 0.005152705100378389 27
1740005656997 0.09214648815236527 28
1740005657082 0.007367610276605586 29
1740005657169 0.5255123164897584 30
1740005657257 0.0008380324153944886 31
1740005657346 0.0035794512966365643 32
1740005657466 0.0004975439288839655 33
1740005657557 0.00043022415624766546 34
1740005657642 0.06310531489810621 35
1740005657726 0.07137378109907642 36
1740005657809 0.04934951782886014 37
1740005657898 0.02377558495001841 38
1740005657984 0.3635628887134566 39
1740005658073 0.10840339990419208 40
1740005658157 1.4135164193889936e-05 41
1740005658244 0.30507170676089895 42
1740005658329 0.00446279652693632 43
1740005658412 0.04325607350755165 44
1740005658498 0.10182719303866043 45
1740005658582 0.3712369492199787 46
1740005658665 0.15558657347693927 47
1740005658749 0.3369562290403796 48
1740005658835 0.26968875051708946 49
1740005658926 0.0038013569740043703 50
1740005659010 0.017252188443629513 51
1740005659096 0.43183149975370516 52
1740005659180 0.03535144475261009 53
1740005659265 0.009236551866713237 54
1740005659353 0.7670606937812442 55
1740005659436 0.14580608456751887 56
1740005659521 0.2031739021460674 57
1740005659606 0.12250458389736027 58
1740005659692 0.01699611946617721 59
1740005659776 0.2769766776672475 60
1740005659861 0.8785449956765086 61
1740005659951 0.5895956256920301 62
1740005660037 0.08181464082004064 63
1740005660125 0.08137294626565436 64
1740005660209 0.2235363291169128 65
1740005660296 0.034990337557935805 66
1740005660393 0.013203855114843312 67
1740005660479 0.02012675762623657 68
1740005660564 0.584784205175005 69
1740005660650 0.0019819365120591352 70
1740005660737 0.46425861804714696 71
1740005660823 0.06970340689195004 72
1740005660908 0.02028168121475839 73
1740005660994 0.024998056414772988 74
1740005661078 5.328831311383975e-06 75
1740005661162 0.08716315384109721 76
1740005661248 0.0797483542443455 77
1740005661336 0.06655500461232455 78
1740005661421 0.16243857581057902 79
1740005661504 0.13902274214958021 80
1740005661589 0.17441303928367652 81
1740005661674 0.07161019824667451 82
1740005661757 0.0007426021942666208 83
1740005661841 0.03466071812784277 84
1740005661927 0.006385519322905899 85
1740005662010 0.029265235367452205 86
1740005662095 0.013450268270222833 87
1740005662183 0.11793910799500532 88
1740005662271 0.33599864262900175 89
1740005662356 0.36109493507176255 90
1740005662441 0.05777175647207912 91
1740005662529 0.1256204695331334 92
1740005662613 0.00029151589344823115 93
1740005662697 0.13270976913048055 94
1740005662780 0.3278226482224134 95
1740005662866 0.06332917599699138 96
1740005662953 0.43660980760501666 97
1740005663038 0.0029515631011022233 98
1740005663122 0.26372525404078373 99
1740005663207 0.5452017128794209 100
1740005663293 0.022620191938294107 101
1740005663382 0.37892713232428643 102
1740005663477 0.0319492539565066 103
1740005663561 0.2544767225745065 104
1740005663646 0.002198491326703273 105
1740005663732 0.10387880441828773 106
1740005663816 0.07815399672363078 107
1740005663903 0.0439672480756766 108
1740005664036 0.64943416462797 109
1740005664121 0.04170114361314016 110
1740005664205 0.11383558330143138 111
1740005664290 0.029563172217704523 112
1740005664375 0.0022096051049239965 113
1740005664462 0.11833998904870209 114
1740005664547 0.010746938580810406 115
1740005664631 0.09217979656388073 116
1740005664715 0.01736070853858696 117
1740005664799 0.21437517286460575 118
1740005664886 0.0061232237751338014 119
1740005664969 0.025847544252194175 120
1740005665054 0.1377027372650378 121
1740005665138 0.0006354877118728753 122
1740005665224 0.1367020708471623 123
1740005665308 0.0217343775956562 124
1740005665396 0.0013504771131247154 125
1740005665485 0.01274662072463083 126
1740005665569 0.04201093909974151 127
1740005665653 0.043654939189694264 128
1740005665737 0.0020184680687905694 129
1740005665821 0.4851990919336517 130
1740005665909 0.314816312290854 131
1740005665992 0.002805645134796071 132
1740005666075 0.03015023151147267 133
1740005666161 0.18383391669712176 134
1740005666246 0.011085873748939387 135
1740005666331 0.17678883777581553 136
1740005666413 0.002068403253054828 137
1740005666499 0.1267772999009484 138
1740005666583 0.010428854014356689 139
1740005666669 0.0860104611672429 140
1740005666753 0.11212115955153548 141
1740005666837 0.00483081509303188 142
1740005666922 0.01951444226452491 143
1740005667008 0.15075947006570478 144
1740005667092 0.014884370776075875 145
1740005667177 0.5039847835748561 146
1740005667265 0.10422814992420942 147
1740005667351 0.030758900507189237 148
1740005667442 0.379339470649654 149
1740005667529 0.15841631169736098 150
1740005667612 0.23997107258090847 151
1740005667697 0.4248475998344735 152
1740005667784 0.08108432119229149 153
1740005667871 0.6741738643171167 154
1740005667956 0.017413115131973092 155
1740005668040 0.09730463331824431 156
1740005668123 0.11315239876773296 157
1740005668207 0.048695193860413814 158
1740005668294 0.0041101672229427975 159
1740005668377 0.6405476521752554 160
1740005668463 0.03963901960260936 161
1740005668546 0.2619691502610144 162
1740005668631 0.549312801982662 163
1740005668714 0.0010797471455924656 164
1740005668797 0.012661636934077018 165
1740005668885 0.34815419258551455 166
1740005668969 0.05302850689104767 167
1740005669056 0.052940835233652526 168
1740005669143 0.013459553634958498 169
1740005669234 0.12179721375534847 170
1740005669322 0.026565781086518133 171
1740005669411 0.06327752734715511 172
1740005669500 0.09028455270249595 173
1740005669583 0.009324234952667286 174
1740005669667 0.8967862674804435 175
1740005669751 0.01320470593456795 176
1740005669838 0.3864438458233075 177
1740005669926 0.041550184720987315 178
1740005670009 0.06893938275727893 179
1740005670094 0.2760438244184781 180
1740005670179 0.12719499219770308 181
1740005670266 0.264690006201274 182
1740005670353 0.005606537417083492 183
1740005670452 0.1746336676193477 184
1740005670540 0.05227155092487816 185
1740005670625 0.033718327879156636 186
1740005670707 0.11471168541593486 187
1740005670791 0.15876555594619993 188
1740005670881 0.01241054920748737 189
1740005671030 0.017273373518060464 190
1740005671135 0.11250921404022357 191
1740005671218 0.009226062085096583 192
1740005671304 0.015617430217961897 193
1740005671389 0.14494147132944982 194
1740005671475 0.15840567563665506 195
1740005671568 0.06542302520641224 196
1740005671654 1.7226173059908097e-05 197
1740005671741 0.0007753701327101149 198
1740005671826 0.0007299508138368622 199
1740005671916 0.0272995816629659 200
1740005672001 0.04229647134585576 201
1740005672084 0.3037587784483594 202
1740005672167 0.3245627359737325 203
1740005672250 0.0001958454994355598 204
1740005672336 0.027029034515936644 205
1740005672429 0.40103251789312067 206
1740005672517 0.07799206423770255 207
1740005672603 0.05232729328813894 208
1740005672687 0.0027299932640749936 209
1740005672772 0.053916570128787394 210
1740005672860 0.00909880175434804 211
1740005672947 0.000937009743603911 212
1740005673030 0.49068250429700544 213
1740005673113 0.0036937201098483055 214
1740005673200 0.1878202694318661 215
1740005673287 0.049081039873041056 216
1740005673373 0.08687751664776897 217
1740005673461 0.15901560610931742 218
1740005673550 0.10330906871995651 219
1740005673633 0.07440421482319715 220
1740005673719 0.12172630817684431 221
1740005673802 0.07835501831587136 222
1740005673891 0.009079856736331299 223
1740005673974 0.025127180736684074 224
1740005674058 0.012893682277555905 225
1740005674142 0.026209395870939598 226
1740005674228 0.1565844794774517 227
1740005674310 0.48341033692653657 228
1740005674395 0.11499579855244016 229
1740005674484 0.040764826027767785 230
1740005674569 0.043574923431434 231
1740005674654 0.027138602634715722 232
1740005674737 0.03396145964812351 233
1740005674821 0.4251332235870738 234
1740005674911 0.09601669318264328 235
1740005674999 0.039180330429938875 236
1740005675089 0.176708360197703 237
1740005675173 0.08027566535941431 238
1740005675259 0.22153110978481788 239
1740005675348 0.2601956293877321 240
1740005675435 0.09707665775405754 241
1740005675520 0.003570800801367986 242
1740005675612 0.5873844240297841 243
1740005675696 0.003055139147281932 244
1740005675779 0.46366054656648253 245
1740005675865 0.07672729220456542 246
1740005675950 0.04834783626593589 247
1740005676034 0.0005429822955621044 248
1740005676118 0.24399926647862177 249
1740005676204 0.005342495360495055 250
1740005676291 0.006661526608652272 251
1740005676375 0.06492240746050394 252
1740005676459 0.5543732060843497 253
1740005676544 0.12680607306498148 254
1740005676626 0.5258976294831242 255
1740005676711 0.004915445900761761 256
1740005676795 0.024643303749130856 257
1740005676885 0.00031321382873774456 258
1740005677030 1.2683478577853269 259
1740005677114 0.29021560604838526 260
1740005677199 0.029551920049133637 261
1740005677284 0.4837531469535413 262
1740005677367 0.029724321435746125 263
1740005677459 0.007541633143455404 264
1740005677543 0.10146593191687511 265
1740005677637 0.3901714047756627 266
1740005677720 0.010992867415793715 267
1740005677804 0.011020967883343882 268
1740005677896 0.11826730695426561 269
1740005677981 0.010535889072492307 270
1740005678067 1.342340036722892e-05 271
1740005678150 0.05123863290610511 272
1740005678238 0.1322445604591674 273
1740005678324 0.0010157614350372831 274
1740005678411 0.002193840287583951 275
1740005678496 0.023664323680459336 276
1740005678582 0.12519554852945167 277
1740005678668 0.13421489365099334 278
1740005678753 0.05258125020676699 279
1740005678836 0.1930242733056636 280
1740005678921 0.054193283545244754 281
1740005679005 0.389220797042961 282
1740005679088 0.005158088616915277 283
1740005679173 0.14938654437473642 284
1740005679260 0.026687147573856384 285
1740005679345 0.4563999965243895 286
1740005679429 0.0030858790278574673 287
1740005679515 0.08095817785699409 288
1740005679598 0.0008335146589686943 289
1740005679689 0.08885533056126176 290
1740005679774 0.04926936749921051 291
1740005679859 0.4985837377154562 292
1740005679942 5.19135721202818e-05 293
1740005680026 0.19308171432802407 294
1740005680121 0.8717150867722177 295
1740005680206 0.28768746751939667 296
1740005680292 0.12440866669996505 297
1740005680376 0.0941176964988611 298
1740005680461 0.038826879327058236 299
1740005680565 0.019435532709935883 300
1740005680653 0.032639044422843544 301
1740005680739 0.5345907155559967 302
1740005680824 0.05719139448160837 303
1740005680910 0.6291695081799712 304
1740005680992 0.025722433940692443 305
1740005681077 0.09250835036533864 306
1740005681162 0.04971231574784047 307
1740005681247 0.00561053339845434 308
1740005681333 0.48783957379211257 309
1740005681419 0.06863483875333382 310
1740005681506 0.029337654069467353 311
1740005681591 0.04409023606907846 312
1740005681680 0.010155482382242498 313
1740005681771 0.06698791430875166 314
1740005681858 0.6220780984733406 315
1740005681946 0.17515191056953605 316
1740005682030 0.10172839567344999 317
1740005682114 0.010017826328129432 318
1740005682198 0.04814084955785869 319
1740005682283 0.2920630414294738 320
1740005682370 0.12350862324997595 321
1740005682457 0.0004528660286880739 322
1740005682542 0.00019144858669770495 323
1740005682626 0.02466468962715428 324
1740005682722 0.0011813250282358087 325
1740005682825 0.008581709012117111 326
1740005682916 0.0008293556697984043 327
1740005683002 0.335718359309028 328
1740005683088 0.03276374330909219 329
1740005683172 4.831857081356709e-06 330
1740005683259 0.03029977554858565 331
1740005683370 0.01708342469739261 332
1740005683453 0.8387301065621544 333
1740005683586 0.020503570021357134 334
1740005683671 0.08138882323564599 335
1740005683762 0.004087893020980491 336
1740005683847 0.0015181321699576226 337
1740005683933 0.08077913801248067 338
1740005684018 0.32575157122221854 339
1740005684102 0.10479473556564967 340
1740005684191 0.05664933765641553 341
1740005684276 0.189411715135436 342
1740005684359 0.015542656328092203 343
1740005684446 0.2970495937812586 344
1740005684531 0.06731247360847493 345
1740005684616 1.0374598835164985 346
1740005684706 0.10770712397951179 347
1740005684802 0.011376130805848702 348
1740005684911 0.8311263168013168 349
1740005685056 0.43469713792094344 350
1740005685149 0.018384606134201485 351
1740005685236 0.02749089494362657 352
1740005685320 0.05753539898928208 353
1740005685406 0.10803363271574078 354
1740005685510 0.00018302102224352715 355
1740005685597 0.03490607139828008 356
1740005685683 0.1623186727764227 357
1740005685776 0.12742544821356636 358
1740005685868 0.8104523753395452 359
1740005685956 0.07962572458635554 360
1740005686041 0.00512144975239187 361
1740005686124 0.3338474580331779 362
1740005686215 0.025857134563583416 363
1740005686299 0.11649087498164333 364
1740005686384 0.0005070678374656462 365
1740005686468 0.22113552869804498 366
1740005686552 0.003667523104472748 367
1740005686636 0.07057321780699839 368
1740005686721 0.0005958118165469597 369
1740005686809 0.008740904221566682 370
1740005686893 0.032830826250214995 371
1740005686978 0.02360337809733486 372
1740005687062 0.28668101678112845 373
1740005687146 0.22314291544737552 374
1740005687230 0.01978638989053154 375
1740005687315 0.020348600366515056 376
1740005687400 5.408022427732436e-05 377
1740005687485 0.1669345331643071 378
1740005687570 0.07665558463459236 379
1740005687655 1.2641545920120845 380
1740005687739 0.1975096499151751 381
1740005687829 0.013990847475984306 382
1740005687915 0.006205871866448906 383
1740005688012 0.12603560315880116 384
1740005688130 0.17781483851544255 385
1740005688231 0.002687807507813875 386
1740005688322 0.06547773301989374 387
1740005688408 0.07933257775939986 388
1740005688493 0.007991437596417529 389
1740005688581 0.19385366188063471 390
1740005688667 0.0070528544119062425 391
1740005688750 0.037488680454569885 392
1740005688836 0.1526150968770201 393
1740005688925 0.06592844028230792 394
1740005689009 0.36897546156359584 395
1740005689093 0.1883011688619751 396
1740005689178 0.3895386430827366 397
1740005689264 0.11635924817690367 398
1740005689349 0.16523105217992304 399
1740005689435 0.13598563413072523 400
1740005689520 0.09043381625308336 401
1740005689604 0.5702532149426536 402
1740005689687 0.015449978314308126 403
1740005689770 0.15107780682859356 404
1740005689862 0.3613761063107491 405
1740005689946 0.8101590431175647 406
1740005690029 0.07356658085761734 407
1740005690114 0.1694354405762204 408
1740005690197 0.07597653939983565 409
1740005690283 0.04657344825249345 410
1740005690367 0.2075783358720822 411
1740005690452 0.0008498290816287987 412
1740005690536 0.031852019022115104 413
1740005690632 6.386162494627113e-06 414
1740005690718 0.22487456838125738 415
1740005690803 0.0003981314843142919 416
1740005690888 0.04118841625829587 417
1740005690971 0.04024656324757025 418
1740005691055 0.00019575931363553746 419
1740005691142 0.039277713159896 420
1740005691226 0.007482016145362234 421
1740005691311 0.1685372869283418 422
1740005691396 0.0019027323969682663 423
1740005691479 0.07676630260176413 424
1740005691564 0.001008051051536453 425
1740005691650 0.15237531019257516 426
1740005691735 0.11038579215073363 427
1740005691820 0.11753565492112387 428
1740005691910 0.34651578382906545 429
1740005691993 0.03413562529539711 430
1740005692078 0.09077514882783194 431
1740005692164 0.010534919242510366 432
1740005692248 0.2808904386770999 433
1740005692336 0.15019320551209142 434
1740005692422 0.034274402014120076 435
1740005692506 0.06011154014323825 436
1740005692591 0.014895979328719043 437
1740005692677 0.056007818096392534 438
1740005692760 0.6996184649420728 439
1740005692847 0.27902903404715423 440
1740005692932 0.0013421935500479724 441
1740005693016 0.0049294763302439315 442
1740005693099 0.012703171535477393 443
1740005693186 0.7039882811700621 444
1740005693271 0.05290179530774983 445
1740005693357 0.043041658228366565 446
1740005693442 0.0015854802939594213 447
1740005693527 0.03732959717367432 448
1740005693610 0.023979415986182508 449
1740005693694 0.1454870932817418 450
1740005693777 0.03349768618447418 451
1740005693863 0.18554435791043897 452
1740005693952 0.018636335685741856 453
1740005694036 0.4240627142898516 454
1740005694120 0.0006872519965794247 455
1740005694203 0.036727150129647786 456
1740005694287 0.21327724332172898 457
1740005694370 0.6458603298674457 458
1740005694454 0.014046146610580582 459
1740005694537 0.10407483359456408 460
1740005694623 0.001781995806885207 461
1740005694710 0.20290280009230952 462
1740005694794 0.45013833056649716 463
1740005694878 0.025008334368971347 464
1740005694965 0.1684105766468146 465
1740005695048 0.022649743516293726 466
1740005695133 1.2132855022086602 467
1740005695218 0.05569019517957399 468
1740005695304 0.14568139760796295 469
1740005695390 0.0419856587771743 470
1740005695475 0.039744703837465936 471
1740005695562 0.0014915764404108349 472
1740005695649 0.03268345169143682 473
1740005695736 0.28772877595417007 474
1740005695821 0.18522245536824625 475
1740005695908 0.5316387937453043 476
1740005695998 0.056516218440808945 477
1740005696082 0.1285369871896844 478
1740005696168 0.09402546222993952 479
1740005696255 0.009700972759859533 480
1740005696343 0.30645521745190646 481
1740005696427 0.10842398612806932 482
1740005696513 0.01933680657603022 483
1740005696600 7.655399628451773e-05 484
1740005696684 0.13054767635327494 485
1740005696770 0.3366627760624494 486
1740005696856 0.0035834705642570214 487
1740005696946 0.29529143741588915 488
1740005697028 0.09040140321458702 489
1740005697111 0.007541291489883706 490
1740005697196 4.03955592634596e-05 491
1740005697281 0.099462196403215 492
1740005697368 0.1049449167663547 493
1740005697454 0.05634222151990973 494
1740005697537 0.003803598671088043 495
1740005697622 0.5974307951179048 496
1740005697709 0.19525289552465586 497
1740005697795 0.05566494858877945 498
1740005697881 5.7869656373573506e-05 499
