1740016572401 169.15949537300654 0
1740016572429 165.9264748983603 1
1740016572461 164.31391116754014 2
1740016572495 162.6950062066988 3
1740016572522 161.09258401735087 4
1740016572556 159.50569216681734 5
1740016572585 157.9348443083249 6
1740016572612 156.37943517009248 7
1740016572639 154.8394266489777 8
1740016572667 153.31445428703475 9
1740016572709 151.80489729251195 10
1740016572741 150.31017491619477 11
1740016572777 148.8302507785726 12
1740016572808 147.36477419120123 13
1740016572837 145.91411073173774 14
1740016572864 144.47770140832876 15
1740016572890 143.05551154670684 16
1740016572920 141.64720362013307 17
1740016572951 140.25313027873085 18
1740016572978 138.8727533004393 19
1740016573004 137.50603968243325 20
1740016573036 136.15266447487582 21
1740016573063 134.81296807839726 22
1740016573089 133.48643208981773 23
1740016573116 132.17302514584793 24
1740016573145 130.87243431078264 25
1740016573175 129.58498838954102 26
1740016573205 128.31018788231054 27
1740016573236 127.0480030352054 28
1740016573264 125.79813238513258 29
1740016573291 124.56089377156249 30
1740016573317 123.3358057167166 31
1740016573344 122.12267071872498 32
1740016573370 120.92179488629347 33
1740016573398 119.73271170573798 34
1740016573426 118.55539366591114 35
1740016573455 117.3895591007581 36
1740016573481 116.2355056979479 37
1740016573508 115.09278343964907 38
1740016573538 113.96120788344727 39
1740016573567 112.84106586573617 40
1740016573595 111.73192123557759 41
1740016573623 110.63359510687596 42
1740016573660 109.54636521400006 43
1740016573690 108.4698087897285 44
1740016573718 107.40390114127918 45
1740016573745 106.34838679723399 46
1740016573776 105.30353646115178 47
1740016573802 104.26894184373124 48
1740016573829 103.24443572386014 49
1740016573858 102.23027914192615 50
1740016573890 101.22607620996669 51
1740016573917 100.23166469413833 52
1740016573944 99.24729758789496 53
1740016573975 98.2725909636942 54
1740016574003 97.30738741161612 55
1740016574029 96.35193219386257 56
1740016574055 95.40585292782247 57
1740016574083 94.46899686875761 58
1740016574109 93.54160185470583 59
1740016574136 92.62330664417524 60
1740016574162 91.71396300345937 61
1740016574199 90.81380164512522 62
1740016574253 89.92247207636328 63
1740016574326 89.0398304248136 64
1740016574354 88.16610056806708 65
1740016574381 87.30094238064059 66
1740016574408 86.44421620617754 67
1740016574435 85.59613936978053 68
1740016574463 84.756381742731 69
1740016574490 83.92480774355468 70
1740016574518 83.10162841953456 71
1740016574547 82.28641019759941 72
1740016574576 81.47942012951587 73
1740016574603 80.68034557046144 74
1740016574629 79.88905805179375 75
1740016574663 79.10575550788423 76
1740016574690 78.33013535043402 77
1740016574719 77.5620728071639 78
1740016574748 76.80176028869118 79
1740016574778 76.04890388550865 80
1740016574811 75.30338240627034 81
1740016574845 74.56538298414365 82
1740016574880 73.83451951879415 83
1740016574917 73.11102886137692 84
1740016574948 72.39463255929977 85
1740016574977 71.68521574157894 86
1740016575012 70.98295403473075 87
1740016575041 70.28757773428931 88
1740016575072 69.59897520982223 89
1740016575100 68.91731749229214 90
1740016575127 68.24225021957515 91
1740016575153 67.5739899319337 92
1740016575181 66.9122810157552 93
1740016575211 66.2570176311754 94
1740016575242 65.60836039700337 95
1740016575269 64.96597471665423 96
1740016575295 64.33006406452296 97
1740016575328 63.700386985758726 98
1740016575354 63.076843104002144 99
1740016575382 62.45958330601128 100
1740016575412 61.84837346582518 101
1740016575445 61.24311596034359 102
1740016575471 60.6439581060687 103
1740016575498 60.05059217204087 104
1740016575525 59.46320480266785 105
1740016575552 58.88157392866923 106
1740016575578 58.30560693438497 107
1740016575605 57.735442369558875 108
1740016575634 57.17078940846791 109
1740016575661 56.61182367486547 110
1740016575689 56.05826242547993 111
1740016575721 55.51027471731167 112
1740016575750 54.967656849204545 113
1740016575776 54.43032310230923 114
1740016575802 53.89839882852334 115
1740016575830 53.37161746041156 116
1740016575859 52.85013813532298 117
1740016575886 52.33376822112328 118
1740016575912 51.82242633836675 119
1740016575947 51.31623053111902 120
1740016575976 50.814928665000465 121
1740016576002 50.31867066398241 122
1740016576030 49.827274282260134 123
1740016576063 49.340662232016 124
1740016576090 48.858945785433846 125
1740016576116 48.38188632205905 126
1740016576144 47.9096252173693 127
1740016576172 47.44193072311234 128
1740016576199 46.97893860329267 129
1740016576227 46.52048165839402 130
1740016576255 46.066488300874944 131
1740016576282 45.617059242488644 132
1740016576308 45.17197564079169 133
1740016576334 44.73136565288607 134
1740016576365 44.29501685028408 135
1740016576393 43.8630521453105 136
1740016576420 43.43531812915207 137
1740016576446 43.01174846853604 138
1740016576479 42.59243432916006 139
1740016576507 42.17717494942702 140
1740016576536 41.766086522454984 141
1740016576563 41.35897427257136 142
1740016576592 40.9559494908491 143
1740016576618 40.556823853678566 144
1740016576645 40.16170385769416 145
1740016576676 39.77045324159 146
1740016576705 39.38301207962464 147
1740016576732 38.99945927657191 148
1740016576759 38.61961664996691 149
1740016576787 38.243585083824186 150
1740016576813 37.871191854707604 151
1740016576840 37.502533371888326 152
1740016576865 37.13744280273759 153
1740016576899 36.77601218162602 154
1740016576929 36.4181205591967 155
1740016576958 36.06371377466077 156
1740016576989 35.7128599798404 157
1740016577024 35.36540108558344 158
1740016577056 35.02142452789948 159
1740016577084 34.68077719423785 160
1740016577119 34.34354243733714 161
1740016577148 34.0095725216128 162
1740016577176 33.67894680916957 163
1740016577205 33.35155798182015 164
1740016577238 33.02735705625344 165
1740016577266 32.706402812514234 166
1740016577292 32.38855497930258 167
1740016577320 32.07388924893611 168
1740016577348 31.762269885387703 169
1740016577376 31.4537688559319 170
1740016577405 31.14825533149189 171
1740016577434 30.845797640251867 172
1740016577465 30.546269745247344 173
1740016577493 30.24973642543847 174
1740016577521 29.956076323255168 175
1740016577552 29.665350756618878 176
1740016577580 29.377471152078737 177
1740016577607 29.092395468285332 178
1740016577633 28.810169042176717 179
1740016577667 28.530676243238123 180
1740016577696 28.253975999526176 181
1740016577727 27.979956616813528 182
1740016577761 27.70867379196307 183
1740016577792 27.440020099393013 184
1740016577818 27.174048081543884 185
1740016577844 26.91065447919626 186
1740016577876 26.64988876070261 187
1740016577905 26.39165173282855 188
1740016577932 26.13598986865081 189
1740016577959 25.88280794246447 190
1740016577989 25.63214950938553 191
1740016578017 25.383944578651537 192
1740016578043 25.13815800578863 193
1740016578069 24.894821944363592 194
1740016578096 24.65384512356138 195
1740016578123 24.415270020498472 196
1740016578150 24.17900869006874 197
1740016578180 23.945100884104914 198
1740016578208 23.713462275455228 199
1740016578236 23.48412995789352 200
1740016578262 23.257023132882445 201
1740016578296 23.032176306564022 202
1740016578325 22.809512121359212 203
1740016578351 22.58906256484974 204
1740016578377 22.370753634457994 205
1740016578408 22.154614866943668 206
1740016578435 21.94057553044325 207
1740016578462 21.728662777321524 208
1740016578488 21.518809063782726 209
1740016578516 21.311039222934376 210
1740016578542 21.105288818014504 211
1740016578568 20.901580426743255 212
1740016578597 20.699852639943007 213
1740016578627 20.50012584256973 214
1740016578654 20.30235405706296 215
1740016578680 20.106510962524343 216
1740016578716 19.912611520627888 217
1740016578748 19.720595937494572 218
1740016578776 19.53048527113847 219
1740016578803 19.342222248119846 220
1740016578843 19.155825876151848 221
1740016578873 18.971241641309113 222
1740016578902 18.788486555329005 223
1740016578930 18.607508791701903 224
1740016578961 18.42832342323623 225
1740016578987 18.250881240126787 226
1740016579013 18.075195432171164 227
1740016579040 17.901219336958423 228
1740016579067 17.7289643160834 229
1740016579092 17.558386186595964 230
1740016579119 17.389494535604857 231
1740016579147 17.222247593040088 232
1740016579175 17.05665322416802 233
1740016579202 16.892672006547105 234
1740016579231 16.730310135190376 235
1740016579260 16.5695304713388 236
1740016579285 16.410337590304152 237
1740016579310 16.25269657434692 238
1740016579337 16.096610428610433 239
1740016579366 15.942046394972039 240
1740016579391 15.789005956937471 241
1740016579416 15.637458455836459 242
1740016579442 15.487403901083132 243
1740016579467 15.338813674511611 244
1740016579492 15.191686358022311 245
1740016579517 15.045995316200719 246
1740016579545 14.901737749059796 247
1740016579572 14.758888947357441 248
1740016579596 14.617444773910206 249
1740016579621 14.477382390222527 250
1740016579650 14.33869636568632 251
1740016579675 14.201365678259657 252
1740016579702 14.065383646778113 253
1740016579728 13.930731012473203 254
1740016579753 13.797399885604543 255
1740016579784 13.665372718590062 256
1740016579813 13.53464045422113 257
1740016579839 13.405187205088717 258
1740016579864 13.277002786766078 259
1740016579890 13.150072922058538 260
1740016579914 13.02438633872853 261
1740016579942 12.899930320872894 262
1740016579968 12.776692547022463 263
1740016579993 12.654661814660205 264
1740016580018 12.533824790850627 265
1740016580050 12.414171739556751 266
1740016580076 12.29568835334242 267
1740016580101 12.178366316726093 268
1740016580126 12.06219038395079 269
1740016580151 11.947153615129704 270
1740016580178 11.83323986159279 271
1740016580203 11.720443515033965 272
1740016580230 11.608747558519338 273
1740016580255 11.498147672239172 274
1740016580280 11.388626004899526 275
1740016580306 11.280179483015772 276
1740016580337 11.172789454105462 277
1740016580364 11.066454049734377 278
1740016580389 10.96115384868372 279
1740016580413 10.856888147175464 280
1740016580442 10.753636786999822 281
1740016580467 10.651400189505376 282
1740016580493 10.550157490542343 283
1740016580518 10.449910197905378 284
1740016580543 10.350636771873715 285
1740016580568 10.252339768841122 286
1740016580593 10.154997003214843 287
1740016580620 10.058612042959428 288
1740016580650 9.963162085650943 289
1740016580674 9.868651674600178 290
1740016580701 9.775057418946377 291
1740016580728 9.682384801911189 292
1740016580754 9.59060987195647 293
1740016580779 9.499739017554084 294
1740016580804 9.409747753624302 295
1740016580832 9.320643339989315 296
1740016580857 9.232400784551068 297
1740016580882 9.145028185329048 298
1740016580907 9.058500069128604 299
1740016580936 8.972825339746683 300
1740016580962 8.887978068222962 301
1740016580987 8.803967932431782 302
1740016581013 8.720768572397963 303
1740016581042 8.638390409079818 304
1740016581066 8.556806675668378 305
1740016581091 8.476028505906124 306
1740016581117 8.39602874977189 307
1740016581143 8.31681922417348 308
1740016581168 8.23837241894981 309
1740016581196 8.160700805223465 310
1740016581226 8.083776535226328 311
1740016581253 8.007612706001318 312
1740016581278 7.932181154176562 313
1740016581303 7.857495575064772 314
1740016581331 7.783527511173612 315
1740016581356 7.710291229067097 316
1740016581380 7.637757998105222 317
1740016581405 7.565942629705114 318
1740016581431 7.494816140550704 319
1740016581456 7.424393861122841 320
1740016581481 7.35464657540899 321
1740016581509 7.285590107761841 322
1740016581539 7.217195028969002 323
1740016581564 7.149477632649453 324
1740016581589 7.082408295413435 325
1740016581614 7.016003756116121 326
1740016581639 6.950234215747499 327
1740016581665 6.885116834933471 328
1740016581690 6.820621657144113 329
1740016581718 6.756766241864704 330
1740016581744 6.693520492697392 331
1740016581769 6.630902345619152 332
1740016581794 6.5688815815762185 333
1740016581832 6.507476491203095 334
1740016581858 6.446656749570218 335
1740016581884 6.386440980658888 336
1740016581911 6.326798770020078 337
1740016581940 6.267749054184717 338
1740016581965 6.209261345124818 339
1740016581992 6.151354871627619 340
1740016582018 6.093999087618521 341
1740016582043 6.037213494342085 342
1740016582068 5.980967502809065 343
1740016582093 5.925280867407286 344
1740016582122 5.870122970971896 345
1740016582149 5.8155138021956825 346
1740016582176 5.761422730091727 347
1740016582203 5.707869959286102 348
1740016582233 5.654824858945201 349
1740016582258 5.602307831714462 350
1740016582282 5.550288260517905 351
1740016582308 5.498786728555442 352
1740016582333 5.4477726457490565 353
1740016582358 5.397266758828622 354
1740016582384 5.347238517597381 355
1740016582409 5.297708815722598 356
1740016582434 5.248647155421814 357
1740016582459 5.2000745611307675 358
1740016582484 5.151960599670829 359
1740016582514 5.104326410492719 360
1740016582541 5.057141636874259 361
1740016582567 5.010427517935085 362
1740016582591 4.96415378493163 363
1740016582619 4.918341761705942 364
1740016582644 4.872961278691174 365
1740016582669 4.8280337298970375 366
1740016582694 4.783529055813728 367
1740016582721 4.739468706448043 368
1740016582746 4.695822742915903 369
1740016582771 4.652612657427289 370
1740016582799 4.609808641986994 371
1740016582828 4.567432217583574 372
1740016582854 4.525453717074244 373
1740016582882 4.48389467716359 374
1740016582913 4.4427255812310555 375
1740016582941 4.401967968989702 376
1740016582968 4.361592483723098 377
1740016582995 4.321620655793152 378
1740016583031 4.282023297487115 379
1740016583058 4.242821917797269 380
1740016583085 4.203987506837413 381
1740016583114 4.165541540546053 382
1740016583146 4.127455195415195 383
1740016583171 4.089749902973155 384
1740016583198 4.0523970343759235 385
1740016583228 4.015417965706461 386
1740016583255 3.9787842708099714 387
1740016583280 3.9425172596036835 388
1740016583305 3.9065887163919593 389
1740016583332 3.8710198745144377 390
1740016583357 3.835782736254307 391
1740016583382 3.8008984482641224 392
1740016583407 3.766339238080445 393
1740016583436 3.73212615585552 394
1740016583461 3.698231661413535 395
1740016583486 3.664676698883518 396
1740016583512 3.631433967176205 397
1740016583540 3.5985242951589194 398
1740016583565 3.565920627397292 399
1740016583591 3.5336436685371555 400
1740016583617 3.501666615141476 401
1740016583642 3.470010038947831 402
1740016583667 3.438647394637706 403
1740016583692 3.407599112621135 404
1740016583722 3.3768389116025985 405
1740016583813 3.3463870725073033 406
1740016583841 3.316217583754901 407
1740016583871 3.2863505688851395 408
1740016583896 3.2567602915171787 409
1740016583923 3.227466710156043 410
1740016583953 3.1984443689011797 411
1740016583978 3.169713053819794 412
1740016584004 3.1412475945730765 413
1740016584034 3.1130675976284556 414
1740016584061 3.0851481830951415 415
1740016584087 3.0575087709149633 416
1740016584112 3.030133153814724 417
1740016584141 3.0030114300513273 418
1740016584167 2.9761647196683523 419
1740016584195 2.9495629212554904 420
1740016584222 2.923230853791657 421
1740016584247 2.897138832405376 422
1740016584272 2.871311394862775 423
1740016584298 2.8457192370397353 424
1740016584324 2.8203866116585203 425
1740016584353 2.7952845982914116 426
1740016584379 2.7704371598210997 427
1740016584403 2.745815762320069 428
1740016584431 2.721444074229022 429
1740016584457 2.69729395077059 430
1740016584482 2.6733887615302434 431
1740016584507 2.6497007533802233 432
1740016584533 2.6262529928226197 433
1740016584557 2.6030181207316385 434
1740016584583 2.580018896478874 435
1740016584607 2.557228357149043 436
1740016584639 2.534668951113161 437
1740016584664 2.512314113734433 438
1740016584689 2.4901859786863985 439
1740016584715 2.468258381541341 440
1740016584742 2.446553137747722 441
1740016584766 2.42504448488325 442
1740016584791 2.403753916809262 443
1740016584816 2.382656074774091 444
1740016584843 2.3617721278517267 445
1740016584868 2.3410771224981493 446
1740016584893 2.320591899958054 447
1740016584923 2.300291913306885 448
1740016584950 2.2801976730727476 449
1740016584977 2.260285040240107 450
1740016585003 2.2405741918843383 451
1740016585032 2.2210413980690626 452
1740016585057 2.201706499828533 453
1740016585082 2.182546177359041 454
1740016585108 2.163579933209704 455
1740016585134 2.1447848586491345 456
1740016585158 2.126180115438343 457
1740016585186 2.1077432067467807 458
1740016585212 2.089492951382219 459
1740016585241 2.0714072651349507 460
1740016585266 2.0535046218289854 461
1740016585291 2.035763350489588 462
1740016585320 2.018201578057997 463
1740016585348 2.0007980473052536 464
1740016585372 1.983570536519239 465
1740016585397 1.966505602047294 466
1740016585423 1.949594934335844 467
1740016585448 1.9328581862476661 468
1740016585473 1.9162691810146064 469
1740016585498 1.8998507122979027 470
1740016585525 1.8835771162571926 471
1740016585551 1.8674707606377157 472
1740016585575 1.8515064670474122 473
1740016585602 1.835706177976437 474
1740016585630 1.8200451995342026 475
1740016585655 1.8045450487561154 476
1740016585680 1.7891815152409252 477
1740016585707 1.7739756904670265 478
1740016585733 1.7589038464370708 479
1740016585758 1.7439866490651912 480
1740016585783 1.7292008516012156 481
1740016585809 1.7145666944802838 482
1740016585834 1.7000614109733725 483
1740016585858 1.6857048162120738 484
1740016585889 1.6714746221951144 485
1740016585919 1.657390219013762 486
1740016585944 1.6434297960356437 487
1740016585969 1.629612318660401 488
1740016585995 1.615916452202134 489
1740016586024 1.602360737800772 490
1740016586050 1.5889243152326966 491
1740016586075 1.5756253018910302 492
1740016586100 1.5624433104703046 493
1740016586126 1.5493960352085512 494
1740016586151 1.5364635601161432 495
1740016586178 1.5236631569443793 496
1740016586208 1.510975379360704 497
1740016586235 1.4984170773726568 498
1740016586259 1.4859692725912188 499
