1740013732893 70.47818775258112 0
1740013732918 35.01048410958887 1
1740013732947 17.863889741934134 2
1740013732972 12.118639970885093 3
1740013732998 8.510037188555568 4
1740013733027 6.993320717473344 5
1740013733061 5.786787824030315 6
1740013733091 5.705411063944638 7
1740013733118 4.8924677332001165 8
1740013733149 4.880790204995335 9
1740013733180 4.888263598640913 10
1740013733205 4.965883055746424 11
1740013733232 4.687667692884164 12
1740013733259 5.18361352856896 13
1740013733286 4.8074951790233715 14
1740013733310 4.338214279683894 15
1740013733339 4.694751656948269 16
1740013733364 4.80667975178633 17
1740013733388 4.852316410171955 18
1740013733414 4.664083826472859 19
1740013733442 4.761769080063211 20
1740013733467 5.0094775235892515 21
1740013733492 4.643941141485447 22
1740013733520 4.606322985710572 23
1740013733545 4.960918332719778 24
1740013733570 4.927870001914937 25
1740013733595 4.731204061513037 26
1740013733621 4.5918668203368815 27
1740013733646 4.912995159789979 28
1740013733671 4.727792475445505 29
1740013733696 4.843552110863279 30
1740013733722 5.068616283451623 31
1740013733747 4.720085064743395 32
1740013733771 4.70877622585896 33
1740013733797 4.620379713781208 34
1740013733821 4.482842127992458 35
1740013733846 4.778179088214144 36
1740013733871 4.649250219579722 37
