1739994504071 168.79801204511594 0
1739994504123 165.44136157277228 1
1739994504160 162.15152193515758 2
1739994504197 158.9271629039573 3
1739994504234 155.766980747043 4
1739994504272 152.6696977004207 5
1739994504309 149.63406145071042 6
1739994504346 146.65884462794722 7
1739994504381 143.74284430849693 8
1739994504417 140.8848815278853 9
1739994504453 138.0838008033424 10
1739994504554 135.33846966586844 11
1739994504596 132.64777820163073 12
1739994504631 130.01063860250582 13
1739994504664 127.42598472558427 14
1739994504696 124.8927716614589 15
1739994504730 122.40997531112119 16
1739994504765 119.9765919712949 17
1739994504802 117.59163792803692 18
1739994504836 115.2541490584421 19
1739994504871 112.96318044028881 20
1739994504911 110.71780596946805 21
1739994504952 108.51711798503975 22
1739994504999 106.36022690176483 23
1739994505039 104.24626084996324 24
1739994505088 102.1743653225522 25
1739994505142 100.14370282912135 26
1739994505195 98.15345255690404 27
1739994505350 96.20281003850758 28
1739994505423 94.2909868262674 29
1739994505479 92.41721017309297 30
1739994505523 90.58072271967585 31
1739994505560 88.78078218793335 32
1739994505595 87.01666108056284 33
1739994505632 85.2876463865851 34
1739994505667 83.59303929275735 35
1739994505704 81.93215490073861 36
1739994505748 80.3043219498927 37
1739994505804 78.7088825456165 38
1739994505856 77.14519189308326 39
1739994505917 75.61261803629289 40
1739994505970 74.11054160232315 41
1739994506025 72.63835555067864 42
1739994506082 71.19546492763509 43
1739994506122 69.78128662547991 44
1739994506156 68.39524914655115 45
1739994506191 67.0367923719791 46
1739994506225 65.70536733503688 47
1739994506260 64.40043599900785 48
1739994506294 63.121471039480085 49
1739994506330 61.86795563097946 50
1739994506364 60.63938323785473 51
1739994506399 59.43525740932988 52
1739994506432 58.25509157864083 53
1739994506466 57.0984088661747 54
1739994506500 55.964741886532074 55
1739994506534 54.8536325594339 56
1739994506568 53.76463192439654 57
1739994506603 52.697299959099496 58
1739994506637 51.65120540137262 59
1739994506672 50.62592557473019 60
1739994506709 49.62104621738155 61
1739994506749 48.6361613146486 62
1739994506808 47.67087293472253 63
1739994506868 46.72479106769305 64
1739994506928 45.79753346778487 65
1739994506969 44.88872549873762 66
1739994507009 43.997999982266265 67
1739994507053 43.124997049541015 68
1739994507100 42.269363995626044 69
1739994507147 41.430755136818526 70
1739994507191 40.60883167082968 71
1739994507227 39.80326153975159 72
1739994507258 39.013719295754015 73
1739994507288 38.23988596945683 74
1739994507318 37.48144894092477 75
1739994507347 36.73810181323221 76
1739994507377 36.00954428854677 77
1739994507407 35.29548204668147 78
1739994507436 34.59562662606623 79
1739994507465 33.90969530709062 80
1739994507494 33.23741099777045 81
1739994507523 32.578502121691905 82
1739994507553 31.932702508187933 83
1739994507581 31.299751284702236 84
1739994507612 30.679392771297398 85
1739994507645 30.071376377264365 86
1739994507677 29.47545649979132 87
1739994507711 28.891392424651105 88
1739994507744 28.318948228866724 89
1739994507780 27.757892685315657 90
1739994507815 27.207999169234306 91
1739994507849 26.669045566584728 92
1739994507882 26.140814184246477 93
1739994507916 25.62309166199724 94
1739994507949 25.115668886246613 95
1739994507984 24.618340905488054 96
1739994508019 24.130906847434822 97
1739994508052 23.653169837806267 98
1739994508084 23.184936920731655 99
1739994508118 22.726018980739273 100
1739994508151 22.276230666299263 101
1739994508184 21.835390314889047 102
1739994508220 21.40331987955134 103
1739994508254 20.979844856914657 104
1739994508290 20.564794216647364 105
1739994508325 20.15800033231672 106
1739994508359 19.759298913624843 107
1739994508393 19.36852893999415 108
1739994508428 18.98553259547545 109
1739994508463 18.61015520495241 110
1739994508499 18.24224517161623 111
1739994508542 17.881653915685753 112
1739994508582 17.528235814347656 113
1739994508623 17.181848142892772 114
1739994508668 16.842351017024598 115
1739994508712 16.509607336316602 116
1739994508757 16.183482728795493 117
1739994508800 15.863845496628013 118
1739994508836 15.550566562889275 119
1739994508866 15.243519419391 120
1739994508895 14.94258007554878 121
1739994508925 14.647627008267326 122
1739994508954 14.358541112823769 123
1739994508984 14.075205654728885 124
1739994509015 13.797506222546872 125
1739994509046 13.525330681654566 126
1739994509077 13.258569128921346 127
1739994509107 12.99711384829148 128
1739994509137 12.740859267250826 129
1739994509167 12.489701914160355 130
1739994509196 12.243540376439165 131
1739994509225 12.002275259580104 132
1739994509255 11.765809146981452 133
1739994509284 11.534046560578307 134
1739994509314 11.306893922257862 135
1739994509344 11.084259516042827 136
1739994509375 10.86605345102787 137
1739994509405 10.652187625053905 138
1739994509434 10.442575689105608 139
1739994509463 10.23713301241782 140
1739994509491 10.035776648276585 141
1739994509517 9.838425300501092 142
1739994509547 9.644999290592905 143
1739994509576 9.455420525539221 144
1739994509606 9.269612466257142 145
1739994509635 9.087500096666101 146
1739994509665 8.909009893376089 147
1739994509696 8.734069795979273 148
1739994509727 8.56260917793308 149
1739994509758 8.394558818022901 150
1739994509790 8.229850872392953 151
1739994509884 8.068418847133909 152
1739994509916 7.910197571416232 153
1739994509947 7.755123171158385 154
1739994509977 7.603133043219177 155
1739994510005 7.454165830103928 156
1739994510035 7.308161395174079 157
1739994510065 7.165060798350368 158
1739994510094 7.0248062722996245 159
1739994510122 6.887341199095627 160
1739994510151 6.75261008734455 161
1739994510180 6.620558549765746 162
1739994510209 6.4911332812188 163
1739994510238 6.36428203716801 164
1739994510267 6.239953612575519 165
1739994510295 6.118097821214583 166
1739994510324 5.99866547539465 167
1739994510353 5.88160836609001 168
1739994510381 5.76687924346397 169
1739994510409 5.65443179778072 170
1739994510438 5.544220640697144 171
1739994510466 5.436201286926987 172
1739994510495 5.330330136270049 173
1739994510524 5.226564455999034 174
1739994510552 5.124862363596987 175
1739994510581 5.02518280983835 176
1739994510608 4.927485562206764 177
1739994510636 4.831731188642924 178
1739994510665 4.737881041615939 179
1739994510693 4.645897242511682 180
1739994510721 4.555742666331939 181
1739994510748 4.467380926698051 182
1739994510779 4.380776361153056 183
1739994510809 4.295894016756358 184
1739994510838 4.212699635965136 185
1739994510866 4.131159642796732 186
1739994510896 4.0512411292664465 187
1739994510923 3.972911842095296 188
1739994510951 3.8961401696822824 189
1739994510980 3.820895129335999 190
1739994511008 3.747146354760292 191
1739994511036 3.6748640837890796 192
1739994511064 3.6040191463651805 193
1739994511092 3.534582952758472 194
1739994511121 3.4665274820184995 195
1739994511150 3.3998252706568888 196
1739994511183 3.3344494015550246 197
1739994511220 3.270373493092491 198
1739994511249 3.207571688491849 199
1739994511277 3.146018645375493 200
1739994511305 3.0856895255303445 201
1739994511333 3.0265599848762172 202
1739994511361 2.968606163633864 203
1739994511389 2.911804676688659 204
1739994511417 2.856132604146065 205
1739994511445 2.801567482075069 206
1739994511473 2.7480872934358245 207
1739994511501 2.6956704591878284 208
1739994511530 2.6442958295750776 209
1739994511558 2.5939426755846218 210
1739994511587 2.544590680575152 211
1739994511617 2.496219932072121 212
1739994511645 2.448810913726179 213
1739994511675 2.4023444974316517 214
1739994511703 2.3568019356018173 215
1739994511731 2.3121648535979618 216
1739994511760 2.2684152423090422 217
1739994511789 2.2255354508790597 218
1739994511818 2.1835081795791225 219
1739994511846 2.142316472821381 220
1739994511876 2.1019437123119578 221
1739994511905 2.0623736103401487 222
1739994511934 2.023590203201166 223
1739994511964 1.985577844749748 224
1739994511994 1.9483212000820713 225
1739994512023 1.9118052393433693 226
1739994512053 1.8760152316587766 227
1739994512082 1.8409367391849523 228
1739994512113 1.8065556112800645 229
1739994512141 1.7728579787897918 230
1739994512170 1.7398302484470052 231
1739994512201 1.707459097382917 232
1739994512229 1.6757314677474413 233
1739994512258 1.64463456143659 234
1739994512287 1.6141558349247918 235
1739994512316 1.5842829942000527 236
1739994512345 1.5550039897998789 237
1739994512373 1.5263070119459898 238
1739994512402 1.4981804857758259 239
1739994512431 1.4706130666689612 240
1739994512459 1.4435936356665 241
1739994512489 1.4171112949816054 242
1739994512519 1.3911553635993865 243
1739994512548 1.3657153729643128 244
1739994512577 1.3407810627534513 245
1739994512607 1.3163423767338025 246
1739994512636 1.2923894587020697 247
1739994512664 1.2689126485052016 248
1739994512694 1.2459024781401444 249
1739994512723 1.2233496679311677 250
1739994512751 1.2012451227832621 251
1739994512784 1.1795799285100996 252
1739994512815 1.1583453482350259 253
1739994512847 1.1375328188636904 254
1739994512884 1.1171339476268392 255
1739994512923 1.0971405086919173 256
1739994512960 1.0775444398420646 257
1739994512997 1.0583378392212062 258
1739994513033 1.0395129621438988 259
1739994513070 1.0210622179686457 260
1739994513107 1.0029781670334346 261
1739994513140 0.9852535176522328 262
1739994513171 0.9678811231712519 263
1739994513200 0.9508539790837754 264
1739994513229 0.9341652202023911 265
1739994513258 0.9178081178874904 266
1739994513288 0.9017760773309019 267
1739994513317 0.8860626348935755 268
1739994513345 0.8706614554962366 269
1739994513374 0.8555663300619492 270
1739994513403 0.8407711730095665 271
1739994513432 0.8262700197970498 272
1739994513461 0.8120570245136645 273
1739994513492 0.7981264575200783 274
1739994513522 0.7844727031354176 275
1739994513553 0.771090257370339 276
1739994513581 0.7579737257051933 277
1739994513618 0.7451178209124075 278
1739994513648 0.7325173609221781 279
1739994513681 0.7201672667306374 280
1739994513716 0.7080625603496344 281
1739994513746 0.6961983627973009 282
1739994513778 0.684569892128596 283
1739994513808 0.6731724615050403 284
1739994513835 0.6620014773028403 285
1739994513865 0.6510524372586702 286
1739994513895 0.6403209286523146 287
1739994513924 0.6298026265254996 288
1739994513955 0.6194932919361351 289
1739994513987 0.6093887702472943 290
1739994514022 0.5994849894502433 291
1739994514057 0.5897779585208212 292
1739994514094 0.5802637658085239 293
1739994514131 0.5709385774576344 294
1739994514167 0.5617986358597711 295
1739994514204 0.5528402581372075 296
1739994514240 0.5440598346563759 297
1739994514277 0.5354538275709417 298
1739994514313 0.5270187693938594 299
1739994514350 0.5187512615978384 300
1739994514385 0.5106479732436484 301
1739994514422 0.5027056396357205 302
1739994514457 0.49492106100448063 303
1739994514492 0.4872911012149086 304
1739994514528 0.4798126865007838 305
1739994514563 0.47248280422411054 306
1739994514599 0.46529850165922315 307
1739994514635 0.4582568848010837 308
1739994514671 0.4513551171972804 309
1739994514707 0.4445904188032656 310
1739994514742 0.43796006486036787 311
1739994514779 0.4314613847961233 312
1739994514835 0.4250917611464764 313
1739994514870 0.41884862849943394 314
1739994514906 0.41272947245972585 315
1739994514942 0.40673182863406154 316
1739994514984 0.4008532816365716 317
1739994515022 0.3950914641140432 318
1739994515057 0.38944405579053365 319
1739994515092 0.38390878253100036 320
1739994515128 0.37848341542355357 321
1739994515165 0.37316576987996036 322
1739994515204 0.3679537047540516 323
1739994515241 0.3628451214776626 324
1739994515279 0.3578379632137607 325
1739994515316 0.35293021402641594 326
1739994515351 0.3481198980672946 327
1739994515386 0.34340507877832066 328
1739994515421 0.33878385811021433 329
1739994515456 0.3342543757565603 330
1739994515491 0.3298148084031211 331
1739994515527 0.32546336899208345 332
1739994515564 0.3211983060009359 333
1739994515601 0.31701790273569497 334
1739994515665 0.31292047663818834 335
1739994515702 0.308904378607121 336
1739994515740 0.3049679923326415 337
1739994515777 0.3011097336441482 338
1739994515815 0.29732804987107064 339
1739994515852 0.2936214192163635 340
1739994515888 0.28998835014246166 341
1739994515925 0.28642738076945573 342
1739994515961 0.2829370782852307 343
1739994515995 0.2795160383673451 344
1739994516030 0.27616288461640587 345
1739994516064 0.2728762680007135 346
1739994516100 0.2696548663119612 347
1739994516136 0.2664973836317519 348
1739994516171 0.26340254980873085 349
1739994516207 0.26036911994612166 350
1739994516244 0.25739587389945245 351
1739994516279 0.25448161578427014 352
1739994516315 0.2516251734936567 353
1739994516351 0.24882539822533078 354
1739994516386 0.2460811640181669 355
1739994516421 0.2433913672979215 356
1739994516457 0.24075492643200924 357
1739994516493 0.23817078129312275 358
1739994516529 0.2356378928315406 359
1739994516564 0.23315524265593796 360
1739994516600 0.23072183262253815 361
1739994516635 0.22833668443243216 362
1739994516671 0.2259988392369143 363
1739994516706 0.22370735725066374 364
1739994516742 0.22146131737261704 365
1739994516778 0.21925981681439127 366
1739994516816 0.21710197073608709 367
1739994516852 0.21498691188934604 368
1739994516887 0.2129137902674984 369
1739994516923 0.21088177276267583 370
1739994516958 0.20889004282974472 371
1739994516994 0.20693780015691787 372
1739994517031 0.20502426034292412 373
1739994517067 0.20314865458059522 374
1739994517102 0.2013102293467498 375
1739994517138 0.1995082460982427 376
1739994517173 0.1977419809740601 377
1739994517209 0.1960107245033426 378
1739994517245 0.1943137813192112 379
1739994517280 0.1926504698782904 380
1739994517315 0.19102012218580547 381
1739994517350 0.18942208352615195 382
1739994517385 0.1878557121988207 383
1739994517420 0.18632037925957556 384
1739994517456 0.18481546826678133 385
1739994517490 0.1833403750327736 386
1739994517525 0.18189450738017746 387
1739994517560 0.18047728490307086 388
1739994517594 0.1790881387328994 389
1739994517629 0.177726511309045 390
1739994517664 0.17639185615396052 391
1739994517699 0.17508363765277485 392
1739994517734 0.17380133083728092 393
1739994517770 0.17254442117422375 394
1739994517805 0.17131240435779535 395
1739994517841 0.1701047861062593 396
1739994517875 0.1689210819626168 397
1739994517910 0.1677608170992438 398
1739994517945 0.16662352612640438 399
1739994517979 0.16550875290458367 400
1739994518015 0.16441605036054324 401
1739994518051 0.16334498030704026 402
1739994518086 0.16229511326613363 403
1739994518120 0.16126602829599831 404
1739994518155 0.16025731282118935 405
1739994518190 0.15926856246628224 406
1739994518225 0.15829938089281595 407
1739994518260 0.15734937963948603 408
1739994518295 0.1564181779655115 409
1739994518330 0.15550540269711788 410
1739994518365 0.15461068807707565 411
1739994518401 0.1537336756172277 412
1739994518436 0.152874013953952 413
1739994518472 0.15203135870649892 414
1739994518508 0.1512053723381454 415
1739994518544 0.1503957240201097 416
1739994518580 0.14960208949817405 417
1739994518617 0.14882415096195978 418
1739994518655 0.1480615969168007 419
1739994518692 0.14731412205816774 420
1739994518727 0.14658142714858813 421
1739994518763 0.14586321889701237 422
1739994518801 0.14515920984058361 423
1739994518837 0.1444691182287547 424
1739994518874 0.14379266790971246 425
1739994518909 0.1431295882190585 426
1739994518945 0.1424796138707057 427
1739994518979 0.14184248484994436 428
1739994519016 0.14121794630863385 429
1739994519053 0.1406057484624788 430
1739994519088 0.1400056464903504 431
1739994519123 0.13941740043560655 432
1739994519158 0.13884077510937803 433
1739994519193 0.13827553999577374 434
1739994519228 0.1377214691589761 435
1739994519264 0.13717834115218042 436
1739994519299 0.13664593892834617 437
1739994519334 0.13612404975272382 438
1739994519369 0.1356124651171208 439
1739994519404 0.1351109806558721 440
1739994519440 0.13461939606348336 441
1739994519476 0.1341375150139085 442
1739994519511 0.13366514508143781 443
1739994519547 0.13320209766315444 444
1739994519582 0.13274818790293444 445
1739994519617 0.13230323461696084 446
1739994519653 0.1318670602207153 447
1739994519689 0.13143949065742302 448
1739994519724 0.1310203553279219 449
1739994519760 0.130609487021924 450
1739994519797 0.13020672185064605 451
1739994519832 0.12981189918077835 452
1739994519868 0.12942486156976743 453
1739994519903 0.1290454547023856 454
1739994519939 0.12867352732856127 455
1739994519974 0.12830893120244705 456
1739994520009 0.12795152102269766 457
1739994520045 0.1276011543739366 458
1739994520081 0.12725769166938714 459
1739994520116 0.12692099609464294 460
1739994520151 0.1265909335525572 461
1739994520186 0.12626737260922932 462
1739994520222 0.12595018444106323 463
1739994520257 0.12563924278287952 464
1739994520293 0.12533442387705981 465
1739994520329 0.1250356064237024 466
1739994520365 0.12474267153176738 467
1739994520400 0.12445550267119616 468
1739994520435 0.12417398562598084 469
1739994520471 0.12389800844816748 470
1739994520507 0.12362746141277339 471
1739994520543 0.12336223697360263 472
1739994520578 0.1231022297199382 473
1739994520614 0.12284733633409685 474
1739994520650 0.1225974555498263 475
1739994520685 0.12235248811153109 476
1739994520721 0.12211233673430934 477
1739994520756 0.12187690606478309 478
1739994520796 0.12164610264270741 479
1739994520832 0.12141983486334429 480
1739994520868 0.12119801294058381 481
1739994520904 0.12098054887079804 482
1739994520939 0.1207673563974154 483
1739994520974 0.12055835097619717 484
1739994521009 0.12035344974120604 485
1739994521045 0.12015257147145156 486
1739994521082 0.11995563655819715 487
1739994521161 0.11976256697291847 488
1739994521199 0.11957328623589907 489
1739994521235 0.11938771938544936 490
1739994521273 0.11920579294773867 491
1739994521312 0.11902743490722602 492
1739994521350 0.11885257467768028 493
1739994521387 0.11868114307377571 494
1739994521421 0.11851307228325197 495
1739994521455 0.11834829583962785 496
1739994521490 0.11818674859545858 497
1739994521525 0.11802836669612288 498
1739994521561 0.11787308755413346 499
