1739999369502 184.57768837329604 0
1739999369522 175.5063564666398 1
1739999369539 174.61513923224493 2
1739999369558 173.87064336102142 3
1739999369576 165.96766575652148 4
1739999369595 153.04692273854099 5
1739999369614 170.04781093706504 6
1739999369631 172.54884648491682 7
1739999369648 170.80533418624023 8
1739999369667 173.63124593988286 9
1739999369685 155.53161445668047 10
1739999369704 170.47444536711097 11
1739999369722 154.64156363889998 12
1739999369740 153.69976278666405 13
1739999369757 145.51540937348213 14
1739999369775 157.62890539594267 15
1739999369793 153.3809524122591 16
1739999369813 151.43276762430153 17
1739999369831 147.906177448875 18
1739999369849 149.58319495414148 19
1739999369867 141.68200222789014 20
1739999369885 148.15299167813657 21
1739999369903 137.66219265894532 22
1739999369921 156.33889505508205 23
1739999369939 132.9258321284995 24
1739999369957 138.7354469714515 25
1739999369974 132.51618173412172 26
1739999369992 144.6958758070515 27
1739999370011 131.87680391540775 28
1739999370028 129.8701557563757 29
1739999370045 130.4500005533518 30
1739999370063 135.08933253822448 31
1739999370080 129.57068037520287 32
1739999370098 138.03821766281015 33
1739999370116 123.6518025955981 34
1739999370134 124.7768586738388 35
1739999370152 124.26690051421097 36
1739999370170 135.3953777573386 37
1739999370189 125.30567619746661 38
1739999370209 122.72695649925481 39
1739999370226 119.43095191357331 40
1739999370249 117.16776832769737 41
1739999370268 117.83592958904022 42
1739999370285 119.08136911012484 43
1739999370304 119.83156502956267 44
1739999370322 114.78240809710945 45
1739999370339 118.07234480723854 46
1739999370357 115.53007035586052 47
1739999370376 114.91290363968639 48
1739999370393 116.73392011906368 49
1739999370412 119.37227095649968 50
1739999370432 113.19141776504615 51
1739999370453 110.22364551744583 52
1739999370471 114.80208616787495 53
1739999370489 117.66912591594227 54
1739999370506 114.00679629007344 55
1739999370524 104.33566337645914 56
1739999370541 109.65260673661899 57
1739999370558 100.65150209433996 58
1739999370576 105.8881850776765 59
1739999370594 106.6358562211554 60
1739999370612 105.48619437046305 61
1739999370629 105.37050426532451 62
1739999370648 98.80602979408658 63
1739999370666 98.9943161938363 64
1739999370683 100.20796047067572 65
1739999370745 94.29509750862451 66
1739999370793 97.11110634039363 67
1739999370812 101.10740121400724 68
1739999370830 93.62434337636981 69
1739999370848 95.26420447062102 70
1739999370866 94.45257455189126 71
1739999370885 98.3707687612735 72
1739999370902 96.77179240185801 73
1739999370920 91.32455036923889 74
1739999370937 87.32479761916362 75
1739999370956 93.53730549722805 76
1739999370973 91.6374954289396 77
1739999370991 88.31878887035693 78
1739999371009 90.9400294961553 79
1739999371026 89.0771142574136 80
1739999371044 83.26957257683424 81
1739999371066 83.97018615160225 82
1739999371087 89.97545972796587 83
1739999371106 83.22596091136592 84
1739999371123 82.60016324223616 85
1739999371141 83.34128136436274 86
1739999371157 82.36887560227618 87
1739999371176 79.29236614591419 88
1739999371193 81.44838453034407 89
1739999371211 75.42073146432986 90
1739999371228 77.29936553851775 91
1739999371248 80.71783182420714 92
1739999371266 75.3510960464957 93
1739999371286 77.75554293677042 94
1739999371310 74.75969320613841 95
1739999371327 73.21213331270262 96
1739999371345 74.28779819701215 97
1739999371364 76.17976888862952 98
1739999371381 72.77778214730424 99
1739999371399 73.4155550798832 100
1739999371418 72.30416315237409 101
1739999371436 74.53979909188041 102
1739999371455 73.17439322244968 103
1739999371475 69.1892348537321 104
1739999371494 72.50238477005168 105
1739999371512 69.95344886461115 106
1739999371529 69.00125487835193 107
1739999371546 68.38129257099443 108
1739999371564 67.3080866946603 109
1739999371582 66.80876491010385 110
1739999371601 66.75294655218309 111
1739999371618 65.64112363907113 112
1739999371637 63.76325839313203 113
1739999371658 65.56016470730623 114
1739999371678 65.36850500732018 115
1739999371700 64.38402911887535 116
1739999371791 63.53916486912138 117
1739999371811 61.26273141405169 118
1739999371830 59.41353088270085 119
1739999371849 57.421042526536006 120
1739999371867 60.55368954774084 121
1739999371887 58.065616084166365 122
1739999371905 57.55757527585056 123
1739999371924 58.29346976291613 124
1739999371943 58.230085367823904 125
1739999371963 55.694088660689026 126
1739999371982 57.09700354084232 127
1739999372002 55.87792369385096 128
1739999372020 52.64327368551652 129
1739999372038 54.78794502265426 130
1739999372055 56.308370474235744 131
1739999372072 54.37969625747399 132
1739999372090 56.3631279137508 133
1739999372109 54.743973383944024 134
1739999372126 52.1242362473078 135
1739999372143 53.025559107443165 136
1739999372162 50.61666539278212 137
1739999372179 51.854830197037174 138
1739999372197 48.18945205579284 139
1739999372214 50.05415373084016 140
1739999372234 51.40991183872922 141
1739999372255 52.20749762427345 142
1739999372273 49.08354647278597 143
1739999372291 47.16728325965252 144
1739999372309 46.71636148227431 145
1739999372325 47.263882813313515 146
1739999372345 49.104224970289955 147
1739999372365 45.58072623902789 148
1739999372383 46.17981431624689 149
1739999372404 49.007515703143376 150
1739999372422 49.25465903236747 151
1739999372439 47.020466830909676 152
1739999372457 43.6024753556698 153
1739999372476 45.976891396637946 154
1739999372494 42.90134795387336 155
1739999372514 44.355791705671926 156
1739999372533 42.55067905641179 157
1739999372553 43.33896873560304 158
1739999372571 46.052785831099726 159
1739999372588 41.66273343436602 160
1739999372607 42.55918177415956 161
1739999372625 45.301003416592835 162
1739999372641 42.343654053427606 163
1739999372659 42.596141485699604 164
1739999372676 44.04675481235229 165
1739999372696 40.9584158809918 166
1739999372713 43.010284155891156 167
1739999372730 39.138499451548 168
1739999372749 39.59561209433867 169
1739999372766 41.162484155650496 170
1739999372785 39.81645812968669 171
1739999372802 39.244402220144174 172
1739999372820 39.5427730619951 173
1739999372837 38.283346654299756 174
1739999372855 40.72487981263652 175
1739999372873 38.4253614902481 176
1739999372891 36.087524449643354 177
1739999372908 36.27176865136743 178
1739999372926 40.152507645719105 179
1739999372945 36.69767181807233 180
1739999372964 34.47523748433706 181
1739999372982 34.606108837219516 182
1739999373001 35.21188256648772 183
1739999373020 35.14076004567787 184
1739999373038 35.89396973382767 185
1739999373057 36.21979965221373 186
1739999373075 33.422175966004126 187
1739999373093 34.781293086112676 188
1739999373111 33.7161701337176 189
1739999373129 34.329925179101934 190
1739999373147 32.461982229186624 191
1739999373165 33.27179835751729 192
1739999373182 33.89323789669933 193
1739999373202 33.97440143796438 194
1739999373221 33.16601761252819 195
1739999373238 30.763341918263116 196
1739999373259 31.98513495860479 197
1739999373277 29.430443047956043 198
1739999373295 30.065255178232555 199
1739999373312 31.273446522669182 200
1739999373332 30.507962402262738 201
1739999373355 31.80435781402062 202
1739999373372 30.637461615571226 203
1739999373390 30.00404509133738 204
1739999373407 29.4253334387786 205
1739999373426 29.064172849085313 206
1739999373443 27.348368017043523 207
1739999373460 28.81638185471223 208
1739999373479 27.714999594346455 209
1739999373497 28.10863293693502 210
1739999373514 28.69611033943611 211
1739999373532 28.163751098250152 212
1739999373550 26.668014848840226 213
1739999373569 27.396470639989158 214
1739999373588 28.572834287418893 215
1739999373607 28.098322450096585 216
1739999373625 26.52183017588459 217
1739999373643 26.053278667395297 218
1739999373661 25.04549053464306 219
1739999373678 25.562269957435237 220
1739999373700 24.784616751697047 221
1739999373718 26.1362654143638 222
1739999373736 24.871454851304204 223
1739999373754 26.07497875258802 224
1739999373772 25.931794583583795 225
1739999373790 23.578812762239437 226
1739999373808 24.90208173029411 227
1739999373826 23.397040868689633 228
1739999373844 23.64655359794825 229
1739999373861 24.60557319195017 230
1739999373879 23.647670957582964 231
1739999373897 24.64324833131589 232
1739999373914 23.30395181719051 233
1739999373933 22.485357789786793 234
1739999373950 23.096282047320436 235
1739999373968 22.916306859466395 236
1739999373985 22.169506816367456 237
1739999374003 21.80174583822287 238
1739999374021 22.85389039881323 239
1739999374039 23.065705616750414 240
1739999374061 22.52627876537671 241
1739999374079 20.31140739451955 242
1739999374097 21.68978498879223 243
1739999374119 21.462513669642565 244
1739999374136 21.69762481318615 245
1739999374155 23.314453666478396 246
1739999374172 22.089406943816677 247
1739999374190 22.043952793195178 248
1739999374207 20.89581983153284 249
1739999374226 20.175112592469823 250
1739999374247 19.456381422242828 251
1739999374267 20.70740156946011 252
1739999374284 20.86016753733759 253
1739999374302 20.68458112276463 254
1739999374319 19.583287072589954 255
1739999374336 19.07207654992104 256
1739999374360 19.75990930966083 257
1739999374378 21.081642221392148 258
1739999374396 19.268157622216872 259
1739999374416 18.798154231628327 260
1739999374434 19.850298151579246 261
1739999374451 18.452263143782858 262
1739999374469 18.512291956177258 263
1739999374488 17.90956786120473 264
1739999374505 19.891958233403226 265
1739999374523 19.264672365657074 266
1739999374540 17.923112778903814 267
1739999374557 19.216563085289753 268
1739999374575 18.110814463195062 269
1739999374593 16.836204219438528 270
1739999374615 18.06074644239286 271
1739999374635 16.88950490779149 272
1739999374653 16.98008834609704 273
1739999374670 17.320279298319495 274
1739999374689 17.129865610673853 275
1739999374707 16.2250395917501 276
1739999374724 17.139695068343777 277
1739999374741 15.962924332156387 278
1739999374759 17.010100902538007 279
1739999374776 16.110779566051978 280
1739999374794 16.708759280740672 281
1739999374811 15.933002213485596 282
1739999374828 15.774919708191717 283
1739999374845 15.899060472650824 284
1739999374863 15.720847135013429 285
1739999374881 14.87504020400168 286
1739999374899 16.344083175643107 287
1739999374917 16.139014014425825 288
1739999374935 15.516689762449396 289
1739999374954 16.854896112215403 290
1739999374971 15.262364869386364 291
1739999374990 13.690997137967967 292
1739999375008 13.87753683931696 293
1739999375025 14.90372022953023 294
1739999375042 14.501791970582548 295
1739999375060 15.07210886087507 296
1739999375078 13.639800896572941 297
1739999375096 14.378022101993277 298
1739999375117 15.116647854297705 299
1739999375135 13.547224415506184 300
1739999375155 14.042185766742012 301
1739999375174 12.952578911525338 302
1739999375192 13.578847442090412 303
1739999375210 13.286168658988945 304
1739999375228 14.244828522463559 305
1739999375245 13.536766221671499 306
1739999375266 13.710318816370945 307
1739999375284 12.973702518167785 308
1739999375303 12.851058299725846 309
1739999375322 12.535633337929296 310
1739999375341 13.508999535915077 311
1739999375363 12.295508999943166 312
1739999375386 13.791551191648285 313
1739999375405 12.284517903907641 314
1739999375423 12.716797759529472 315
1739999375440 12.790463862079852 316
1739999375460 12.650205608742233 317
1739999375478 11.978785748395916 318
1739999375495 11.450121858643882 319
1739999375514 12.086898674456572 320
1739999375532 11.03235669518487 321
1739999375550 10.763620929589843 322
1739999375567 11.228079789031122 323
1739999375585 11.502853012130052 324
1739999375603 11.202929131300667 325
1739999375620 11.43165581354099 326
1739999375639 10.93764805874783 327
1739999375659 11.375747068022083 328
1739999375678 12.174052117035535 329
1739999375699 12.134818433918872 330
1739999375718 10.392639150731343 331
1739999375760 10.733361814555737 332
1739999375779 10.33442748845857 333
1739999375797 11.258355464432299 334
1739999375814 10.837840579857318 335
1739999375832 10.036952254404353 336
1739999375849 9.93066900010121 337
1739999375866 10.08575905618926 338
1739999375885 9.779587262466357 339
1739999375904 10.39780015033047 340
1739999375922 9.76311260863216 341
1739999375941 9.931221048455047 342
1739999375959 10.282347062449439 343
1739999375977 9.993165286227011 344
1739999375996 10.233402074389218 345
1739999376014 9.585518453819986 346
1739999376033 10.66618672579754 347
1739999376050 9.38758796022423 348
1739999376068 9.060514231201688 349
1739999376087 9.367465830129042 350
1739999376105 9.189990736667072 351
1739999376122 9.635129474636225 352
1739999376140 9.05156864518505 353
1739999376158 8.703821295314194 354
1739999376176 9.127911030881515 355
1739999376194 8.701449877147965 356
1739999376212 9.461697722318396 357
1739999376232 8.972129424446694 358
1739999376251 8.97346078170733 359
1739999376273 8.817513075716361 360
1739999376291 9.033109363800836 361
1739999376309 8.573592505134384 362
1739999376327 9.225142476595602 363
1739999376345 9.006105511626508 364
1739999376364 8.74707191179142 365
1739999376381 8.622209366010422 366
1739999376399 9.388011317218815 367
1739999376417 8.50192776130239 368
1739999376435 8.284101776272102 369
1739999376453 8.792483820869464 370
1739999376473 7.851610307071825 371
1739999376491 8.002922950917558 372
1739999376509 8.226729262828773 373
1739999376528 8.0159042182476 374
1739999376546 7.66237310275008 375
1739999376563 7.897589213592548 376
1739999376580 8.021397272118758 377
1739999376598 7.354134367959753 378
1739999376616 7.936597552700783 379
1739999376634 7.743752257381469 380
1739999376651 7.72537127903946 381
1739999376670 7.163378398736938 382
1739999376689 7.6670928522666815 383
1739999376710 7.6536328076512605 384
1739999376729 7.209629787669505 385
1739999376747 7.256017380943703 386
1739999376764 7.258067333362096 387
1739999376782 7.027234665865376 388
1739999376801 7.188625613297388 389
1739999376818 6.919117246531181 390
1739999376836 7.492031660656644 391
1739999376855 7.327008944836388 392
1739999376872 7.3212019188262865 393
1739999376889 7.657575291017685 394
1739999376907 7.019549378197359 395
1739999376924 6.414418773802504 396
1739999376941 6.538214611238965 397
1739999376959 7.01002021591338 398
1739999376978 6.516805948291155 399
1739999376995 6.832814280465324 400
1739999377013 6.184369202746609 401
1739999377031 7.036384449141951 402
1739999377048 6.669512452743547 403
1739999377066 6.511637892573218 404
1739999377084 6.209645596835508 405
1739999377103 6.530807187056427 406
1739999377122 6.463376235205025 407
1739999377139 6.044032708366991 408
1739999377157 6.17743655331474 409
1739999377176 6.207597214479072 410
1739999377193 6.047324933124911 411
1739999377210 6.271355512038862 412
1739999377230 6.175881292810265 413
1739999377250 6.555843229565339 414
1739999377270 6.347028552390774 415
1739999377288 6.03948889226621 416
1739999377307 6.282876944423837 417
1739999377324 6.183231648379699 418
1739999377341 5.855920348250824 419
1739999377359 5.669471140802026 420
1739999377377 5.276123714662043 421
1739999377397 5.699839605505132 422
1739999377422 5.584437216646064 423
1739999377439 5.404855569109632 424
1739999377457 5.517483660826932 425
1739999377476 5.368855573364483 426
1739999377494 5.768197108213898 427
1739999377512 5.35864730600478 428
1739999377529 5.5867679593101185 429
1739999377547 5.840638068676933 430
1739999377564 5.145002536521377 431
1739999377581 5.519705452860395 432
1739999377600 5.33482138145131 433
1739999377617 5.507637216957375 434
1739999377635 5.173985929986297 435
1739999377654 5.056089586072542 436
1739999377672 5.02867066950596 437
1739999377690 5.226380075383395 438
1739999377713 5.384732788456365 439
1739999377732 4.907454682304508 440
1739999377751 5.171237677981067 441
1739999377769 5.033088402220439 442
1739999377787 4.841041747242223 443
1739999377805 4.83422744704476 444
1739999377822 4.871358926262707 445
1739999377841 4.968555644225473 446
1739999377858 5.03190795938726 447
1739999377875 5.04923389328482 448
1739999377893 4.965322416350376 449
1739999377911 4.659115600645848 450
1739999377929 4.752591041717308 451
1739999377947 4.801210606299738 452
1739999377966 4.299831233672464 453
1739999377983 4.660831188379013 454
1739999378002 4.39796582549676 455
1739999378019 4.524682352968886 456
1739999378038 4.352987782531593 457
1739999378055 4.576836884940605 458
1739999378071 4.574736723814737 459
1739999378089 4.717701161285059 460
1739999378107 4.296907469457016 461
1739999378126 4.599694256159396 462
1739999378144 4.5566267236544045 463
1739999378162 4.616918217985256 464
1739999378181 4.390755956951437 465
1739999378198 4.29228586683645 466
1739999378215 4.342996036674315 467
1739999378233 4.243676099177894 468
1739999378251 4.336391939533602 469
1739999378270 4.453503433687808 470
1739999378287 4.197255138503676 471
1739999378306 4.4400822578507 472
1739999378324 4.09420513258262 473
1739999378341 4.350681865498339 474
1739999378359 3.913551057004907 475
1739999378377 4.22492531901102 476
1739999378395 3.6942132684942255 477
1739999378412 3.895661454851173 478
1739999378430 4.133513196378913 479
1739999378448 3.9629213088530224 480
1739999378465 4.179479103748868 481
1739999378483 4.1012362230790105 482
1739999378501 3.9750118127369984 483
1739999378519 3.835163428331953 484
1739999378536 3.9041106493982576 485
1739999378554 4.0606814311593515 486
1739999378571 3.8797748648236388 487
1739999378589 4.1065830199099675 488
1739999378608 3.930958618857867 489
1739999378626 3.5791353489295816 490
1739999378643 3.7042107801237294 491
1739999378661 3.994511639361462 492
1739999378679 3.7137464883322613 493
1739999378699 3.4028753626392363 494
1739999378716 4.06202956496267 495
1739999378735 3.2991860844578134 496
1739999378753 3.6762171520995 497
1739999378772 3.7104066965275644 498
1739999378791 3.757066585110351 499
