1740005051146 74.56260544286927 0
1740005051172 32.66497519279262 1
1740005051198 13.096817086486782 2
1740005051223 5.677388243698469 3
1740005051245 2.583352407154981 4
1740005051268 1.3133637060879744 5
1740005051291 0.6569082251339652 6
1740005051316 0.3749173292575352 7
1740005051338 0.17714997708168342 8
1740005051361 0.17508837799787907 9
1740005051384 0.1680482870823946 10
1740005051407 0.1883595897493953 11
1740005051429 0.1433079634103886 12
1740005051452 0.10480568079299439 13
1740005051476 0.1522820844734121 14
1740005051499 0.12947935630512125 15
1740005051522 0.09728133065215254 16
1740005051545 0.1544811255030484 17
1740005051567 0.14386295349208986 18
1740005051588 0.1348258123238166 19
1740005051610 0.15334245187895335 20
1740005051633 0.13343112349479855 21
1740005051656 0.18774315103750835 22
1740005051678 0.16697936848984304 23
1740005051699 0.14797836362717195 24
1740005051721 0.12562671310521223 25
1740005051743 0.10330010174454976 26
1740005051765 0.132002054209096 27
1740005051787 0.14067029645992982 28
1740005051810 0.14072084746759386 29
1740005051832 0.13577032175155673 30
1740005051856 0.1325583641583916 31
1740005051879 0.13741676613636095 32
1740005051903 0.2036320167980698 33
1740005051925 0.20803461723515437 34
1740005051947 0.15614530264691687 35
1740005051969 0.1347238229970337 36
1740005051991 0.12620327233551296 37
1740005052013 0.12517954526234787 38
1740005052034 0.12001908997915414 39
1740005052057 0.13888958325646952 40
1740005052078 0.11837755416063113 41
1740005052100 0.20060000922682475 42
1740005052121 0.08723023170982334 43
1740005052142 0.12404271778002977 44
1740005052164 0.11011704398411645 45
1740005052187 0.08833134705452612 46
1740005052209 0.16495473781755013 47
1740005052232 0.15697702535188743 48
1740005052254 0.14674033201285672 49
1740005052276 0.13881576859072894 50
1740005052298 0.1143880885756334 51
1740005052319 0.15536091305093155 52
1740005052341 0.13037873225774904 53
1740005052365 0.1117973839674879 54
1740005052387 0.16005860032171434 55
1740005052410 0.1797119831421217 56
1740005052432 0.15788118710401053 57
1740005052453 0.11764207932921952 58
1740005052475 0.16023142071585492 59
1740005052497 0.11284163226829473 60
1740005052521 0.16482060797050857 61
1740005052546 0.21482402641628934 62
1740005052569 0.21836069622197632 63
1740005052591 0.15844934325373744 64
1740005052613 0.08531509539631031 65
1740005052636 0.1354043483487583 66
1740005052658 0.13495427567555407 67
1740005052680 0.08859037533602215 68
1740005052702 0.12473413211252267 69
1740005052724 0.14916448360189696 70
1740005052745 0.1328395720554522 71
1740005052768 0.11693835263653561 72
1740005052789 0.13426507801310825 73
1740005052811 0.15004582144581383 74
1740005052833 0.20630189893099837 75
1740005052858 0.12382469498701562 76
1740005052886 0.12652835567034834 77
1740005052928 0.08864120215228738 78
1740005052952 0.09455474824871947 79
1740005052977 0.14364946284490718 80
1740005053001 0.1808465024140858 81
1740005053024 0.08600124528667016 82
1740005053047 0.1595572246821037 83
1740005053070 0.1348573232487705 84
1740005053094 0.17057347679489732 85
1740005053117 0.15565452418951 86
1740005053141 0.12295787863355422 87
1740005053165 0.14262465534276766 88
1740005053193 0.14821349009765364 89
1740005053219 0.1276405106205981 90
1740005053245 0.17846658398408283 91
1740005053271 0.15278942754922356 92
1740005053296 0.17976707970884498 93
1740005053320 0.11584446650465831 94
1740005053344 0.1630024169365623 95
1740005053368 0.17108449143371718 96
1740005053392 0.17237262313640425 97
1740005053416 0.07020059225114647 98
1740005053440 0.14967365885768974 99
1740005053465 0.15885308992603694 100
1740005053488 0.238993309992522 101
1740005053513 0.20167803139189905 102
1740005053537 0.11552849904523808 103
1740005053561 0.09981410737568322 104
1740005053584 0.18021451950770107 105
1740005053607 0.1492261499211933 106
1740005053630 0.10604576928715415 107
1740005053652 0.12830840044599598 108
1740005053675 0.10157178150067132 109
1740005053696 0.13189316118176522 110
1740005053719 0.11491468701220711 111
1740005053741 0.14214988182623248 112
1740005053763 0.11688639168029709 113
1740005053785 0.14944225747214357 114
1740005053809 0.10184928658411958 115
1740005053834 0.13419362803676355 116
1740005053858 0.11477821793232178 117
1740005053883 0.10351326360746128 118
1740005053905 0.14069435610354358 119
1740005053928 0.1370262160827658 120
1740005053949 0.1280136009029641 121
1740005053972 0.21978232467756204 122
1740005053994 0.15185098304594596 123
1740005054016 0.18869339521194262 124
1740005054038 0.13209541277120476 125
1740005054062 0.07157623687938644 126
1740005054084 0.16476186879347013 127
1740005054106 0.10769932040452826 128
1740005054128 0.1098785619771889 129
1740005054149 0.17211205323003148 130
1740005054171 0.12579020997026913 131
1740005054195 0.1539604042846303 132
1740005054217 0.22621373922083757 133
1740005054238 0.1468569031851158 134
1740005054259 0.15980471678152716 135
1740005054281 0.08473642186386535 136
1740005054303 0.14246865938604383 137
1740005054328 0.16341176768833957 138
1740005054351 0.14226914730559462 139
1740005054374 0.0919355138575025 140
1740005054397 0.10162708558843436 141
1740005054422 0.15942084696532635 142
1740005054446 0.1260298813413505 143
1740005054472 0.15128381293297005 144
1740005054497 0.10908907887052745 145
1740005054520 0.14067203335036355 146
1740005054542 0.1667910969763175 147
1740005054567 0.1354101156741236 148
1740005054591 0.08186482659784192 149
1740005054614 0.11283057176527045 150
1740005054636 0.17796358482439 151
1740005054658 0.10657082745522553 152
1740005054680 0.11961864088088989 153
1740005054702 0.1293934539192461 154
1740005054723 0.1782333258176999 155
1740005054746 0.06936125116538885 156
1740005054767 0.1366933038212246 157
1740005054788 0.10281322363022828 158
1740005054810 0.11839793495783069 159
1740005054832 0.17712004588564328 160
1740005054856 0.14253804889486285 161
1740005054880 0.19530188657146275 162
1740005054902 0.1335133519134372 163
1740005054925 0.1168559407313341 164
1740005054947 0.19734061163728508 165
1740005054971 0.21472219451027255 166
1740005054997 0.14689826449196325 167
1740005055020 0.12730949111530224 168
1740005055042 0.1407573055000299 169
1740005055065 0.13514579197173912 170
1740005055086 0.15951268383538453 171
1740005055108 0.15200350978413774 172
1740005055129 0.08393711533927051 173
1740005055151 0.1252273046458384 174
1740005055174 0.11096781808905248 175
1740005055198 0.11844419868561452 176
1740005055222 0.1921771783665112 177
1740005055245 0.10800884621001915 178
1740005055269 0.07860898577806112 179
1740005055294 0.1456218359724061 180
1740005055320 0.1739447134141492 181
1740005055346 0.12619600982607512 182
1740005055374 0.07088634195917749 183
1740005055400 0.14915139384050843 184
1740005055426 0.13919659628606784 185
1740005055451 0.11657607340282936 186
1740005055476 0.11496974984523488 187
1740005055500 0.09855686708515084 188
1740005055525 0.13312499785085638 189
1740005055551 0.1503396653120613 190
1740005055578 0.11960192552633342 191
1740005055606 0.17752794136827424 192
1740005055633 0.11692352134447484 193
1740005055659 0.17696848210858718 194
1740005055685 0.20396980049931437 195
1740005055710 0.12261390269807268 196
1740005055735 0.09342903772396656 197
1740005055761 0.1162115293231345 198
1740005055787 0.0832408284092497 199
1740005055812 0.09499199926584614 200
1740005055838 0.16750183533223428 201
1740005055866 0.13811857818671772 202
1740005055892 0.23584847623495836 203
1740005055917 0.11468900841175333 204
1740005055943 0.22799090874486028 205
1740005055969 0.1285692284252347 206
1740005055994 0.10515817521182681 207
1740005056019 0.2010098466798543 208
1740005056044 0.15784452832540377 209
1740005056068 0.1412612965741955 210
1740005056093 0.11525803996352686 211
1740005056118 0.1566543052554984 212
1740005056143 0.08791699522844577 213
1740005056168 0.10983357898786072 214
1740005056194 0.16303368405294386 215
1740005056221 0.1994056135272926 216
1740005056246 0.09308545478993215 217
1740005056271 0.20303300600570873 218
1740005056296 0.17926863160992118 219
1740005056321 0.18442878123678513 220
1740005056347 0.13871358555683738 221
1740005056373 0.19593442210734904 222
1740005056399 0.14794354487556247 223
1740005056426 0.08561310701084189 224
1740005056452 0.15540326364781595 225
1740005056477 0.11180237449771482 226
1740005056502 0.09494554143708502 227
1740005056528 0.14003751713633603 228
1740005056553 0.1480108090257352 229
1740005056578 0.1700432062403397 230
1740005056607 0.10941816956606559 231
1740005056634 0.1808297942609578 232
1740005056660 0.10974337924988738 233
1740005056685 0.11487921659889658 234
1740005056710 0.08508841479529505 235
1740005056736 0.12501012199902406 236
1740005056761 0.11429104791320584 237
1740005056786 0.105606766127619 238
1740005056811 0.1577218629935354 239
1740005056836 0.11730427079685876 240
1740005056863 0.14472665187902228 241
1740005056889 0.16743698577826277 242
1740005056915 0.13118152696549845 243
1740005056940 0.17819564580317007 244
1740005056965 0.09457018221009104 245
1740005056990 0.15136277915174726 246
1740005057015 0.15851841507107556 247
1740005057041 0.13650618356645655 248
1740005057068 0.18785580703147783 249
1740005057095 0.13906976788568562 250
1740005057120 0.19079619434539766 251
1740005057145 0.1917282738442493 252
1740005057173 0.08155687734260622 253
1740005057199 0.1578531057612951 254
1740005057224 0.2059121641025103 255
1740005057249 0.18447095300282518 256
1740005057274 0.11090759679373798 257
1740005057299 0.15453236336259285 258
1740005057324 0.10919969469460432 259
1740005057349 0.18000212831185075 260
1740005057375 0.16588062780335852 261
1740005057400 0.1457530047778471 262
1740005057426 0.11052432403132287 263
1740005057452 0.11684522237755816 264
1740005057480 0.09355131384074823 265
1740005057505 0.11449788822432892 266
1740005057531 0.10009238096679493 267
1740005057556 0.12534975509078952 268
1740005057582 0.07701485820948462 269
1740005057607 0.10678903561112804 270
1740005057633 0.11255982140179911 271
1740005057658 0.16151419242294612 272
1740005057683 0.10628191897069833 273
1740005057709 0.16931492640351836 274
1740005057733 0.1554151527042779 275
1740005057759 0.14415139952035108 276
1740005057784 0.135412286071448 277
1740005057809 0.15930402463031004 278
1740005057834 0.1071130395026357 279
1740005057863 0.15138333829078562 280
1740005057889 0.16617479004800767 281
1740005057915 0.09886356327772353 282
1740005057942 0.15971192088696648 283
1740005057968 0.10205286310179378 284
1740005057993 0.09717712321293456 285
1740005058019 0.06075601011568296 286
1740005058047 0.13246304470249803 287
1740005058073 0.13566891269222786 288
1740005058098 0.1757701350834035 289
1740005058127 0.16285458703472783 290
1740005058152 0.14185762317490233 291
1740005058178 0.16485762150884128 292
1740005058204 0.17155475477538637 293
1740005058231 0.1108588159683088 294
1740005058255 0.13353060125107927 295
1740005058280 0.14456164187478052 296
1740005058304 0.22202678753928456 297
1740005058328 0.14813568249028738 298
1740005058352 0.10604941591091893 299
1740005058378 0.13687777840104076 300
1740005058402 0.12188766346695781 301
1740005058428 0.13577950550837461 302
1740005058452 0.136648833504948 303
1740005058477 0.12188471953181869 304
1740005058503 0.14583795030620547 305
1740005058527 0.0871815235313066 306
1740005058551 0.12915171786933208 307
1740005058576 0.15938578124702615 308
1740005058599 0.13091168967778544 309
1740005058628 0.24348276139251104 310
1740005058657 0.147857266715004 311
1740005058681 0.15000106850053938 312
1740005058704 0.14814733185681866 313
1740005058726 0.19227832331937883 314
1740005058748 0.16166145812965044 315
1740005058771 0.15552650633911855 316
1740005058792 0.15139210669825082 317
1740005058814 0.0826346520538126 318
1740005058836 0.1869814541644879 319
1740005058859 0.08201798512613591 320
1740005058880 0.13905426812368818 321
1740005058902 0.07469435000765363 322
1740005058923 0.11744481878721835 323
1740005058944 0.1375057804054958 324
1740005058965 0.0992434949935667 325
1740005058986 0.1920578434411901 326
1740005059006 0.11163044537040613 327
1740005059027 0.12169886626614922 328
1740005059050 0.15110611466522988 329
1740005059072 0.1687953188765263 330
1740005059094 0.14837304879938157 331
1740005059117 0.12235114913435478 332
