1740002850842 8.005305032045964 0
1740002850927 3.8135829281592986 1
1740002851007 5.6358562673386485 2
1740002851086 3.64561189416705 3
1740002851172 4.273372385153672 4
1740002851254 6.015174226382797 5
1740002851334 4.9665694859018235 6
1740002851412 7.096362532932299 7
1740002851494 5.092633997767742 8
1740002851574 4.252635137271119 9
1740002851653 5.944511839416386 10
1740002851733 2.7537088299392884 11
1740002851813 3.8345364986029047 12
1740002851900 4.9923784244999725 13
1740002851979 4.6618295908143565 14
1740002852064 7.162702883173506 15
1740002852143 4.2296883442883 16
1740002852222 6.01550449129467 17
1740002852301 4.212816194236545 18
1740002852379 6.2011224654316655 19
1740002852457 5.109155534532232 20
1740002852536 5.5800457535706744 21
1740002852618 7.196578249328213 22
1740002852697 4.840149292085505 23
1740002852776 8.926555070990423 24
1740002852855 5.209285296703219 25
1740002853011 4.902024652918965 26
1740002853092 4.484458153468854 27
1740002853173 4.543192363688623 28
1740002853257 3.2666823388066812 29
1740002853340 3.7110083521154875 30
1740002853422 3.6195815716193587 31
1740002853499 5.240771138697446 32
1740002853577 6.475461887536996 33
1740002853658 4.661130106528599 34
1740002853736 5.320383074719886 35
1740002853816 4.920161407493624 36
1740002853897 4.740832661187065 37
1740002853976 4.801448917502184 38
1740002854055 3.366868890080075 39
1740002854133 1.6767290532143417 40
1740002854215 2.678530579181716 41
1740002854296 2.971722180602412 42
1740002854376 5.312076833335077 43
1740002854455 17.42252942752682 44
1740002854535 4.818613115817161 45
1740002854617 6.655371744076867 46
1740002854696 4.559172804143026 47
1740002854773 5.837241008701161 48
1740002854854 3.3844312156214538 49
1740002854934 4.89050477145166 50
1740002855012 5.9728696687461555 51
1740002855091 4.313826005548788 52
1740002855169 7.262875344830743 53
1740002855248 9.153971709594886 54
1740002855332 2.424762427422476 55
1740002855411 4.509206644500544 56
1740002855488 2.1669892399417026 57
1740002855567 6.459484813519789 58
1740002855647 4.412267415346311 59
1740002855725 6.013543876523921 60
1740002855805 4.109795416606461 61
1740002855884 5.327300985231737 62
1740002855963 7.358514011835267 63
1740002856041 7.336829855987398 64
1740002856119 3.8989785563449137 65
1740002856199 3.3742231499998665 66
1740002856278 4.973427881185448 67
1740002856358 6.298650040415392 68
1740002856439 7.428984026446834 69
1740002856516 4.064219025512927 70
1740002856595 3.926201117114529 71
1740002856676 3.9878044222691966 72
1740002856754 5.190758322051071 73
1740002856832 5.196270095225431 74
1740002856913 8.607536168786806 75
1740002856992 1.4594703121688124 76
1740002857070 4.787899559823219 77
1740002857150 4.808875760063113 78
1740002857230 4.006106455566112 79
1740002857309 4.57434180481022 80
1740002857392 4.619444749978607 81
1740002857471 3.6093877426819714 82
1740002857549 4.894367737590295 83
1740002857629 6.531000178063363 84
1740002857707 2.432313821677319 85
1740002857784 5.226698014181736 86
1740002857868 2.6423746279418743 87
1740002857946 3.688590684927744 88
1740002858024 3.6426300507496783 89
1740002858101 5.863347225271455 90
1740002858180 4.72114696958494 91
1740002858262 5.337529038607185 92
1740002858342 7.025170353867397 93
1740002858422 4.459191676431182 94
1740002858503 4.508638569639265 95
1740002858581 6.575644643574231 96
1740002858660 4.368646690900373 97
1740002858740 2.464327673019652 98
1740002858822 5.85202513923978 99
1740002858902 4.482003599887808 100
1740002858980 3.313797247217653 101
1740002859059 6.0949421149244545 102
1740002859139 5.32527734425054 103
1740002859218 6.424509849184251 104
1740002859299 3.5852822069494494 105
1740002859401 3.400708130571389 106
1740002859480 5.558689909460972 107
1740002859558 4.273536862212214 108
1740002859638 5.832377994890125 109
1740002859716 3.794056689112264 110
1740002859796 4.801531366734942 111
1740002859876 5.704646425273358 112
1740002859954 6.3843669405375385 113
1740002860038 4.952287525777374 114
1740002860137 4.727303176619783 115
1740002860236 6.581857390572941 116
1740002860315 6.546841193496438 117
1740002860394 4.785688413388695 118
1740002860473 4.637336011945229 119
1740002860554 5.011500467913865 120
1740002860635 3.816721928486479 121
1740002860713 4.7963315294584845 122
1740002860793 5.772380128788942 123
1740002860875 3.3484701354399746 124
1740002860953 6.401337475410523 125
1740002861032 4.669190660666873 126
1740002861110 4.256241577622012 127
1740002861189 3.99810009517733 128
1740002861266 4.490385252423787 129
1740002861346 5.082844309230314 130
1740002861434 3.019198253460583 131
1740002861514 6.0247875359640775 132
1740002861595 3.545840467391182 133
1740002861676 3.794367313089582 134
1740002861753 5.837026369356981 135
1740002861832 4.912095593344051 136
1740002861914 3.1956568749974146 137
1740002861992 4.340635735426757 138
1740002862071 0.6622953226701156 139
1740002862149 5.022683423726383 140
1740002862227 3.664788578560945 141
1740002862305 2.6348439627024334 142
1740002862385 6.795670378539944 143
1740002862464 2.152452859902663 144
1740002862542 3.9285870540232484 145
1740002862623 3.6521362904123436 146
1740002862702 8.067435026468926 147
1740002862780 2.8399836941593 148
1740002862865 7.504893416574247 149
1740002862944 5.889269438761035 150
1740002863030 6.626583043941222 151
1740002863117 4.515296218498082 152
1740002863198 3.8119206388452733 153
1740002863278 6.03875978873627 154
1740002863356 5.10962690345107 155
1740002863440 5.5211845304242395 156
1740002863519 1.6898080537245448 157
1740002863597 4.532887917545743 158
1740002863677 3.1042734603979865 159
1740002863759 4.90338613260351 160
1740002863839 4.5660334468710575 161
1740002863918 7.842819751814588 162
1740002863997 7.393680448014741 163
1740002864077 4.021361242519391 164
1740002864155 6.636541393133827 165
1740002864233 3.214867768261752 166
1740002864312 4.933919105104345 167
1740002864391 6.584219705980392 168
1740002864469 1.9002215826353628 169
1740002864548 4.19259257429647 170
1740002864628 5.3925493515984195 171
1740002864707 5.965005631271804 172
1740002864785 2.3926940707422704 173
1740002864871 4.459711643082817 174
1740002864951 6.170327414878276 175
1740002865036 3.07727540726202 176
1740002865115 4.240965616079235 177
1740002865197 6.053937067461829 178
1740002865278 4.219442952598394 179
1740002865359 4.719078824550745 180
1740002865438 6.550571518033169 181
1740002865523 5.481052417652591 182
1740002865602 6.501485432521209 183
1740002865682 4.283860062297215 184
1740002865765 4.249418902040842 185
1740002865849 5.031576230056068 186
1740002866002 4.946692611951243 187
1740002866083 6.050000676482868 188
1740002866165 3.1015037738628113 189
1740002866246 3.5672718410231923 190
1740002866324 7.589519978168468 191
1740002866406 7.179241212711761 192
1740002866485 8.92782866863071 193
1740002866564 5.027557683465565 194
1740002866647 2.800034600894863 195
1740002866726 4.197834699319362 196
1740002866807 3.431133540294181 197
1740002866890 5.7707504951411694 198
1740002866969 3.5792248022921234 199
1740002867047 5.345678872267988 200
1740002867124 5.544259986268937 201
1740002867205 3.644035142848425 202
1740002867287 2.908619848262834 203
1740002867365 2.9030694868123064 204
1740002867443 5.939492789983933 205
1740002867527 4.593910866196765 206
1740002867606 4.032172309188108 207
1740002867685 4.350900020948647 208
1740002867764 4.938290971032979 209
1740002867849 3.603933908092061 210
1740002867974 4.91869388586784 211
1740002868053 4.14321439332905 212
1740002868129 2.1242886970598547 213
1740002868211 3.8498778923997916 214
1740002868293 3.802763754685792 215
1740002868373 7.32191133676769 216
1740002868455 3.494767169459573 217
1740002868536 1.0894277534976342 218
1740002868616 7.076083364663292 219
1740002868695 4.817037036958004 220
1740002868774 3.389718541499123 221
1740002868856 3.1585465923945835 222
1740002868937 3.371098427475171 223
1740002869016 5.328183242594506 224
1740002869097 3.9008073058083386 225
1740002869177 2.4431219924224976 226
1740002869257 1.563295156196534 227
1740002869337 4.4470291522843075 228
1740002869416 6.676947858960274 229
1740002869495 8.904807092475494 230
1740002869577 2.09358576227445 231
1740002869657 4.778622065189272 232
1740002869736 4.009144996287987 233
1740002869816 3.01639758358165 234
1740002869904 4.371797457180511 235
1740002869983 2.265584369371195 236
1740002870061 7.422191216782457 237
1740002870140 4.840257931476308 238
1740002870219 3.228951075077932 239
1740002870299 1.3921215277438597 240
1740002870379 7.33102759267693 241
1740002870459 4.272689303973916 242
1740002870537 3.275638485275422 243
1740002870617 4.199967052573948 244
1740002870699 5.530240815988042 245
1740002870778 9.468429029311444 246
1740002870860 4.310361932069714 247
1740002870940 3.600267909523846 248
1740002871020 4.790477482294628 249
1740002871099 2.51560672142935 250
1740002871177 3.7657045580504884 251
1740002871255 6.636145735504846 252
1740002871334 6.17276303950653 253
1740002871414 3.607049157033959 254
1740002871495 6.124178647329132 255
1740002871577 4.4348410684138955 256
1740002871657 4.252693390739555 257
1740002871734 4.245667974742467 258
1740002871812 5.072333648090882 259
1740002871897 4.6311865712263085 260
1740002871981 2.553223229298226 261
1740002872059 1.549409167363454 262
1740002872137 2.8436140814709603 263
1740002872216 4.079331662623901 264
1740002872295 3.376740193114024 265
1740002872373 6.116118198328347 266
1740002872452 2.639277816648244 267
1740002872530 5.1858568644394465 268
1740002872610 5.715956991875005 269
1740002872688 5.680444513735129 270
1740002872766 4.714159337606299 271
1740002872848 5.0424087832438875 272
1740002872927 5.727743666763002 273
1740002873008 5.918574008092537 274
1740002873088 3.7052686455196517 275
1740002873181 3.6984216163619776 276
1740002873260 4.484092978417122 277
1740002873339 8.613734440924725 278
1740002873419 6.603557833431429 279
1740002873497 6.866529491693212 280
1740002873576 3.7935842763981515 281
1740002873659 3.5042768076137065 282
1740002873737 4.965068300462191 283
1740002873816 5.841198355500987 284
1740002873895 1.8182497081716018 285
1740002873974 3.418813981588803 286
1740002874054 6.025157435647909 287
1740002874134 6.156412538476035 288
1740002874216 4.519625322882386 289
1740002874296 5.690121173997548 290
1740002874375 4.55653637376995 291
1740002874454 7.780114427431745 292
1740002874534 6.376022107212131 293
1740002874614 0.2977112212665467 294
1740002874693 4.8778803475504615 295
1740002874772 4.711252426624048 296
1740002874856 5.384952309707325 297
1740002874936 5.875415149193374 298
1740002875014 7.328792232624506 299
1740002875095 3.40582309608176 300
1740002875174 3.599859808047035 301
1740002875260 2.747673936087506 302
1740002875339 3.0841636544779463 303
1740002875417 6.078763451194354 304
1740002875499 3.7115223634996193 305
1740002875578 3.1459600540715855 306
1740002875661 4.476158947830145 307
1740002875740 4.593680646322908 308
1740002875820 4.391501672625921 309
1740002875905 7.321346715729378 310
1740002875987 5.646207783251611 311
1740002876069 6.258639713405861 312
1740002876149 6.147696755618023 313
1740002876228 4.547988050247412 314
1740002876308 2.8511542953355913 315
1740002876389 7.303134333658354 316
1740002876467 4.308367005975753 317
1740002876544 6.538810259120457 318
1740002876624 3.905175355386928 319
1740002876705 3.9389140982560864 320
1740002876783 4.123654629380195 321
1740002876865 4.1808460651300505 322
1740002876943 3.7021587664915 323
1740002877022 4.780783995042899 324
1740002877102 6.088299270672637 325
1740002877186 4.356063195084055 326
1740002877264 4.159543122650243 327
1740002877343 6.739782338811919 328
1740002877424 3.6711081043326605 329
1740002877504 4.866101415491972 330
1740002877582 2.5854471618363064 331
1740002877663 6.025017477836426 332
1740002877744 2.6685640979420975 333
1740002877822 4.9956272408867335 334
1740002877902 7.970736143596809 335
1740002877981 5.905488119090033 336
1740002878058 2.090081072947714 337
1740002878137 3.8028259869162486 338
1740002878223 8.059606707521212 339
1740002878303 8.197039884134783 340
1740002878381 3.3482760249147865 341
1740002878461 3.9286554725301244 342
1740002878541 5.318906287679571 343
1740002878618 4.8649379475689765 344
1740002878696 5.232445636232556 345
1740002878775 4.844825181011653 346
1740002878857 4.197367502420629 347
1740002878937 5.147629143285066 348
1740002879015 4.224442511334911 349
1740002879093 2.1593163473650896 350
1740002879171 4.869503705573317 351
1740002879253 5.064045939692296 352
1740002879333 4.569750448946527 353
1740002879411 5.563192748410938 354
1740002879489 1.983921167526669 355
1740002879568 5.424611077252746 356
1740002879647 3.1329036393786174 357
1740002879729 5.307232112191293 358
1740002879807 3.8206817961763666 359
1740002879885 3.2259180591661343 360
1740002879963 6.108083729748147 361
1740002880041 6.416978317793035 362
1740002880120 6.374193666955015 363
1740002880200 4.930310771772667 364
1740002880278 6.1440904099891 365
1740002880357 5.501429613194584 366
1740002880436 3.4136713712404867 367
1740002880515 4.310626376303183 368
1740002880594 1.3979749764768412 369
1740002880673 2.132247913191251 370
1740002880752 6.212571758996876 371
1740002880836 4.249164260490807 372
1740002880915 5.079222140764506 373
1740002880993 5.146310054673984 374
1740002881073 7.327743452007712 375
1740002881151 6.9297899513906716 376
1740002881231 3.130285878299653 377
1740002881311 4.998655872784989 378
1740002881392 2.7146265917689107 379
1740002881470 5.925541445190525 380
1740002881549 8.078698803083734 381
1740002881630 4.19982410773329 382
1740002881710 3.647659731862294 383
1740002881796 6.984875477925745 384
1740002881880 3.129328549609124 385
1740002881959 6.178665669811369 386
1740002882038 6.180820523486186 387
1740002882122 5.951879494728349 388
1740002882202 4.12728162530211 389
1740002882282 4.408806609593536 390
1740002882364 4.701970417304474 391
1740002882445 4.900781117365923 392
1740002882525 3.393758594744031 393
1740002882604 3.805657665944864 394
1740002882683 5.237763132152024 395
1740002882764 5.911128287177078 396
1740002882844 5.760290006571604 397
1740002882927 5.965301628544888 398
1740002883006 5.441837530276041 399
1740002883085 4.484799985588497 400
1740002883165 4.043945461950418 401
1740002883258 4.886000106717837 402
1740002883339 3.558137690239398 403
1740002883423 4.329617297907974 404
1740002883502 6.101989685697869 405
1740002883580 3.1218476586792985 406
1740002883662 3.0174861724695816 407
1740002883742 5.467998322546665 408
1740002883827 6.185940785716829 409
1740002883913 5.079414010671948 410
1740002883993 5.003227641630701 411
1740002884074 3.1729752215225746 412
1740002884154 3.804624458615939 413
1740002884234 6.520739915977839 414
1740002884314 4.47618178257313 415
1740002884395 5.8121799252289055 416
1740002884474 6.042963604499307 417
1740002884552 6.9439589067884695 418
1740002884632 1.8955093672417347 419
1740002884712 4.65493626601358 420
1740002884791 4.348651147688073 421
1740002884874 6.783765108988648 422
1740002884953 3.2200004994988642 423
1740002885031 3.6277260129985938 424
1740002885111 4.769123976749419 425
1740002885190 5.18137664493313 426
1740002885269 5.711662683905399 427
1740002885347 4.747020983211124 428
1740002885426 3.5125297950237364 429
1740002885505 6.99904581613772 430
1740002885584 4.6223924634868165 431
1740002885663 5.083110899099277 432
1740002885741 2.5612270805195445 433
1740002885830 3.5630687500789153 434
1740002885911 5.407704748944385 435
1740002885988 4.604456891994197 436
1740002886069 3.4752160215544974 437
1740002886151 4.077712741338294 438
1740002886232 3.5351193679707498 439
1740002886311 8.949833887027994 440
1740002886391 6.226638788393228 441
1740002886470 4.229670013277572 442
1740002886548 5.761481305487177 443
1740002886627 5.791629673183949 444
1740002886709 4.9297490382157525 445
1740002886787 2.3333293063766924 446
1740002886899 4.792922700326708 447
1740002886991 3.537525844711844 448
1740002887085 4.619857802815182 449
1740002887177 3.3421120044726167 450
1740002887264 4.686212340556887 451
1740002887352 5.8706601829526175 452
1740002887438 2.657782891097301 453
1740002887525 4.435024189586933 454
1740002887611 4.969068297238118 455
1740002887699 3.8018482967697023 456
1740002887786 4.755538944510148 457
1740002887879 5.426047604685186 458
1740002887969 3.9996657110995337 459
1740002888054 4.5972587014309125 460
1740002888146 3.981009059553739 461
1740002888233 5.201314948152049 462
1740002888322 5.815445999372382 463
1740002888410 4.265108723968843 464
1740002888496 5.829082959723826 465
1740002888584 5.461309296923476 466
1740002888668 6.7289095014193485 467
1740002888758 5.355954893493029 468
1740002888852 1.933988745195471 469
1740002888945 4.54319100887779 470
1740002889033 3.792080847068532 471
1740002889122 4.993435976585156 472
1740002889209 2.9569082618258875 473
1740002889294 6.16468162223821 474
1740002889378 7.308608385792076 475
1740002889464 3.1121081395577392 476
1740002889552 4.959436983396176 477
1740002889644 5.269251238571724 478
1740002889729 3.885694322624148 479
1740002889815 4.930374943004502 480
1740002889909 4.645806443666314 481
1740002889997 5.527120309910664 482
1740002890089 2.9384330083947665 483
1740002890176 4.9010802565935885 484
1740002890308 8.193393333264606 485
1740002890430 3.551593516164177 486
1740002890516 2.3685531936733644 487
1740002890602 6.621818499074941 488
1740002890691 4.831550160312471 489
1740002890776 3.6069147996056365 490
1740002890864 4.1209861397681875 491
1740002890950 3.031132197589228 492
1740002891033 6.507512228141803 493
1740002891123 4.354523668856876 494
1740002891208 4.347544292901195 495
1740002891293 5.0466682404992955 496
1740002891379 6.4223947889234125 497
1740002891466 3.7573236514699535 498
1740002891552 7.912596988682651 499
