1739980566631 6.6805281572522395 0
1739980566924 6.24192144076809 1
1739980567037 6.496627880481 2
1739980567146 6.731770697408965 3
1739980567274 6.560959479686431 4
1739980567382 6.557360334573201 5
1739980567496 6.558104622354441 6
1739980567653 6.594814319379833 7
1739980567759 6.4558623193764895 8
1739980567867 6.646284782658152 9
1739980567974 6.576394248696785 10
1739980568082 6.359367874204118 11
1739980568193 6.500557067977478 12
1739980568307 6.668158158167932 13
1739980568416 6.451302091560869 14
1739980568523 6.3122615368046855 15
1739980568631 6.549668211998623 16
1739980568746 6.5186111136989195 17
1739980568856 6.430079753105527 18
1739980568970 6.839150601534465 19
1739980569085 6.494235577023773 20
1739980569193 6.4584311833637535 21
1739980569301 6.40395688206011 22
1739980569408 6.543881535452241 23
1739980569515 6.213943091808084 24
1739980569624 6.8325948381287755 25
1739980569731 6.305845602306633 26
1739980569839 6.379495843911241 27
1739980569948 6.50232623734983 28
1739980570056 6.520564993311569 29
1739980570164 6.308316223763825 30
1739980570272 6.902343953163671 31
1739980570435 6.59033399369221 32
1739980570543 6.718997976532318 33
1739980570650 6.517331253990608 34
1739980570757 6.587347682865689 35
