1740006667595 162.8825044759195 0
1740006667633 134.69609661488948 1
1740006667658 113.38035347288663 2
1740006667686 87.7378261477642 3
1740006667711 77.38690624885305 4
1740006667751 67.5733640493384 5
1740006667777 53.0034943030322 6
1740006667802 44.07970694134299 7
1740006667829 38.15822445592869 8
1740006667863 30.79440400033742 9
1740006667889 26.431269708583937 10
1740006667917 21.457670266456898 11
1740006667944 19.545743981378745 12
1740006667975 15.009661145319733 13
1740006667999 12.652746750737553 14
1740006668021 11.172031140480833 15
1740006668045 9.028651748289855 16
1740006668070 6.899468281252184 17
1740006668135 6.105976440700344 18
1740006668160 5.433491504753439 19
1740006668182 4.635591907196597 20
1740006668206 3.7465144149159 21
1740006668230 3.350905564606978 22
1740006668252 3.0397420695060613 23
1740006668276 2.115682362981511 24
1740006668302 1.7500838550592928 25
1740006668326 1.4977500157434558 26
1740006668349 1.3772827178942868 27
1740006668372 1.2214421203942192 28
1740006668396 0.9928605793482603 29
1740006668420 0.7490778206276384 30
1740006668443 0.7600586380586721 31
1740006668465 0.5821415749737073 32
1740006668490 0.49194053710666225 33
1740006668515 0.29291078965461204 34
1740006668537 0.3596441973569411 35
1740006668560 0.25548739605697773 36
1740006668585 0.3984190549767277 37
1740006668608 0.2519923720374121 38
1740006668631 0.3010765217627056 39
1740006668655 0.31018956421687965 40
1740006668681 0.19311028970181304 41
1740006668703 0.160900860544579 42
1740006668727 0.21057751140861927 43
1740006668750 0.1726086950967024 44
1740006668775 0.13945771082549815 45
1740006668798 0.14756381841767705 46
1740006668822 0.16917297920725688 47
1740006668846 0.11805870559520606 48
1740006668874 0.1567445318849623 49
1740006668901 0.15644150362821416 50
1740006668941 0.20381878643484153 51
1740006668965 0.10333228838076892 52
1740006668991 0.13159188442367473 53
1740006669014 0.13590054026947232 54
1740006669037 0.11794469286007875 55
1740006669062 0.10400475971609227 56
1740006669086 0.14661789683770282 57
1740006669109 0.12406936541365275 58
1740006669132 0.10249306446822389 59
1740006669157 0.11583047598687303 60
1740006669181 0.09469356927354143 61
1740006669204 0.125303793541134 62
1740006669227 0.13981681595270168 63
1740006669251 0.09623797713013407 64
1740006669276 0.10603088394638631 65
1740006669300 0.13131014058344703 66
1740006669323 0.13000081989811932 67
1740006669351 0.1167097246948062 68
1740006669376 0.15572168014064003 69
1740006669399 0.1339710138970186 70
1740006669422 0.10703355042721784 71
1740006669445 0.12981350554885823 72
1740006669469 0.09221807778579752 73
1740006669492 0.13153461737870634 74
1740006669514 0.12285638768968599 75
1740006669537 0.08287666818579666 76
1740006669561 0.09524313572700542 77
1740006669584 0.06207928331312111 78
1740006669606 0.11621199573823723 79
1740006669629 0.08113738691078894 80
1740006669653 0.15590747741703623 81
1740006669676 0.05645619132108366 82
1740006669699 0.09906387274951156 83
1740006669724 0.07256084348166332 84
1740006669749 0.11514716797167425 85
1740006669771 0.07696244077011732 86
1740006669794 0.13544215967658318 87
1740006669817 0.07856366194079434 88
1740006669841 0.09779254936147291 89
1740006669866 0.056752224856113205 90
1740006669889 0.09849439301958962 91
1740006669912 0.11522689528817076 92
1740006669938 0.09270197911705393 93
1740006669961 0.11592646415789915 94
1740006670064 0.12269043909577118 95
1740006670107 0.09469106040527107 96
1740006670132 0.151855518362589 97
1740006670159 0.09796408610299169 98
1740006670185 0.10884876071429424 99
1740006670210 0.09735753143110143 100
1740006670233 0.1281126125097992 101
1740006670255 0.08888079960740332 102
1740006670278 0.2078024102263342 103
1740006670303 0.10881310936614803 104
1740006670326 0.15074285937831639 105
1740006670349 0.08273003278629396 106
1740006670372 0.0858165852444277 107
1740006670396 0.16448248312020766 108
1740006670419 0.20459342985533877 109
1740006670442 0.09266164973541623 110
1740006670465 0.07202171825734528 111
1740006670488 0.08420835860562989 112
1740006670510 0.09032303622663346 113
1740006670533 0.1448340794474725 114
1740006670556 0.143698294354556 115
1740006670580 0.20192366435533685 116
1740006670602 0.14514544281395436 117
1740006670625 0.12863132639960398 118
1740006670650 0.15453415167224938 119
1740006670673 0.10439033034837907 120
1740006670695 0.11413572375263784 121
1740006670717 0.09357593077485957 122
1740006670743 0.11486107402556082 123
1740006670767 0.09228646926353051 124
1740006670790 0.12462334060255419 125
1740006670812 0.12287253946624406 126
1740006670837 0.10693678435740663 127
1740006670861 0.09014395256447419 128
1740006670884 0.1815820167034505 129
1740006670907 0.11047377650768131 130
1740006670931 0.12560904949800614 131
1740006670954 0.050545391016703405 132
1740006670978 0.10029037528621382 133
1740006671000 0.11479866132122712 134
1740006671025 0.10551412532294294 135
1740006671048 0.14274381406726924 136
1740006671071 0.06771312072853886 137
1740006671141 0.11430171733818423 138
1740006671183 0.15584714080003334 139
1740006671205 0.13064528822190444 140
1740006671229 0.1330518719791921 141
1740006671252 0.11585540477905187 142
1740006671278 0.10692635647629384 143
1740006671302 0.0946613483825505 144
1740006671326 0.19789356767195876 145
1740006671349 0.07865529344938374 146
1740006671379 0.14398258645879128 147
1740006671404 0.06217420095537303 148
1740006671428 0.11282048183175886 149
1740006671452 0.14856919478158637 150
1740006671478 0.2108674816261782 151
1740006671500 0.11238738841314065 152
1740006671523 0.071080252634752 153
1740006671546 0.08593975289698033 154
1740006671573 0.12712969342546504 155
