1739960808367 6.276360594716983 0
1739960808433 8.392570842225506 1
1739960808503 8.996334972657568 2
1739960808572 2.3787698739918817 3
1739960808641 4.577070987125239 4
1739960808706 8.154414707429163 5
1739960808767 5.528699087685734 6
1739960808828 8.723424520867326 7
1739960808888 5.040132165315459 8
1739960808946 6.859813382942448 9
1739960809009 4.896262393184776 10
1739960809067 10.236661308134044 11
1739960809132 7.7783686398309015 12
1739960809192 4.645074696966685 13
1739960809255 3.729671210976185 14
1739960809313 6.823351829230871 15
1739960809371 6.799000399337706 16
1739960809439 7.100896449824153 17
1739960809505 7.281039672657139 18
1739960809567 6.473967460705721 19
1739960809649 7.199670596118538 20
1739960809707 3.6012472515048937 21
1739960809765 8.968025131786597 22
1739960809827 6.873993794893359 23
1739960809886 6.589161140866926 24
1739960809946 1.9956255214592076 25
1739960810006 5.546978759796508 26
1739960810065 4.342644262039231 27
1739960810129 8.406241142212071 28
1739960810189 7.367278468001139 29
1739960810248 5.029625887376486 30
1739960810305 9.427514705749713 31
1739960810368 5.538237189873852 32
1739960810428 5.384330839515714 33
1739960810488 8.254223503021533 34
1739960810556 7.112630613137732 35
1739960810622 5.088618656519622 36
1739960810683 9.575378866085483 37
1739960810740 8.77989876605948 38
1739960810799 6.136264433798524 39
1739960810860 11.668541608318797 40
1739960810920 2.9522223436881894 41
1739960810980 2.9788126324974114 42
1739960811040 8.677307895591472 43
1739960811098 6.995371663629966 44
1739960811163 7.148047910293607 45
1739960811223 6.89239578197479 46
1739960811281 4.9525738347497565 47
1739960811345 2.773213972842998 48
1739960811407 5.299224128152829 49
1739960811473 6.809524295631316 50
1739960811532 5.167677316254973 51
1739960811591 5.36172419661311 52
1739960811650 5.409357785150098 53
1739960811710 4.921901008363474 54
1739960811772 6.569916012178137 55
1739960811830 7.359239814979825 56
1739960811889 8.548878010871247 57
1739960811950 8.717855669056556 58
1739960812012 9.068860653780467 59
1739960812072 11.263046282142055 60
1739960812130 2.5207881571181465 61
1739960812189 5.820283522406823 62
1739960812250 5.659503166529248 63
1739960812308 14.722868591688774 64
1739960812368 5.730165420313357 65
1739960812427 8.778941915949032 66
1739960812490 4.789898732629574 67
1739960812547 7.040705765023014 68
1739960812607 7.410761138634919 69
1739960812666 6.414352984102539 70
1739960812726 12.454786964755767 71
1739960812784 5.423553520427795 72
1739960812844 5.038023335317532 73
1739960812904 4.078120010449362 74
1739960812965 17.99400461122832 75
1739960813023 7.791144318949598 76
1739960813086 6.894835344304173 77
1739960813144 5.407300681392842 78
1739960813208 9.243265801730209 79
1739960813266 9.022568596507947 80
1739960813327 9.00966635743274 81
1739960813387 6.40629657756957 82
1739960813449 7.087842205665212 83
1739960813512 5.9629639299710835 84
1739960813570 6.197300036535958 85
1739960813630 6.546598879351855 86
1739960813690 6.040785304415244 87
1739960813747 6.135654340801037 88
1739960813808 7.203029775004058 89
1739960813867 7.693769875433398 90
1739960813927 8.020945966822481 91
1739960813986 9.232851816432445 92
1739960814044 7.907826871821786 93
1739960814106 7.803785262307629 94
1739960814165 14.198280290834377 95
1739960814223 2.430770801720436 96
1739960814281 9.421424548706575 97
1739960814341 6.454369484036482 98
1739960814403 7.767426604666313 99
1739960814469 8.343976313873874 100
1739960814609 9.5751228375244 101
1739960814667 6.844867296823954 102
1739960814725 8.225508968650939 103
1739960814784 7.250415734515878 104
1739960814844 6.585810588240443 105
1739960814905 5.76610274572458 106
1739960814966 7.000293838587353 107
1739960815025 6.89398430383625 108
1739960815083 5.254872980503608 109
1739960815141 5.488997885832472 110
1739960815202 9.098991065802432 111
1739960815266 5.021525881430788 112
1739960815327 5.910732095182714 113
1739960815385 5.557063171332246 114
1739960815445 9.650541632920865 115
1739960815510 7.054329917127612 116
1739960815568 6.1937045734005824 117
1739960815628 6.174210327265912 118
1739960815693 4.644325518101741 119
1739960815760 4.495948773281501 120
1739960815822 3.5696754658989733 121
1739960815880 9.711152050541251 122
1739960815939 6.583992636848079 123
1739960815998 4.6730212069768 124
1739960816057 5.297827185286615 125
1739960816115 10.968867552671629 126
1739960816175 0.8519394194970229 127
1739960816234 5.840168171472577 128
1739960816293 7.668333556534578 129
1739960816354 6.927049725528434 130
1739960816415 7.0894246689905 131
1739960816478 8.364761741094453 132
1739960816536 5.385470047281382 133
1739960816594 6.334785141133876 134
1739960816653 4.749892011198475 135
1739960816713 5.750795778243934 136
1739960816772 5.983748020808186 137
1739960816832 4.9787644736414665 138
1739960816892 5.520338933539851 139
1739960816952 5.45607147990405 140
1739960817015 6.265991582153354 141
1739960817075 2.411538572648307 142
1739960817133 4.994708549579286 143
1739960817192 8.285825053747887 144
1739960817261 5.810740222088305 145
1739960817323 6.526854471028812 146
1739960817381 2.9184086052374107 147
1739960817443 4.4128494971455225 148
1739960817509 8.132185480730044 149
1739960817566 7.154773646586679 150
1739960817626 3.2563619790909812 151
1739960817683 6.511523935600692 152
1739960817742 2.8963675112892635 153
1739960817801 6.381595395286263 154
1739960817865 0.8468847638243875 155
1739960817927 8.22903780936802 156
1739960817988 5.010917185325452 157
1739960818049 9.722460659196647 158
1739960818109 9.879102272992991 159
1739960818168 7.509530056329196 160
1739960818229 10.34636278273719 161
1739960818291 5.685775374685292 162
1739960818353 2.0167742816981318 163
1739960818411 4.821150651625615 164
1739960818476 5.108211121044805 165
1739960818540 7.046916077950647 166
1739960818598 8.93296054799657 167
1739960818662 6.438170651269477 168
1739960818724 9.957201330599306 169
1739960818784 7.514761498857625 170
1739960818846 7.827497107915378 171
1739960818911 5.922224118181204 172
1739960818973 6.394921339500215 173
1739960819038 11.389033610965646 174
1739960819096 2.349147724043565 175
1739960819159 7.4480522443801025 176
1739960819220 7.242840454931766 177
1739960819279 7.85164411847749 178
1739960819347 5.25483683501284 179
1739960819407 4.564886673470843 180
1739960819474 2.765544140066877 181
1739960819535 4.510161755338888 182
1739960819593 7.857929032839192 183
1739960819654 4.320836120699096 184
1739960819715 4.964879665174864 185
1739960819773 11.144220523095607 186
1739960819831 7.133133516873133 187
1739960819890 10.00598203814845 188
1739960819950 4.942353960970497 189
1739960820012 5.544760462825397 190
1739960820074 12.81021179885818 191
1739960820133 7.746501283285429 192
1739960820192 7.064043430170896 193
1739960820251 6.462209064989097 194
1739960820311 3.616078222525141 195
1739960820371 7.433776167976957 196
1739960820430 7.493927795249736 197
1739960820493 8.809805493853785 198
1739960820554 4.581939750295738 199
1739960820613 3.711251677002914 200
1739960820672 8.204905929488351 201
1739960820730 4.459084442840656 202
1739960820788 6.098346324410216 203
1739960820855 5.8878959884791655 204
1739960820949 6.966059501570547 205
1739960821008 4.774141164736716 206
1739960821067 7.637915292134677 207
1739960821125 7.247354599024474 208
1739960821183 6.927667490281354 209
1739960821243 10.768687111680252 210
1739960821303 7.034538801114858 211
1739960821369 10.27924847020619 212
1739960821428 7.836367367370438 213
1739960821490 9.060988769136225 214
1739960821547 7.9953526504479395 215
1739960821607 5.688652482048319 216
1739960821668 5.582793226587514 217
1739960821726 8.410925959305107 218
1739960821784 4.914674803370082 219
1739960821845 5.987767009689855 220
1739960821904 6.1594057025911555 221
1739960822007 3.8498637402623612 222
1739960822068 7.680925750812271 223
1739960822126 4.853006753925926 224
1739960822186 10.21529666058338 225
1739960822249 7.722404275943891 226
1739960822307 3.1849599874749 227
1739960822366 7.132619900947374 228
1739960822427 6.048425303297204 229
1739960822496 5.671542056137811 230
1739960822555 9.770065617169907 231
1739960822614 4.712792232314015 232
1739960822675 5.072079308541678 233
1739960822733 12.521689530352662 234
1739960822793 5.73686429102686 235
1739960822852 7.940610782307746 236
1739960822912 8.531029409603077 237
1739960822977 8.952337635389608 238
1739960823035 8.425232705057699 239
1739960823093 4.50070948641629 240
1739960823151 5.878847933322706 241
1739960823209 7.93458563172289 242
1739960823269 8.764587777541617 243
1739960823332 4.6622878414321915 244
1739960823395 4.275658089055622 245
1739960823455 5.7007996261839144 246
1739960823514 4.304265945563598 247
1739960823573 11.229573238870666 248
1739960823637 11.089972963598486 249
1739960823694 4.8772136607320515 250
1739960823752 4.592158657041781 251
1739960823810 4.666999455602345 252
1739960823872 9.450744862488053 253
1739960823932 5.428621670233304 254
1739960823991 7.6123761339571825 255
1739960824049 7.395618513232092 256
1739960824110 5.3165413367988075 257
1739960824173 6.4138497659213485 258
1739960824231 4.1750943425306835 259
1739960824290 6.263984076462208 260
1739960824352 3.3381253975156175 261
1739960824411 6.800282563650674 262
1739960824479 2.9100225309961205 263
1739960824540 10.905710612940357 264
1739960824601 5.8143391225101615 265
1739960824660 7.036474778740003 266
1739960824718 5.811705216167092 267
1739960824776 9.60582221463218 268
1739960824835 6.381036365556034 269
1739960824894 3.5140068423145823 270
1739960824955 7.783913793682901 271
1739960825014 5.5302312506468345 272
1739960825073 8.777826950569052 273
1739960825131 6.456391223613284 274
1739960825192 7.629099186891863 275
1739960825252 9.015883418026148 276
1739960825312 6.499071008915742 277
1739960825376 6.6525997339404705 278
1739960825443 7.811853600562367 279
1739960825507 9.04648426803192 280
1739960825565 12.547156601369203 281
1739960825625 5.68669971096771 282
1739960825684 3.7769609690964017 283
1739960825744 9.20001326225987 284
1739960825811 3.907804421593888 285
1739960825874 12.059858769113232 286
1739960825935 6.3971995955638175 287
1739960825993 3.618367325673517 288
1739960826051 8.38180590797549 289
1739960826111 11.511580521613377 290
1739960826170 7.443703642756755 291
1739960826232 6.406113405230768 292
1739960826293 10.027388122279374 293
1739960826354 4.185844633574857 294
1739960826414 5.058080822148365 295
1739960826475 7.336308558431035 296
1739960826532 7.286561749984291 297
1739960826595 3.845573041281311 298
1739960826653 9.785457010396748 299
1739960826711 9.784647757955966 300
1739960826771 4.7310466654308385 301
1739960826829 4.348761073973746 302
1739960826892 3.853961679767566 303
1739960826951 5.87546878664423 304
1739960827013 2.491230232306949 305
1739960827072 7.888476652222242 306
1739960827133 4.850898406284607 307
1739960827191 7.551585342979198 308
1739960827250 5.024668694985344 309
1739960827308 13.599639034835892 310
1739960827369 7.570421839207583 311
1739960827438 5.4329530289929595 312
1739960827507 6.667652660060073 313
1739960827566 6.550027536766998 314
1739960827626 6.724574528497309 315
1739960827683 5.239957049996913 316
1739960827743 5.601587257955285 317
1739960827802 6.0428445283059125 318
1739960827861 6.77907688853212 319
1739960827922 7.360369529221585 320
1739960827982 5.282645839606484 321
1739960828041 5.832723645817704 322
1739960828100 4.845985122557439 323
1739960828159 6.742739990389728 324
1739960828220 2.576247303203022 325
1739960828278 6.46181282163016 326
1739960828342 5.249471485167696 327
1739960828401 2.928545727022286 328
1739960828462 6.358669632952904 329
1739960828523 4.260166119313823 330
1739960828581 12.287987601801085 331
1739960828640 8.313087526143194 332
1739960828698 6.186657814817463 333
1739960828758 11.19231869476696 334
1739960828816 6.906190885742228 335
1739960828876 7.766937679988761 336
1739960828939 5.845387071725288 337
1739960829071 5.803335017164261 338
1739960829130 7.3668446828065886 339
1739960829189 10.582407036418074 340
1739960829249 5.366914177045202 341
1739960829310 5.587521821794884 342
1739960829371 3.8046355343561102 343
1739960829431 5.504508270072808 344
1739960829504 16.410083914617157 345
1739960829566 5.469996753397504 346
1739960829631 8.918008179495386 347
1739960829692 8.144926354723028 348
1739960829752 7.71881454118294 349
1739960829812 4.311350627440275 350
1739960829870 8.39909784930399 351
