1740018384574 2.562136417537086 0
1740018384669 0.017529128640229357 1
1740018384762 0.2430918784619949 2
1740018384870 0.003990469263116281 3
1740018384973 0.10762857592636434 4
1740018385068 0.2666043031053636 5
1740018385163 0.13352856660998902 6
1740018385260 0.0007845580943625228 7
1740018385352 0.02629469212418885 8
1740018385441 0.39394189440587934 9
1740018385530 0.062454030967748736 10
1740018385619 0.1660877334655292 11
1740018385719 0.1289780166835168 12
1740018385812 0.11026019922534684 13
1740018385903 0.0009860182699428168 14
1740018385992 0.13229958947723205 15
1740018386079 0.25184778514277695 16
1740018386170 0.18050648730709476 17
1740018386326 0.03462830476882828 18
1740018386417 0.0710872744104049 19
1740018386512 0.050687517186227535 20
1740018386602 0.0027328437801754017 21
1740018386708 0.18620352328496276 22
1740018386798 0.41840993696651807 23
1740018386887 1.0085955216634421 24
1740018386978 0.27321405617869426 25
1740018387069 0.023881952741299645 26
1740018387158 0.016494975138354368 27
1740018387251 0.28818526266909517 28
1740018387339 0.0014889500574225129 29
1740018387429 0.7833409332041992 30
1740018387521 0.021346248414073163 31
1740018387611 0.23219068202524193 32
1740018387702 0.05128634243610132 33
1740018387796 0.035059241053635205 34
1740018387885 0.222717778858527 35
1740018387981 0.03286283465105957 36
1740018388069 0.0007759366468614315 37
1740018388167 0.010091138530712083 38
1740018388263 0.2314063078392801 39
1740018388353 0.018507522405900655 40
1740018388445 0.12080073402807158 41
1740018388534 0.009218315386558788 42
1740018388623 0.01818783607924929 43
1740018388718 0.0004960914390542873 44
1740018388808 0.020879906036439033 45
1740018388895 0.27320132157191834 46
1740018388988 0.26387152844281214 47
1740018389075 0.970807254710334 48
1740018389163 0.8703118523602151 49
1740018389252 0.39941214245531614 50
1740018389341 0.012312961638260182 51
1740018389430 0.0017165940765079739 52
1740018389524 0.18537052339482113 53
1740018389612 0.08030394236510577 54
1740018389701 0.0003262592855768108 55
1740018389797 0.03504620011517204 56
1740018389891 0.10827314828285597 57
1740018389984 0.020969667342834397 58
1740018390077 0.4248408763545303 59
1740018390170 0.14717734722757006 60
1740018390260 0.1841692640609439 61
1740018390349 0.0001261525820476689 62
1740018390438 0.027884167602832244 63
1740018390530 0.004403981960654184 64
1740018390619 0.21532135479036377 65
1740018390709 0.03280131196030756 66
1740018390799 0.012890116761192059 67
1740018390886 0.23353940028386522 68
1740018390977 0.02416349140310804 69
1740018391068 1.3219013335348728 70
1740018391155 0.04236523450171543 71
1740018391246 0.0037398569024046876 72
1740018391340 0.06530672907994313 73
1740018391430 0.0012889452274374917 74
1740018391520 0.5700726077569586 75
1740018391609 0.7337946877595578 76
1740018391702 0.0006741506438854961 77
1740018391801 2.5006413625260837e-05 78
1740018391890 0.03366872954545401 79
1740018391980 0.03694377522408154 80
1740018392074 0.2986889911473503 81
1740018392163 0.023236290663007437 82
1740018392258 0.04133487117407324 83
1740018392347 0.2668963336542044 84
1740018392446 0.07758701715385001 85
1740018392547 0.47373927718857545 86
1740018392638 0.26256896838763705 87
1740018392729 0.10946912234911249 88
1740018392818 0.3229292989024361 89
1740018392912 0.0330114034406045 90
1740018393016 0.04521534733222663 91
1740018393106 0.017266515131647696 92
1740018393194 0.000463419210920478 93
1740018393283 0.02005637504783454 94
1740018393370 0.051415362329151885 95
1740018393465 0.010223176996176916 96
1740018393557 0.03544537722105538 97
1740018393644 0.05542356525831707 98
1740018393735 0.06839669367844081 99
1740018393829 0.002856614152024838 100
1740018393920 0.16294362819576616 101
1740018394010 3.360178355999098e-05 102
1740018394098 0.13620057319395842 103
1740018394188 0.012983247675304562 104
1740018394281 0.39690379411703564 105
1740018394370 0.024889029304434818 106
1740018394458 0.0263497048089235 107
1740018394545 0.09998827642537698 108
1740018394634 0.006428332068880211 109
1740018394726 0.09091124419401217 110
1740018394815 0.4235922396810819 111
1740018394904 0.04497801062184456 112
1740018394994 0.10005002649552514 113
1740018395084 0.0001060307873606078 114
1740018395172 0.31687541715930784 115
1740018395262 0.19585296386616038 116
1740018395349 0.27291813168309054 117
1740018395436 0.2011391449355018 118
1740018395525 0.05313081293456046 119
1740018395616 3.383973654481407e-06 120
1740018395707 0.18160866328788214 121
1740018395797 0.9573325687183407 122
1740018395894 0.1705460802751379 123
1740018395984 3.390365563118393e-05 124
1740018396076 0.014342781397615642 125
1740018396164 0.017623271322717463 126
1740018396257 0.07822787496288022 127
1740018396346 0.00020290939927398546 128
1740018396434 0.009743466157534788 129
1740018396523 0.001585614492204531 130
1740018396613 0.0010215417735062568 131
1740018396703 0.06909261614796605 132
1740018396806 0.01259744481938666 133
1740018396894 0.10527986679504049 134
1740018396982 0.009427617340841379 135
1740018397073 0.02419313727577422 136
1740018397164 0.40106640253792125 137
1740018397260 0.1103860617406484 138
1740018397397 0.816467999926292 139
1740018397485 0.3822208036254582 140
1740018397576 0.12526456720164547 141
1740018397665 0.13840182977786145 142
1740018397754 0.06625380766011174 143
1740018397842 0.1883212065660354 144
1740018397936 0.30426550382617706 145
1740018398028 0.030254596133372537 146
1740018398119 0.011219901594713136 147
1740018398214 0.3325583042804708 148
1740018398307 0.0067145694270770466 149
1740018398400 0.021607195142810873 150
1740018398493 0.0041123428296851484 151
1740018398583 0.05062960899716029 152
1740018398677 0.0004701972030662586 153
1740018398767 0.00021387889749287302 154
1740018398856 0.015156652902236917 155
1740018398944 0.026092366425899446 156
1740018399032 0.020167693129183657 157
1740018399121 0.16132322364086016 158
1740018399210 0.023290567204993205 159
1740018399298 0.0018103236914354375 160
1740018399386 0.0007707140158428403 161
1740018399475 0.08800373608261121 162
1740018399564 0.014684775572631932 163
1740018399650 0.009828168077436375 164
1740018399739 0.03463630528325444 165
1740018399828 0.17642008334480305 166
1740018399916 0.32748909490119965 167
1740018400013 0.24589281553925119 168
1740018400103 0.40116865410826347 169
1740018400192 8.673673781046022e-06 170
1740018400282 0.37401205056207426 171
1740018400372 0.14802201234169032 172
1740018400477 0.23424024995502687 173
1740018400571 0.030721306770555807 174
1740018400659 0.04047743976049567 175
1740018400749 0.09726047982786602 176
1740018400837 0.38569701794227185 177
1740018400925 0.107587531679433 178
1740018401014 0.07664227089156184 179
1740018401104 0.005769165169969779 180
1740018401193 0.0020139731949743414 181
1740018401290 0.09719418675721457 182
1740018401379 8.45329877446215e-05 183
1740018401467 0.17527202603299172 184
1740018401555 0.12016775438136944 185
1740018401642 0.07238979000094468 186
1740018401732 0.05593716004205659 187
1740018401820 0.050482577592734466 188
1740018401907 0.035568693992983534 189
1740018402002 0.6687740233400914 190
1740018402091 0.25611989175398364 191
1740018402180 5.7941959092264056e-05 192
1740018402276 0.030479180230246268 193
1740018402363 0.18035196889744493 194
1740018402451 0.20217061456962704 195
1740018402540 0.05610767431786363 196
1740018402628 0.06795629474620044 197
1740018402721 0.23246784844479543 198
1740018402813 0.031039481622902643 199
1740018402915 0.019919506843494337 200
1740018403006 0.02184455792198838 201
1740018403138 0.1002187771483266 202
1740018403227 0.49220050312308816 203
1740018403315 0.0033972380142634827 204
1740018403405 0.40330029968565956 205
1740018403500 0.019768220142349312 206
1740018403593 6.289660018975197e-07 207
1740018403685 0.015453865359075598 208
1740018403774 0.12398061594876632 209
1740018403862 0.050142163495505654 210
1740018403951 0.07296547107681776 211
1740018404046 0.225149648500225 212
1740018404136 0.4008618423698797 213
1740018404229 0.021932451073464754 214
1740018404321 0.08562783127600314 215
1740018404409 0.0023856322577869454 216
1740018404498 0.052198852851712225 217
1740018404588 0.1072068971690214 218
1740018404678 0.20698717582467027 219
1740018404772 0.17946074451976152 220
1740018404863 0.2679396312598889 221
1740018404956 0.019382430226006473 222
1740018405060 0.01970016034657586 223
1740018405148 0.0723095329268769 224
1740018405240 0.1844077011967527 225
1740018405345 0.015216430954279353 226
1740018405442 0.08122350768957007 227
1740018405533 0.13416263028177228 228
1740018405624 0.0012126161619760848 229
1740018405717 0.0003291137557004814 230
1740018405814 0.059451781391976724 231
1740018405906 0.7607115901177267 232
1740018405995 0.02986550364979763 233
1740018406096 0.03696142712196393 234
1740018406185 0.14633960969810053 235
1740018406279 0.023322133744703356 236
1740018406372 0.040036254659663206 237
1740018406467 1.6016211437211242e-05 238
1740018406558 0.04467490807894642 239
1740018406647 0.016511067880390983 240
1740018406739 0.1667137768315909 241
1740018406837 0.0007110907474013112 242
1740018406942 0.09620178691704621 243
1740018407033 0.014297977001073206 244
1740018407122 0.012238787534484543 245
1740018407211 0.15929294630992147 246
1740018407302 0.02396262421577764 247
1740018407391 0.18618903971671308 248
1740018407478 0.08303110801994863 249
1740018407568 0.0034294529475911396 250
1740018407657 0.0206354119525348 251
1740018407746 0.4004455722582032 252
1740018407835 0.1650489836734035 253
1740018407925 0.0013194766972817 254
1740018408014 0.0230753316888118 255
1740018408109 0.04595638731174301 256
1740018408202 0.013749417687147257 257
1740018408290 0.0034281851987492673 258
1740018408380 0.033629801688100425 259
1740018408467 0.1400326455569145 260
1740018408555 0.18606546638969199 261
1740018408645 0.2904830004837543 262
1740018408735 0.17942786568052732 263
1740018408825 0.02646378143888717 264
1740018408913 0.0008915968284495067 265
1740018409003 0.03134924136146181 266
1740018409091 0.012391431298462334 267
1740018409181 0.40570465268356826 268
1740018409271 0.09228705327871274 269
1740018409358 0.7816710363426415 270
1740018409446 0.005412484179561318 271
1740018409540 0.14773103648320166 272
1740018409629 0.42917688915950536 273
1740018409720 0.026536178714542384 274
1740018409810 0.08649684954617211 275
1740018409901 0.25555117779132885 276
1740018409990 0.024095526966409354 277
1740018410080 0.1576248579225224 278
1740018410173 0.03908000813436755 279
1740018410264 0.014092696581864655 280
1740018410351 0.26096543384007964 281
1740018410444 0.07350467696027682 282
1740018410534 0.06668172781792353 283
1740018410621 0.014026220973535838 284
1740018410711 0.019747404096004367 285
1740018410840 0.15020257803221654 286
1740018410928 0.11572231562681472 287
1740018411018 0.020419251262493446 288
1740018411106 0.46755489430774666 289
1740018411200 0.10229477643299006 290
1740018411292 0.0285589140027741 291
1740018411381 0.06201425301511886 292
1740018411468 0.015491584725263317 293
1740018411556 0.16709236299203575 294
1740018411644 0.013386816286382372 295
1740018411735 0.04295541216290355 296
1740018411830 0.0025129995751149645 297
1740018411921 0.255868147950349 298
1740018412011 0.03169869670073064 299
1740018412099 0.027024581977108397 300
1740018412230 0.3129254713982863 301
1740018412326 0.01159305339324027 302
1740018412415 0.013139324286328805 303
1740018412504 0.017565638151968283 304
1740018412595 0.006043705650210863 305
1740018412684 0.9269561774352727 306
1740018412773 0.9692513652235899 307
1740018412864 0.012815660730646165 308
1740018412952 0.042522896099267994 309
1740018413042 0.5436295447056636 310
1740018413130 0.0004585992593794658 311
1740018413223 0.0019294787815206898 312
1740018413315 0.05356232837173176 313
1740018413404 0.06426634673091884 314
1740018413494 0.797365365805232 315
1740018413585 0.0395171730070216 316
1740018413675 0.002988094763392132 317
1740018413765 0.42449872783004444 318
1740018413854 0.47920348912185884 319
1740018413942 0.24535246998061036 320
1740018414031 0.1480636531796233 321
1740018414120 0.21222832195333266 322
1740018414221 0.001880037018533221 323
1740018414311 0.0317061261155098 324
1740018414402 0.18929746231764538 325
1740018414490 0.6751186010536084 326
1740018414579 6.378019622253452e-05 327
1740018414665 0.10635409639942793 328
1740018414756 0.06114498723973093 329
1740018414845 0.43183587301623766 330
1740018414934 0.2784809761114098 331
1740018415022 0.025750444812702448 332
1740018415110 0.003910184954888867 333
1740018415200 6.33638443321929e-05 334
1740018415290 0.002811533938656402 335
1740018415379 0.2080162592936075 336
1740018415468 0.0014456541823205838 337
1740018415556 0.024260334566336243 338
1740018415645 0.009031112993333864 339
1740018415734 0.025888545123261043 340
1740018415826 0.29992292155313044 341
1740018415915 0.6963972349544909 342
1740018416004 0.8015656472426362 343
1740018416091 0.20248151185976834 344
1740018416180 0.3561271406439791 345
1740018416278 0.03716675377821953 346
1740018416366 0.4137843818936393 347
1740018416455 5.74508176388861e-05 348
1740018416545 0.11883862739024979 349
1740018416634 0.002203307177475395 350
1740018416724 0.0015091723404042701 351
1740018416814 0.03905367073948983 352
1740018416902 0.08757599550988172 353
1740018417009 0.0011385120352206289 354
1740018417099 0.1380536661363991 355
1740018417188 0.42834575846801276 356
1740018417278 0.547887259278668 357
1740018417367 0.10542889534645078 358
1740018417453 0.03412430772602709 359
1740018417541 0.05421753955994412 360
1740018417630 0.05628301851125265 361
1740018417719 0.10466913755215418 362
1740018417808 0.027451226977761395 363
1740018417897 0.10256647877049666 364
1740018417987 0.0660543724402316 365
1740018418075 0.05441501517422478 366
1740018418163 0.27651119013749953 367
1740018418255 0.0003038519536721421 368
1740018418347 0.05322421935206646 369
1740018418436 0.9917071370292334 370
1740018418527 0.016683140143165038 371
1740018418615 0.0006323446996806995 372
1740018418705 0.1359143246595605 373
1740018418796 0.09095004228217178 374
1740018418885 0.041108832089924566 375
1740018418980 0.043006654313754056 376
1740018419070 0.268447757566677 377
1740018419157 0.005725070381505075 378
1740018419248 0.10002410976267553 379
1740018419337 0.06142171057066448 380
1740018419427 0.00380371010057206 381
1740018419518 0.10028285061117904 382
1740018419608 0.02316989701834992 383
1740018419696 0.06170602104438255 384
1740018419786 0.17621554201590725 385
1740018419877 2.5583489521637993e-05 386
1740018419963 0.004640797458462835 387
1740018420054 0.4647579889690694 388
1740018420143 0.056041720351437986 389
1740018420234 0.29941196506868045 390
1740018420328 0.8010090994027329 391
1740018420416 0.07988536045429565 392
1740018420503 0.016841210036796398 393
1740018420591 0.007396249994250144 394
1740018420680 0.1751419031028026 395
1740018420769 0.0063053952080614605 396
1740018420857 0.16891222019671864 397
1740018420945 1.0940291254211552 398
1740018421035 0.0806042936046781 399
1740018421125 0.008704759832877702 400
1740018421215 0.06199421538097636 401
1740018421304 0.3645937413505554 402
1740018421395 0.15107493605938435 403
1740018421485 0.012216939029960266 404
1740018421573 0.01344770173152956 405
1740018421663 0.23612402722510695 406
1740018421754 0.031479203551282156 407
1740018421842 0.012610256468227365 408
1740018421930 0.25147024588150235 409
1740018422020 0.34000004508429077 410
1740018422110 0.21641988640951237 411
1740018422202 0.3507922187116532 412
1740018422291 0.036462953608636335 413
1740018422385 0.10204731669703362 414
1740018422474 0.01703192066316511 415
1740018422563 0.0007483866043790127 416
1740018422650 0.05532205029152497 417
1740018422739 0.08457083901307792 418
1740018422828 0.0926237521089619 419
1740018422918 0.00013232589221865343 420
1740018423008 0.00011911416803018965 421
1740018423100 0.03786431160043365 422
1740018423194 0.04051412549281609 423
1740018423287 0.13840807358169038 424
1740018423376 0.09830530391946488 425
1740018423469 0.7397155992421547 426
1740018423565 0.5684503658962995 427
1740018423659 0.07095237051696565 428
1740018423748 0.014298443150615474 429
1740018423838 0.050574290241659776 430
1740018423926 0.04831817706012888 431
1740018424014 0.0002098955839032571 432
1740018424103 0.010439430549850245 433
1740018424194 0.02440709542116959 434
1740018424287 0.022007968992470067 435
1740018424380 0.17068061713747923 436
1740018424468 0.12053343599744692 437
1740018424558 4.599996302809927e-05 438
1740018424646 0.017582202190859653 439
1740018424735 0.11625487391627688 440
1740018424823 0.07872026507954472 441
1740018424913 0.09363932473846603 442
1740018425002 5.487017380682604e-05 443
1740018425091 0.2552112761458724 444
1740018425182 0.023082026714707073 445
1740018425272 0.15759950778250548 446
1740018425360 0.21069824361121722 447
1740018425448 0.04724042302170414 448
1740018425538 1.0090313165698777 449
1740018425626 0.009025084929852236 450
1740018425718 0.22475801977312762 451
1740018425807 0.21212404624537168 452
1740018425896 0.0019892971096978633 453
1740018425986 0.13107663360949104 454
1740018426075 0.011222664207631431 455
1740018426163 0.0028751883040087104 456
1740018426255 0.5453898784310531 457
1740018426343 0.009971550908624916 458
1740018426436 0.5704713856823053 459
1740018426526 0.000586602343522378 460
1740018426615 0.16536197448089177 461
1740018426703 0.017755558013295564 462
1740018426797 0.06882927691870629 463
1740018426884 0.0014657181120453688 464
1740018426975 0.005830154801964598 465
1740018427074 0.03452426549696683 466
1740018427169 0.013532636850556725 467
1740018427283 0.006809550311595291 468
1740018427425 0.29855979062223414 469
1740018427517 0.07880859097912556 470
1740018427610 0.005372227430484991 471
1740018427698 0.034828294187892954 472
1740018427789 0.0026250742095903887 473
1740018427880 0.23804053146302337 474
1740018427969 0.01311911816054941 475
1740018428075 0.720702162432622 476
1740018428167 0.017404727629682152 477
1740018428259 0.17451830266519802 478
1740018428350 0.36313827407681487 479
1740018428443 0.005924772645103882 480
1740018428532 0.0008382055285400553 481
1740018428621 0.7965824200833802 482
1740018428709 0.03773169542146912 483
1740018428802 0.07337807830190937 484
1740018428889 0.03127131084706451 485
1740018428981 0.5090294227231775 486
1740018429074 0.0819492801768266 487
1740018429162 0.2906410402688522 488
1740018429253 0.3477135162899888 489
1740018429344 0.005140681418240574 490
1740018429436 0.13223999499157063 491
1740018429524 0.3987540016837446 492
1740018429619 0.0029231758705793565 493
1740018429710 0.057991264564905665 494
1740018429799 0.6923957174800623 495
1740018429889 0.13077894852183763 496
1740018429977 0.401199457916679 497
1740018430068 0.15831820581899123 498
1740018430164 0.09515076028022071 499
