1739996304696 182.32609927299916 0
1739996304713 169.3833247890527 1
1739996304729 167.69781643264454 2
1739996304748 167.84305414613053 3
1739996304765 163.09930236075095 4
1739996304781 175.19539700478887 5
1739996304799 177.8983491464727 6
1739996304816 161.76644121734566 7
1739996304835 174.53758322667827 8
1739996304851 161.70792909218886 9
1739996304867 160.65413286144363 10
1739996304884 162.8060226801759 11
1739996304900 163.4848264243956 12
1739996304916 157.9243554355268 13
1739996304933 161.07449691840532 14
1739996304949 152.86220874034635 15
1739996304965 149.58686580603228 16
1739996304981 155.5705208364972 17
1739996304997 153.037017135874 18
1739996305012 152.3923135876423 19
1739996305028 152.12103930678296 20
1739996305046 151.32368770807108 21
1739996305063 147.49708803291884 22
1739996305079 142.53036927255565 23
1739996305095 154.07061145783123 24
1739996305111 146.69699991560793 25
1739996305127 149.58344774915037 26
1739996305143 137.92016453131797 27
1739996305160 138.029442192942 28
1739996305175 140.1970360505332 29
1739996305191 138.52273965019697 30
1739996305207 130.16665495218055 31
1739996305223 140.15741926122843 32
1739996305239 138.01911371743407 33
1739996305255 135.7568610574653 34
1739996305272 129.41224096760354 35
1739996305289 132.76787176664132 36
1739996305306 123.80039447962186 37
1739996305322 125.63144613077631 38
1739996305338 126.62386225596086 39
1739996305353 120.97913333738273 40
1739996305369 132.9556389018079 41
1739996305386 122.69287860606617 42
1739996305401 120.98451414482415 43
1739996305417 116.68734759310261 44
1739996305433 122.82358159688825 45
1739996305449 117.37847982053762 46
1739996305465 114.60503588252907 47
1739996305481 113.6098260413489 48
1739996305497 108.45737328130969 49
1739996305513 113.09121798515964 50
1739996305529 113.94988386484228 51
1739996305545 112.85434088894903 52
1739996305561 102.04728990761143 53
1739996305577 103.14251162915824 54
1739996305593 106.45776895302794 55
1739996305609 103.57709534103114 56
1739996305625 112.85006687343795 57
1739996305641 106.44604608515672 58
1739996305657 110.51842128467725 59
1739996305673 101.12230780160783 60
1739996305689 105.7714723890353 61
1739996305705 97.79982310447188 62
1739996305721 101.7873464661352 63
1739996305738 103.51220020497567 64
1739996305753 98.08476765855242 65
1739996305769 102.89347921673384 66
1739996305785 96.86346364812252 67
1739996305802 102.64303338063482 68
1739996305819 97.95093861320052 69
1739996305836 96.13384448238733 70
1739996305852 93.90079818769787 71
1739996305868 92.33016556715779 72
1739996305884 95.13990572233075 73
1739996305900 89.64676961417689 74
1739996305915 90.1011265683968 75
1739996305931 91.88346640575801 76
1739996305948 88.31467751973774 77
1739996305964 87.99952749449086 78
1739996305980 89.30546107464878 79
1739996305996 85.42416967075563 80
1739996306012 86.7643674090728 81
1739996306028 85.90981986428886 82
1739996306045 84.50741870615838 83
1739996306061 83.30182588019777 84
1739996306076 84.84491262813667 85
1739996306092 86.15240916807299 86
1739996306108 84.82619264796459 87
1739996306124 86.69394328674275 88
1739996306140 81.0974300397918 89
1739996306157 81.71441392870679 90
1739996306173 75.81918959613125 91
1739996306188 81.18907187705395 92
1739996306204 75.95314845725626 93
1739996306220 78.1566406153811 94
1739996306237 76.73252817875424 95
1739996306253 74.16925718814174 96
1739996306269 73.58051733602048 97
1739996306286 70.14052569490312 98
1739996306302 74.04773669832457 99
1739996306318 72.98576037959423 100
1739996306334 74.68993875267844 101
1739996306350 72.21846790883686 102
1739996306366 71.75513206482982 103
1739996306381 66.82721183697151 104
1739996306398 69.84796624585118 105
1739996306413 69.87000751385857 106
1739996306429 71.5608842654614 107
1739996306445 68.96724771336989 108
1739996306461 64.33187399911671 109
1739996306477 67.82493993466367 110
1739996306493 64.19345377957363 111
1739996306509 66.73926603237842 112
1739996306524 61.26521703493802 113
1739996306540 65.34718339986787 114
1739996306555 63.735870937845974 115
1739996306573 64.07586821790534 116
1739996306589 58.11645309799856 117
1739996306605 60.96624680622232 118
1739996306620 62.42953513099655 119
1739996306636 61.91833645665343 120
1739996306653 59.55975488405143 121
1739996306671 54.987622338718495 122
1739996306687 62.056388656313324 123
1739996306703 60.37965451844421 124
1739996306719 59.0121442294332 125
1739996306735 56.650154671339166 126
1739996306751 57.28452733386977 127
1739996306767 57.43120907043645 128
1739996306782 58.25418461628291 129
1739996306797 56.610706384509484 130
1739996306816 54.47800854788779 131
1739996306836 54.41916159243659 132
1739996306871 53.95373955442288 133
1739996306887 55.02333376551539 134
1739996306904 52.43802379373737 135
1739996306922 52.49086321420959 136
1739996306940 51.842997676244565 137
1739996306957 53.0496151911272 138
1739996306975 51.07750387953046 139
1739996306991 49.8394781662801 140
1739996307007 50.93065949741055 141
1739996307022 47.341357252976 142
1739996307037 49.96624336921892 143
1739996307053 47.983432939474326 144
1739996307069 47.88297549868936 145
1739996307085 46.556420498224156 146
1739996307100 51.32565490261396 147
1739996307115 45.57586718230266 148
1739996307131 47.7790494662947 149
1739996307148 47.40677761760035 150
1739996307163 46.67297706185393 151
1739996307179 46.28759087206845 152
1739996307194 48.16561952150651 153
1739996307209 44.32650580967606 154
1739996307225 42.78452950090445 155
1739996307241 44.746610184765935 156
1739996307257 45.39855019948755 157
1739996307272 44.34761138500661 158
1739996307288 44.14797380071542 159
1739996307303 41.94339105246157 160
1739996307320 43.68327429044946 161
1739996307335 45.06819783353898 162
1739996307351 40.4986010492275 163
1739996307366 38.16515484143416 164
1739996307382 40.62960947086279 165
1739996307397 39.9310923596201 166
1739996307413 40.28969694671961 167
1739996307429 38.99532680570769 168
1739996307444 38.373660621691435 169
1739996307460 37.317611989704005 170
1739996307475 39.71230364465532 171
1739996307491 37.10727022397866 172
1739996307506 37.7194573248933 173
1739996307521 39.00944957566789 174
1739996307536 38.403271419632475 175
1739996307551 37.79196211740256 176
1739996307567 36.080440790504724 177
1739996307584 36.10185784702602 178
1739996307601 34.3831271679 179
1739996307618 36.328234519312154 180
1739996307636 36.37030996682557 181
1739996307653 34.83805409054863 182
1739996307668 33.36907386839227 183
1739996307684 34.17292669250719 184
1739996307699 32.091219285707396 185
1739996307715 34.81070856245238 186
1739996307730 32.48632910874423 187
1739996307746 30.62611740988251 188
1739996307761 33.6263148268724 189
1739996307777 32.910746693672856 190
1739996307792 31.168161573035032 191
1739996307809 31.225354589006137 192
1739996307826 31.986979076843625 193
1739996307842 33.87225258201567 194
1739996307857 32.40223155158269 195
1739996307872 30.774150511525217 196
1739996307888 30.297190212923542 197
1739996307903 29.407189185351864 198
1739996307919 29.611022039520833 199
1739996307934 28.90445883186093 200
1739996307950 29.616896177924467 201
1739996307965 28.066158227861028 202
1739996307981 29.63492892300419 203
1739996307996 27.66340661336763 204
1739996308011 27.58093004103214 205
1739996308027 27.103547247744704 206
1739996308042 27.774932153808756 207
1739996308058 27.35723203087163 208
1739996308073 26.344434710846766 209
1739996308088 25.724494990856684 210
1739996308103 27.502048831299472 211
1739996308119 25.535875618941205 212
1739996308134 25.231237479699278 213
1739996308152 26.63749602545227 214
1739996308167 27.124779247104087 215
1739996308183 24.78706317403547 216
1739996308198 26.45898771287665 217
1739996308213 25.240407725900287 218
1739996308229 25.30893517856168 219
1739996308245 25.72521018162539 220
1739996308260 24.673088313972457 221
1739996308277 23.016759806544027 222
1739996308293 24.272430575310903 223
1739996308308 23.900899671336504 224
1739996308324 23.030250478551796 225
1739996308340 23.936287780603045 226
1739996308355 24.37271789087813 227
1739996308371 23.78352538795093 228
1739996308386 23.370491967864545 229
1739996308402 23.4798629704848 230
1739996308418 22.177326187638315 231
1739996308434 23.699383787359526 232
1739996308449 22.124546066331224 233
1739996308464 22.498592352870517 234
1739996308480 22.193376961515604 235
1739996308495 22.70905715275984 236
1739996308511 20.849222527975744 237
1739996308526 22.434440755920363 238
1739996308541 20.92525559473801 239
1739996308557 19.632875834621913 240
1739996308573 20.83563518812397 241
1739996308588 19.273968275794996 242
1739996308604 22.220509016567775 243
1739996308619 20.086576461099007 244
1739996308636 19.716875958200625 245
1739996308651 19.938780701845843 246
1739996308666 19.66172462160646 247
1739996308682 19.16030442150693 248
1739996308698 19.046923092513637 249
1739996308714 18.41598964263106 250
1739996308729 18.082241579036317 251
1739996308745 18.754115716400392 252
1739996308761 18.053071187798285 253
1739996308776 17.906346536345865 254
1739996308792 18.215910300919564 255
1739996308810 18.724707359310056 256
1739996308828 17.048074765833217 257
1739996308845 18.098298733820478 258
1739996308861 16.920065174781435 259
1739996308876 16.489050474258022 260
1739996308891 18.164734951976975 261
1739996308907 17.362580819274672 262
1739996308922 17.511711470879977 263
1739996308937 16.564028884971528 264
1739996308953 17.107403252349325 265
1739996308969 16.04590535409312 266
1739996308984 15.408044141499921 267
1739996309000 17.240709648021816 268
1739996309016 15.59902552634341 269
1739996309031 15.676132964444992 270
1739996309047 16.178883102961443 271
1739996309062 15.628235453860855 272
1739996309078 15.585166036285035 273
1739996309094 15.979307515263287 274
1739996309109 15.74744837688198 275
1739996309124 16.14104365660163 276
1739996309140 15.207629347007343 277
1739996309156 15.056051982455175 278
1739996309171 14.687778124744833 279
1739996309186 14.372869969012832 280
1739996309201 13.488383118669455 281
1739996309218 14.938577236798427 282
1739996309233 13.651303562189128 283
1739996309248 13.884109668799846 284
1739996309264 13.272088203866659 285
1739996309279 12.78699357099078 286
1739996309295 13.553519367359161 287
1739996309311 12.520206472021057 288
1739996309326 13.333062613554507 289
1739996309341 12.98773652914417 290
1739996309357 14.079296085107796 291
1739996309373 13.527429907061636 292
1739996309388 12.894650070022218 293
1739996309403 12.788823385867893 294
1739996309419 12.677356013635471 295
1739996309434 12.773640985793294 296
1739996309450 12.382513694525162 297
1739996309465 12.845831214551042 298
1739996309480 12.686666993111622 299
1739996309496 12.519105390604402 300
1739996309512 12.643546975926057 301
1739996309528 11.983767366167106 302
1739996309544 12.101313831797114 303
1739996309559 12.038068084685735 304
1739996309576 11.493658253847752 305
1739996309591 10.484232004928382 306
1739996309606 12.034033123514703 307
1739996309622 11.499591722531811 308
1739996309637 11.462279637670816 309
1739996309653 10.755394648685154 310
1739996309669 10.717297797706033 311
1739996309684 11.651688591789718 312
1739996309700 10.004802301443549 313
1739996309715 10.252449783863158 314
1739996309730 10.784897737879408 315
1739996309746 11.309945491887971 316
1739996309761 10.070018300450794 317
1739996309777 10.236031854583283 318
1739996309793 10.441735515148425 319
1739996309809 10.277304201785142 320
1739996309825 10.281888695671181 321
1739996309841 10.527308549861663 322
1739996309856 9.8996781708575 323
1739996309872 9.658109389927837 324
1739996309888 9.83134906297699 325
1739996309903 9.654394936797921 326
1739996309918 8.94298807437396 327
1739996309934 10.09642437315938 328
1739996309950 9.77008394052518 329
1739996309965 9.343459944971546 330
1739996309981 8.892487159907928 331
1739996309996 9.078147721040088 332
1739996310011 10.18359182768168 333
1739996310028 9.191023295298628 334
1739996310043 9.15745854386842 335
1739996310059 8.939615934192304 336
1739996310075 8.58656418623719 337
1739996310093 7.978304048344372 338
1739996310109 8.222962395414193 339
1739996310125 7.644134189554366 340
1739996310141 8.309482029299799 341
1739996310157 7.845656766879343 342
1739996310172 9.04705933272244 343
1739996310187 8.262543944248366 344
1739996310203 8.005464525374402 345
1739996310218 7.974940461082282 346
1739996310234 8.277638061460303 347
1739996310249 8.0195865319407 348
1739996310265 7.944697911223802 349
1739996310282 7.9154684707952985 350
1739996310298 7.879948878688879 351
1739996310314 7.439938409290012 352
1739996310329 7.5898161512301465 353
1739996310344 7.336287756398969 354
1739996310360 7.670543344057577 355
1739996310375 7.268897270522469 356
1739996310391 7.145116298376264 357
1739996310406 6.967952921338469 358
1739996310422 7.44287353272696 359
1739996310437 7.373454805921801 360
1739996310452 6.907608287945598 361
1739996310468 6.628859230016226 362
1739996310483 7.100849219977388 363
1739996310498 7.150730516206511 364
1739996310514 7.098317462497212 365
1739996310530 6.758489358276734 366
1739996310545 6.552437221328219 367
1739996310561 6.198728274971311 368
1739996310578 6.392164522748804 369
1739996310593 6.163256192678381 370
1739996310609 6.830077025379406 371
1739996310624 5.884632863318512 372
1739996310639 6.349773092686339 373
1739996310655 6.4253416897723445 374
1739996310670 6.761717887674647 375
1739996310686 6.087129930989331 376
1739996310701 6.0908892820805365 377
1739996310717 6.3009533996011635 378
1739996310734 6.253293792251389 379
1739996310749 6.482445813077122 380
1739996310765 5.867074863518799 381
1739996310781 5.897720735599843 382
1739996310796 5.54595038824714 383
1739996310813 5.462326513321729 384
1739996310828 5.597795551508351 385
1739996310844 5.853081322962014 386
1739996310860 5.633628901391776 387
1739996310875 5.31565203227529 388
1739996310890 5.9262858543672605 389
1739996310905 5.386318867585866 390
1739996310921 5.8272672123222025 391
1739996310937 5.514554379060787 392
1739996310954 5.118096799311551 393
1739996310969 5.2048260378407445 394
1739996310984 5.210139970632437 395
1739996311000 5.343269823263633 396
1739996311016 5.632973754805695 397
1739996311031 5.058568544550527 398
1739996311047 4.947000668770466 399
1739996311062 4.894362510628089 400
1739996311077 4.718045810821714 401
1739996311093 4.811809296856955 402
1739996311108 4.986365683607514 403
1739996311124 4.656353277137707 404
1739996311139 4.5749373691419155 405
1739996311155 4.554823385022907 406
1739996311170 4.542939096692056 407
1739996311186 4.620066464567691 408
1739996311202 4.97619369059999 409
1739996311220 4.956229449513163 410
1739996311237 5.16635486781639 411
1739996311255 4.138873629617947 412
1739996311272 4.454727270818942 413
1739996311292 4.7260417353788196 414
1739996311310 4.511403400116591 415
1739996311328 4.47306835337597 416
1739996311345 4.410321767225202 417
1739996311363 4.252935566310963 418
1739996311380 4.213310174160405 419
1739996311398 4.300087603895364 420
1739996311416 4.5386999806271575 421
1739996311433 4.039661077498981 422
1739996311451 3.883045537324443 423
1739996311468 4.060687309968791 424
1739996311486 3.84645168329455 425
1739996311504 4.306723276714695 426
1739996311521 3.9633883377935035 427
1739996311537 3.779364468979367 428
1739996311553 3.9077957879154193 429
1739996311568 4.011458418829865 430
1739996311584 3.9220340767490534 431
1739996311599 3.8436648594203766 432
1739996311615 3.7257167219789937 433
1739996311631 3.7949173173645887 434
1739996311647 3.5861715081845267 435
1739996311662 3.74415717319027 436
1739996311678 3.562123629375058 437
1739996311693 3.803041095731337 438
1739996311709 3.734687132696314 439
1739996311724 3.503927671548406 440
1739996311740 3.967794748890978 441
1739996311756 3.0490861939635465 442
1739996311771 3.203694275309832 443
1739996311787 3.254480180683614 444
1739996311802 3.520725494618695 445
1739996311818 3.4972439568541724 446
1739996311837 3.3103572197177153 447
1739996311853 2.9420853337207347 448
1739996311869 3.3758500525160478 449
1739996311885 3.363283981079066 450
1739996311902 3.1301343535241637 451
1739996311920 2.953124451711213 452
1739996311938 2.9469666270382127 453
1739996311955 3.1087752972830174 454
1739996311972 2.882348612164215 455
1739996311988 3.247496335487288 456
1739996312004 3.1025054990156726 457
1739996312020 2.609623344252209 458
1739996312035 2.7728048470320137 459
1739996312051 2.87360962621523 460
1739996312067 3.017632957985659 461
1739996312082 2.9655627795494945 462
1739996312097 2.734103103681914 463
1739996312112 3.069527054294723 464
1739996312128 2.970390650156851 465
1739996312144 2.8109707537851243 466
1739996312160 2.7937913264219003 467
1739996312175 3.0292669521368465 468
1739996312191 2.8376398589529535 469
1739996312206 2.9473173297250588 470
1739996312223 2.3885755550377894 471
1739996312238 2.6035280445847957 472
1739996312254 2.7471744300530037 473
1739996312270 2.7163085557952193 474
1739996312357 2.684219517667483 475
1739996312375 2.365667260204094 476
1739996312391 2.8617060450384275 477
1739996312406 2.748309970135471 478
1739996312422 2.2861035668342278 479
1739996312437 2.3357799418453635 480
1739996312453 2.409200634582414 481
1739996312468 2.6515772909641067 482
1739996312484 2.2723443356564825 483
1739996312499 2.3935318495683187 484
1739996312515 2.5497919399238786 485
1739996312531 2.5207257035963204 486
1739996312546 2.3687589921100227 487
1739996312561 2.2613143809077965 488
1739996312577 2.626891718647921 489
1739996312593 2.176911198175529 490
1739996312609 2.162610804910321 491
1739996312624 2.1638922476317046 492
1739996312640 2.0436846349706617 493
1739996312656 2.171518645420998 494
1739996312671 2.2835615942497607 495
1739996312686 1.9183713670226437 496
1739996312702 2.385279168894857 497
1739996312719 2.03433504588346 498
1739996312737 2.186946653659071 499
