1739971401398 3.7482202493193886 0
1739971401426 2.920160512593745 1
1739971401453 2.341003389763331 2
1739971401479 2.3416064742426244 3
1739971401503 2.024280155339169 4
1739971401529 1.8317634738596857 5
1739971401555 1.3973067695652908 6
1739971401579 1.7978383857277358 7
1739971401607 1.180814115213174 8
1739971401634 1.5511685469045773 9
1739971401664 1.524896097442359 10
1739971401691 1.3005507981547166 11
1739971401722 1.3892269060289562 12
1739971401750 1.1906384015823992 13
1739971401781 1.514425341741614 14
1739971401814 1.0754545779477056 15
1739971401847 0.9816157800072809 16
1739971401882 1.014939494789551 17
1739971401915 0.7699314510519611 18
1739971401950 0.9168858734909885 19
1739971401982 1.5680989759040405 20
1739971402018 1.2214267004831063 21
1739971402049 1.2260709837067452 22
1739971402075 0.8737243349348283 23
1739971402098 0.6581845804767675 24
1739971402123 0.6058208656146441 25
1739971402147 0.8182262069594101 26
1739971402171 0.6212043793629813 27
1739971402196 0.5969644056627531 28
1739971402221 0.6526738546812573 29
1739971402244 0.6712907508578507 30
1739971402269 0.6778015331958516 31
1739971402293 0.6544945022674086 32
1739971402318 0.6033116641093896 33
1739971402342 0.8346057206251455 34
1739971402366 0.5758049388900112 35
1739971402392 0.6799199912578497 36
1739971402416 0.36770363616117585 37
1739971402443 0.6637265030736935 38
1739971402468 0.6832864715038756 39
1739971402495 0.510702049093048 40
1739971402537 0.42384770127290594 41
1739971402561 0.5830167198906204 42
1739971402586 0.441771282005295 43
1739971402612 0.3757658649359498 44
1739971402640 0.45074851551675865 45
1739971402665 0.5192193509006564 46
1739971402689 0.5365502057790585 47
1739971402713 0.42828602293593 48
1739971402738 0.31089059727484647 49
1739971402762 0.4257694196013343 50
1739971402787 0.4441740576597905 51
1739971402810 0.4720449655551285 52
1739971402888 0.36144041461448395 53
1739971402913 0.4580397498873701 54
1739971402939 0.3063323503931146 55
1739971402963 0.469931177504027 56
1739971402986 0.39212056842735615 57
1739971403010 0.342377383456457 58
1739971403035 0.39954904796118856 59
1739971403062 0.38787261822914276 60
1739971403086 0.2624823224664657 61
1739971403111 0.3084544869669555 62
1739971403136 0.2699564311051498 63
1739971403160 0.29137798466012926 64
1739971403183 0.32305876765318187 65
1739971403210 0.24393991492632222 66
1739971403234 0.3778288746211653 67
1739971403259 0.21491572033049042 68
1739971403283 0.2377320799825233 69
1739971403307 0.21119040720055318 70
1739971403331 0.2754736411166181 71
1739971403356 0.2648318767455606 72
1739971403381 0.16581617904474957 73
1739971403405 0.2068524134003579 74
1739971403430 0.25477041071521356 75
1739971403454 0.24131815471790538 76
1739971403479 0.27866460724968484 77
1739971403504 0.23951530639981014 78
1739971403528 0.213428238596927 79
1739971403553 0.20841812512444896 80
1739971403578 0.20116650147963255 81
1739971403605 0.17045773717543347 82
1739971403667 0.20407802337152656 83
1739971403691 0.17395758661555255 84
1739971403716 0.21622619966037376 85
1739971403740 0.18132571011875995 86
1739971403765 0.16481149905214662 87
1739971403789 0.18802643893669027 88
1739971403814 0.16667514842032127 89
1739971403838 0.16074066465035053 90
1739971403860 0.1831288011396853 91
1739971403885 0.17534582889088857 92
1739971403908 0.14840706490755765 93
1739971403934 0.16864922033196605 94
1739971403957 0.15910508649353122 95
1739971403982 0.15961595393352826 96
1739971404007 0.17745792342506156 97
1739971404032 0.2209023134450017 98
1739971404055 0.14282522886658455 99
1739971404080 0.14267601021260057 100
1739971404103 0.19143514703728343 101
1739971404128 0.17236227595002343 102
1739971404152 0.13962151368046763 103
1739971404177 0.11701792474854697 104
1739971404202 0.13559102070900908 105
1739971404226 0.11460797186448637 106
1739971404251 0.1664524133462037 107
1739971404276 0.09551140100707045 108
1739971404301 0.21068255851439113 109
1739971404326 0.14463792390145236 110
1739971404351 0.15650571738039054 111
1739971404376 0.11902695836466855 112
1739971404401 0.1429260659674337 113
1739971404425 0.16201203874520617 114
1739971404452 0.12767543467285944 115
1739971404481 0.12909229838127392 116
1739971404510 0.10111908875164448 117
1739971404539 0.08262832473421015 118
1739971404564 0.14000642022958362 119
1739971404589 0.11292986928349984 120
1739971404625 0.10535553962956089 121
1739971404658 0.10286092669733975 122
1739971404687 0.10428843959672132 123
1739971404713 0.1587446121255106 124
1739971404739 0.1018917314791051 125
1739971404767 0.11172725650748337 126
1739971404800 0.09593470565585918 127
1739971404834 0.09379381425965326 128
1739971404870 0.07451705148137046 129
1739971404904 0.08328988063213875 130
1739971404952 0.112369498562135 131
1739971404987 0.09639860819469855 132
1739971405020 0.0939049447754083 133
1739971405051 0.07773514739503629 134
1739971405076 0.11101568766128335 135
1739971405101 0.09833408376619612 136
1739971405125 0.11789676161658146 137
1739971405151 0.10430186486700357 138
1739971405174 0.07402318728215339 139
1739971405197 0.0797738907079733 140
1739971405222 0.08687491030181257 141
1739971405247 0.0742240333440223 142
1739971405275 0.09820287343172296 143
1739971405304 0.07798193179297268 144
1739971405331 0.08076468400819882 145
1739971405360 0.10584319678602834 146
1739971405389 0.07614379533088698 147
1739971405417 0.10437195879015117 148
1739971405448 0.0759438921298094 149
1739971405511 0.07064626938381291 150
1739971405538 0.08287737163430348 151
1739971405564 0.061723440381335815 152
1739971405594 0.08007372440261473 153
1739971405626 0.06506902997271181 154
1739971405660 0.08019658393010631 155
1739971405694 0.06601343720219333 156
1739971405721 0.06936442047980929 157
1739971405748 0.06693982262774574 158
1739971405772 0.07572229720619604 159
1739971405796 0.07716065670793358 160
1739971405821 0.07017112402721572 161
1739971405843 0.0732633699796248 162
1739971405869 0.05669141981383211 163
1739971405893 0.04571326066171871 164
1739971405918 0.0780474647547385 165
1739971405940 0.056452797185203726 166
1739971405963 0.05224781013822422 167
1739971405988 0.057472643133986596 168
1739971406013 0.0791780689062979 169
1739971406037 0.07662967292973513 170
1739971406064 0.05860266066327721 171
1739971406092 0.0786709729627611 172
1739971406121 0.06057758682670094 173
1739971406149 0.06398492163612764 174
1739971406181 0.07614543083009996 175
1739971406215 0.0662927242701104 176
1739971406249 0.06716696071594792 177
1739971406284 0.05901004349308878 178
1739971406313 0.07304214305821857 179
1739971406338 0.06978542086950935 180
1739971406366 0.07463626341518541 181
1739971406400 0.07410428116632181 182
1739971406434 0.0399554459875828 183
1739971406467 0.05781849542450995 184
1739971406498 0.05878263355785384 185
1739971406525 0.05657565739209791 186
1739971406552 0.05301467555126742 187
1739971406578 0.05831288753476925 188
1739971406604 0.06261149598087663 189
1739971406632 0.05293717722778247 190
1739971406655 0.05432069302349419 191
1739971406681 0.05028165083012313 192
1739971406706 0.04972192397585807 193
1739971406730 0.04579865236565611 194
1739971406755 0.04708985652500789 195
1739971406779 0.05112380754205241 196
1739971406804 0.05717050734532591 197
1739971406827 0.049109147018811486 198
1739971406848 0.05175663658100155 199
1739971406872 0.04925999267469261 200
1739971406896 0.04802001470061362 201
1739971406921 0.05238975744123499 202
1739971406945 0.05250869628575633 203
1739971406973 0.04361497908731041 204
1739971407000 0.0467032772520406 205
1739971407030 0.03861962194023356 206
1739971407058 0.04520424376345371 207
1739971407089 0.05040307365054251 208
1739971407119 0.04546945423551007 209
1739971407147 0.0375572712536702 210
1739971407176 0.03933749876012949 211
1739971407204 0.07480874964100326 212
1739971407229 0.046280145198190334 213
1739971407255 0.04202030566806776 214
1739971407283 0.05618957544364027 215
1739971407311 0.059192571977830344 216
1739971407339 0.036688221884208096 217
1739971407368 0.05046008928606427 218
1739971407396 0.040000213323383875 219
1739971407425 0.04922016188423135 220
1739971407453 0.04988526453003762 221
1739971407484 0.057316806412257115 222
1739971407510 0.05744692728552003 223
1739971407535 0.036530479081274256 224
1739971407563 0.04706463694276447 225
1739971407590 0.048533718239348204 226
1739971407623 0.042141595718981184 227
1739971407655 0.04875932459218007 228
1739971407687 0.071672559952347 229
1739971407713 0.05087978509951133 230
1739971407738 0.053082347042254466 231
1739971407766 0.04006720696555547 232
1739971407790 0.04643869328377513 233
1739971407816 0.04063853197058458 234
1739971407839 0.04272966920594835 235
1739971407862 0.045827361737452284 236
1739971407887 0.039930123625753586 237
1739971407912 0.0438183797156719 238
1739971407936 0.05230744546477816 239
1739971407957 0.040298247572727035 240
1739971407982 0.04227343860805823 241
1739971408007 0.043125563039680466 242
1739971408031 0.03773006709778722 243
1739971408052 0.05443810176625048 244
1739971408077 0.05768438487606033 245
1739971408101 0.045473734429428675 246
1739971408126 0.03312429624145046 247
1739971408148 0.045749993746015204 248
1739971408173 0.04154361625246049 249
1739971408199 0.04571401799136954 250
1739971408223 0.04956224011807353 251
1739971408245 0.03713903461422748 252
1739971408267 0.03120828782315976 253
1739971408293 0.04282018379659578 254
1739971408316 0.03749020416304371 255
1739971408341 0.05257914999146452 256
1739971408365 0.047996467079188664 257
1739971408389 0.04120922324699743 258
1739971408414 0.039532174799945176 259
1739971408436 0.03945507559432996 260
1739971408457 0.0464017893148583 261
1739971408483 0.048520109143791824 262
1739971408507 0.04854754440999627 263
1739971408532 0.0467338852903892 264
1739971408557 0.04839117115199245 265
1739971408580 0.04250967300824245 266
1739971408606 0.04541938239677464 267
1739971408634 0.039772772337300054 268
1739971408658 0.04054963702992707 269
1739971408683 0.04397184911455379 270
1739971408708 0.043673115457751696 271
1739971408732 0.0456866425540571 272
1739971408753 0.034459024386257336 273
1739971408779 0.04665765410993343 274
1739971408806 0.05062012570345619 275
1739971408831 0.038973992593156544 276
1739971408855 0.03663945813281824 277
1739971408878 0.045569406602437953 278
1739971408901 0.042751948300585 279
1739971408926 0.04012283829852907 280
1739971408949 0.04275373763312806 281
1739971408972 0.03619500336243681 282
1739971408998 0.03365289506840543 283
1739971409021 0.03908858799141537 284
1739971409047 0.029305973834792106 285
1739971409070 0.028966960771854927 286
1739971409096 0.04035296113070497 287
1739971409120 0.036657035713987304 288
1739971409145 0.04000032910528716 289
1739971409242 0.03628415416549405 290
1739971409268 0.03566929937288819 291
1739971409294 0.04444793521606074 292
1739971409317 0.03960454401409399 293
1739971409342 0.04281198775957673 294
1739971409366 0.035916288321216606 295
1739971409391 0.03770900110725852 296
1739971409414 0.027525588699441262 297
1739971409438 0.03831068175092062 298
1739971409460 0.031097268046072987 299
1739971409482 0.042682906327559215 300
1739971409506 0.033916923213794026 301
1739971409532 0.03261549772973611 302
1739971409556 0.0339923486688387 303
1739971409581 0.033932391060259304 304
1739971409608 0.03642559062497103 305
1739971409633 0.03496248283299699 306
1739971409657 0.03602221278712883 307
1739971409680 0.03414987507568009 308
1739971409705 0.03374220336256864 309
1739971409729 0.05054036511068902 310
1739971409752 0.03539811866675789 311
1739971409775 0.03356334141992629 312
1739971409799 0.02750651990794343 313
1739971409823 0.03871964627966253 314
1739971409844 0.03187293895375533 315
1739971409868 0.027605762765572 316
1739971409891 0.039983255893694794 317
1739971409916 0.03920323624004375 318
1739971409939 0.03379706150880896 319
1739971409964 0.03619300530480884 320
1739971409987 0.03236618078545889 321
1739971410012 0.03216578242291479 322
1739971410034 0.04106923065368283 323
1739971410056 0.03686595639521858 324
1739971410080 0.03102988839958393 325
1739971410105 0.03243156066087354 326
1739971410129 0.028602230379594702 327
1739971410152 0.027197473282195413 328
1739971410177 0.03320170092882484 329
1739971410201 0.0383669076671212 330
1739971410224 0.02613343805863328 331
1739971410249 0.0353946697481816 332
1739971410274 0.03284287843199912 333
1739971410299 0.03888223773726376 334
1739971410324 0.03258916770886675 335
1739971410352 0.04035004024329987 336
1739971410380 0.034168593013845255 337
1739971410409 0.03756237105759457 338
1739971410443 0.03957244546272936 339
1739971410478 0.04004732257341124 340
1739971410513 0.03140297998799711 341
1739971410547 0.0280921698680353 342
1739971410577 0.0281394411652244 343
1739971410604 0.029737373102258928 344
1739971410632 0.041107534507779354 345
1739971410657 0.02835430874830886 346
1739971410681 0.026665847432554336 347
1739971410707 0.03438194128837357 348
1739971410732 0.03418225178961053 349
1739971410756 0.029608774968603577 350
1739971410778 0.030245170633782615 351
1739971410801 0.03181159168597367 352
1739971410825 0.04508778600346214 353
1739971410850 0.026307974658007244 354
1739971410873 0.025772874798867494 355
1739971410895 0.02786178120547532 356
1739971410921 0.035403535468559635 357
1739971410945 0.02526329745482122 358
1739971410970 0.03315272614382623 359
1739971410995 0.030469555801870406 360
1739971411020 0.032316251802906135 361
1739971411044 0.0310733856421714 362
1739971411069 0.030862952466014778 363
1739971411093 0.034222678298522706 364
1739971411119 0.02786202995326621 365
1739971411143 0.029115892197103903 366
1739971411168 0.028282193195474373 367
1739971411193 0.031331088808936 368
1739971411218 0.02668382036169941 369
1739971411242 0.02885881035286041 370
1739971411267 0.03254252863170325 371
1739971411290 0.02944373820994508 372
1739971411316 0.021298919560080294 373
1739971411340 0.02992947820915895 374
1739971411366 0.027988370188808297 375
1739971411391 0.03503218683719402 376
1739971411416 0.0339941878591148 377
1739971411441 0.021473395003096075 378
1739971411466 0.02947161206816499 379
1739971411491 0.029017566345959065 380
1739971411516 0.025700388789795005 381
1739971411541 0.033928600168987876 382
1739971411569 0.03303719033494677 383
1739971411596 0.03384387011099606 384
1739971411622 0.03066192000852779 385
1739971411649 0.028010665659498685 386
1739971411673 0.0321870423572581 387
1739971411705 0.03241503011639173 388
1739971411741 0.026837243914512098 389
1739971411770 0.024635254012304552 390
1739971411801 0.02830818952965879 391
1739971411833 0.027222322714201143 392
1739971411859 0.03833539674591729 393
1739971411886 0.03286640911238093 394
1739971411910 0.024811767045640986 395
1739971411936 0.019983543963324996 396
1739971411960 0.02586401598352728 397
1739971411986 0.03559842665634735 398
1739971412013 0.03106302277137507 399
1739971412038 0.02577619906815627 400
1739971412063 0.029896456380282797 401
1739971412089 0.032212113341048274 402
1739971412116 0.02967398122679892 403
1739971412142 0.02017934511616259 404
1739971412167 0.031410034620182534 405
1739971412194 0.02781925474777127 406
1739971412220 0.031353287444682854 407
1739971412247 0.033012323756318185 408
1739971412273 0.03337209764832211 409
1739971412298 0.033569092177972396 410
1739971412324 0.025360545664348345 411
1739971412350 0.03470592838772644 412
1739971412377 0.02654004799659841 413
1739971412401 0.023307597267222376 414
1739971412427 0.03450273451242652 415
1739971412452 0.02761302996556734 416
1739971412478 0.022935164063688413 417
1739971412503 0.027708786867155027 418
1739971412529 0.025615791972655143 419
1739971412554 0.03332157311877804 420
1739971412579 0.028147538470388443 421
1739971412604 0.035499448303281396 422
1739971412633 0.01974060856427026 423
1739971412659 0.03287438932700143 424
1739971412685 0.025167190545760193 425
1739971412712 0.027120083189106095 426
1739971412739 0.030992537161741208 427
1739971412767 0.029163541016278688 428
1739971412793 0.02844451662396699 429
1739971412821 0.02531832579537911 430
1739971412847 0.028324644601016028 431
1739971412872 0.030022151180078595 432
1739971412899 0.03674400587234791 433
1739971412926 0.02983253843351146 434
1739971412951 0.027601519653221034 435
1739971412976 0.02409238683158876 436
1739971413001 0.03151958010790529 437
1739971413028 0.03150343687111684 438
1739971413054 0.023630733061981216 439
1739971413081 0.03076844314620688 440
1739971413108 0.0308550979056431 441
1739971413134 0.03548959017679821 442
