1740014948954 106.10034213191125 0
1740014949049 60.311204692647635 1
1740014949147 55.32728965114445 2
1740014949242 27.41372309157786 3
1740014949337 26.31495745451991 4
1740014949442 19.697558833119306 5
1740014949538 14.366359302460289 6
1740014949631 14.480067252901183 7
1740014949731 7.838911334626333 8
1740014949825 13.20773223508942 9
1740014949919 8.527618322673401 10
1740014950010 9.552336970190515 11
1740014950109 4.2954789878955655 12
1740014950271 7.867741625709123 13
1740014950372 6.799700799400536 14
1740014950468 4.337391927387251 15
1740014950561 5.690152760892678 16
1740014950658 6.88714063941655 17
1740014950754 4.023560880206218 18
1740014950847 7.235565944608304 19
1740014950943 5.366475918394101 20
1740014951035 6.543464762135012 21
1740014951139 3.5360760006767755 22
1740014951246 9.452690783244112 23
1740014951338 4.297340852996728 24
1740014951428 7.994183211196423 25
1740014951520 4.909371679137765 26
1740014951613 4.243642610045018 27
1740014951704 3.951511678285341 28
1740014951795 3.492241958702654 29
1740014951889 3.7756730942120895 30
1740014951987 4.859032846954241 31
1740014952086 4.467324592520444 32
1740014952184 2.3334821012963456 33
1740014952279 7.005046962888491 34
1740014952376 3.1784208193926973 35
1740014952472 3.7552996543438675 36
1740014952568 4.299589293269569 37
1740014952660 6.219847473550527 38
1740014952761 5.934474433738903 39
1740014952859 4.1615943584892525 40
