1739969372928 1.8038132737994992 0
1739969373012 0.8819541061379531 1
1739969373099 1.470558173860614 2
1739969373181 1.0494437257963307 3
1739969373265 0.26550390481488056 4
1739969373349 0.9108193906104037 5
1739969373433 0.14543316826505126 6
1739969373521 0.16641697120557467 7
1739969373603 0.027338990724898097 8
1739969373685 0.3581840951797033 9
1739969373769 0.011361171346411722 10
1739969373852 0.8278069944248586 11
1739969373934 0.38792614326537317 12
1739969374017 0.17594266156844793 13
1739969374179 0.055228579287266655 14
1739969374277 1.0866316407906769 15
1739969374362 0.16209203621903637 16
1739969374445 0.3598494295889256 17
1739969374528 0.5547523647573368 18
1739969374611 0.3599570658265621 19
1739969374694 0.35909357843657747 20
1739969374778 0.1119974050055104 21
1739969374860 0.5347002510403923 22
1739969374942 0.28309867993955157 23
1739969375024 0.2757925258578375 24
1739969375108 0.01948042353549337 25
1739969375189 0.870665499675508 26
1739969375273 0.030767852770452655 27
1739969375356 0.39197231189541965 28
1739969375441 0.25498212987673174 29
1739969375523 0.06889764767391547 30
1739969375606 0.11153392644614767 31
1739969375687 0.49912489547655187 32
1739969375768 0.20237347787080764 33
1739969375850 0.43428175109181016 34
1739969375931 0.3541420099552349 35
1739969376013 0.05846084360657495 36
1739969376096 0.15179584597651244 37
1739969376177 0.09914080203994217 38
1739969376259 0.0973897707764706 39
1739969376343 0.3187268294795094 40
1739969376425 0.23175042717028368 41
1739969376507 0.31485386681711364 42
1739969376589 0.3946244138997605 43
1739969376675 0.24564888517867495 44
1739969376777 0.023482263305858578 45
1739969376853 0.11833876056234408 46
1739969376933 0.5286312188089647 47
1739969377006 0.05777150950139872 48
1739969377087 0.003003000043628018 49
1739969377162 0.13041769837911843 50
1739969377232 0.26856465548224917 51
1739969377302 0.4256359317952598 52
1739969377376 0.04760749174985621 53
1739969377448 0.031741930102517 54
1739969377522 0.36172219248983295 55
1739969377595 0.0018863758028540185 56
1739969377682 0.4185414827194246 57
1739969377792 0.37783754754747717 58
1739969377877 0.58421731053744 59
1739969377965 0.0067024078091227944 60
1739969378051 0.128511189986466 61
1739969378141 0.5118594214472979 62
1739969378234 0.19576987479647082 63
1739969378329 0.2862838715010182 64
1739969378418 0.012716227339706107 65
1739969378506 0.27291036962389087 66
1739969378591 0.22453119988609982 67
1739969378696 0.040552909125434126 68
1739969378769 0.17097168683986783 69
1739969378841 0.10887112229582753 70
1739969378925 0.327050366480986 71
1739969379000 0.06720041446395353 72
1739969379075 0.006564798352618401 73
1739969379158 0.5251755776503989 74
1739969379236 0.03438176831920253 75
1739969379308 0.16997746746127307 76
1739969379391 0.8374652655545113 77
1739969379461 0.004143914713969271 78
1739969379539 0.5300498334175687 79
1739969379617 0.2428810784447353 80
1739969379687 0.5060113610615303 81
1739969379761 0.006445243709661797 82
1739969379845 0.26249960440625375 83
1739969379920 0.11955213881473782 84
1739969379994 0.052642261663756955 85
1739969380081 0.00028715860690235615 86
1739969380162 0.13543518069336624 87
1739969380238 0.11589631680277837 88
1739969380317 0.22987304789387705 89
1739969380397 0.07971816682052939 90
1739969380483 0.23085450742942012 91
1739969380566 0.05082984025295366 92
1739969380650 0.02268607867291948 93
1739969380732 0.01761603216155879 94
1739969380812 0.06369586097400054 95
1739969380913 0.1838733518079291 96
1739969380990 0.467358044848379 97
1739969381063 0.15475755462654242 98
1739969381140 0.02107227768282298 99
1739969381211 0.3474537240437027 100
1739969381283 0.1907144953200295 101
1739969381359 0.1686513111630979 102
1739969381430 0.5976895164992269 103
1739969381504 0.5203611678642377 104
1739969381575 0.002962542386025527 105
1739969381649 0.19141117706325866 106
1739969381721 0.5265062019842333 107
1739969381794 0.3275187986210445 108
1739969381876 0.555037913873033 109
1739969381967 0.022697088318900546 110
1739969382053 0.006626091534802553 111
1739969382139 0.09112710927981221 112
1739969382221 0.015401207715112825 113
1739969382301 0.15252419902690056 114
1739969382388 0.6873672205884045 115
1739969382476 0.0014290437051455993 116
1739969382558 0.2809936007526784 117
1739969382645 0.3691018956568292 118
1739969382737 0.043086297472727506 119
1739969382831 0.7785735408436607 120
1739969382917 0.047332779626139035 121
1739969383001 0.596155575935717 122
1739969383085 0.005217122137064632 123
1739969383168 0.11350307959842007 124
1739969383253 0.09046491898072523 125
1739969383342 0.09653744480121623 126
1739969383426 0.2155340100376022 127
1739969383509 0.13915405020688043 128
1739969383592 0.23640812857983412 129
1739969383679 0.03685991548533595 130
1739969383762 0.011222235870131169 131
1739969383847 0.07449695487020375 132
1739969383930 0.12063272727325629 133
1739969384037 0.32235848111008336 134
1739969384121 0.5640493015969663 135
1739969384201 0.41339811941892746 136
1739969384284 0.37690781538551077 137
1739969384370 0.2652361386948221 138
1739969384454 0.10006006741561753 139
1739969384537 0.6687671006699744 140
1739969384621 0.14176498144549776 141
1739969384710 0.561083256517453 142
1739969384797 0.3048975468935052 143
1739969384888 0.019032345849737196 144
1739969384982 0.38540116812467917 145
1739969385067 0.3986187248241453 146
1739969385157 0.31772424694073165 147
1739969385241 0.14722349033409785 148
1739969385324 0.42420958595136177 149
1739969385408 0.827312069696337 150
1739969385497 0.039018378049179375 151
1739969385582 0.03287643071768044 152
1739969385663 0.12159635098768087 153
1739969385747 5.53773963845092e-06 154
1739969385830 0.008522408182437102 155
1739969385914 0.26997959421973156 156
1739969385998 0.20662336917604274 157
1739969386082 0.0009117581709678339 158
1739969386165 0.013470876296784748 159
1739969386253 0.15981006917464358 160
1739969386336 0.1835632895044203 161
1739969386419 0.32855483480019665 162
1739969386505 0.6249877807578047 163
1739969386588 0.18909429877801254 164
1739969386673 0.7808326231338956 165
1739969386756 0.2772630230754077 166
1739969386844 0.15180390925858675 167
1739969386928 0.026434424824872117 168
1739969387010 0.4424406307279252 169
1739969387095 0.013051030819850226 170
1739969387178 0.03653050121589046 171
1739969387258 0.7949514812002526 172
1739969387342 0.6033328195553569 173
1739969387423 2.878214888029149 174
1739969387506 0.23962333830903132 175
1739969387640 0.2194082747311569 176
1739969387732 0.19770704336496103 177
1739969387818 0.05914727342999559 178
1739969387902 0.5267334360341676 179
1739969387990 0.34193351233214614 180
1739969388076 0.2286554738141493 181
1739969388160 0.0977067080398596 182
1739969388245 0.5853538551064801 183
1739969388328 0.07315877869064755 184
1739969388416 0.008143940062985246 185
1739969388500 0.30343306753047117 186
1739969388586 0.16128536804602778 187
1739969388673 0.13858798561085567 188
1739969388756 0.7309414716181878 189
1739969388842 0.009445704477767962 190
1739969388930 0.44059788090524277 191
1739969389013 0.0018906131923091692 192
1739969389107 0.22985224940917248 193
1739969389190 0.15917836406592667 194
1739969389279 1.3203028985460348 195
1739969389370 0.7998414498537002 196
1739969389457 0.30651815265717397 197
1739969389544 0.302097747336928 198
1739969389631 0.2922791722187691 199
1739969389716 0.004092529065006378 200
1739969389806 0.04508957719269227 201
1739969389893 0.0438562329793065 202
1739969389979 0.02330111311411112 203
1739969390067 0.10663734305563999 204
1739969390156 0.23919292941141862 205
1739969390243 0.047299733025981394 206
1739969390328 0.13138809618193784 207
1739969390410 0.0004474499978074578 208
1739969390494 0.8136979420909951 209
1739969390583 0.012013069991038653 210
1739969390677 0.0005937224624148581 211
1739969390766 0.3640053559618711 212
1739969390854 0.07277510315443582 213
1739969390940 0.005477527418242949 214
1739969391026 0.1371590092659592 215
1739969391110 0.07858741670800692 216
1739969391194 0.42919075449462296 217
1739969391278 0.2204129934280746 218
1739969391366 0.00027283978993833077 219
1739969391450 0.13075595033270254 220
1739969391538 0.10967017821123407 221
1739969391622 0.460191668410549 222
1739969391706 0.13991594791601766 223
1739969391790 0.12742548361297457 224
1739969391898 0.020434212488367697 225
1739969391981 0.46261779038742323 226
1739969392065 0.0935666912126957 227
1739969392149 0.1806090998389619 228
1739969392230 0.0001638254166031686 229
1739969392311 0.00037146407816543664 230
1739969392396 0.0011330937161963908 231
1739969392479 0.2204307727279639 232
1739969392562 0.16125911514681732 233
1739969392644 0.11016230249511033 234
1739969392727 0.208589761487239 235
1739969392809 0.6187141775519506 236
1739969392891 0.003464621216427082 237
1739969392972 0.0941785150703698 238
1739969393054 0.00787746138636356 239
1739969393137 0.0844561471464857 240
1739969393218 0.08970780342079006 241
1739969393303 0.11362882894319588 242
1739969393389 0.07639212080960989 243
1739969393473 0.13891280061764236 244
1739969393558 0.21832126167390947 245
1739969393641 0.5298002015934242 246
1739969393723 0.10298759297487581 247
1739969393805 0.14330937680485198 248
1739969393887 0.41647983072603584 249
1739969393970 0.5063057387020657 250
1739969394054 0.06529648457671498 251
1739969394141 0.031759692251179 252
1739969394225 0.021363578778878588 253
1739969394307 0.024636338469921665 254
1739969394390 0.07926222330956582 255
1739969394472 0.017583386895573976 256
1739969394556 0.06076056857734568 257
1739969394639 0.03683755312921018 258
1739969394728 0.513370462186512 259
1739969394814 0.10720177957006043 260
1739969394898 0.19306893931576105 261
1739969394984 0.0006746546342402235 262
1739969395070 0.027457921527938522 263
1739969395183 0.06212794418146076 264
1739969395263 0.0035387970077442685 265
1739969395345 0.003946800206840468 266
1739969395428 0.5291803116830514 267
1739969395511 0.10589023199414377 268
1739969395594 0.30759327689851035 269
1739969395674 0.15165187454958845 270
1739969395758 0.2568340193549951 271
1739969395840 0.000410777872637367 272
1739969395921 0.32174792947012987 273
1739969396002 0.44227515369495063 274
1739969396087 0.042149036950526735 275
1739969396168 0.7953060685787603 276
1739969396251 0.6101656942975451 277
1739969396336 0.39444621702000027 278
1739969396418 0.10377694986862133 279
1739969396501 0.03356920575611302 280
1739969396585 0.41072905997014275 281
1739969396666 0.10358567843809316 282
1739969396747 0.03849803468802601 283
1739969396830 0.0735699225428886 284
1739969396911 0.1730003373929622 285
1739969396992 0.294515149895496 286
1739969397073 0.012779756455979212 287
1739969397154 0.06079582839216791 288
1739969397238 0.05557799544386548 289
1739969397319 0.16923727075688333 290
1739969397402 0.14655771627078476 291
1739969397483 0.01926872254442271 292
1739969397565 0.021034813068273605 293
1739969397646 0.03917624141018367 294
1739969397728 0.09833786530608911 295
1739969397811 0.3078890984635735 296
1739969397890 0.5782172144564696 297
1739969397971 0.05168542434678564 298
1739969398053 0.2734249027312397 299
1739969398140 0.025600776297642014 300
1739969398220 0.007912810943017153 301
1739969398301 0.02974364110325585 302
1739969398382 0.384591200713752 303
1739969398464 0.009787286738888819 304
1739969398547 0.602709339938533 305
1739969398677 0.2211712918785954 306
1739969398761 0.5523586855022116 307
1739969398844 0.503068814701702 308
1739969398926 0.29985185741980463 309
1739969399007 0.09384440999170218 310
1739969399092 0.4799923245273446 311
1739969399175 0.46518814055289764 312
