1739969294775 0.26503470792998024 0
1739969294847 1.4949587940520839 1
1739969294938 0.8856319387554874 2
1739969295017 1.353532839250341 3
1739969295105 0.13738144272695818 4
1739969295191 0.29163651390486284 5
1739969295268 0.5262792596066611 6
1739969295347 0.024288473198609897 7
1739969295424 0.07324047649177508 8
1739969295502 0.23880991468328777 9
1739969295583 0.030859366327146504 10
1739969295661 0.47634321144131414 11
1739969295740 0.0926349902213698 12
1739969295820 0.8847630592560499 13
1739969295896 0.012409345569312863 14
1739969295977 0.2260909845116864 15
1739969296056 0.02450873523364784 16
1739969296135 0.060766864128409814 17
1739969296209 0.006659839818824153 18
1739969296284 0.6251227146986426 19
1739969296360 0.16254871491909026 20
1739969296434 0.6487474625510155 21
1739969296509 0.0023360253188583094 22
1739969296592 0.00012981149262773265 23
1739969296665 0.4637389276133245 24
1739969296741 0.5328449561622971 25
1739969296816 0.5328680752874565 26
1739969296898 0.22948954345391515 27
1739969296976 0.14550822408756575 28
1739969297056 0.009116515417208213 29
1739969297132 0.0022363958634683853 30
1739969297209 0.2234392402040708 31
1739969297286 0.003358066665978424 32
1739969297367 0.5335905352123419 33
1739969297448 0.6107370440827171 34
1739969297527 0.1567579023298033 35
1739969297609 0.03387668891727577 36
1739969297689 0.008449071297831729 37
1739969297819 0.7370152607630214 38
1739969297894 0.08830598791504785 39
1739969297970 0.08505406903832502 40
1739969298048 0.39069526309251856 41
1739969298128 0.25089926836689175 42
1739969298205 0.003942506559660612 43
1739969298281 0.12620148115829782 44
1739969298357 0.08590939105392116 45
1739969298436 0.026051329424464146 46
1739969298512 0.40906825971349015 47
1739969298590 0.25698406174258653 48
1739969298666 0.29423446207395965 49
1739969298741 0.05855794307198143 50
1739969298813 0.008901761430826828 51
1739969298892 0.2529417627362997 52
1739969298964 0.22412224150256296 53
1739969299040 0.20825146191065144 54
1739969299116 0.014350828914361504 55
1739969299192 0.2739517968080484 56
1739969299265 0.6749994136917588 57
1739969299340 0.5375962415734573 58
1739969299418 0.040978095041784415 59
1739969299493 0.006815335440164614 60
1739969299574 0.43259070799537547 61
1739969299651 0.21262560944674047 62
1739969299731 0.17137801359164093 63
1739969299811 0.018187358047981717 64
1739969299894 0.5502538883207206 65
1739969299973 0.5760008631512905 66
1739969300050 0.28373947000285926 67
1739969300133 0.24056790721613988 68
1739969300212 0.7665102559560972 69
1739969300290 0.299361604494716 70
1739969300370 0.28022591663111057 71
1739969300447 0.06174148582477532 72
1739969300526 0.5378563918276682 73
1739969300630 0.27895465370788464 74
1739969300708 0.8103728474608939 75
1739969300789 0.34445523443974063 76
1739969300867 0.2509303876544033 77
1739969300945 0.22402246197871506 78
1739969301022 0.005799404861050965 79
1739969301102 0.21129792769688086 80
1739969301181 0.0003789829449046188 81
1739969301260 0.015172020385560455 82
1739969301342 0.37251249854369356 83
1739969301437 0.12030434536215702 84
1739969301514 0.17489831132028388 85
1739969301594 0.0043145434427634445 86
1739969301668 0.07759117482375545 87
1739969301744 0.07480354409433325 88
1739969301817 0.01752200239639289 89
1739969301890 0.22315555536724563 90
1739969301967 0.011719460221868302 91
1739969302043 0.0941666970710794 92
1739969302119 0.07219279816756324 93
1739969302193 0.014886334638696472 94
1739969302269 0.08907199511118322 95
1739969302345 0.14379452497348433 96
1739969302422 0.1743301350366862 97
1739969302499 0.3505825149377432 98
1739969302578 0.1067368401502116 99
1739969302651 0.03372766013872258 100
1739969302724 0.3502372010766113 101
1739969302805 0.11691164673103795 102
1739969302883 0.07715571940143391 103
1739969302962 0.1927831599526422 104
1739969303037 0.015321581666414827 105
1739969303110 0.056222685038611636 106
1739969303183 0.21461374359055585 107
1739969303259 0.2461422000129754 108
1739969303336 0.3429979408465401 109
1739969303468 0.0511641390864254 110
1739969303544 0.158413869780756 111
1739969303619 0.05052659665027981 112
1739969303696 0.14921335865218602 113
1739969303771 0.5837205926211599 114
1739969303843 0.4739222404022611 115
1739969303916 0.21831558025877504 116
1739969303996 0.006479716354643344 117
1739969304073 0.011399166762491189 118
1739969304149 0.08046938913539528 119
1739969304223 0.10253457495575431 120
1739969304298 0.17608063724340478 121
1739969304374 0.08070039431809019 122
1739969304452 0.018167082499826355 123
1739969304525 0.15233555046159197 124
1739969304602 0.23457324731575213 125
1739969304677 0.4994368712081078 126
1739969304751 0.006340608157714969 127
1739969304832 0.2680169214918953 128
1739969304910 0.11932685907142651 129
1739969304985 0.0464213862493849 130
1739969305064 0.2204380698686135 131
1739969305139 0.059228076497673775 132
1739969305212 0.010793057496195411 133
1739969305287 0.02789629862161911 134
1739969305368 0.5025950237582089 135
1739969305447 0.18546266820599017 136
1739969305527 0.3310079649374502 137
1739969305611 0.23299299006778215 138
1739969305690 0.0005626024266675163 139
1739969305769 0.20034940922115035 140
1739969305854 0.0032170675635070224 141
1739969305932 0.019317388855294295 142
1739969306011 0.001623645360277394 143
1739969306092 0.13677097919086595 144
1739969306175 0.3528118577446492 145
1739969306258 0.27765806303649515 146
1739969306339 0.07310806241639747 147
1739969306418 0.22739571758044588 148
1739969306498 0.012880908844391852 149
1739969306579 0.4861562828791664 150
1739969306654 0.06986634407684383 151
1739969306729 0.46963085158539775 152
1739969306807 0.6277195573214353 153
1739969306882 0.29900038251570843 154
1739969306957 0.22444357281971866 155
1739969307036 0.1498662329266192 156
1739969307115 0.3934448200034772 157
1739969307191 0.05158930578031544 158
1739969307266 0.16632904629937073 159
1739969307343 0.030496708436144188 160
1739969307424 0.36041238172102424 161
1739969307502 0.24632596273455115 162
1739969307581 0.46417485371164563 163
1739969307657 0.06722581281338375 164
1739969307738 0.008229680668632692 165
1739969307844 0.12785206676917357 166
1739969307917 0.3152465877011305 167
1739969307993 0.05866590175493762 168
1739969308068 0.06724375174007453 169
1739969308148 0.0453589701192811 170
1739969308224 0.3053407425644878 171
1739969308296 0.24212036295286765 172
1739969308373 0.4586867403004316 173
1739969308453 0.24489320772995887 174
1739969308527 0.18921751177742938 175
1739969308605 0.030307788664804044 176
1739969308699 0.11027188302268358 177
1739969308808 0.1297387254277831 178
1739969308882 0.48358073190024076 179
1739969308963 0.022736751708109147 180
1739969309036 0.5779950221211263 181
1739969309115 0.06956237530602304 182
1739969309191 0.06827640962920148 183
1739969309264 0.14426412123159507 184
1739969309343 0.11636027441795634 185
1739969309418 0.29209844483291547 186
1739969309494 0.10889369242342023 187
1739969309572 1.5892093320196023 188
1739969309647 0.3259285086457314 189
1739969309722 0.467454360970746 190
1739969309835 0.10191474694817253 191
1739969309914 0.09061470823461809 192
1739969309992 0.49719007098022855 193
1739969310068 0.09252812365987682 194
1739969310145 0.1457747004947689 195
1739969310217 0.36907457095577556 196
1739969310296 0.43322103186267497 197
1739969310373 0.25351874944029457 198
1739969310447 0.27338829299313655 199
1739969310524 0.10359658456217921 200
1739969310604 1.063564088666804 201
1739969310678 0.19137216312438685 202
1739969310757 0.041348167965865074 203
1739969310833 0.4311466512429775 204
1739969310906 0.28146916093695534 205
1739969310978 0.5084088729763162 206
1739969311055 0.5312247288592945 207
1739969311129 0.07220991229404915 208
1739969311201 0.005927082820150317 209
1739969311276 0.02891903275220301 210
1739969311357 0.060814120532898745 211
1739969311431 0.004887949456504803 212
1739969311506 0.2739929785221695 213
1739969311582 0.24615992846802828 214
1739969311658 0.012484246482431583 215
1739969311736 0.18724570696505688 216
1739969311812 0.0874491832945546 217
1739969311888 0.3143450995037799 218
1739969311960 0.044995924653866204 219
1739969312040 0.0315071197915662 220
1739969312116 0.0509345763602368 221
1739969312190 0.2306262692923058 222
1739969312266 0.2557772429741466 223
1739969312341 0.02496878551557586 224
1739969312412 0.03535182652593562 225
1739969312489 0.5738450784898957 226
1739969312568 0.10354662660276184 227
1739969312647 0.03506371681116523 228
1739969312726 0.3788878214799235 229
1739969312808 0.004849027170022768 230
1739969312887 0.005039577847932463 231
1739969312964 0.0563885177338207 232
1739969313040 0.3421538614352506 233
1739969313119 0.8159977088123967 234
1739969313198 0.01422679399518816 235
1739969313278 0.05576295667103603 236
1739969313357 0.09869465875088426 237
1739969313433 0.19829204958546023 238
1739969313508 0.06885192304486176 239
1739969313587 0.4870205755410305 240
1739969313663 0.17281635535342943 241
1739969313737 0.12004463721603023 242
1739969313817 0.22569605263122994 243
1739969313893 0.43016446629500354 244
1739969313968 0.4423330531059932 245
1739969314047 0.2460647193694762 246
1739969314135 0.5329045419378966 247
1739969314208 0.27957241570721686 248
1739969314282 0.2578235490951759 249
1739969314355 0.01967321782650012 250
1739969314430 0.5255298667952042 251
1739969314505 0.017660040983570973 252
1739969314581 0.170102632610841 253
1739969314652 0.3096085142357367 254
1739969314724 0.2949619988528544 255
1739969314795 0.3074060038801244 256
1739969314867 0.07156879873586264 257
1739969314940 0.004340789623206759 258
1739969315013 4.5279098607093083e-05 259
1739969315090 0.12754772877109846 260
1739969315162 0.346201717875737 261
1739969315234 0.3430318000423574 262
1739969315309 0.33674124297873215 263
1739969315388 0.06829276720926367 264
1739969315464 0.6792564951534792 265
1739969315541 0.2811587991793993 266
1739969315616 0.47486249918046436 267
1739969315692 0.582564222610445 268
1739969315764 0.13571525676711965 269
1739969315838 0.3256676641377896 270
1739969315914 0.18246095515655353 271
1739969315989 0.3128185736152068 272
1739969316065 0.37919433632814153 273
1739969316142 0.014151880048155548 274
1739969316216 0.1039219022541375 275
1739969316291 1.196385673647892 276
1739969316365 0.26602294523018893 277
1739969316442 0.3809499200765591 278
1739969316518 0.14414963055028465 279
1739969316595 0.420867612168975 280
1739969316668 0.0034082086361956684 281
1739969316743 0.1523731786980248 282
1739969316816 0.8642110022344173 283
1739969316891 0.009102445070472321 284
1739969316962 0.008189465748674525 285
1739969317033 0.046345638429051206 286
1739969317108 0.17340073019511898 287
1739969317179 0.1290084667059475 288
1739969317251 0.0356965751913072 289
1739969317325 0.716434347314688 290
1739969317399 0.0068672391944531 291
1739969317472 0.18045584398392614 292
1739969317544 0.4153320590280392 293
1739969317621 0.5176472590340875 294
1739969317689 0.22181777506952224 295
1739969317759 0.0858457937878551 296
1739969317828 0.23088462604050944 297
1739969317897 0.10296016359444111 298
1739969317969 0.1515159374005156 299
1739969318037 0.08316118209952347 300
1739969318110 0.06418510733299312 301
1739969318176 0.004371523735951079 302
1739969318243 0.12888064636908142 303
1739969318308 0.014076921534311535 304
1739969318375 0.3056484228919285 305
1739969318442 0.016617961765668442 306
1739969318511 0.05326358422190516 307
1739969318579 0.03438340969546458 308
1739969318644 0.17354148229954655 309
1739969318710 0.28760306474405967 310
1739969318775 0.14342893925544128 311
1739969318841 2.784987240396425 312
1739969318906 0.05819363118480256 313
1739969318976 0.8750594103308178 314
1739969319044 0.1382982837630818 315
1739969319116 0.20515887262247834 316
1739969319182 0.5589843616424255 317
1739969319250 0.1145225696832561 318
1739969319317 0.6108550746770454 319
1739969319383 0.037890185506663766 320
1739969319448 0.49239288462756786 321
1739969319515 0.3666255691494868 322
1739969319583 0.33312744189429305 323
1739969319652 0.0029202716215083703 324
1739969319717 1.4474252502394631 325
1739969319782 0.015476070544463932 326
1739969319847 0.14787604140606228 327
1739969319913 0.16397453487174332 328
1739969319983 0.08223501325473397 329
1739969320059 0.020298890196319756 330
1739969320133 0.14078446421619456 331
1739969320200 0.23508538757667244 332
1739969320264 0.12948110512205593 333
1739969320332 0.09101415910141784 334
1739969320397 0.25148663320905457 335
1739969320463 0.618798483163849 336
1739969320534 0.17851908745781603 337
1739969320604 0.3817460462106642 338
1739969320668 0.49398738250023455 339
1739969320734 0.07240853298666061 340
1739969320820 0.46776366020663795 341
1739969320888 0.38888127155901264 342
1739969320954 0.007224036928552014 343
1739969321019 0.04810484266411588 344
1739969321091 0.10452594742137242 345
1739969321155 0.08187530688695896 346
1739969321218 0.5651246402325799 347
1739969321284 0.27115945919239043 348
1739969321355 0.6601780336343751 349
1739969321441 0.05342895229145199 350
1739969321512 0.2771413811607854 351
1739969321581 0.019770422693713725 352
1739969321647 0.08562794692901163 353
1739969321711 0.20687013471134372 354
1739969321776 0.20569375435825354 355
1739969321841 0.11832007449524633 356
1739969321906 0.1543729864084932 357
1739969321971 0.006613756467546108 358
1739969322045 0.0009860829390114527 359
1739969322118 0.004069594318030499 360
1739969322187 0.23576762111208632 361
1739969322252 0.23403803157667255 362
1739969322317 0.24880318338516008 363
1739969322385 0.46899839560672085 364
1739969322450 0.15228366009883856 365
1739969322516 0.08332643463199536 366
1739969322584 0.15857682552598065 367
1739969322651 0.09856847662042367 368
1739969322717 0.14311278294715912 369
1739969322784 0.3899380365159029 370
1739969322861 0.302195543732328 371
1739969322938 0.27468276581163587 372
1739969323016 0.17046632000283554 373
1739969323095 0.06240355274875187 374
1739969323174 0.04638891111719976 375
1739969323252 0.1598538301744641 376
1739969323331 0.06225743331339093 377
1739969323410 0.5611535795573559 378
1739969323487 0.034608065339429506 379
1739969323568 0.6068868835875803 380
1739969323645 0.3401477665768762 381
1739969323713 0.395474062940813 382
1739969323783 0.012789007473692415 383
1739969323860 0.32741868728331147 384
1739969323929 1.5616242374436895 385
1739969323996 0.4388392653971553 386
1739969324073 0.6893280421519387 387
1739969324147 0.09789092405467921 388
1739969324224 0.00023116766582229986 389
1739969324301 0.09769119851065058 390
1739969324379 9.834818541235993e-07 391
1739969324454 0.20112566386766068 392
1739969324532 0.10426994403073665 393
1739969324611 0.24185201465019493 394
1739969324692 0.03061599381783594 395
1739969324773 0.09550762810037967 396
1739969324849 0.13177334561071136 397
1739969324928 0.18828907174557086 398
1739969325006 0.0714765945168818 399
1739969325083 0.06698508275481432 400
1739969325165 0.10304939699311513 401
1739969325243 0.12917289611470784 402
1739969325322 0.16781449147658736 403
1739969325399 0.023666165159602518 404
1739969325477 0.00015498959593133544 405
1739969325553 0.002706353081104481 406
1739969325632 0.6018431157260187 407
1739969325708 0.04383348162412078 408
1739969325777 0.09352261891062091 409
1739969325842 0.1590379531483711 410
1739969325909 0.01349489393183179 411
1739969325978 0.08944477601921887 412
1739969326051 0.040913348499870585 413
1739969326125 0.24775787883313358 414
1739969326204 0.7327657350025292 415
1739969326282 0.19010668833024075 416
1739969326361 0.2951289971803156 417
1739969326438 0.012413739684600706 418
1739969326515 0.23894077164193794 419
1739969326593 0.0863638050244959 420
1739969326671 0.35347946801873203 421
1739969326749 0.38112644587221334 422
1739969326827 0.21000975372745273 423
1739969326906 0.06828960529240782 424
1739969326983 0.06680122893421879 425
1739969327061 0.1574114359152386 426
1739969327141 0.14697207080511426 427
1739969327220 0.007569569561171728 428
1739969327297 0.5975105471812032 429
1739969327376 0.76675652996884 430
1739969327454 0.013269967438368445 431
1739969327530 0.06907642562908997 432
1739969327661 0.2708247842595339 433
1739969327743 0.08753176432661502 434
1739969327821 0.1681221645577974 435
1739969327893 0.21556439229597285 436
1739969327969 0.43557033007850254 437
1739969328051 0.022890032045699317 438
1739969328128 0.0003148919425846218 439
1739969328206 0.025733341598866567 440
1739969328281 0.31814484561335277 441
1739969328357 0.846100895671475 442
1739969328428 0.009737448634598403 443
1739969328499 0.11961068335335673 444
1739969328577 0.2594754265714333 445
1739969328657 0.10987545654563792 446
1739969328729 0.03778975958114723 447
1739969328801 0.015656682566908574 448
1739969328876 0.05253636849151572 449
1739969328946 0.228753549195111 450
1739969329017 0.33915414418204665 451
1739969329096 0.6138477744190749 452
1739969329173 0.5635741308901838 453
1739969329247 1.0693411048092587 454
1739969329321 0.014598400787589278 455
1739969329394 0.001396901378636815 456
1739969329463 0.6228460666187334 457
1739969329540 0.06379895895388084 458
1739969329620 0.17474345016505644 459
1739969329705 0.13878902546315391 460
1739969329785 0.16283875656967017 461
1739969329856 0.10464659646246405 462
1739969329929 0.46994021919116574 463
1739969330006 0.0007235429084928472 464
1739969330081 0.2661837004809985 465
1739969330164 0.017288333792875633 466
1739969330236 0.7856543216825199 467
1739969330304 0.1111306478470569 468
1739969330377 0.10112362303745806 469
1739969330448 3.610192365364124e-06 470
1739969330527 0.5872505819267689 471
1739969330597 0.034767293018997995 472
1739969330677 0.4879977280234041 473
1739969330770 0.4401487969416212 474
1739969330842 0.26356568298927807 475
1739969330911 0.07783616591070155 476
1739969330981 0.6431910642402259 477
1739969331051 0.01703423762738008 478
1739969331129 0.17025737732260124 479
1739969331202 0.03527277392841918 480
1739969331280 5.546998360434079e-07 481
1739969331352 0.1388085140812445 482
1739969331420 0.01553782927882343 483
1739969331503 0.6098525843597017 484
1739969331581 0.2773131313927625 485
1739969331659 0.2198997871084404 486
1739969331774 0.7290466083179709 487
1739969331839 0.00022044189817805107 488
1739969331908 0.0526046809714293 489
1739969331975 0.1926842043431278 490
1739969332050 0.00047060810095444464 491
1739969332126 0.4849334351710873 492
1739969332197 0.2238663626636229 493
1739969332265 0.07990004348035389 494
1739969332336 0.29585206790936996 495
1739969332405 0.3643829073679562 496
1739969332470 0.2778544266639772 497
1739969332546 0.009225211058137596 498
1739969332661 0.024142933002795172 499
