1740010603833 189.181937141609 0
1740010603864 189.161461404648 1
1740010603886 189.14239714285398 2
1740010603911 189.12333477146683 3
1740010603933 189.10427436455592 4
1740010603956 189.08521592191263 5
1740010603980 189.0661594433324 6
1740010604003 189.04710492861062 7
1740010604025 189.0280523775428 8
1740010604050 189.0090017899243 9
1740010604075 188.98995316555067 10
1740010604096 188.9709065042174 11
1740010604117 188.95186180572 12
1740010604139 188.93281906985402 13
1740010604166 188.91377829641502 14
1740010604189 188.8947394851986 15
1740010604214 188.8757026360004 16
1740010604237 188.85666774861605 17
1740010604259 188.83763482284112 18
1740010604283 188.81860385847133 19
1740010604306 188.7995748553024 20
1740010604328 188.78054781313006 21
1740010604350 188.76152273175003 22
1740010604373 188.74249961095805 23
1740010604396 188.72347845054992 24
1740010604418 188.70445925032143 25
1740010604440 188.6854420100684 26
1740010604461 188.66642672958673 27
1740010604488 188.64741340867224 28
1740010604509 188.62840204712083 29
1740010604532 188.6093926447284 30
1740010604554 188.5903852012909 31
1740010604578 188.57137971660424 32
1740010604601 188.55237619046443 33
1740010604626 188.53337462266745 34
1740010604647 188.51437501300938 35
1740010604672 188.49537736128616 36
1740010604703 188.47638166729388 37
1740010604725 188.4573879308287 38
1740010604747 188.4383961516866 39
1740010604769 188.4194063296638 40
1740010604793 188.4004184645564 41
1740010604820 188.38143255616055 42
1740010604843 188.3624486042725 43
1740010604865 188.34346660868837 44
1740010604887 188.32448656920448 45
1740010604910 188.30550848561705 46
1740010604937 188.28653235772234 47
1740010604962 188.26755818531666 48
1740010604987 188.2485859681963 49
1740010605015 188.22961570615763 50
1740010605041 188.21064739899697 51
1740010605067 188.19168104651078 52
1740010605150 188.17271664849537 53
1740010605177 188.15375420474717 54
1740010605200 188.13479371506267 55
1740010605223 188.11583517923836 56
1740010605255 188.09687859707066 57
1740010605282 188.07792396835606 58
1740010605308 188.05897129289116 59
1740010605332 188.0400205704725 60
1740010605355 188.0210718008966 61
1740010605378 188.00212498396016 62
1740010605402 187.98318011945966 63
1740010605423 187.96423720719181 64
1740010605445 187.94529624695323 65
1740010605467 187.92635723854067 66
1740010605491 187.90742018175075 67
1740010605516 187.88848507638022 68
1740010605538 187.86955192222584 69
1740010605560 187.8506207190844 70
1740010605582 187.8316914667526 71
1740010605605 187.8127641650273 72
1740010605628 187.7938388137053 73
1740010605651 187.77491541258348 74
1740010605674 187.75599396145873 75
1740010605696 187.73707446012784 76
1740010605719 187.71815690838787 77
1740010605742 187.69924130603565 78
1740010605763 187.68032765286813 79
1740010605785 187.66141594868233 80
1740010605809 187.64250619327524 81
1740010605832 187.62359838644386 82
1740010605853 187.60469252798526 83
1740010605875 187.5857886176965 84
1740010605897 187.56688665537462 85
1740010605919 187.54798664081676 86
1740010605941 187.52908857382005 87
1740010605962 187.5101924541816 88
1740010605984 187.49129828169868 89
1740010606007 187.47240605616832 90
1740010606030 187.45351577738785 91
1740010606054 187.43462744515443 92
1740010606076 187.41574105926534 93
1740010606098 187.3968566195179 94
1740010606123 187.3779741257094 95
1740010606144 187.35909357763703 96
1740010606165 187.34021497509826 97
1740010606187 187.32133831789042 98
1740010606209 187.30246360581086 99
1740010606231 187.28359083865703 100
1740010606253 187.2647200162263 101
1740010606275 187.24585113831614 102
1740010606297 187.226984204724 103
1740010606321 187.20811921524742 104
1740010606343 187.1892561696838 105
1740010606365 187.1703950678308 106
1740010606386 187.1515359094859 107
1740010606411 187.13267869444667 108
1740010606439 187.1138234225107 109
1740010606462 187.0949700934756 110
1740010606484 187.076118707139 111
1740010606506 187.0572692632986 112
1740010606529 187.03842176175206 113
1740010606551 187.01957620229703 114
1740010606572 187.0007325847313 115
1740010606594 186.98189090885256 116
1740010606617 186.96305117445863 117
1740010606640 186.94421338134723 118
1740010606662 186.9253775293162 119
1740010606685 186.90654361816337 120
1740010606707 186.88771164768653 121
1740010606731 186.86888161768357 122
1740010606755 186.85005352795244 123
1740010606777 186.831227378291 124
1740010606798 186.81240316849716 125
1740010606820 186.79358089836896 126
1740010606843 186.77476056770428 127
1740010606865 186.75594217630115 128
1740010606886 186.73712572395758 129
1740010606908 186.71831121047165 130
1740010606930 186.69949863564133 131
1740010606952 186.68068799926482 132
1740010606973 186.6618793011401 133
1740010606995 186.64307254106538 134
1740010607017 186.62426771883872 135
1740010607045 186.60546483425838 136
1740010607067 186.58666388712248 137
1740010607089 186.5678648772292 138
1740010607110 186.54906780437688 139
1740010607133 186.53027266836366 140
1740010607158 186.5114794689879 141
1740010607180 186.49268820604777 142
1740010607201 186.4738988793417 143
1740010607223 186.45511148866797 144
1740010607245 186.4363260338249 145
1740010607268 186.417542514611 146
1740010607295 186.39876093082452 147
1740010607316 186.37998128226388 148
1740010607340 186.36120356872763 149
1740010607364 186.34242779001417 150
1740010607386 186.323653945922 151
1740010607408 186.30488203624955 152
1740010607430 186.2861120607954 153
1740010607454 186.26734401935812 154
1740010607477 186.24857791173625 155
1740010607499 186.22981373772834 156
1740010607522 186.211051497133 157
1740010607545 186.19229118974903 158
1740010607569 186.1735328153748 159
1740010607591 186.15477637380917 160
1740010607612 186.1360218648508 161
1740010607634 186.1172692882984 162
1740010607657 186.0985186439506 163
1740010607679 186.07976993160634 164
1740010607701 186.06102315106426 165
1740010607723 186.0422783021232 166
1740010607745 186.02353538458198 167
1740010607771 186.00479439823945 168
1740010607793 185.98605534289447 169
1740010607815 185.96731821834592 170
1740010607836 185.94858302439266 171
1740010607860 185.92984976083363 172
1740010607882 185.91111842746784 173
1740010607904 185.89238902409417 174
1740010607925 185.87366155051168 175
1740010607947 185.85493600651932 176
1740010607970 185.8362123919162 177
1740010607993 185.81749070650125 178
1740010608015 185.79877095007362 179
1740010608036 185.7800531224324 180
1740010608063 185.7613372233767 181
1740010608086 185.7426232527056 182
1740010608109 185.72391121021838 183
1740010608130 185.70520109571407 184
1740010608152 185.68649290899197 185
1740010608176 185.66778664985122 186
1740010608198 185.6490823180912 187
1740010608219 185.63037991351098 188
1740010608241 185.61167943591 189
1740010608264 185.59298088508746 190
1740010608286 185.57428426084277 191
1740010608308 185.5555895629752 192
1740010608330 185.53689679128416 193
1740010608351 185.51820594556898 194
1740010608377 185.49951702562913 195
1740010608399 185.48083003126405 196
1740010608421 185.46214496227316 197
1740010608442 185.4434618184559 198
1740010608464 185.42478059961178 199
1740010608488 185.40610130554035 200
1740010608511 185.38742393604113 201
1740010608534 185.36874849091365 202
1740010608555 185.35007496995746 203
1740010608580 185.33140337297223 204
1740010608603 185.31273369975756 205
1740010608626 185.2940659501131 206
1740010608648 185.27540012383844 207
1740010608671 185.2567362207333 208
1740010608694 185.2380742405974 209
1740010608715 185.21941418323047 210
1740010608738 185.20075604843223 211
1740010608759 185.18209983600244 212
1740010608782 185.16344554574084 213
1740010608803 185.14479317744735 214
1740010608825 185.12614273092174 215
1740010608846 185.10749420596386 216
1740010608868 185.0888476023736 217
1740010608892 185.0702029199508 218
1740010608913 185.05156015849536 219
1740010608934 185.0329193178073 220
1740010608956 185.01428039768652 221
1740010608981 184.995643397933 222
1740010609004 184.97700831834678 223
1740010609026 184.95837515872773 224
1740010609051 184.93974391887608 225
1740010609073 184.92111459859177 226
1740010609096 184.90248719767493 227
1740010609119 184.88386171592563 228
1740010609140 184.865238153144 229
1740010609162 184.84661650913017 230
1740010609187 184.8279967836843 231
1740010609210 184.8093789766066 232
1740010609231 184.7907630876973 233
1740010609255 184.77214911675657 234
1740010609280 184.75353706358467 235
1740010609310 184.7349269279819 236
1740010609336 184.7163187097485 237
1740010609359 184.6977124086848 238
1740010609381 184.67910802459113 239
1740010609406 184.66050555726784 240
1740010609429 184.64190500651534 241
1740010609451 184.62330637213395 242
1740010609472 184.60470965392417 243
1740010609494 184.58611485168638 244
1740010609517 184.56752196522103 245
1740010609541 184.54893099432863 246
1740010609564 184.53034193880967 247
1740010609585 184.51175479846464 248
1740010609611 184.4931695730941 249
1740010609634 184.4745862624986 250
1740010609655 184.45600486647874 251
1740010609677 184.4374253848351 252
1740010609698 184.41884781736834 253
1740010609721 184.40027216387912 254
1740010609742 184.38169842416798 255
1740010609764 184.36312659803573 256
1740010609785 184.34455668528307 257
1740010609809 184.32598868571066 258
1740010609832 184.30742259911932 259
1740010609853 184.28885842530974 260
1740010609876 184.27029616408277 261
1740010609900 184.2517358152392 262
1740010609925 184.23317737857985 263
1740010609946 184.21462085390564 264
1740010609968 184.19606624101735 265
1740010609989 184.17751353971596 266
1740010610012 184.1589627498023 267
1740010610034 184.14041387107739 268
1740010610058 184.12186690334212 269
1740010610080 184.10332184639748 270
1740010610101 184.0847787000445 271
1740010610128 184.0662374640842 272
1740010610149 184.0476981383176 273
1740010610171 184.02916072254573 274
1740010610193 184.01062521656974 275
1740010610215 183.9920916201907 276
1740010610237 183.9735599332097 277
1740010610259 183.95503015542798 278
1740010610281 183.9365022866466 279
1740010610303 183.9179763266668 280
1740010610326 183.89945227528978 281
1740010610349 183.8809301323168 282
1740010610371 183.86240989754904 283
1740010610394 183.84389157078778 284
1740010610415 183.82537515183435 285
1740010610438 183.80686064049007 286
1740010610460 183.78834803655627 287
1740010610481 183.76983733983423 288
1740010610503 183.7513285501254 289
1740010610526 183.73282166723115 290
1740010610548 183.7143166909529 291
1740010610572 183.69581362109204 292
1740010610594 183.67731245745009 293
1740010610618 183.65881319982853 294
1740010610642 183.6403158480288 295
1740010610666 183.62182040185246 296
1740010610689 183.60332686110107 297
1740010610710 183.58483522557614 298
1740010610733 183.56634549507928 299
1740010610755 183.5478576694121 300
1740010610776 183.5293717483762 301
1740010610799 183.51088773177324 302
1740010610822 183.4924056194049 303
1740010610846 183.47392541107286 304
1740010610868 183.45544710657876 305
1740010610890 183.43697070572443 306
1740010610911 183.41849620831152 307
1740010610934 183.40002361414187 308
1740010610957 183.38155292301724 309
1740010610978 183.36308413473947 310
1740010611001 183.34461724911034 311
1740010611023 183.32615226593174 312
1740010611046 183.30768918500556 313
1740010611068 183.2892280061336 314
1740010611090 183.2707687291179 315
1740010611112 183.25231135376032 316
1740010611136 183.23385587986283 317
1740010611159 183.21540230722735 318
1740010611180 183.19695063565604 319
1740010611203 183.1785008649507 320
1740010611225 183.16005299491357 321
1740010611250 183.1416070253466 322
1740010611271 183.12316295605183 323
1740010611293 183.10472078683145 324
1740010611315 183.08628051748758 325
1740010611339 183.0678421478223 326
1740010611365 183.04940567763782 327
1740010611388 183.03097110673627 328
1740010611410 183.01253843491997 329
1740010611432 182.994107661991 330
1740010611454 182.97567878775175 331
1740010611476 182.95725181200436 332
1740010611498 182.93882673455116 333
1740010611520 182.92040355519447 334
1740010611543 182.90198227373662 335
1740010611565 182.88356288997994 336
1740010611587 182.86514540372687 337
1740010611612 182.8467298147797 338
1740010611635 182.8283161229409 339
1740010611661 182.80990432801286 340
1740010611683 182.7914944297981 341
1740010611704 182.77308642809902 342
1740010611726 182.7546803227182 343
1740010611748 182.73627611345805 344
1740010611770 182.7178738001212 345
1740010611792 182.69947338251015 346
1740010611814 182.68107486042746 347
1740010611836 182.66267823367582 348
1740010611860 182.64428350205773 349
1740010611882 182.62589066537595 350
1740010611904 182.60749972343305 351
1740010611925 182.58911067603174 352
1740010611948 182.5707235229747 353
1740010611973 182.55233826406467 354
1740010611994 182.53395489910443 355
1740010612015 182.5155734278967 356
1740010612039 182.49719385024426 357
1740010612064 182.47881616594992 358
1740010612087 182.4604403748165 359
1740010612108 182.4420664766469 360
1740010612130 182.4236944712439 361
1740010612153 182.4053243584104 362
1740010612177 182.38695613794943 363
1740010612198 182.36858980966375 364
1740010612220 182.3502253733564 365
1740010612241 182.3318628288303 366
1740010612265 182.31350217588852 367
1740010612288 182.29514341433404 368
1740010612310 182.27678654396982 369
1740010612332 182.25843156459902 370
1740010612354 182.24007847602465 371
1740010612376 182.2217272780498 372
1740010612398 182.2033779704776 373
1740010612419 182.18503055311118 374
1740010612441 182.1666850257537 375
1740010612463 182.14834138820834 376
1740010612485 182.12999964027824 377
1740010612507 182.11165978176675 378
1740010612529 182.09332181247697 379
1740010612550 182.07498573221224 380
1740010612578 182.0566515407758 381
1740010612600 182.03831923797094 382
1740010612623 182.01998882360104 383
1740010612647 182.00166029746939 384
1740010612670 181.98333365937935 385
1740010612692 181.96500890913435 386
1740010612715 181.94668604653774 387
1740010612736 181.92836507139293 388
1740010612758 181.9100459835034 389
1740010612780 181.89172878267266 390
1740010612802 181.87341346870414 391
1740010612826 181.85510004140133 392
1740010612848 181.83678850056776 393
1740010612871 181.81847884600703 394
1740010612898 181.80017107752263 395
1740010612919 181.78186519491823 396
1740010612941 181.76356119799735 397
1740010612963 181.7452590865637 398
1740010612985 181.7269588604209 399
1740010613007 181.7086605193726 400
1740010613029 181.6903640632225 401
1740010613051 181.67206949177432 402
1740010613075 181.6537768048318 403
1740010613100 181.6354860021987 404
1740010613122 181.61719708367872 405
1740010613143 181.59891004907573 406
1740010613164 181.58062489819355 407
1740010613187 181.56234163083596 408
1740010613209 181.54406024680688 409
1740010613232 181.5257807459101 410
1740010613255 181.50750312794958 411
1740010613276 181.48922739272922 412
1740010613299 181.470953540053 413
1740010613321 181.45268156972472 414
1740010613343 181.43441148154858 415
1740010613365 181.41614327532844 416
1740010613395 181.39787695086835 417
1740010613418 181.3796125079724 418
1740010613440 181.36134994644453 419
1740010613462 181.34308926608892 420
1740010613485 181.32483046670967 421
1740010613507 181.30657354811086 422
1740010613530 181.28831851009664 423
1740010613552 181.27006535247116 424
1740010613574 181.2518140750387 425
1740010613601 181.23356467760334 426
1740010613624 181.2153171599694 427
1740010613645 181.19707152194104 428
1740010613667 181.17882776332254 429
1740010613690 181.1605858839183 430
1740010613716 181.14234588353244 431
1740010613737 181.12410776196944 432
1740010613758 181.1058715190336 433
1740010613780 181.08763715452926 434
1740010613802 181.06940466826086 435
1740010613824 181.05117406003276 436
1740010613846 181.03294532964944 437
1740010613868 181.01471847691528 438
1740010613889 180.9964935016348 439
1740010613912 180.9782704036125 440
1740010613933 180.96004918265288 441
1740010613954 180.94182983856044 442
1740010613976 180.92361237113974 443
1740010614000 180.90539678019542 444
1740010614024 180.88718306553199 445
1740010614048 180.86897122695413 446
1740010614070 180.85076126426642 447
1740010614092 180.83255317727355 448
1740010614114 180.81434696578017 449
1740010614136 180.79614262959103 450
1740010614158 180.77794016851075 451
1740010614179 180.75973958234414 452
1740010614202 180.74154087089596 453
1740010614226 180.723344033971 454
1740010614248 180.70514907137397 455
1740010614270 180.68695598290975 456
1740010614291 180.66876476838317 457
1740010614317 180.6505754275991 458
1740010614340 180.6323879603624 459
1740010614362 180.614202366478 460
1740010614384 180.5960186457508 461
1740010614406 180.57783679798575 462
1740010614431 180.55965682298782 463
1740010614452 180.54147872056194 464
1740010614474 180.52330249051317 465
1740010614496 180.5051281326465 466
1740010614519 180.486955646767 467
1740010614542 180.46878503267973 468
1740010614564 180.45061629018974 469
1740010614586 180.4324494191022 470
1740010614608 180.41428441922216 471
1740010614637 180.3961212903548 472
1740010614660 180.3779600323053 473
1740010614681 180.35980064487882 474
1740010614703 180.3416431278806 475
1740010614728 180.32348748111582 476
1740010614751 180.30533370438977 477
1740010614772 180.28718179750769 478
1740010614794 180.26903176027488 479
1740010614816 180.25088359249668 480
1740010614844 180.23273729397835 481
1740010614866 180.21459286452526 482
1740010614887 180.19645030394284 483
1740010614909 180.1783096120364 484
1740010614932 180.16017078861142 485
1740010614954 180.14203383347328 486
1740010614976 180.12389874642747 487
1740010614997 180.10576552727943 488
1740010615018 180.08763417583467 489
1740010615044 180.0695046918987 490
1740010615066 180.051377075277 491
1740010615088 180.0332513257752 492
1740010615110 180.01512744319885 493
1740010615133 179.99700542735354 494
1740010615157 179.9788852780449 495
1740010615179 179.96076699507853 496
1740010615201 179.9426505782601 497
1740010615222 179.92453602739528 498
1740010615244 179.9064233422898 499
