1740015371651 175.32076460405972 0
1740015371681 175.09163967657312 1
1740015371710 169.40509589590016 2
1740015371738 167.49842664298015 3
1740015371766 157.15382250759245 4
1740015371802 161.86510303986324 5
1740015371830 145.530640420004 6
1740015371857 142.90882122443824 7
1740015371884 155.09444189368503 8
1740015371912 147.7066915321982 9
1740015371944 148.86195887667583 10
1740015371972 144.95785256636643 11
1740015372003 143.1167354477847 12
1740015372030 144.59819915744862 13
1740015372057 131.97171098722544 14
1740015372083 129.50405145009648 15
1740015372109 132.38939145253357 16
1740015372140 128.44642884420685 17
1740015372167 123.87292906775757 18
1740015372196 119.51171582717808 19
1740015372226 120.18866875895233 20
1740015372255 122.33441460408412 21
1740015372281 111.83601281414944 22
1740015372310 119.37507522791617 23
1740015372345 114.67875156632948 24
1740015372372 109.10295302830576 25
1740015372399 113.40913554624136 26
1740015372427 118.75044160697387 27
1740015372457 108.01595734317758 28
1740015372483 105.86458504603964 29
1740015372509 101.3170442499474 30
1740015372537 102.0000590429642 31
1740015372564 98.2579223337865 32
1740015372592 94.33916591775314 33
1740015372627 100.49009872674681 34
1740015372656 86.95075577667292 35
1740015372682 94.22366206379301 36
1740015372710 91.63757533120216 37
1740015372737 88.89916121690293 38
1740015372763 83.7759468375456 39
1740015372789 82.40124754591452 40
1740015372821 81.37385636220753 41
1740015372851 80.79127666129654 42
1740015372885 81.02137279559368 43
1740015372928 73.36431095265542 44
1740015372957 82.44245555443639 45
1740015372983 73.38439337551186 46
1740015373012 73.05169466767786 47
1740015373039 71.02825936368224 48
1740015373065 70.30350330278702 49
1740015373092 70.67179759281107 50
1740015373126 70.28143594253713 51
1740015373158 67.75856217945055 52
1740015373249 69.35245955226816 53
1740015373280 66.17646050834705 54
1740015373306 68.85026226767017 55
1740015373333 60.63320329174031 56
1740015373369 64.6929859678261 57
1740015373395 63.22563128225015 58
1740015373422 56.85560885100257 59
1740015373449 58.277467143341255 60
1740015373477 57.536055505659746 61
1740015373503 57.10602593529362 62
1740015373529 56.87049276542602 63
1740015373572 56.27291593309322 64
1740015373645 57.63747472643633 65
1740015373673 51.423595472818306 66
1740015373700 52.04995011267843 67
1740015373727 51.494680882981164 68
1740015373755 51.29796309098057 69
1740015373781 52.04456000446741 70
1740015373807 48.77058335392986 71
1740015373839 48.382856312760595 72
1740015373867 47.4416904330467 73
1740015373894 45.418273164487694 74
1740015373921 47.7885165411824 75
1740015373953 42.49512716052989 76
1740015373979 43.42342905684308 77
1740015374005 42.79081691395052 78
1740015374034 42.42241498351791 79
1740015374060 42.63597260525413 80
1740015374086 41.2152859258686 81
1740015374113 38.03496856551539 82
1740015374143 36.734637047689695 83
1740015374170 38.81269057444746 84
1740015374200 36.16399101005514 85
1740015374227 36.87462450787428 86
1740015374254 38.845124320831204 87
1740015374280 39.334918072863644 88
1740015374308 35.015405613177826 89
1740015374334 36.05314291657345 90
1740015374361 34.43923215015863 91
1740015374392 34.64739963632247 92
1740015374421 33.3376283432026 93
1740015374447 31.385973379641232 94
1740015374474 30.934112277677222 95
1740015374508 32.03510627313058 96
1740015374534 31.40494384082054 97
1740015374561 29.221285901947702 98
1740015374588 29.084638370533153 99
1740015374617 27.991760137801446 100
1740015374645 28.595138820477487 101
1740015374679 28.627962151082656 102
1740015374708 27.98083430074379 103
1740015374733 27.23583329746868 104
1740015374759 27.740912508360957 105
1740015374786 28.323692285924587 106
1740015374812 24.48075861106535 107
1740015374840 27.676040605799805 108
1740015374867 24.738694320543765 109
1740015374897 25.395995437777774 110
1740015374923 23.854218265207905 111
1740015374952 22.60287913574645 112
1740015374996 23.095283343218885 113
1740015375027 21.981234374885346 114
1740015375060 23.48634181246872 115
1740015375096 21.500865533648145 116
1740015375125 20.961561777405876 117
1740015375156 21.978914022286865 118
1740015375188 20.1880121009521 119
1740015375219 20.659124633565316 120
1740015375252 21.42140533744641 121
1740015375283 19.664302397824436 122
1740015375312 19.83539694120194 123
1740015375339 18.695446131803013 124
1740015375366 18.26793512965166 125
1740015375395 19.47971414010863 126
1740015375422 17.921294678412774 127
1740015375450 19.318789247417993 128
1740015375478 17.87198462626158 129
1740015375507 17.587349415166514 130
1740015375533 17.107661361733555 131
1740015375560 16.234107301316477 132
1740015375594 16.582073260406027 133
1740015375621 14.393338521183205 134
1740015375648 16.032382206729743 135
1740015375678 14.682273277302592 136
1740015375706 15.24698165439465 137
1740015375733 14.97861180970608 138
1740015375759 15.131071319270273 139
1740015375786 14.508128984911195 140
1740015375812 14.665479705297134 141
1740015375838 13.235130168621676 142
1740015375866 13.299886149060734 143
1740015375894 14.710474155657774 144
1740015375920 13.266153445555497 145
1740015375947 12.118560962283876 146
1740015375974 13.33148706976033 147
1740015376000 13.209958301723551 148
1740015376026 11.55198545600043 149
1740015376056 11.025466907260327 150
1740015376083 11.294061783560203 151
1740015376109 11.49512522504622 152
1740015376142 12.012066705377329 153
1740015376170 11.208735654883599 154
1740015376199 10.544821821411052 155
1740015376228 10.246596389113614 156
1740015376260 10.254093748587746 157
1740015376286 9.846534584592817 158
1740015376312 11.056225492635168 159
1740015376342 11.666194725309323 160
1740015376371 9.848415763023189 161
1740015376397 9.963334458020478 162
1740015376424 10.008443218373042 163
1740015376453 9.855675913942134 164
1740015376482 9.906858833153887 165
1740015376508 9.580604058550865 166
1740015376536 9.579808886291888 167
1740015376562 8.612519389289867 168
1740015376588 8.366269520106961 169
1740015376621 8.781068475871873 170
1740015376648 8.364546856705122 171
1740015376674 7.8246158401815835 172
1740015376707 7.924633888335582 173
1740015376738 8.164449237354505 174
1740015376764 7.276621427534067 175
1740015376791 7.739642741710521 176
1740015376819 8.15026038546006 177
1740015376845 7.665957742222594 178
1740015376872 8.07787947069968 179
1740015376900 7.0452507028293745 180
1740015376929 7.23654946131428 181
1740015376955 7.533634120756584 182
1740015376985 6.40422873358573 183
1740015377021 6.66824855919435 184
1740015377058 6.670679078994483 185
1740015377088 6.480967734542021 186
1740015377120 7.045822425392888 187
1740015377155 6.609899813255071 188
1740015377183 6.690212814943099 189
1740015377214 6.214776666104052 190
1740015377244 6.254178466926062 191
1740015377272 6.877467582784007 192
1740015377299 5.57742663772185 193
1740015377330 5.613134789899169 194
1740015377361 5.990181745072834 195
1740015377389 5.793577151355494 196
1740015377419 5.274324008018001 197
1740015377448 5.3265791470062185 198
1740015377475 5.396253367704254 199
1740015377504 5.2660431459029216 200
1740015377541 5.098388998977994 201
1740015377568 4.7563796560939435 202
1740015377596 5.451634888062907 203
1740015377625 5.145325517908822 204
1740015377658 5.037917116482233 205
1740015377684 4.420078405340648 206
1740015377711 5.238664380968018 207
1740015377738 4.432673746498282 208
1740015377764 4.549312862443939 209
1740015377791 4.638247917532371 210
1740015377819 5.167908108763168 211
1740015377846 3.868214407353255 212
1740015377873 4.257829076310861 213
1740015377903 4.410713979358837 214
1740015377931 4.3830361916172 215
1740015377957 3.8701261761172696 216
1740015377984 3.9200258498498166 217
1740015378014 4.37441404177267 218
1740015378041 3.774230813270135 219
1740015378067 3.697383709380217 220
1740015378099 3.6796914979138786 221
1740015378129 3.339127008206837 222
1740015378156 4.133085081137795 223
1740015378183 3.515543782869348 224
1740015378214 3.661921765324476 225
1740015378240 3.4536151569321065 226
1740015378266 3.6381406993206826 227
1740015378292 3.4082092278776157 228
1740015378319 3.451748895483374 229
1740015378345 3.613754466352117 230
1740015378373 3.297883086723794 231
1740015378401 3.0303243540967166 232
1740015378427 3.0067728788611796 233
1740015378453 3.1392150447805545 234
1740015378487 3.2853954532427205 235
1740015378514 2.8520627014307913 236
1740015378541 2.513840911150981 237
1740015378576 2.7545041432910753 238
1740015378604 2.6938445653580905 239
1740015378631 2.4893339303438995 240
1740015378659 2.9781624615338615 241
1740015378690 2.6252870255670513 242
1740015378717 2.735147856310811 243
1740015378750 2.5538387676886574 244
1740015378784 2.638798315779601 245
1740015378810 2.417191804085681 246
1740015378837 2.3466830512224917 247
1740015378867 2.4075941092867845 248
1740015378896 2.190159313918534 249
1740015378924 2.6469086060340836 250
1740015378950 2.323285125975207 251
1740015378978 2.5600391739690456 252
1740015379004 2.3217398501261686 253
1740015379030 2.312875540203876 254
1740015379059 2.1259015210597765 255
1740015379085 2.0919407498450404 256
1740015379111 1.8586773392484872 257
1740015379140 2.076671344862042 258
1740015379170 1.8765767528035164 259
1740015379197 2.1825734159937533 260
1740015379225 2.2871939530900343 261
1740015379254 2.0260196684016383 262
1740015379279 1.7343396212973523 263
1740015379305 1.6908603830254993 264
1740015379336 1.9239578061708578 265
1740015379364 1.8314307497460565 266
1740015379391 1.9959322952290541 267
1740015379418 1.6703491718662657 268
1740015379448 1.6705077317677817 269
1740015379474 1.5042023997894571 270
1740015379499 1.5966622108298982 271
1740015379527 1.5195598498230898 272
1740015379554 1.6391390527582463 273
1740015379583 1.5810644529481137 274
1740015379615 1.5939054660794492 275
1740015379641 1.5528902526746242 276
1740015379669 1.5750652112780832 277
1740015379695 1.5198404794204543 278
1740015379728 1.4632619383453351 279
1740015379754 1.6781440712140112 280
1740015379780 1.3432119687257538 281
1740015379808 1.3981515821712347 282
1740015379836 1.3359625491146603 283
1740015379863 1.163315294443114 284
1740015379890 1.3216276646061647 285
1740015379918 1.2869113722310952 286
1740015379945 1.4502027560693507 287
1740015379971 1.2722916921255099 288
1740015380000 1.2023072369715937 289
1740015380026 1.3921395615886862 290
1740015380053 1.4715831736565943 291
1740015380082 1.2225111201206433 292
1740015380110 1.014168297225374 293
1740015380139 1.2868870900399711 294
1740015380166 1.1227992684124313 295
1740015380200 1.0413738248645876 296
1740015380226 1.1700981144858171 297
1740015380254 1.2102347930729989 298
1740015380287 1.0241689591327972 299
1740015380315 1.0247045950126403 300
1740015380341 1.1846660702646992 301
1740015380370 1.1628318100544575 302
1740015380400 0.9700522937020095 303
1740015380428 1.0002866589932673 304
1740015380454 1.153144231301272 305
1740015380482 0.9233024753883785 306
1740015380508 1.119753834886317 307
1740015380535 0.9211947361678546 308
1740015380563 0.9567996463428253 309
1740015380590 0.8761582476551759 310
1740015380618 0.825673194303993 311
1740015380649 0.8790299660460708 312
1740015380679 0.8928096588942666 313
1740015380706 0.8216909785163266 314
1740015380732 0.9392684403486338 315
1740015380763 1.4003360184439884 316
1740015380794 0.8089857687024252 317
1740015380820 0.7539734780892826 318
1740015380848 0.6722833971558506 319
1740015380875 0.7510852544257334 320
1740015380902 0.8683734910480633 321
1740015380927 0.8534152432695322 322
1740015380961 0.7884563378607672 323
1740015380988 0.6030049767978828 324
1740015381014 0.7208164929048443 325
1740015381043 1.0863857128676295 326
1740015381071 0.6441437916819781 327
1740015381097 0.8392694598501483 328
1740015381124 0.6513012199003512 329
1740015381154 0.5465992968189431 330
1740015381180 0.7622191031246568 331
1740015381208 0.7140038323633353 332
1740015381236 0.8192633854824437 333
1740015381262 0.5865809026583843 334
1740015381288 0.6643960145444752 335
1740015381316 0.7987802343345323 336
1740015381343 0.5605493733958199 337
1740015381369 0.6236918634243497 338
1740015381396 0.49077550394310976 339
1740015381427 0.6749010917591858 340
1740015381454 0.6755534012753116 341
1740015381480 0.7868835196390784 342
1740015381509 0.708805239100745 343
1740015381538 0.52548503004291 344
1740015381564 0.6034548572849864 345
1740015381591 0.5288407203940794 346
1740015381621 0.6981331605908478 347
1740015381648 0.5639721057431202 348
1740015381677 0.40159662597035434 349
1740015381709 0.4952130776620359 350
1740015381735 0.4746699640302561 351
1740015381762 0.49880086191205286 352
1740015381789 0.4898026449725537 353
1740015381816 0.4564424754150508 354
1740015381843 0.5096232983441966 355
1740015381869 0.6211822218235828 356
1740015381897 0.5878943656457458 357
1740015381924 0.4700509801308371 358
1740015381952 0.41085471360472203 359
1740015381982 0.671172562981499 360
1740015382009 0.3752552449515915 361
1740015382034 0.5267381540404565 362
1740015382061 0.47894065121206403 363
1740015382092 0.5619847980094014 364
1740015382118 0.5026098732886378 365
1740015382146 0.4501089196097884 366
1740015382176 0.4723862995262931 367
1740015382204 0.47609151676432016 368
1740015382231 0.5252147486341415 369
1740015382259 0.46626960576822357 370
1740015382287 0.4321911338335061 371
1740015382313 0.45173690340523853 372
1740015382340 0.4190849968088429 373
1740015382369 0.3923104402364451 374
1740015382396 0.3776710734177475 375
1740015382422 0.5018094522966444 376
1740015382455 0.6141243500445239 377
1740015382482 0.544280663025365 378
1740015382509 0.4319137467556854 379
1740015382537 0.4341512471832129 380
1740015382568 0.4942103202162092 381
1740015382595 0.49421101157326697 382
1740015382622 0.5179886800536467 383
1740015382654 0.44351884918636286 384
1740015382681 0.3740386930418201 385
1740015382709 0.31266289540683684 386
1740015382740 0.42613897985659294 387
1740015382769 0.41839918842416196 388
1740015382797 0.3233943272291116 389
1740015382829 0.4111939586730364 390
1740015382858 0.40790517238502355 391
1740015382884 0.26664574014669007 392
1740015382910 0.38964392468319786 393
1740015382939 0.3263853420515032 394
1740015382966 0.26783382818834806 395
1740015382992 0.32197150157055077 396
1740015383019 0.2858935575399452 397
1740015383046 0.38432333138239333 398
1740015383072 0.35542320233469776 399
1740015383099 0.4343686555662086 400
1740015383131 0.3470231467634363 401
1740015383158 0.26672149036201326 402
1740015383183 0.2537911362910099 403
1740015383214 0.38432069153003456 404
1740015383243 0.41167013115826584 405
1740015383270 0.26921791165517306 406
1740015383297 0.3110916527668955 407
1740015383325 0.26068515936534503 408
1740015383353 0.2348476561900608 409
1740015383379 0.2426830543783161 410
1740015383407 0.2804584268078445 411
1740015383433 0.3406720850544325 412
1740015383460 0.2078317439981479 413
1740015383487 0.38060428602074275 414
1740015383515 0.31006012017275086 415
1740015383542 0.2515576863495389 416
1740015383570 0.4242518093812797 417
1740015383598 0.36491767504462824 418
1740015383625 0.3016057485672144 419
1740015383652 0.3998855568978099 420
1740015383682 0.28697084579458 421
1740015383709 0.37035824525281535 422
1740015383736 0.22242487962287733 423
1740015383767 0.3514650214996046 424
1740015383796 0.19724369594014707 425
1740015383823 0.3085859121109055 426
1740015383850 0.3070888087828885 427
1740015383882 0.23873482029286253 428
1740015383910 0.2543799905582196 429
1740015383938 0.2529836126771469 430
1740015383966 0.27828230790983144 431
1740015383994 0.284811942493231 432
1740015384021 0.276411893090896 433
1740015384047 0.26751513740641325 434
1740015384074 0.1935627589426228 435
1740015384100 0.3099141835611854 436
1740015384130 0.27672548992890433 437
1740015384166 0.2908066248176961 438
1740015384199 0.21143868546576824 439
1740015384227 0.3092653392436733 440
1740015384255 0.2926160785749668 441
1740015384281 0.2625688976014661 442
1740015384308 0.3343270850365216 443
1740015384335 0.2793194121855278 444
1740015384363 0.32107848060240535 445
1740015384389 0.18297634859817158 446
1740015384415 0.2086677502311218 447
1740015384445 0.27233743807456173 448
1740015384473 0.2407840467157563 449
1740015384500 0.22477041787548405 450
1740015384527 0.23108182829636287 451
1740015384558 0.22767249309338244 452
1740015384583 0.29276009724105406 453
1740015384610 0.2694966198761153 454
1740015384637 0.22342611282403876 455
1740015384664 0.16729635216088537 456
1740015384690 0.1925103118862657 457
1740015384718 0.23450051299162383 458
1740015384745 0.29415494296615285 459
1740015384771 0.20647454664718395 460
1740015384801 0.22633882631609278 461
1740015384831 0.2523726431401879 462
1740015384865 0.23077023457607812 463
1740015384892 0.22728176288432403 464
1740015384922 0.255638601954972 465
1740015384948 0.28466759013973253 466
1740015384974 0.31213783594978317 467
1740015385002 0.1932464296493913 468
1740015385033 0.27204310893195555 469
1740015385059 0.17624387762064267 470
1740015385086 0.22006364799347844 471
1740015385115 0.20779538039871276 472
1740015385144 0.18124315608602512 473
1740015385170 0.22535405892938748 474
1740015385199 0.2524234776078457 475
1740015385227 0.2817204291276295 476
1740015385254 0.1767951180437818 477
1740015385282 0.2496312489309688 478
1740015385309 0.21714047049495838 479
1740015385335 0.18942112513625833 480
1740015385361 0.22602491808470365 481
1740015385393 0.28622891891935687 482
1740015385420 0.19801375908916916 483
1740015385446 0.2027673491564079 484
1740015385476 0.18729668758789716 485
1740015385505 0.1965920581309393 486
1740015385531 0.200625097257312 487
1740015385558 0.21625862372837004 488
1740015385592 0.21497704476733415 489
1740015385622 0.20054822528892402 490
1740015385649 0.1024595617835198 491
1740015385677 0.16382690016490845 492
1740015385705 0.2125316642853006 493
1740015385731 0.12842777980054995 494
1740015385757 0.21848669446681804 495
1740015385785 0.15675810192065023 496
1740015385812 0.24692361585475478 497
1740015385840 0.17488096211438922 498
1740015385869 0.15602773922589266 499
