1739963013159 6.510430830108651 0
1739963013227 6.799561765421064 1
1739963013293 6.35272152259183 2
1739963013360 6.791495611414719 3
1739963013422 6.449840085078329 4
1739963013489 6.368926451515235 5
1739963013554 6.841290291024282 6
1739963013618 6.720254353961103 7
1739963013679 6.228159737630994 8
1739963013740 6.61224373624439 9
1739963013800 6.614791300036814 10
1739963013859 6.442889015367142 11
1739963013922 6.495681237920608 12
1739963013983 6.590709892760753 13
1739963014050 6.442508245999399 14
1739963014114 6.688207936361956 15
1739963014173 6.70135520706757 16
1739963014234 6.501789281447405 17
1739963014296 6.906994146351252 18
1739963014395 6.809087625689853 19
1739963014461 6.552011504941799 20
1739963014529 6.775760702075769 21
1739963014590 6.649422117550561 22
1739963014653 6.238794588069433 23
1739963014731 6.498724507453126 24
1739963014797 6.563378409959631 25
1739963014859 6.626693095924671 26
1739963014919 6.400005297829271 27
