1739979672879 6.628164433309016 0
1739979672994 5.27140355911345 1
1739979673105 7.774282317497461 2
1739979673225 6.380169570474846 3
1739979673340 9.253088154708285 4
1739979673452 8.376351629403757 5
1739979673645 5.366539389351541 6
1739979673760 6.68612921883174 7
1739979673874 5.223591673346931 8
1739979674004 10.410278662318978 9
1739979674143 6.3996137955581895 10
1739979674257 6.217186071628701 11
1739979674367 9.920482712542409 12
1739979674476 2.766290002495924 13
1739979674587 10.250437787573043 14
1739979674699 4.965440753388153 15
1739979674821 10.52895604404318 16
1739979674950 7.424700420763937 17
1739979675070 3.632761617440015 18
1739979675279 8.4548977121945 19
1739979675404 6.888089724052255 20
1739979675639 7.266967014368891 21
1739979675827 5.19603834992306 22
1739979675949 5.391301561992734 23
1739979676065 3.9089640273818342 24
1739979676178 4.034442225036537 25
1739979676295 5.093396309880267 26
1739979676415 7.666834213437753 27
1739979676544 9.046690338587403 28
1739979676655 9.059452263215231 29
1739979676770 4.327173776464857 30
1739979676882 4.993615594175527 31
1739979676997 4.810695798372222 32
1739979677112 8.401124285409043 33
1739979677228 8.360980016425785 34
1739979677344 6.796459515765034 35
1739979677457 6.395520966674208 36
1739979677572 4.671725070303737 37
1739979677685 7.310792820398554 38
1739979677917 7.146045710335781 39
1739979678029 2.5534439569726435 40
1739979678142 4.11130394903378 41
1739979678258 8.21774280860206 42
1739979678377 3.4223264664470054 43
1739979678496 3.3325083517232605 44
1739979678613 7.531818029399564 45
1739979678733 6.19411486470731 46
1739979678848 8.319667345935672 47
1739979678962 3.6133987992829004 48
1739979679074 5.375013262792332 49
1739979679187 7.705952782332509 50
1739979679304 5.302946203835882 51
1739979679415 5.339283587343267 52
1739979679529 9.70151865111037 53
1739979679642 6.920790698260029 54
1739979679756 4.877116457536505 55
1739979679869 5.081988478381387 56
1739979679982 3.6674711396106905 57
1739979680098 5.059728312632812 58
1739979680215 4.5763426205537785 59
1739979680328 6.570215751902259 60
1739979680509 2.573739674701232 61
1739979680628 7.200098263435792 62
1739979680744 4.077779697324299 63
1739979680856 4.325211321488756 64
1739979680969 5.062400057657979 65
1739979681085 4.646746158281932 66
1739979681206 7.308232564893761 67
1739979681320 7.278564516216395 68
1739979681443 7.9715635843394645 69
1739979681575 7.690598716982835 70
1739979681721 5.808118274245904 71
1739979681849 7.52721185922697 72
1739979681966 2.4796526996705874 73
1739979682080 9.3503971692694 74
1739979682199 1.7671311864542558 75
1739979682324 5.970809275472372 76
1739979682449 7.861290159345064 77
1739979682578 5.072028500819698 78
1739979682712 8.946326220134676 79
1739979682832 10.337456404878335 80
1739979682945 5.783506595978704 81
1739979683058 9.20497393528008 82
1739979683170 4.136716840900099 83
1739979683284 7.227603086665494 84
1739979683398 8.516912687607714 85
1739979683512 8.50551884850573 86
1739979683624 10.386505269345003 87
1739979683735 8.003743726953708 88
1739979683848 8.588429553471522 89
1739979684026 9.262319767764414 90
1739979684139 3.646477036317604 91
1739979684252 3.616731075885279 92
1739979684365 5.7948097932395966 93
1739979684480 6.061562024949508 94
1739979684597 9.809148670756603 95
1739979684715 4.0383203548515265 96
1739979684828 9.2224185938945 97
1739979684945 11.515742118307303 98
1739979685065 4.852124305887761 99
1739979685183 7.598661083270985 100
1739979685298 10.868690902479544 101
1739979685416 6.847801251128957 102
1739979685536 7.227675510581048 103
1739979685656 11.439933882737243 104
1739979685772 7.5437476398259955 105
1739979685886 5.449368023386314 106
1739979686017 3.5024338545482707 107
1739979686136 6.276937364922407 108
1739979686249 4.7713775709835 109
1739979686364 8.786550474632902 110
1739979686494 7.693807375030063 111
1739979686635 7.915406659499237 112
1739979686780 1.6967457380822089 113
1739979686914 5.428633404116165 114
1739979687043 8.778596258344429 115
1739979687187 9.26190605616474 116
1739979687342 6.126163528089378 117
1739979687475 5.683937348840601 118
1739979687603 11.44530674540728 119
1739979687726 7.835591780754078 120
1739979687844 10.760016082800139 121
1739979687964 6.958370177613473 122
1739979688077 5.274703141592007 123
1739979688191 5.280991120938858 124
1739979688355 5.943536301899385 125
1739979688469 7.4125680112801655 126
1739979688582 3.457677683624752 127
1739979688698 6.9268973299716 128
1739979688816 7.0266560566980605 129
1739979688929 10.43015364408215 130
1739979689043 8.273868642076213 131
1739979689230 12.336699627338684 132
1739979689346 4.236183704442306 133
1739979689460 7.7646330123066125 134
1739979689575 26.42320804042395 135
1739979689692 9.14480525447259 136
1739979689807 5.885463909901528 137
1739979689927 5.891979047709237 138
1739979690046 5.604209125030355 139
1739979690159 7.419692499527811 140
1739979690283 3.831900140377873 141
1739979690416 7.693842561994149 142
1739979690554 8.929082029441808 143
1739979690686 5.5612081213745 144
1739979690834 8.265838259862791 145
1739979691003 4.338968228589732 146
1739979691125 5.204462789551944 147
1739979691239 8.502661994652836 148
1739979691353 3.0934815244410374 149
1739979691474 4.448494744489349 150
1739979691627 7.144214325404865 151
1739979691755 6.914812092994039 152
1739979691913 9.332342358475065 153
1739979692053 3.65038355190159 154
1739979692176 6.322087242372954 155
1739979692295 3.736665159992975 156
1739979692408 7.019891056978155 157
1739979692523 0.19243004545692505 158
1739979692639 5.9005887011147475 159
1739979692754 6.121528549474294 160
1739979692869 5.311414801304384 161
1739979692983 7.0168333687096345 162
1739979693098 6.12508719180975 163
1739979693213 6.801741191347659 164
1739979693326 4.439754663645519 165
1739979693441 6.634378335958471 166
1739979693561 5.957289733997517 167
1739979693689 8.291645428761345 168
1739979693822 9.046879280550923 169
1739979693945 4.653648986014489 170
1739979694060 3.407140612138473 171
1739979694182 9.97003620188328 172
1739979694315 10.471075604815509 173
1739979694446 15.315365711987365 174
1739979694580 7.618878158192745 175
1739979694716 5.067976863019688 176
1739979694851 8.906627585286005 177
1739979694996 4.5382546025075845 178
1739979695122 6.217042108556886 179
1739979695250 5.780692397742854 180
1739979695384 8.449984380320938 181
1739979695513 14.849165573070481 182
1739979695649 6.046118529097946 183
1739979695774 6.597002363845527 184
1739979695906 6.006495091694405 185
1739979696039 4.706090376925091 186
1739979696152 5.3793012491568675 187
1739979696266 6.246074870454978 188
1739979696383 18.170980980962153 189
1739979696508 5.792560398596345 190
1739979696647 8.205808349857046 191
1739979696774 5.539185223001986 192
1739979696916 6.914541862290387 193
1739979697145 18.307441245128526 194
1739979697262 8.085179354934315 195
1739979697374 7.108438469815715 196
1739979697488 5.127706851453534 197
1739979697601 6.045158037884175 198
1739979697716 5.86342744100788 199
1739979697829 9.501888194664142 200
1739979697941 6.628607798806251 201
1739979698054 11.09040008216946 202
1739979698166 4.646079094420012 203
1739979698284 11.579198952498198 204
1739979698403 4.084840333069771 205
1739979698523 6.575680393840176 206
1739979698645 2.520448925465272 207
1739979698765 12.187485108277428 208
1739979698894 3.5462375963749246 209
1739979699013 11.98572502921166 210
1739979699138 9.53054830999895 211
1739979699274 5.6531765558329345 212
1739979699417 7.482691508574215 213
1739979699564 5.672184487817525 214
1739979699727 8.519238544441427 215
1739979699903 3.816659298973796 216
1739979700023 10.129770012001334 217
1739979700184 8.895945706193032 218
1739979700343 6.234253286712444 219
1739979700465 6.065545221681494 220
1739979700587 8.125470709995534 221
1739979700781 8.192828012227778 222
1739979701032 4.014031205428136 223
