1739986071237 6.544174458221826 0
1739986071314 7.615642363043534 1
1739986071389 5.804395671061953 2
1739986071461 5.789859474811113 3
1739986071536 5.7374182103750835 4
1739986071619 5.6615757553052575 5
1739986071706 8.088591200033818 6
1739986071796 5.109500806985068 7
1739986071875 6.20975009878524 8
1739986071952 6.315563843675028 9
1739986072025 6.364653179946254 10
1739986072099 7.2272808214118545 11
1739986072171 5.345778031984528 12
1739986072245 7.193504211282766 13
1739986072317 6.204989830571535 14
1739986072510 6.794359326370409 15
1739986072626 7.202914614320483 16
1739986072782 6.288473869229206 17
1739986072968 7.263852857595175 18
1739986073184 10.042421727851437 19
1739986073376 6.1548426583475875 20
1739986073601 7.932397352463265 21
1739986073998 6.438628343065823 22
1739986074214 5.780117227471491 23
1739986074448 7.65560753081468 24
1739986074620 7.696206635705325 25
1739986074820 5.062941463909378 26
1739986074967 10.506743581383438 27
1739986075147 5.939319732449391 28
1739986075333 6.631529762634682 29
1739986075489 3.33691111413416 30
1739986075675 8.055926351576217 31
1739986076113 6.659874986512371 32
1739986076298 6.2857696495266415 33
1739986076384 7.588053918688907 34
1739986076466 6.432946900000536 35
1739986076545 7.110438103929019 36
1739986076623 6.044457623024666 37
1739986076703 6.190157111830762 38
1739986076812 6.637595300126474 39
1739986076984 7.035052359985726 40
1739986077107 12.073743504837749 41
1739986077246 5.665114796486235 42
1739986077361 6.653557960706923 43
1739986077463 6.522333807623852 44
1739986077563 6.429580866273588 45
1739986077657 7.3979389130454445 46
1739986077753 6.655334767444336 47
1739986077852 9.413660731242572 48
1739986077941 6.542396871019568 49
1739986078037 6.670346055257272 50
1739986078133 7.212205158814829 51
1739986078225 7.0479925774765135 52
1739986078315 5.3711140161452935 53
1739986078401 3.494051266199199 54
1739986078485 6.065097278414614 55
1739986078572 5.818908092828809 56
1739986078660 6.660105367565818 57
1739986078748 5.903131286466707 58
1739986078842 5.12385813136955 59
1739986078932 7.853121072575644 60
1739986079016 8.643400158223612 61
1739986079100 3.856277450667558 62
1739986079182 7.831318330100099 63
1739986079260 6.823848152716524 64
1739986079339 5.936832599897447 65
1739986079417 5.985128152946927 66
1739986079494 9.03553215248897 67
1739986079574 7.911419201592498 68
1739986079651 5.724735706102423 69
1739986079729 6.336910548145266 70
1739986082569 5.451919470022545 71
1739986082675 4.03448448550862 72
1739986082793 8.56502925356656 73
1739986082923 6.330043151393312 74
1739986083023 6.202197796836292 75
1739986083118 7.122525389790952 76
1739986083236 6.514022768895514 77
1739986083407 5.158244116600879 78
1739986083602 6.7034819399376 79
1739986083932 7.452361574112654 80
1739986084044 6.251172161948925 81
1739986084163 7.653428553173127 82
1739986084298 7.265509332611822 83
1739986084389 8.725649157592787 84
1739986084477 6.622225732931287 85
1739986084567 5.651185035412544 86
1739986084656 5.303091679634822 87
1739986084745 6.925086489861673 88
1739986084835 7.624474853803365 89
1739986084923 3.8843367304773246 90
1739986085010 7.7961862393682875 91
1739986085103 6.4316356648232835 92
1739986085201 6.163195322314328 93
1739986085312 6.648264413415829 94
1739986085409 6.174937430458945 95
1739986085503 5.8097428459848866 96
1739986085591 6.0643631113157115 97
1739986085685 5.145172951967323 98
1739986085779 5.974290780525687 99
1739986085867 8.548326572676604 100
1739986085958 5.813392887720983 101
1739986086046 5.487268701703344 102
1739986086137 7.078314940025452 103
1739986086225 6.085524933992033 104
1739986086313 5.969600032666498 105
1739986086401 4.942152938791289 106
1739986086490 6.820335992926795 107
1739986086580 5.410240441129403 108
1739986086667 6.2306246404878936 109
1739986086757 6.912728040708814 110
1739986086847 6.2061676193860915 111
1739986086935 7.067548217720775 112
1739986087024 4.609842049768394 113
1739986087120 9.797258742741315 114
1739986087235 3.778847696713241 115
1739986087329 7.205607734022469 116
1739986087424 6.071041327618145 117
1739986087519 5.359910151251075 118
1739986087618 7.8677698647042895 119
1739986087717 11.966730998783145 120
1739986087816 3.818203243475746 121
1739986087913 5.416150779200506 122
1739986088003 7.318418868408284 123
1739986088091 5.319445254879293 124
1739986088179 6.310049351603242 125
1739986088269 6.86621706950535 126
1739986088358 5.029878139815657 127
1739986088447 6.254556999054149 128
1739986088535 7.279998029931099 129
1739986088625 7.398775880883213 130
1739986088714 7.4605250928632625 131
1739986088806 5.262705611390094 132
1739986088894 7.023817379736884 133
1739986088995 7.342042602820421 134
1739986089090 6.208077126091443 135
1739986089189 5.5802754806318395 136
1739986089294 6.292350959559868 137
1739986089409 7.402395644405285 138
1739986089518 6.636129056402526 139
1739986089609 11.863720731728675 140
1739986089698 5.901813210556521 141
1739986089803 5.963315884475599 142
1739986089896 7.43906382860956 143
1739986089984 5.484390532853905 144
1739986090071 7.18169181116707 145
1739986090159 6.913331110326534 146
1739986090246 6.172745151901297 147
1739986090334 7.341788843887818 148
1739986090428 5.1902495461568545 149
1739986090520 7.4829080877978 150
1739986090609 6.154286709331117 151
1739986090696 4.30242772372858 152
1739986090788 5.524947819469143 153
1739986090892 4.573647863202763 154
1739986091013 6.680560435840481 155
1739986091115 7.861649801096129 156
1739986091201 4.909975718215592 157
1739986091289 6.929335146983236 158
1739986091374 12.848380707420027 159
1739986091461 5.652678119397102 160
1739986091546 7.484565251104255 161
1739986091633 7.1234867994692115 162
1739986091720 7.689222377172154 163
1739986091808 7.300937508244506 164
1739986091892 5.404441200248846 165
1739986092026 6.607386197720015 166
1739986092112 7.415302372764679 167
1739986092197 6.992134652418761 168
1739986092282 6.590261005201875 169
1739986092368 6.863019042177699 170
1739986092453 9.264123360354066 171
1739986092537 6.242857488294021 172
1739986092624 6.456284623632515 173
1739986092718 6.185726100979329 174
1739986092846 7.213363457010123 175
1739986092983 6.757531932294849 176
1739986093124 6.431023340215804 177
1739986093220 6.408999719434063 178
1739986093367 7.07490630254572 179
1739986093469 7.770107151910069 180
1739986093554 5.196483421168831 181
1739986093671 8.505735217431441 182
1739986093825 6.2794713073353625 183
1739986093956 11.099146885083263 184
1739986094093 5.076421596835132 185
1739986094217 7.304585533001202 186
1739986094317 6.1032494523559855 187
1739986094401 7.228887057326337 188
1739986094484 6.402672483829826 189
1739986094564 5.27666235865558 190
1739986094646 6.906919081853839 191
1739986094728 6.5985538577770715 192
1739986094813 9.26372375692842 193
1739986094893 7.277066337464777 194
1739986095029 4.6863999751149015 195
1739986095149 7.2983600377410935 196
1739986095231 7.7768840457913 197
1739986095312 8.21682091086625 198
1739986095393 7.406114133542865 199
1739986095473 5.969835822077831 200
1739986095553 7.272689286367601 201
1739986095634 5.944144040900345 202
1739986095715 5.745342241251779 203
1739986095799 5.773027932326229 204
1739986095914 6.746916885712714 205
1739986096001 5.501902606813161 206
1739986096083 5.455491618463267 207
1739986096164 5.897974862568877 208
1739986096245 4.808476967426779 209
1739986096330 6.607968096825699 210
1739986096409 5.211850230579063 211
1739986096489 6.518537060115352 212
1739986096570 6.941196748484796 213
1739986096649 6.080257987157842 214
1739986096730 6.287511158344995 215
1739986096813 6.487505070376271 216
1739986096894 5.995774545632255 217
1739986096974 6.309001715653156 218
1739986097055 5.721825448789611 219
1739986097135 9.178968380800717 220
1739986097216 6.349311762362924 221
1739986097297 5.426593946443504 222
1739986097377 5.6518440859836 223
1739986097458 6.979322390167176 224
1739986097540 8.142984571870326 225
1739986097628 6.8522402542186285 226
1739986097720 7.783823387614732 227
1739986097843 6.3428996087425995 228
1739986097966 8.761513719435596 229
1739986098060 6.527231275045284 230
1739986098142 4.35407421341097 231
1739986098223 6.977163559240185 232
1739986098306 6.778210438191503 233
1739986098389 6.183944201832909 234
1739986098478 6.742874942310479 235
1739986098566 7.342877379123458 236
1739986098647 6.603236252755121 237
1739986098728 6.603463925273778 238
1739986098813 6.839565626364291 239
1739986098897 5.405015990084075 240
1739986098982 5.87074586878401 241
1739986099064 8.514738753163735 242
1739986099146 4.430253031740635 243
1739986099227 7.224199728777925 244
1739986099309 4.780230008997538 245
1739986099391 7.965253842069867 246
1739986099472 5.641251568616155 247
1739986099554 6.085181014114594 248
1739986099636 6.032382187371693 249
1739986099718 6.24633717201269 250
1739986099803 6.784069456104825 251
1739986099884 12.817452496674639 252
1739986099966 7.067812115409069 253
1739986100047 6.824248072360586 254
1739986100130 6.888626102342648 255
1739986100211 8.215351383083036 256
1739986100292 11.84275044281198 257
1739986100372 6.670205504967998 258
1739986100453 6.895797092241147 259
1739986100534 5.647176818470863 260
1739986100613 6.437634742956295 261
1739986100695 9.560937342029312 262
1739986100778 6.673661418456163 263
1739986100905 7.509449759667075 264
1739986100986 5.844269706521137 265
1739986101069 4.896554648444527 266
1739986101152 6.416959832252735 267
1739986101243 9.842534152083351 268
1739986101336 6.380306521902509 269
1739986101452 5.635054461848452 270
1739986101591 6.332060309557195 271
1739986101715 6.1981963887806915 272
1739986101874 4.853850717721674 273
1739986101987 6.022581737224615 274
1739986102081 6.150114205390199 275
1739986102179 6.974246181820241 276
1739986102269 6.3859128720628835 277
1739986102349 6.668231069179361 278
1739986102432 3.644053263183432 279
1739986102513 6.652170203886287 280
1739986102593 6.843149790657611 281
1739986102675 6.160623515480782 282
1739986102772 6.833268352513998 283
1739986102884 7.31557934452159 284
1739986102975 9.3823422121361 285
1739986103087 6.578453326878218 286
1739986103168 6.1565519275599225 287
1739986103249 6.106938148358655 288
1739986103329 7.489251777996473 289
1739986103409 6.291553054483437 290
1739986103490 6.177628369355723 291
1739986103572 7.481808133123164 292
1739986103653 7.051696011455976 293
1739986103733 5.0941381007837965 294
1739986103814 6.355072989239305 295
1739986103894 9.775142288627183 296
1739986103974 6.7274261425036554 297
1739986104055 6.13475264534042 298
1739986104137 5.970314119388863 299
1739986104219 6.838341163986071 300
1739986104298 4.555442176987005 301
1739986104378 11.266674299283283 302
1739986104460 8.231248895476726 303
1739986104541 7.445408914750118 304
1739986104619 8.712223865866232 305
1739986104698 5.347974071590893 306
1739986104783 6.1295053469759795 307
1739986104862 4.683406114747003 308
1739986104941 5.405459603289423 309
1739986105021 9.214661846355876 310
1739986105101 6.559871010188071 311
1739986105180 6.1040238909925035 312
1739986105259 7.287329028975335 313
1739986105339 5.259673622849285 314
1739986105418 9.633659261111637 315
1739986105497 10.759312777859245 316
1739986105577 5.90739647396995 317
1739986105656 6.485399358064054 318
1739986105736 6.059862081756713 319
1739986105816 4.478709831245468 320
1739986105896 3.840908055517591 321
1739986105975 8.256354447956264 322
1739986106054 8.383534579227824 323
1739986106132 8.77827291267852 324
1739986106211 7.051750431765876 325
1739986106291 10.24964150543318 326
1739986106372 5.343524845745589 327
1739986106454 6.889529960218456 328
1739986106532 5.930646272509735 329
1739986106610 3.551562867354858 330
1739986106688 6.533172613708055 331
1739986106774 4.728310885666311 332
1739986106870 5.540524769897792 333
1739986106950 7.938085972889036 334
1739986107033 7.0537569365056445 335
1739986107112 7.3634633122310955 336
1739986107188 5.364991978570138 337
1739986107264 7.755280613575253 338
1739986107342 6.726392444252371 339
1739986107419 6.4960298024109875 340
1739986107495 6.91085885814529 341
1739986107572 6.021752430009729 342
1739986107647 6.408973914328421 343
1739986107724 7.756974565316534 344
1739986107803 5.78810039969187 345
1739986107881 11.148660238414982 346
1739986107958 6.107118308713719 347
1739986108035 5.7548158141836625 348
1739986108112 10.440255216217142 349
1739986108188 6.836280436141002 350
1739986108264 5.772735486211808 351
1739986108344 5.595218618723809 352
1739986108420 5.096643555053435 353
1739986108497 7.494256712255033 354
1739986108575 7.578726043465349 355
1739986108685 4.517442038033896 356
1739986108822 7.524193936358877 357
1739986108916 6.509629879640482 358
1739986109000 6.169979627638183 359
1739986109083 5.6781098624415405 360
1739986109165 6.322726989111038 361
1739986109245 6.771156355882686 362
1739986109326 6.360384320532221 363
1739986109410 9.752333089448486 364
1739986109544 6.565163510498972 365
1739986109622 6.029247442287365 366
1739986109716 10.172267790262278 367
1739986109796 5.2185194900881084 368
1739986109878 5.8345768421419555 369
1739986109965 5.900452386969223 370
1739986110044 6.7309397711287104 371
1739986110124 5.673995930670544 372
1739986110202 4.6276181701730135 373
1739986110278 7.3443903568572475 374
1739986110359 13.38316951754309 375
1739986110437 7.702852566092767 376
1739986110517 5.513191212863088 377
1739986110597 4.9482605072100645 378
1739986110676 6.365530557703822 379
1739986110757 4.068844936604537 380
1739986110848 10.042418094722194 381
1739986110943 6.551172001777642 382
1739986111036 6.375082955979076 383
1739986111126 7.492450169542797 384
1739986111205 7.653908909366362 385
1739986111282 5.551479831810355 386
1739986111361 5.594730631383046 387
1739986111439 6.103361860325639 388
1739986111516 9.369233529850128 389
1739986111593 7.521637844544293 390
1739986111670 7.007095782405504 391
1739986111746 7.6020358342287935 392
1739986111824 6.775634944519548 393
1739986111902 6.761425282721107 394
1739986111977 6.857554095186458 395
1739986112053 7.662329867999851 396
1739986112130 6.139633103653176 397
1739986112208 7.019065229110966 398
1739986112284 6.30051935911204 399
1739986112359 6.388005092135074 400
1739986112436 7.781942142824884 401
1739986112515 6.691626830458143 402
1739986112596 7.917310328684547 403
1739986112676 7.0343883922383394 404
1739986112756 10.022239949860566 405
1739986112835 3.1493826247423415 406
1739986112911 8.37987007900124 407
1739986112987 6.27148724274259 408
1739986113061 6.834997654887891 409
1739986113139 5.291355018550961 410
1739986113216 7.370845863182728 411
1739986113295 6.793263522102025 412
1739986113458 12.817637367834113 413
1739986113540 6.350148008302272 414
1739986113620 6.498087998795062 415
1739986113703 6.294517365547022 416
1739986113790 6.11544767994787 417
1739986113881 7.380792091712059 418
1739986113975 6.28869467414895 419
1739986114104 4.724671398661431 420
1739986114218 6.747503257755441 421
1739986114301 6.896604028393237 422
1739986114399 5.9340053842477944 423
1739986114477 6.492719624136704 424
1739986114561 5.2560244407101475 425
1739986114647 6.276049314811298 426
1739986114736 7.80460002226412 427
1739986114848 6.254365538887412 428
1739986114970 5.7762703805186515 429
1739986115075 8.136842777084206 430
1739986115188 6.161254164795199 431
1739986115283 5.363106193190842 432
1739986115388 9.238825957392063 433
1739986115465 7.411472772719859 434
1739986115543 6.40814771827456 435
1739986115620 6.2521107927462385 436
1739986115701 8.311427495186143 437
1739986115793 6.412314398261946 438
1739986115902 7.7591996311082125 439
1739986116028 5.424848386161509 440
1739986116213 6.881871963430068 441
1739986116293 5.701215427827601 442
1739986116389 6.804891310926417 443
1739986116504 6.277705324283487 444
1739986116595 7.452384549324042 445
1739986116673 5.9201525433856546 446
1739986116752 6.5685953088765885 447
1739986116835 7.652678211319386 448
1739986116911 5.152277587798545 449
1739986116988 5.643895973652969 450
1739986117064 9.765771696181059 451
1739986117140 6.27124869503316 452
1739986117216 5.067825262222172 453
1739986117293 7.1731196577219105 454
1739986117373 8.194989190275193 455
1739986117460 5.862129722739479 456
1739986117564 4.566105238287457 457
1739986117689 6.537329947084615 458
1739986117801 6.542361105037974 459
1739986117894 6.5558751800949375 460
1739986117992 6.256750716842251 461
1739986118068 7.589055588577066 462
1739986118142 8.556500836018936 463
1739986118217 6.086571324689877 464
1739986118297 4.692349165388684 465
1739986118387 7.969150571147666 466
1739986118499 6.609957355583854 467
1739986118625 8.199030538804594 468
1739986118716 6.405043104472048 469
1739986118803 7.350210412093354 470
1739986118884 5.9014818675704745 471
1739986118960 6.771231397513555 472
1739986119037 4.211887292531622 473
1739986119113 5.727496329842462 474
1739986119190 6.426178179305471 475
1739986119265 5.986229297643066 476
1739986119342 9.553427640844776 477
1739986119419 7.531115884497354 478
1739986119546 6.511436824321434 479
1739986119622 5.49894967102418 480
1739986119698 10.200544890863686 481
1739986119778 5.650853492791011 482
1739986119855 8.25256296228639 483
1739986119930 10.052594654010226 484
1739986120005 6.552289979482696 485
1739986120080 6.838425380963222 486
1739986120155 6.397047174500422 487
1739986120282 6.426918029452671 488
1739986120359 8.924369488382686 489
1739986120434 6.200922488049809 490
1739986120509 6.519784126745652 491
1739986120584 6.73050897071562 492
1739986120659 5.509250127028501 493
1739986120735 6.211637597115055 494
1739986120813 5.396133825731852 495
1739986120891 8.177845082903044 496
1739986120975 6.7582624838461705 497
1739986121072 6.566813045864971 498
1739986121159 5.8197902164043605 499
