1739972443918 0.5602634486272247 0
1739972444004 0.11183068076601121 1
1739972444096 0.21611589735888134 2
1739972444181 0.1693937749056032 3
1739972444267 0.006035083273147165 4
1739972444352 0.05464419704446754 5
1739972444438 0.0017978737294843934 6
1739972444524 0.00046319021367058913 7
1739972444606 0.00044695363952358756 8
1739972444692 0.00010722199993407179 9
1739972444779 0.0005050928863657543 10
1739972444862 0.00022143432723444135 11
1739972444947 4.65605316398691e-05 12
1739972445025 0.0003592591243894438 13
1739972445115 0.0012367335178258452 14
1739972445204 0.0008851941174579724 15
1739972445285 5.941381657553517e-05 16
1739972445356 0.0006068351201879078 17
1739972445431 0.0002417776277046509 18
1739972445504 0.00012473467539728466 19
1739972445579 2.3379259855347236e-05 20
1739972445663 0.00020766740530763032 21
1739972445741 1.5375774019637136e-05 22
1739972445817 0.006035306342975793 23
1739972445895 0.00014872458220077146 24
1739972445969 0.00027387242126510086 25
1739972446043 0.0008288244492132092 26
1739972446115 0.0011648407911924257 27
1739972446194 0.0005354022472201329 28
1739972446269 0.0007958051485545604 29
1739972446349 0.000594808837400413 30
1739972446437 0.0004240277097833746 31
1739972446517 7.139210606687738e-05 32
1739972446593 3.897455882638653e-05 33
1739972446676 0.0031213619848880817 34
1739972446762 1.865298446503424e-05 35
1739972446846 0.0014283070595315704 36
1739972446928 0.0005673255137013035 37
1739972447006 7.114851870609016e-05 38
1739972447086 4.172759870297169e-05 39
1739972447168 9.36469966229803e-05 40
1739972447243 0.00023549689019212552 41
1739972447318 0.0004969313491670073 42
1739972447396 0.00032887858530029776 43
1739972447470 0.00019388318350343838 44
1739972447545 0.00011154015694148618 45
1739972447667 0.0002555681820496509 46
1739972447754 0.003113271822319947 47
1739972447838 0.004618527599984341 48
1739972447914 2.6768764818098246e-05 49
1739972447992 0.0006287039011137858 50
1739972448077 0.001265178020940078 51
1739972448161 8.52055076402421e-05 52
1739972448246 2.039915000318151e-06 53
1739972448328 8.403309900110016e-05 54
1739972448409 0.00010827079310378205 55
1739972448489 5.778379327036999e-05 56
1739972448568 3.482409766924997e-08 57
1739972448640 0.0002299262037714245 58
1739972448716 0.00036881049596776156 59
1739972448796 5.5740458810875495e-08 60
1739972448873 2.6721025278688926e-05 61
1739972448950 7.089221613051541e-06 62
1739972449025 0.0004882986342663088 63
1739972449101 0.0017487857415484673 64
1739972449176 0.000573687740638894 65
1739972449249 5.947154971350717e-05 66
1739972449323 8.508201478517594e-06 67
1739972449402 0.001435030884696429 68
1739972449484 0.00027686582465221603 69
1739972449569 0.00015572457641296867 70
1739972449652 0.0017876502438629524 71
1739972449726 0.0001862473101166048 72
1739972449801 0.001205375929310396 73
1739972449878 0.0014511843046787762 74
1739972449959 9.428971121313649e-06 75
1739972450041 0.0004728701860597441 76
1739972450126 0.0012241856551691971 77
1739972450206 0.0016702274234734857 78
1739972450280 0.00012614485532268683 79
1739972450355 0.0014529828872321701 80
1739972450437 0.0029660257856585523 81
1739972450511 0.00044197802287965763 82
1739972450585 0.00122967636492162 83
1739972450662 0.0004193110853904161 84
1739972450833 0.0006635048959430005 85
1739972450906 0.001834161391678497 86
1739972450983 0.0015924071251263076 87
1739972451056 0.00012401890788348537 88
1739972451133 2.2621993622089716e-06 89
1739972451211 3.8774696058920065e-06 90
1739972451284 0.0007646254075073916 91
1739972451377 8.452551937742772e-05 92
1739972451451 8.758193779880317e-05 93
1739972451525 0.0012506407111597614 94
1739972451600 0.00030382732903079475 95
1739972451678 4.942260805406771e-05 96
1739972451750 0.0006206476126097125 97
1739972451824 0.0008453376941015648 98
1739972451895 0.0024752555777077644 99
1739972451969 5.844863856088239e-05 100
1739972452041 0.00042015677675637887 101
1739972452118 0.0016965866530876757 102
1739972452194 1.632872277842414e-05 103
1739972452267 8.077356440488825e-08 104
1739972452342 0.0006913172040615121 105
1739972452418 0.00012792823942064116 106
1739972452499 6.462962437390293e-05 107
1739972452573 3.008748931991202e-05 108
1739972452649 0.00021624261046425687 109
1739972452722 0.007086147043109794 110
1739972452797 6.891840582325501e-05 111
1739972452878 0.0003791712026606551 112
1739972452953 1.41029553121932e-06 113
1739972453027 0.00037009614923062356 114
1739972453108 0.00013971102050580305 115
1739972453187 0.00023877597157767594 116
1739972453259 3.408213396633575e-05 117
1739972453333 3.573712763718146e-05 118
1739972453413 0.00021439373312055483 119
1739972453487 7.575934595974777e-05 120
1739972453558 2.488083013502598e-05 121
1739972453632 0.00014795452965795798 122
1739972453709 0.0006772286406404478 123
1739972453788 9.980961645522243e-05 124
1739972453865 0.0003792695438074008 125
1739972453943 0.00016250802650617677 126
1739972454020 0.0005139438885109416 127
1739972454095 0.000650153042568695 128
1739972454173 0.0002632211662502682 129
1739972454246 0.0004239634449472322 130
1739972454320 1.560442604423637e-05 131
1739972454401 0.0003171136011305064 132
1739972454480 0.00035510185056601343 133
1739972454555 0.0007038048071593272 134
1739972454632 0.00022101849962650628 135
1739972454708 0.0008684552452732571 136
1739972454783 0.007221716254422377 137
1739972454861 0.00023976251121412417 138
1739972454938 4.28879717718393e-05 139
1739972455015 0.0013308532998597008 140
1739972455095 0.001430272139420331 141
1739972455173 0.00015016393455807327 142
1739972455249 0.00022636997277282852 143
1739972455320 0.0008602951568828963 144
1739972455395 5.325169035471651e-05 145
1739972455470 3.311305047602693e-05 146
1739972455548 2.610773880104054e-05 147
1739972455622 7.798584466319328e-05 148
1739972455695 0.000424064330517086 149
1739972455770 0.000155934165303516 150
1739972455859 0.000489896749075598 151
1739972455947 9.246217098926045e-08 152
1739972456033 0.00015544139921128253 153
1739972456111 0.00011426093626849621 154
1739972456192 5.073298627330592e-06 155
1739972456266 0.00033918809795270875 156
1739972456339 0.0003504196871800729 157
1739972456428 0.0004720682499866854 158
1739972456509 0.00021908755394012378 159
1739972456586 5.222567737901029e-06 160
1739972456663 4.3403109321964226e-05 161
1739972456739 2.46943486676405e-06 162
1739972456811 0.00016717089728168823 163
1739972456883 0.0014507934182807244 164
1739972456955 3.7756933650613604e-05 165
1739972457028 0.00022324140836400423 166
1739972457100 0.0004991450873796921 167
1739972457175 0.00024271304076682116 168
1739972457248 0.0005012379066684986 169
1739972457321 0.000318780702819644 170
1739972457396 0.0001748837994566776 171
1739972457469 1.710599294354472e-05 172
1739972457541 0.0002811111772632971 173
1739972457614 0.0002972956988916085 174
1739972457691 2.0443884428077613e-05 175
1739972457768 0.0041554031346091366 176
1739972457841 1.6448082800281435e-05 177
1739972457913 0.00048676484575021725 178
1739972457985 0.00020680648668372725 179
1739972458057 8.470916959578472e-06 180
1739972458130 0.0001000236492698622 181
1739972458203 0.00021539596654237468 182
1739972458276 0.003372890404658627 183
1739972458348 0.0002880694213961714 184
1739972458421 0.00014822182421699457 185
1739972458494 0.0015884617642288885 186
1739972458574 0.00039862611127066013 187
1739972458647 0.00044727529953935417 188
1739972458720 1.2099893074304192e-05 189
1739972458800 0.00021047301393932737 190
1739972458888 5.965479811404045e-08 191
1739972458973 9.499548270843733e-05 192
1739972459051 0.0019385668821373288 193
1739972459125 5.77623719710143e-05 194
1739972459221 9.907104014411608e-07 195
1739972459301 8.328137315167696e-05 196
1739972459375 0.0001734099387475628 197
1739972459453 0.0007254745889584488 198
1739972459525 0.0006898615138300329 199
1739972459598 0.008060971893568424 200
1739972459685 0.0005427980883657447 201
1739972459776 6.3005937279687966e-06 202
1739972459860 2.5316178994961285e-05 203
1739972459936 2.1815674065652078e-05 204
1739972460010 3.878493363067675e-05 205
1739972460089 0.0010347057133900097 206
1739972460162 3.055215825512975e-05 207
1739972460234 1.395883132941183e-09 208
1739972460307 0.00022383840176500532 209
1739972460380 2.3912942793767166e-05 210
1739972460454 1.538435205645694e-05 211
1739972460526 0.0012824472991566757 212
1739972460605 0.00011644953399599 213
1739972460678 7.203771781616358e-05 214
1739972460753 0.0008533797156071197 215
1739972460839 4.75059055097521e-06 216
1739972460917 5.989895101276342e-05 217
1739972460988 7.552098167194575e-05 218
1739972461061 3.638572036025894e-08 219
1739972461134 0.0006760373370160783 220
1739972461213 0.0001540169823254712 221
1739972461284 1.236857174221336e-05 222
1739972461356 9.887597730776845e-05 223
1739972461431 4.997325576990136e-05 224
1739972461504 0.0003116116096208601 225
1739972461576 5.773577416060852e-05 226
1739972461653 0.00010504178409431332 227
1739972461727 0.0004181240949979405 228
1739972461815 0.0038743005382166234 229
1739972461904 0.0003084684793719832 230
1739972461988 0.0007955003709183851 231
1739972462068 0.000412105206868399 232
1739972462145 6.65862924405514e-05 233
1739972462227 0.00016150040310507473 234
1739972462323 0.0016188222757059637 235
1739972462424 0.00034407410797960685 236
1739972462512 0.0012106564277216344 237
1739972462606 0.00019588149481195786 238
1739972462716 3.6553305118856756e-05 239
1739972462799 4.050411943156561e-06 240
1739972462891 0.000307327745307856 241
1739972462984 4.7205419774330326e-05 242
1739972463073 0.0003495885177036401 243
1739972463181 0.002703807701900531 244
1739972463271 0.0007816623645513543 245
1739972463350 0.0004054676936054188 246
1739972463448 3.112215469038329e-05 247
1739972463549 0.0006343685169599186 248
1739972463646 0.0005095246780018077 249
1739972463731 6.839194901605091e-05 250
1739972463826 0.0011813747722342531 251
1739972463917 0.00018859354576269185 252
1739972463991 0.00038240075162202577 253
1739972464066 0.00025985483772065604 254
1739972464146 0.00031056577383933165 255
1739972464219 0.00016093733012856323 256
1739972464292 0.0015939947070919191 257
1739972464365 0.004254733314821221 258
1739972464438 0.002235020576825337 259
1739972464511 0.0037949849936897524 260
1739972464583 2.1226767561640953e-06 261
1739972464667 0.0006932964235822812 262
1739972464746 2.691934839455503e-05 263
1739972464833 0.0003371947312765236 264
1739972464913 0.000206309225771851 265
1739972464988 9.169455918415327e-05 266
1739972465064 0.0005429570727046694 267
1739972465146 2.203642276956973e-05 268
1739972465225 6.342399753416862e-07 269
1739972465299 0.002014975044562809 270
1739972465371 0.0007195127895254057 271
1739972465448 6.392121419275443e-05 272
1739972465532 0.0004582666164004233 273
1739972465614 0.0007699223471760561 274
1739972465698 0.00016497009452444991 275
1739972465781 0.0005601900078559413 276
1739972465863 3.8320780602839704e-05 277
1739972465944 0.0007677761036326946 278
1739972466029 0.0010212452842871807 279
1739972466108 0.00020071528221623735 280
1739972466233 0.0015315718857681706 281
1739972466304 3.9610294501835315e-05 282
1739972466377 1.107528305705002e-06 283
1739972466452 0.0003815823094175092 284
1739972466525 0.0005115596515579135 285
1739972466601 0.001036564964404379 286
1739972466684 0.000538497219126834 287
1739972466759 0.0005555872510873734 288
1739972466834 0.0006955501979139611 289
1739972466907 0.00017505918798867422 290
1739972466978 1.250131517405209e-06 291
1739972467077 1.0750401244058214e-05 292
1739972467260 0.00025930853152330706 293
1739972467372 7.628080114009866e-05 294
1739972467452 1.6110554604997195e-05 295
1739972467525 3.8776516462646905e-06 296
1739972467602 9.491997445523386e-06 297
1739972467682 1.987245015523425e-05 298
1739972467756 0.000670070552301674 299
1739972467832 0.0005939530650835067 300
1739972467904 7.979018627424223e-09 301
1739972467982 7.379242549546944e-05 302
1739972468059 5.9582144454766847e-05 303
1739972468153 2.4338351960020668e-05 304
1739972468237 3.302603563596866e-05 305
1739972468316 0.00016645670821418426 306
1739972468393 0.002470033740479843 307
1739972468470 0.00025365622072063415 308
1739972468542 0.0003998792397704926 309
1739972468621 8.589247241437223e-05 310
1739972468708 0.00016812244851494652 311
1739972468785 9.118683211019954e-05 312
1739972468858 0.000432205719424472 313
1739972468933 0.0011842575675102848 314
1739972469012 9.728714831174706e-05 315
1739972469088 0.00013676047874625912 316
1739972469167 1.3129181788048476e-05 317
1739972469249 2.968432968985824e-05 318
1739972469325 0.0017673766808317718 319
1739972469399 3.0928532902242277e-06 320
1739972469471 0.0005433275591856923 321
1739972469545 0.0011547451491502392 322
1739972469639 4.042828308326379e-05 323
1739972469724 2.1352866263372594e-06 324
1739972469805 0.0001069595703391915 325
1739972469885 9.393741649232856e-05 326
1739972469972 3.4026055968269966e-06 327
1739972470047 0.0033215780187367335 328
1739972470121 4.6751721844023335e-06 329
1739972470209 8.267771766955008e-05 330
1739972470295 4.658821230842206e-06 331
1739972470382 1.1025030415247712e-05 332
1739972470468 7.065546713978116e-05 333
1739972470551 0.00035569017713462455 334
1739972470639 3.209986399878393e-05 335
1739972470729 8.786218515900225e-05 336
1739972470808 0.00015590230967120957 337
1739972470889 2.7032325669872483e-05 338
1739972471007 0.00011023242300457814 339
1739972471095 0.0008237544282750577 340
1739972471174 0.0004301472081948748 341
1739972471257 0.00019351172405093162 342
1739972471363 0.00017962894400290016 343
1739972471484 0.0013276611196350973 344
1739972471597 1.1973839653230308e-05 345
1739972471682 8.335394645561262e-06 346
1739972471760 0.00014672679523521008 347
1739972471837 0.0006885730837103069 348
1739972471923 0.00018877072062421264 349
1739972472023 3.690637950833304e-05 350
1739972472113 7.937703515327781e-06 351
1739972472205 0.0008266305759672387 352
1739972472301 3.0767827289465233e-06 353
1739972472382 0.0019922662749569868 354
1739972472458 0.0007624782328841187 355
1739972472534 3.0201974147471396e-05 356
1739972472619 0.0010101371246455189 357
1739972472701 0.0001455044488091446 358
1739972472793 3.366268047876749e-05 359
1739972472887 0.0014243656390601344 360
1739972472967 0.0002699173756850567 361
1739972473043 1.068821255379579e-05 362
1739972473125 1.2932293710455607e-05 363
1739972473216 5.568054180409009e-06 364
1739972473297 0.00028539054978641377 365
1739972473375 0.0005559269264755638 366
1739972473463 0.00011350527057130212 367
1739972473547 0.0001354304489066437 368
1739972473626 0.000178816798507261 369
1739972473808 2.064622261503012e-05 370
1739972473886 7.373150788342195e-05 371
1739972473966 0.00024320744728565923 372
1739972474058 7.482537098184512e-06 373
1739972474147 3.3767473287155374e-06 374
1739972474233 0.0012174229359900165 375
1739972474314 0.0001704557981310992 376
1739972474403 7.615488389375702e-05 377
1739972474481 7.797452495385047e-05 378
1739972474560 0.00020611508861303993 379
1739972474644 0.0023941523730579197 380
1739972474723 0.00018051116157946317 381
1739972474806 0.0014521718476907025 382
1739972474894 0.0003232036452070049 383
1739972474980 0.00029734272270913903 384
1739972475071 6.885575562873287e-08 385
1739972475155 0.000186788789859747 386
1739972475238 3.551033890193501e-05 387
1739972475319 5.346007761364301e-07 388
1739972475397 0.00010334970181302317 389
1739972475480 2.778128368625492e-05 390
1739972475559 0.0005287508418790251 391
1739972475643 0.0016458137279233979 392
1739972475724 1.1457742168951551e-07 393
1739972475803 6.898071662528476e-05 394
1739972475886 7.153970222703244e-05 395
1739972475981 0.00016180780020243592 396
1739972476152 6.891345989703467e-06 397
1739972476242 0.0002743720765599489 398
1739972476332 4.169430631712477e-05 399
1739972476418 4.1611397668099776e-05 400
1739972476504 2.518364264581183e-05 401
1739972476587 8.1612978210669e-05 402
1739972476676 2.6414895769015297e-05 403
1739972476753 0.000596416737641517 404
1739972476840 3.932849249875935e-05 405
1739972476924 0.0007880778222029894 406
1739972477009 4.3679475366713784e-06 407
1739972477091 0.00041604386683669303 408
1739972477173 0.002973920543103286 409
1739972477254 0.0016604939966684779 410
1739972477335 0.0024513551365445683 411
1739972477423 8.315147083516094e-05 412
1739972477503 3.744321514681583e-05 413
1739972477585 0.0005413922665210217 414
1739972477674 1.2308513093985327e-05 415
1739972477766 0.0012604528590200227 416
1739972477855 0.001667101882261103 417
1739972477943 0.001702004995949645 418
1739972478030 0.00020316396070917304 419
1739972478120 3.844104270109428e-05 420
1739972478211 1.8937580564753064e-09 421
1739972478296 6.928588457288817e-07 422
1739972478378 4.241667800312034e-06 423
1739972478452 0.00022720303464784635 424
1739972478523 0.0003258824942717187 425
1739972478597 2.9131423128213724e-06 426
1739972478677 0.00029844596892287536 427
1739972478749 7.36748815543944e-06 428
1739972478822 1.2361173885199705e-05 429
1739972478898 0.0005780560523805022 430
1739972478971 9.889673219369454e-06 431
1739972479043 0.00044747899889008676 432
1739972479115 1.69949681184844e-05 433
1739972479191 0.0001156273963122568 434
1739972479263 0.0004740481103059466 435
1739972479336 0.00024267911276384667 436
1739972479410 0.0007835774984216044 437
1739972479481 0.0003370111724308981 438
1739972479554 1.696590716652161e-05 439
1739972479630 5.006496742705143e-06 440
1739972479703 0.0013718317627972212 441
1739972479776 2.7161759030081615e-05 442
1739972479851 0.0007909597086827798 443
1739972479923 1.7931895246173436e-05 444
1739972479997 0.00019868004154231225 445
1739972480071 9.68793345879253e-05 446
1739972480150 0.0003576442656647018 447
1739972480222 7.058446335861301e-05 448
1739972480294 0.0013267539734039054 449
1739972480369 0.0007360862394273714 450
1739972480444 1.3480192444724962e-05 451
1739972480516 0.0007864985814331144 452
1739972480589 5.531898065295528e-05 453
1739972480676 7.754432147342554e-06 454
1739972480763 0.00033655518797292276 455
1739972480836 0.0015062830306045159 456
1739972480916 0.0010293783880676267 457
1739972480993 0.000416762935221199 458
1739972481075 3.985157607239926e-05 459
1739972481150 0.000649722348121259 460
1739972481220 0.00011871898851949347 461
1739972481296 0.00012334506794973874 462
1739972481368 4.499162715900564e-08 463
1739972481441 6.215392595815598e-06 464
1739972481513 0.00034720556400056354 465
1739972481587 1.0538874040276441e-05 466
1739972481663 5.256746723604912e-06 467
1739972481734 0.0004883111505491807 468
1739972481810 0.0011142627788317725 469
1739972481893 1.3115860547412035e-06 470
1739972481981 0.0004130524078447192 471
1739972482068 0.0008758182166198117 472
1739972482156 0.000402487255974778 473
1739972482243 2.68559568786491e-05 474
1739972482328 2.3864258165701352e-05 475
1739972482411 0.0008156861756926458 476
1739972482487 0.0008938274303444453 477
1739972482572 0.0007489385844377601 478
1739972482657 2.5444942451795775e-06 479
1739972482732 5.0125198958979085e-05 480
1739972482806 0.0002501065293261555 481
1739972482882 3.4181487750292844e-06 482
1739972482962 0.000546484832263433 483
1739972483042 0.0015395348110844754 484
1739972483128 0.00019259703778897277 485
1739972483217 0.0021210224074902032 486
1739972483302 3.5944953520728575e-05 487
1739972483383 0.00011237581451150835 488
1739972483454 0.001957281151515857 489
1739972483528 0.00047981584923162 490
1739972483601 1.252870193270322e-05 491
1739972483676 5.881923321212445e-06 492
1739972483749 2.9737950677440346e-07 493
1739972483825 2.4229725315214782e-09 494
1739972483910 2.515364869663705e-06 495
1739972483995 0.0002786449146198238 496
1739972484077 4.605682354262903e-05 497
1739972484155 0.0012393598044404118 498
1739972484231 5.683988696753544e-06 499
