1740008215948 0.03870430801355261 0
1740008216040 0.0024002750509363345 1
1740008216126 7.908862070729047e-05 2
1740008216212 0.18876938838045135 3
1740008216297 0.054758580116391564 4
1740008216381 0.2678634240593658 5
1740008216466 0.00011954319886052003 6
1740008216551 0.024271987400851857 7
1740008216634 0.17853908945155367 8
1740008216718 0.8006508054720842 9
1740008216801 0.011663212035562576 10
1740008216884 0.0003562800885693106 11
1740008216973 0.08778563439198521 12
1740008217056 0.015136584841864231 13
1740008217142 0.004744676176321604 14
1740008217226 0.029301454884304367 15
1740008217309 0.020406809046884532 16
1740008217391 0.1140234109170266 17
1740008217472 0.033104595176662456 18
1740008217555 0.08538337759669355 19
1740008217637 0.0017186566282178669 20
1740008217722 0.09525389406561971 21
1740008217807 0.03480133665184751 22
1740008217888 0.05578566385708858 23
1740008217971 0.0010216697164594462 24
1740008218061 0.07354391364807687 25
1740008218162 0.002565296559983847 26
1740008218244 0.0033225799909454732 27
1740008218329 0.08651688541038731 28
1740008218416 0.002264388387023901 29
1740008218502 0.21040277430169813 30
1740008218586 0.0016925925776096445 31
1740008218673 0.03518652018306825 32
1740008218757 0.33400356903310385 33
1740008218840 0.4111887341997291 34
1740008218922 0.01806718768560074 35
