1739980570956 6.717215545290593 0
1739980571065 6.23627431234189 1
1739980571174 6.494598581246126 2
1739980571281 6.238234390064568 3
1739980571389 6.790699147148015 4
1739980571511 6.37028511341403 5
1739980571631 6.405506512124324 6
1739980571744 6.428901430731693 7
1739980571854 6.513568763527291 8
1739980571963 6.658132659833987 9
1739980572102 6.884301412610128 10
1739980572241 6.714661948864619 11
1739980572349 6.480817348836913 12
1739980572457 6.417947345727811 13
1739980572564 6.21685765089088 14
1739980572672 6.536072831674886 15
1739980572781 6.250484056345429 16
1739980572890 6.68546550504336 17
1739980572999 6.2220577390501415 18
1739980573109 6.877317263811053 19
1739980573286 7.094005573190333 20
1739980573394 6.37012810106953 21
1739980573504 6.0426413621499355 22
1739980573612 6.304374095848916 23
1739980573721 6.550945685963256 24
1739980573830 6.709397743715704 25
1739980573994 7.2781081706679664 26
1739980574103 6.265705978263642 27
