1740000426860 168.81788247382886 0
1740000426885 168.48062380782815 1
1740000426907 168.14410688640675 2
1740000426930 167.80833001041597 3
1740000426948 167.473291484689 4
1740000426965 167.13898961803162 5
1740000426986 166.80542272321244 6
1740000427008 166.47258911695386 7
1740000427029 166.14048711992245 8
1740000427047 165.80911505671978 9
1740000427065 165.47847125587285 10
1740000427083 165.14855404982504 11
1740000427105 164.81936177492662 12
1740000427123 164.4908927714256 13
1740000427141 164.16314538345833 14
1740000427158 163.8361179590406 15
1740000427179 163.50980885005802 16
1740000427198 163.18421641225711 17
1740000427221 162.85933900523614 18
1740000427241 162.53517499243586 19
1740000427258 162.21172274113047 20
1740000427276 161.88898062241853 21
1740000427294 161.5669470112139 22
1740000427314 161.24562028623654 23
1740000427334 160.92499883000383 24
1740000427352 160.60508102882116 25
1740000427370 160.28586527277312 26
1740000427388 159.96734995571478 27
1740000427408 159.6495334752622 28
1740000427427 159.33241423278403 29
1740000427445 159.0159906333924 30
1740000427463 158.70026108593387 31
1740000427481 158.38522400298106 32
1740000427498 158.0708778008232 33
1740000427518 157.7572208994578 34
1740000427537 157.44425172258164 35
1740000427555 157.131968697582 36
1740000427574 156.82037025552808 37
1740000427593 156.50945483116192 38
1740000427613 156.19922086289012 39
1740000427633 155.88966679277482 40
1740000427652 155.58079106652514 41
1740000427669 155.27259213348867 42
1740000427687 154.9650684466426 43
1740000427705 154.65821846258527 44
1740000427727 154.35204064152757 45
1740000427744 154.0465334472843 46
1740000427764 153.74169534726576 47
1740000427784 153.43752481246904 48
1740000427823 153.13402031746975 49
1740000427844 152.83118034041325 50
1740000427862 152.52900336300652 51
1740000427880 152.2274878705094 52
1740000427898 151.92663235172643 53
1740000427915 151.6264352989982 54
1740000427935 151.32689520819318 55
1740000427954 151.02801057869922 56
1740000427971 150.72977991341534 57
1740000427988 150.4322017187433 58
1740000428005 150.13527450457926 59
1740000428023 149.8389967843056 60
1740000428041 149.54336707478265 61
1740000428058 149.24838389634036 62
1740000428077 148.95404577277023 63
1740000428095 148.66035123131687 64
1740000428113 148.36729880267004 65
1740000428131 148.07488702095642 66
1740000428149 147.78311442373132 67
1740000428166 147.49197955197087 68
1740000428185 147.20148095006357 69
1740000428205 146.91161716580234 70
1740000428224 146.62238675037656 71
1740000428244 146.33378825836388 72
1740000428260 146.04582024772228 73
1740000428278 145.75848127978188 74
1740000428295 145.4717699192373 75
1740000428312 145.18568473413924 76
1740000428331 144.90022429588697 77
1740000428348 144.61538717922002 78
1740000428367 144.33117196221056 79
1740000428384 144.04757722625524 80
1740000428401 143.7646015560676 81
1740000428419 143.48224353966992 82
1740000428437 143.20050176838558 83
1740000428454 142.9193748368312 84
1740000428471 142.63886134290874 85
1740000428488 142.35895988779788 86
1740000428505 142.07966907594812 87
1740000428524 141.80098751507109 88
1740000428541 141.52291381613273 89
1740000428558 141.24544659334575 90
1740000428575 140.96858446416186 91
1740000428593 140.69232604926404 92
1740000428611 140.4166699725589 93
1740000428629 140.1416148611692 94
1740000428646 139.86715934542593 95
1740000428663 139.59330205886104 96
1740000428680 139.3200416381996 97
1740000428697 139.0473767233524 98
1740000428715 138.77530595740828 99
1740000428732 138.50382798662676 100
1740000428749 138.2329414604303 101
1740000428813 137.9626450313971 102
1740000428856 137.69293735525338 103
1740000428875 137.423817090866 104
1740000428896 137.15528290023508 105
1740000428918 136.88733344848654 106
1740000428940 136.61996740386462 107
1740000428961 136.3531834377246 108
1740000428980 136.08698022452543 109
1740000428997 135.8213564418224 110
1740000429013 135.55631077025956 111
1740000429031 135.29184189356278 112
1740000429048 135.0279484985322 113
1740000429066 134.76462927503502 114
1740000429083 134.5018829159983 115
1740000429100 134.23970811740153 116
1740000429118 133.9781035782697 117
1740000429135 133.71706800066576 118
1740000429153 133.45660008968363 119
1740000429172 133.19669855344094 120
1740000429189 132.93736210307205 121
1740000429206 132.67858945272053 122
1740000429223 132.42037931953246 123
1740000429240 132.16273042364907 124
1740000429259 131.90564148819962 125
1740000429276 131.64911123929454 126
1740000429294 131.39313840601812 127
1740000429311 131.13772172042175 128
1740000429328 130.8828599175166 129
1740000429346 130.62855173526683 130
1740000429366 130.37479591458245 131
1740000429384 130.1215911993124 132
1740000429401 129.8689363362378 133
1740000429418 129.61683007506457 134
1740000429435 129.36527116841697 135
1740000429453 129.11425837183026 136
1740000429471 128.86379044374422 137
1740000429487 128.61386614549596 138
1740000429506 128.36448424131328 139
1740000429526 128.1156434983076 140
1740000429546 127.86734268646744 141
1740000429569 127.61958057865124 142
1740000429590 127.37235595058091 143
1740000429608 127.12566758083486 144
1740000429625 126.87951425084125 145
1740000429642 126.63389474487133 146
1740000429661 126.3888078500326 147
1740000429678 126.14425235626229 148
1740000429694 125.90022705632042 149
1740000429712 125.65673074578316 150
1740000429729 125.41376222303649 151
1740000429747 125.171320289269 152
1740000429765 124.92940374846582 153
1740000429784 124.68801140740148 154
1740000429801 124.44714207563386 155
1740000429818 124.20679456549712 156
1740000429835 123.96696769209531 157
1740000429855 123.72766027329592 158
1740000429873 123.4888711297232 159
1740000429891 123.25059908475171 160
1740000429909 123.0128429644998 161
1740000429928 122.77560159782304 162
1740000429949 122.5388738163079 163
1740000429968 122.30265845426511 164
1740000429986 122.06695434872348 165
1740000430006 121.83176033942304 166
1740000430045 121.59707526880906 167
1740000430064 121.36289798202543 168
1740000430081 121.12922732690834 169
1740000430098 120.89606215397978 170
1740000430116 120.66340131644145 171
1740000430133 120.43124367016812 172
1740000430153 120.1995880737016 173
1740000430170 119.96843338824415 174
1740000430187 119.73777847765237 175
1740000430205 119.5076222084309 176
1740000430224 119.2779634497261 177
1740000430243 119.04880107331978 178
1740000430261 118.82013395362316 179
1740000430278 118.59196096767033 180
1740000430296 118.36428099511237 181
1740000430313 118.13709291821093 182
1740000430330 117.91039562183212 183
1740000430349 117.68418799344047 184
1740000430366 117.45846892309261 185
1740000430384 117.23323730343124 186
1740000430401 117.00849202967892 187
1740000430418 116.78423199963215 188
1740000430439 116.56045611365512 189
1740000430456 116.33716327467366 190
1740000430472 116.11435238816924 191
1740000430487 115.89202236217294 192
1740000430503 115.67017210725929 193
1740000430519 115.44880053654038 194
1740000430537 115.2279065656599 195
1740000430554 115.00748911278694 196
1740000430573 114.78754709861029 197
1740000430588 114.56807944633222 198
1740000430604 114.34908508166284 199
1740000430621 114.1305629328138 200
1740000430637 113.91251193049274 201
1740000430653 113.69493100789711 202
1740000430669 113.47781910070847 203
1740000430684 113.2611751470865 204
1740000430701 113.04499808766323 205
1740000430717 112.82928686553706 206
1740000430733 112.61404042626714 207
1740000430749 112.39925771786734 208
1740000430766 112.1849376908006 209
1740000430782 111.971079297973 210
1740000430798 111.75768149472817 211
1740000430814 111.54474323884138 212
1740000430830 111.33226349051382 213
1740000430845 111.12024121236688 214
1740000430861 110.90867536943644 215
1740000430877 110.6975649291672 216
1740000430893 110.48690886140687 217
1740000430912 110.27670613840063 218
1740000430929 110.06695573478531 219
1740000430944 109.85765662758392 220
1740000430960 109.64880779619986 221
1740000430975 109.44040822241136 222
1740000430992 109.23245689036585 223
1740000431008 109.02495278657437 224
1740000431023 108.81789489990601 225
1740000431039 108.61128222158226 226
1740000431055 108.40511374517155 227
1740000431070 108.19938846658361 228
1740000431088 107.99410538406403 229
1740000431104 107.78926349818866 230
1740000431120 107.58486181185813 231
1740000431134 107.38089933029241 232
1740000431149 107.17737506102522 233
1740000431166 106.97428801389869 234
1740000431181 106.77163720105783 235
1740000431197 106.56942163694505 236
1740000431213 106.36764033829486 237
1740000431228 106.16629232412832 238
1740000431245 105.96537661574772 239
1740000431261 105.76489223673119 240
1740000431277 105.56483821292724 241
1740000431293 105.36521357244958 242
1740000431308 105.16601734567149 243
1740000431324 104.96724856522074 244
1740000431340 104.76890626597415 245
1740000431356 104.5709894850523 246
1740000431372 104.37349726181417 247
1740000431389 104.17642863785194 248
1740000431405 103.97978265698572 249
1740000431421 103.78355836525817 250
1740000431438 103.58775481092941 251
1740000431453 103.3923710444716 252
1740000431468 103.19740611856392 253
1740000431484 103.00285908808718 254
1740000431499 102.8087290101187 255
1740000431515 102.61501494392718 256
1740000431532 102.42171595096741 257
1740000431548 102.22883109487513 258
1740000431564 102.03635944146198 259
1740000431581 101.84430005871025 260
1740000431597 101.65265201676782 261
1740000431613 101.46141438794294 262
1740000431630 101.27058624669932 263
1740000431644 101.08016666965088 264
1740000431660 100.89015473555669 265
1740000431676 100.70054952531599 266
1740000431691 100.51135012196306 267
1740000431709 100.3225556106622 268
1740000431725 100.13416507870274 269
1740000431740 99.94617761549391 270
1740000431756 99.75859231256 271
1740000431775 99.5714082635352 272
1740000431791 99.38462456415878 273
1740000431808 99.19824031226996 274
1740000431824 99.01225460780304 275
1740000431840 98.82666655278253 276
1740000431857 98.64147525131801 277
1740000431873 98.45667980959944 278
1740000431890 98.27227933589202 279
1740000431906 98.08827294053151 280
1740000431922 97.90465973591921 281
1740000431938 97.72143883651708 282
1740000431955 97.53860935884296 283
1740000431972 97.35617042146566 284
1740000431988 97.17412114500009 285
1740000432004 96.99246065210252 286
1740000432020 96.81118806746571 287
1740000432036 96.63030251781402 288
1740000432051 96.44980313189882 289
1740000432067 96.26968904049353 290
1740000432082 96.08995937638889 291
1740000432098 95.91061327438824 292
1740000432114 95.73164987130275 293
1740000432131 95.55306830594664 294
1740000432146 95.37486771913252 295
1740000432162 95.19704725366665 296
1740000432179 95.01960605434422 297
1740000432195 94.84254326794466 298
1740000432210 94.66585804322696 299
1740000432226 94.48954953092505 300
1740000432244 94.31361688374301 301
1740000432265 94.1380592563506 302
1740000432281 93.96287580537847 303
1740000432297 93.78806568941363 304
1740000432313 93.61362806899474 305
1740000432329 93.43956210660762 306
1740000432346 93.26586696668056 307
1740000432362 93.09254181557984 308
1740000432379 92.91958582160498 309
1740000432394 92.74699815498441 310
1740000432409 92.57477798787075 311
1740000432426 92.40292449433632 312
1740000432444 92.23143685036865 313
1740000432459 92.06031423386588 314
1740000432475 91.88955582463235 315
1740000432490 91.71916080437403 316
1740000432506 91.54912835669408 317
1740000432524 91.37945766708836 318
1740000432542 91.2101479229409 319
1740000432558 91.04119831351962 320
1740000432573 90.87260802997166 321
1740000432589 90.70437626531915 322
1740000432605 90.53650221445469 323
1740000432623 90.36898507413689 324
1740000432638 90.20182404298612 325
1740000432654 90.03501832147997 326
1740000432670 89.86856711194895 327
1740000432685 89.70246961857208 328
1740000432702 89.53672504737263 329
1740000432773 89.37133260621358 330
1740000432808 89.2062915047935 331
1740000432825 89.04160095464206 332
1740000432840 88.8772601691158 333
1740000432855 88.71326836339378 334
1740000432873 88.54962475447329 335
1740000432889 88.38632856116558 336
1740000432906 88.22337900409158 337
1740000432922 88.06077530567762 338
1740000432938 87.89851669015121 339
1740000432954 87.7366023835367 340
1740000432970 87.57503161365118 341
1740000432989 87.41380361010013 342
1740000433005 87.25291760427332 343
1740000433021 87.09237282934046 344
1740000433037 86.93216852024716 345
1740000433054 86.77230391371063 346
1740000433070 86.61277824821553 347
1740000433085 86.4535907640099 348
1740000433101 86.29474070310083 349
1740000433117 86.13622730925043 350
1740000433134 85.97804982797172 351
1740000433149 85.82020750652438 352
1740000433165 85.66269959391077 353
1740000433184 85.50552534087173 354
1740000433202 85.34868399988251 355
1740000433218 85.19217482514871 356
1740000433234 85.03599707260216 357
1740000433250 84.88014999989686 358
1740000433267 84.72463286640497 359
1740000433286 84.56944493321268 360
1740000433303 84.41458546311623 361
1740000433320 84.26005372061792 362
1740000433337 84.10584897192193 363
1740000433354 83.95197048493051 364
1740000433371 83.79841752923984 365
1740000433387 83.64518937613612 366
1740000433403 83.49228529859148 367
1740000433420 83.33970457126019 368
1740000433436 83.18744647047447 369
1740000433453 83.03551027424075 370
1740000433470 82.88389526223558 371
1740000433487 82.73260071580177 372
1740000433503 82.58162591794441 373
1740000433520 82.43097015332704 374
1740000433537 82.28063270826765 375
1740000433554 82.1306128707348 376
1740000433571 81.98090993034383 377
1740000433587 81.83152317835282 378
1740000433603 81.68245190765889 379
1740000433619 81.53369541279417 380
1740000433639 81.38525298992214 381
1740000433656 81.23712393683356 382
1740000433671 81.08930755294284 383
1740000433687 80.94180313928415 384
1740000433703 80.79460999850753 385
1740000433720 80.64772743487521 386
1740000433737 80.50115475425767 387
1740000433753 80.35489126413007 388
1740000433771 80.20893627356818 389
1740000433788 80.06328909324486 390
1740000433805 79.91794903542619 391
1740000433822 79.77291541396771 392
1740000433839 79.62818754431075 393
1740000433855 79.48376474347857 394
1740000433870 79.3396463300728 395
1740000433886 79.19583162426956 396
1740000433901 79.05231994781589 397
1740000433918 78.90911062402596 398
1740000433933 78.76620297777744 399
1740000433949 78.62359633550773 400
1740000433964 78.48129002521043 401
1740000433981 78.33928337643154 402
1740000433996 78.19757572026593 403
1740000434013 78.05616638935352 404
1740000434030 77.91505471787585 405
1740000434047 77.77424004155225 406
1740000434064 77.63372169763645 407
1740000434079 77.49349902491274 408
1740000434096 77.35357136369248 409
1740000434112 77.21393805581054 410
1740000434128 77.07459844462163 411
1740000434143 76.93555187499678 412
1740000434158 76.7967976933197 413
1740000434174 76.65833524748335 414
1740000434191 76.52016388688627 415
1740000434206 76.38228296242906 416
1740000434222 76.24469182651093 417
1740000434237 76.10738983302603 418
1740000434253 75.97037633736002 419
1740000434269 75.8336506963866 420
1740000434287 75.69721226846391 421
1740000434307 75.56106041343114 422
1740000434324 75.4251944926049 423
1740000434339 75.2896138687759 424
1740000434355 75.15431790620539 425
1740000434372 75.01930597062179 426
1740000434389 74.88457742921707 427
1740000434405 74.7501316506435 428
1740000434420 74.61596800501009 429
1740000434436 74.48208586387916 430
1740000434451 74.34848460026305 431
1740000434469 74.21516358862053 432
1740000434484 74.08212220485353 433
1740000434500 73.94935982630373 434
1740000434515 73.8168758317491 435
1740000434531 73.68466960140059 436
1740000434548 73.55274051689872 437
1740000434564 73.42108796131028 438
1740000434580 73.28971131912483 439
1740000434596 73.15860997625158 440
1740000434612 73.02778332001586 441
1740000434627 72.89723073915582 442
1740000434644 72.76695162381922 443
1740000434660 72.63694536556001 444
1740000434676 72.50721135733502 445
1740000434692 72.37774899350075 446
1740000434708 72.24855766980991 447
1740000434724 72.1196367834084 448
1740000434741 71.99098573283179 449
1740000434756 71.86260391800215 450
1740000434773 71.73449074022477 451
1740000434789 71.60664560218498 452
1740000434805 71.47906790794481 453
1740000434822 71.35175706293981 454
1740000434838 71.22471247397576 455
1740000434854 71.09793354922552 456
1740000434869 70.9714196982258 457
1740000434885 70.8451703318739 458
1740000434900 70.71918486242461 459
1740000434917 70.59346270348692 460
1740000434932 70.46800327002086 461
1740000434948 70.34280597833441 462
1740000434964 70.21787024608017 463
1740000434982 70.0931954922524 464
1740000434999 69.96878113718368 465
1740000435016 69.84462660254185 466
1740000435036 69.72073131132692 467
1740000435053 69.59709468786784 468
1740000435069 69.47371615781941 469
1740000435085 69.35059514815921 470
1740000435102 69.22773108718448 471
1740000435119 69.10512340450892 472
1740000435134 68.98277153105973 473
1740000435149 68.86067489907445 474
1740000435165 68.73883294209793 475
1740000435180 68.61724509497917 476
1740000435198 68.49591079386832 477
1740000435214 68.37482947621366 478
1740000435230 68.25400058075846 479
1740000435246 68.133423547538 480
1740000435262 68.01309781787648 481
1740000435278 67.89302283438411 482
1740000435294 67.77319804095394 483
1740000435310 67.65362288275892 484
1740000435326 67.5342968062489 485
1740000435341 67.4152192591476 486
1740000435357 67.29638969044967 487
1740000435373 67.17780755041763 488
1740000435389 67.05947229057895 489
1740000435405 66.94138336372303 490
1740000435421 66.8235402238983 491
1740000435436 66.70594232640926 492
1740000435453 66.58858912781339 493
1740000435471 66.47148008591843 494
1740000435486 66.35461465977927 495
1740000435501 66.23799230969507 496
1740000435517 66.12161249720639 497
1740000435533 66.0054746850922 498
1740000435550 65.88957833736701 499
