1740006991085 67.37198465578801 0
1740006991175 29.338737209245124 1
1740006991264 10.78007997601242 2
1740006991345 2.1742199029224616 3
1740006991430 2.4277288141845177 4
1740006991513 0.7985201500419193 5
1740006991597 0.4207687822001316 6
1740006991681 0.021333048772177978 7
1740006991763 0.0018924710649537335 8
1740006991845 0.010406553626280889 9
1740006991932 0.04566116216989127 10
1740006992017 0.006035585506786907 11
1740006992099 0.008189664134401494 12
1740006992187 0.013754174982640498 13
1740006992274 1.3819332666942752 14
1740006992355 0.002801204157633868 15
1740006992439 0.024500219154380297 16
1740006992528 0.04587378428897635 17
1740006992610 0.018608692379690126 18
1740006992695 0.001805459060615077 19
1740006992779 0.991386023807881 20
1740006992864 0.07507914657138351 21
1740006992956 0.1938965296995629 22
1740006993105 0.0013666735010802362 23
1740006993210 0.04420587259528438 24
1740006993298 0.04693244192947691 25
1740006993383 0.004246065752891584 26
1740006993465 0.000558918880974362 27
1740006993547 0.051296566941480014 28
1740006993631 0.029063318025264382 29
1740006993716 0.2853800486062128 30
