1739969877178 6.562968814935814 0
1739969877202 6.427127042428756 1
1739969877227 6.296900162865607 2
1739969877251 6.172020740811617 3
1739969877275 6.052234634887124 4
1739969877298 5.937300327256392 5
1739969877322 5.826988287109414 6
1739969877344 5.721080366410055 7
1739969877366 5.619369226271782 8
1739969877389 5.521657792405441 9
1739969877410 5.427758738162651 10
1739969877431 5.337493993773368 11
1739969877451 5.250694280447486 12
1739969877474 5.167198668077835 13
1739969877496 5.086854155346208 14
1739969877521 5.009515271094882 15
1739969877545 4.935043695883937 16
1739969877568 4.863307902709538 17
1739969877591 4.7941828159104505 18
1739969877613 4.727549487339436 19
1739969877634 4.663294788923163 20
1739969877654 4.601311120778754 21
1739969877678 4.541496134097369 22
1739969877701 4.483752468045381 23
1739969877725 4.427987499971723 24
1739969877748 4.3741131082461875 25
1739969877771 4.3220454470877385 26
1739969877794 4.271704732774467 27
1739969877817 4.2230150406577245 28
1739969877840 4.175904112432335 29
1739969877862 4.130303173142582 30
1739969877887 4.086146757430159 31
1739969877910 4.04337254455531 32
1739969877934 4.001921201746216 33
1739969877957 3.9617362354543095 34
1739969877981 3.9227638501146123 35
1739969878003 3.8849528140305782 36
1739969878026 3.8482543320222495 37
1739969878049 3.8126219244948762 38
1739969878074 3.778011312602566 39
1739969878097 3.7443803091980454 40
1739969878120 3.711688715275332 41
1739969878142 3.679898221626967 42
1739969878164 3.6489723154516307 43
1739969878187 3.618876191661349 44
1739969878210 3.589576668650259 45
1739969878233 3.5610421082989565 46
1739969878255 3.5332423399999615 47
1739969878281 3.5061485885006762 48
1739969878364 3.4797334053706077 49
1739969878391 3.4539706039093745 50
1739969878415 3.428835197321379 51
1739969878439 3.4043033399918405 52
1739969878462 3.3803522717072734 53
1739969878486 3.356960264671476 54
1739969878508 3.334106573175635 55
1739969878530 3.311771385788339 56
1739969878555 3.289935779938093 57
1739969878580 3.268581678767404 58
1739969878603 3.2476918101436323 59
1739969878625 3.2272496677176274 60
1739969878646 3.207239473926712 61
1739969878667 3.187646144843795 62
1739969878692 3.1684552567794038 63
1739969878715 3.149653014548144 64
1739969878736 3.131226221315573 65
1739969878757 3.1131622499457463 66
1739969878779 3.0954490157737338 67
1739969878801 3.078074950731239 68
1739969878823 3.0610289787571063 69
1739969878844 3.0443004924279387 70
1739969878866 3.027879330747362 71
1739969878887 3.011755758035554 72
1739969878909 2.995920443863641 73
1739969878930 2.9803644439803567 74
1739969878953 2.9650791821810247 75
1739969878977 2.950056433071463 76
1739969878999 2.9352883056817998 77
1739969879021 2.9207672278874726 78
1739969879044 2.906485931596858 79
1739969879071 2.8924374386670038 80
1739969879096 2.87861504751092 81
1739969879120 2.8650123203617084 82
1739969879142 2.851623071160576 83
1739969879164 2.838441354037459 84
1739969879185 2.8254614523545265 85
1739969879208 2.812677868284397 86
1739969879231 2.800085312896261 87
1739969879252 2.7876786967245066 88
1739969879273 2.7754531207957025 89
1739969879297 2.7634038680910225 90
1739969879320 2.7515263954223643 91
1739969879341 2.7398163257014767 92
1739969879365 2.7282694405825088 93
1739969879386 2.7168816734593344 94
1739969879408 2.705649102799974 95
1739969879430 2.6945679458013214 96
1739969879451 2.683634552348229 97
1739969879473 2.672845399261812 98
1739969879496 2.662197084822588 99
1739969879517 2.651686323554807 100
1739969879539 2.641309941259007 101
1739969879563 2.6310648702804738 102
1739969879586 2.6209481450019334 103
1739969879607 2.6109568975493502 104
1739969879628 2.6010883537003124 105
1739969879649 2.5913398289849714 106
1739969879671 2.5817087249700448 107
1739969879693 2.572192525716834 108
1739969879718 2.5627887944046948 109
1739969879740 2.5534951701118085 110
1739969879762 2.5443093647455166 111
1739969879784 2.5352291601148753 112
1739969879806 2.526252405138446 113
1739969879827 2.5173770131806967 114
1739969879848 2.508600959510716 115
1739969879869 2.4999222788772597 116
1739969879891 2.491339063194449 117
1739969879914 2.48284945933272 118
1739969879936 2.4744516670099093 119
1739969879957 2.4661439367775837 120
1739969879979 2.457924568098021 121
1739969880001 2.4497919075074073 122
1739969880024 2.4417443468611086 123
1739969880047 2.433780321657031 124
1739969880071 2.425898309433302 125
1739969880092 2.418096828236704 126
1739969880115 2.410374435158434 127
1739969880136 2.4027297249339803 128
1739969880157 2.3951613286040274 129
1739969880181 2.3876679122334767 130
1739969880204 2.380248175685801 131
1739969880228 2.372900851450109 132
1739969880251 2.365624703518395 133
1739969880272 2.3584185263106128 134
1739969880294 2.3512811436452874 135
1739969880318 2.344211407753533 136
1739969880338 2.3372081983344195 137
1739969880361 2.330270421649741 138
1739969880381 2.3233970096563548 139
1739969880403 2.316586919174307 140
1739969880424 2.309839131089097 141
1739969880445 2.3031526495864827 142
1739969880467 2.2965265014183127 143
1739969880489 2.2899597351979533 144
1739969880511 2.2834514207239462 145
1739969880536 2.2770006483305942 146
1739969880562 2.270606528264238 147
1739969880585 2.2642681900840507 148
1739969880608 2.257984782086236 149
1739969880631 2.251755470750562 150
1739969880653 2.2455794402082163 151
1739969880676 2.239455891730029 152
1739969880699 2.2333840432341376 153
1739969880722 2.2273631288122324 154
1739969880745 2.221392398273542 155
1739969880767 2.2154711167057792 156
1739969880789 2.209598564052293 157
1739969880811 2.203774034704709 158
1739969880838 2.1979968371103804 159
1739969880862 2.1922662933940034 160
1739969880884 2.1865817389927713 161
1739969880905 2.1809425223044934 162
1739969880928 2.1753480043481064 163
1739969880951 2.169797558436057 164
1739969880973 2.1642905698580317 165
1739969880995 2.1588264355755724 166
1739969881019 2.153404563927098 167
1739969881041 2.1480243743429037 168
1739969881065 2.1426852970697143 169
1739969881090 2.137386772904398 170
1739969881116 2.1321282529364556 171
1739969881140 2.1269091982989274 172
1739969881164 2.1217290799273707 173
1739969881187 2.1165873783265754 174
1739969881209 2.11148358334471 175
1739969881233 2.106417193954596 176
1739969881256 2.1013877180418197 177
1739969881278 2.0963946721994198 178
1739969881301 2.09143758152888 179
1739969881326 2.0865159794471864 180
1739969881347 2.081629407499705 181
1739969881368 2.0767774151786647 182
1739969881390 2.0719595597470146 183
1739969881412 2.067175406067464 184
1739969881434 2.062424526436499 185
1739969881455 2.0577065004231936 186
1739969881477 2.0530209147126266 187
1739969881499 2.048367362953745 188
1739969881522 2.0437454456115005 189
1739969881545 2.0391547698231025 190
1739969881569 2.034594949258245 191
1739969881593 2.030065603983155 192
1739969881614 2.025566360328332 193
1739969881637 2.0210968507598412 194
1739969881658 2.016656713754042 195
1739969881679 2.0122455936756247 196
1739969881700 2.007863140658842 197
1739969881721 2.0035090104918325 198
1739969881743 1.9991828645039167 199
1739969881765 1.9948843694557765 200
1739969881785 1.9906131974324175 201
1739969881805 1.9863690257388167 202
1739969881827 1.982151536798177 203
1739969881847 1.977960418052689 204
1739969881868 1.9737953618667323 205
1739969881887 1.9696560654324295 206
1739969881907 1.965542230677477 207
1739969881928 1.9614535641751885 208
1739969881948 1.9573897770566713 209
1739969881968 1.9533505849250745 210
1739969881988 1.9493357077718472 211
1739969882010 1.9453448698949392 212
1739969882031 1.941377799818889 213
1739969882053 1.937434230216742 214
1739969882075 1.9335138978337438 215
1739969882096 1.9296165434127555 216
1739969882120 1.925741911621341 217
1739969882142 1.9218897509804778 218
1739969882165 1.918059813794846 219
1739969882185 1.9142518560846455 220
1739969882206 1.910465637518905 221
1739969882227 1.9067009213502337 222
1739969882248 1.9029574743509825 223
1739969882269 1.8992350667507707 224
1739969882288 1.8955334721753418 225
1739969882310 1.891852467586715 226
1739969882331 1.8881918332245933 227
1739969882354 1.8845513525489983 228
1739969882375 1.880930812184099 229
1739969882395 1.8773300018631989 230
1739969882415 1.8737487143748561 231
1739969882435 1.8701867455101062 232
1739969882455 1.866643894010758 233
1739969882476 1.8631199615187355 234
1739969882497 1.8596147525264404 235
1739969882517 1.8561280743281097 236
1739969882540 1.852659736972142 237
1739969882562 1.84920955321437 238
1739969882585 1.8457773384722573 239
1739969882607 1.842362910779994 240
1739969882629 1.8389660907444711 241
1739969882651 1.8355867015021143 242
1739969882672 1.8322245686765526 243
1739969882693 1.828879520337107 244
1739969882715 1.8255513869580764 245
1739969882736 1.822240001378804 246
1739969882759 1.818945198764504 247
1739969882780 1.8156668165678356 248
1739969882800 1.8124046944912027 249
1739969882819 1.8091586744497634 250
1739969882840 1.8059286005351394 251
1739969882860 1.8027143189797972 252
1739969882881 1.7995156781221018 253
1739969882901 1.796332528372015 254
1739969882920 1.7931647221774307 255
1739969882941 1.790012113991132 256
1739969882961 1.7868745602383573 257
1739969882981 1.7837519192849591 258
1739969883000 1.7806440514061483 259
1739969883021 1.7775508187558053 260
1739969883042 1.7744720853363516 261
1739969883062 1.7714077169691658 262
1739969883082 1.7683575812655348 263
1739969883102 1.7653215475981285 264
1739969883125 1.762299487072988 265
1739969883147 1.7592912725020124 266
1739969883168 1.7562967783759433 267
1739969883189 1.753315880837825 268
1739969883210 1.7503484576569392 269
1739969883232 1.7473943882032035 270
1739969883255 1.7444535534220185 271
1739969883277 1.741525835809564 272
1739969883298 1.7386111193885263 273
1739969883320 1.7357092896842523 274
1739969883342 1.7328202337013243 275
1739969883364 1.72994383990054 276
1739969883384 1.7270799981762976 277
1739969883404 1.724228599834374 278
1739969883425 1.7213895375700847 279
1739969883446 1.7185627054468307 280
1739969883468 1.7157479988750077 281
1739969883488 1.7129453145912843 282
1739969883508 1.7101545506382358 283
1739969883530 1.7073756063443275 284
1739969883554 1.7046083823042437 285
1739969883579 1.7018527803595491 286
1739969883601 1.699108703579686 287
1739969883623 1.6963760562432915 288
1739969883646 1.6936547438198355 289
1739969883668 1.6909446729515671 290
1739969883691 1.688245751435773 291
1739969883713 1.6855578882073303 292
1739969883735 1.6828809933215587 293
1739969883757 1.6802149779373583 294
1739969883779 1.677559754300636 295
1739969883800 1.6749152357280057 296
1739969883823 1.672281336590765 297
1739969883846 1.669657972299141 298
1739969883868 1.6670450592867962 299
1739969883890 1.6644425149955984 300
1739969883910 1.6618502578606387 301
1739969883930 1.6592682072955043 302
1739969883951 1.6566962836777925 303
1739969883973 1.6541344083348675 304
1739969883994 1.6515825035298508 305
1739969884015 1.649040492447846 306
1739969884036 1.6465082991823894 307
1739969884058 1.6439858487221242 308
1739969884080 1.6414730669376958 309
1739969884102 1.6389698805688604 310
1739969884122 1.6364762172118072 311
1739969884143 1.6339920053066868 312
1739969884165 1.631517174125345 313
1739969884186 1.6290516537592572 314
1739969884208 1.626595375107659 315
1739969884228 1.6241482698658705 316
1739969884249 1.6217102705138107 317
1739969884271 1.6192813103046997 318
1739969884293 1.6168613232539428 319
1739969884313 1.6144502441281938 320
1739969884334 1.6120480084345996 321
1739969884354 1.6096545524102135 322
1739969884374 1.607269813011584 323
1739969884394 1.6048937279045057 324
1739969884414 1.6025262354539433 325
1739969884434 1.6001672747141091 326
1739969884454 1.5978167854187042 327
1739969884475 1.5954747079713172 328
1739969884495 1.5931409834359744 329
1739969884516 1.5908155535278394 330
1739969884540 1.5884983606040655 331
1739969884563 1.5861893476547915 332
1739969884586 1.5838884582942812 333
1739969884607 1.5815956367522022 334
1739969884627 1.5793108278650456 335
1739969884648 1.5770339770676813 336
1739969884668 1.5747650303850467 337
1739969884688 1.5725039344239637 338
1739969884709 1.570250636365092 339
1739969884731 1.5680050839550017 340
1739969884754 1.5657672254983763 341
1739969884777 1.5635370098503347 342
1739969884798 1.5613143864088759 343
1739969884819 1.559099305107442 344
1739969884839 1.5568917164075953 345
1739969884859 1.5546915712918148 346
1739969884882 1.5524988212563995 347
1739969884903 1.5503134183044864 348
1739969884924 1.548135314939176 349
1739969884944 1.5459644641567654 350
1739969884965 1.5438008194400836 351
1739969884986 1.5416443347519353 352
1739969885006 1.539494964528641 353
1739969885028 1.5373526636736816 354
1739969885051 1.5352173875514374 355
1739969885073 1.533089091981026 356
1739969885096 1.5309677332302347 357
1739969885116 1.5288532680095464 358
1739969885137 1.5267456534662551 359
1739969885160 1.5246448471786762 360
1739969885182 1.5225508071504408 361
1739969885204 1.5204634918048805 362
1739969885227 1.5183828599794964 363
1739969885248 1.5163088709205124 364
1739969885270 1.5142414842775134 365
1739969885292 1.5121806600981624 366
1739969885316 1.510126358823001 367
1739969885337 1.5080785412803233 368
1739969885357 1.5060371686811362 369
1739969885379 1.5040022026141868 370
1739969885399 1.5019736050410708 371
1739969885420 1.4999513382914131 372
1739969885440 1.4979353650581195 373
1739969885462 1.4959256483927033 374
1739969885486 1.4939221517006775 375
1739969885509 1.4919248387370203 376
1739969885534 1.4899336736017064 377
1739969885558 1.4879486207353059 378
1739969885581 1.4859696449146471 379
1739969885603 1.483996711248547 380
1739969885624 1.4820297851736044 381
1739969885644 1.4800688324500522 382
1739969885665 1.478113819157677 383
1739969885686 1.4761647116917946 384
1739969885708 1.474221476759288 385
1739969885728 1.4722840813747016 386
1739969885749 1.4703524928563945 387
1739969885770 1.4684266788227502 388
1739969885792 1.4665066071884425 389
1739969885814 1.4645922461607563 390
1739969885834 1.4626835642359595 391
1739969885854 1.4607805301957333 392
1739969885875 1.45888311310365 393
1739969885895 1.4569912823017053 394
1739969885915 1.4551050074068994 395
1739969885934 1.4532242583078678 396
1739969885954 1.4513490051615636 397
1739969885975 1.4494792183899845 398
1739969885995 1.4476148686769494 399
1739969886014 1.4457559269649214 400
1739969886034 1.443902364451876 401
1739969886055 1.4420541525882147 402
1739969886077 1.440211263073724 403
1739969886097 1.4383736678545764 404
1739969886117 1.4365413391203772 405
1739969886137 1.4347142493012484 406
1739969886157 1.4328923710649626 407
1739969886177 1.431075677314109 408
1739969886198 1.4292641411833056 409
1739969886221 1.427457736036449 410
1739969886243 1.4256564354640058 411
1739969886265 1.4238602132803362 412
1739969886286 1.4220690435210632 413
1739969886308 1.420282900440475 414
1739969886329 1.4185017585089628 415
1739969886349 1.4167255924104987 416
1739969886370 1.4149543770401465 417
1739969886390 1.4131880875016074 418
1739969886411 1.4114266991048015 419
1739969886431 1.4096701873634816 420
1739969886451 1.4079185279928823 421
1739969886472 1.4061716969074005 422
1739969886493 1.404429670218308 423
1739969886514 1.4026924242314978 424
1739969886535 1.4009599354452593 425
1739969886631 1.3992321805480867 426
1739969886658 1.3975091364165158 427
1739969886680 1.3957907801129918 428
1739969886703 1.394077088883766 429
1739969886724 1.3923680401568224 430
1739969886745 1.3906636115398323 431
1739969886766 1.3889637808181354 432
1739969886786 1.3872685259527522 433
1739969886807 1.3855778250784194 434
1739969886827 1.3838916565016552 435
1739969886846 1.382209998698851 436
1739969886866 1.380532830314386 437
1739969886887 1.3788601301587704 438
1739969886908 1.3771918772068137 439
1739969886927 1.375528050595816 440
1739969886948 1.3738686296237852 441
1739969886968 1.3722135937476772 442
1739969886988 1.3705629225816613 443
1739969887009 1.3689165958954075 444
1739969887031 1.3672745936123978 445
1739969887052 1.3656368958082585 446
1739969887073 1.3640034827091179 447
1739969887095 1.3623743346899817 448
1739969887116 1.3607494322731357 449
1739969887136 1.359128756126562 450
1739969887156 1.3575122870623846 451
1739969887179 1.3559000060353283 452
1739969887201 1.3542918941412057 453
1739969887223 1.3526879326154146 454
1739969887245 1.351088102831465 455
1739969887265 1.3494923862995176 456
1739969887286 1.3479007646649472 457
1739969887308 1.3463132197069214 458
1739969887330 1.3447297333369985 459
1739969887351 1.3431502875977461 460
1739969887372 1.341574864661374 461
1739969887393 1.3400034468283886 462
1739969887413 1.3384360165262608 463
1739969887433 1.3368725563081152 464
1739969887453 1.3353130488514338 465
1739969887474 1.3337574769567766 466
1739969887495 1.33220582354652 467
1739969887516 1.3306580716636096 468
1739969887538 1.329114204470331 469
1739969887562 1.3275742052470942 470
1739969887585 1.3260380573912363 471
1739969887607 1.324505744415836 472
1739969887628 1.322977249948547 473
1739969887651 1.3214525577304428 474
1739969887673 1.3199316516148791 475
1739969887695 1.3184145155663674 476
1739969887717 1.3169011336594678 477
1739969887738 1.315391490077688 478
1739969887758 1.313885569112406 479
1739969887779 1.3123833551617974 480
1739969887800 1.3108848327297817 481
1739969887823 1.3093899864249803 482
1739969887846 1.3078988009596857 483
1739969887868 1.3064112611488465 484
1739969887891 1.3049273519090634 485
1739969887914 1.303447058257598 486
1739969887936 1.3019703653113934 487
1739969887958 1.3004972582861083 488
1739969887980 1.2990277224951616 489
1739969888003 1.2975617433487887 490
1739969888074 1.2960993063531108 491
1739969888115 1.294640397109215 492
1739969888138 1.293185001312245 493
1739969888160 1.2917331047505043 494
1739969888182 1.2902846933045682 495
1739969888205 1.2888397529464084 496
1739969888227 1.2873982697385293 497
1739969888250 1.2859602298331105 498
1739969888272 1.2845256194711645 499
