1740007746498 67.34867754984934 0
1740007746524 28.41389065519754 1
1740007746552 11.573509272680818 2
1740007746576 4.474110794717762 3
1740007746599 2.21947601638053 4
1740007746621 0.9112296149866496 5
1740007746650 0.43216203541967735 6
1740007746674 0.30319156236626194 7
1740007746697 0.1615889166636928 8
1740007746719 0.18455417800135235 9
1740007746742 0.07737206607273338 10
1740007746766 0.1720722788346612 11
1740007746793 0.1862198294058091 12
1740007746817 0.13029805910001208 13
1740007746842 0.1230939010329512 14
1740007746864 0.1257597553965745 15
1740007746888 0.09211870209829909 16
1740007746912 0.09698316880513078 17
1740007747008 0.22651854587343295 18
1740007747042 0.09405973538491604 19
1740007747077 0.0924123619389477 20
1740007747108 0.08891188827381949 21
1740007747141 0.057954511628551905 22
1740007747177 0.11197731450106292 23
1740007747209 0.13508124880103958 24
1740007747243 0.08033776021249425 25
1740007747275 0.11097951603569736 26
1740007747306 0.14579081422788331 27
1740007747338 0.11450075833508029 28
1740007747370 0.09912168478254088 29
1740007747400 0.08335638855533478 30
1740007747431 0.11082820537762858 31
1740007747460 0.07959842935334695 32
1740007747488 0.14291565341340312 33
1740007747516 0.13133161059007775 34
1740007747547 0.1068195241855424 35
1740007747576 0.07859623799297169 36
1740007747605 0.09908461329496408 37
1740007747635 0.05885191499938582 38
1740007747665 0.14899417684001723 39
1740007747696 0.09353935263947792 40
1740007747726 0.09559786167233873 41
1740007747757 0.11309132103967226 42
1740007747786 0.10478803187482014 43
1740007747814 0.09821200499067106 44
1740007747842 0.1037189959585577 45
1740007747870 0.177161057991453 46
1740007747899 0.14348879603448692 47
1740007747932 0.12320853233832621 48
1740007747970 0.07190558976580423 49
1740007748021 0.1105809795812991 50
1740007748052 0.09426553594089142 51
1740007748082 0.2121751468044895 52
1740007748111 0.09358449308367779 53
1740007748142 0.15381992613387724 54
1740007748173 0.13649505855278948 55
1740007748206 0.07635093874100816 56
1740007748236 0.12264276050501198 57
1740007748266 0.09720904931439166 58
1740007748296 0.06850990301245047 59
1740007748327 0.15067262477444382 60
1740007748359 0.12331205358470854 61
1740007748391 0.10446888721450126 62
1740007748422 0.10651099953373348 63
1740007748455 0.10384900790525284 64
1740007748486 0.12993554941079627 65
1740007748517 0.12983937886370556 66
1740007748547 0.09326612747885187 67
1740007748577 0.1234932210490809 68
1740007748607 0.1012389496939184 69
1740007748636 0.14693442484469094 70
1740007748666 0.10540050732741517 71
1740007748693 0.12853109064662 72
1740007748717 0.11009557435230949 73
1740007748742 0.07772601989182956 74
1740007748772 0.08441579182747709 75
1740007748799 0.12152480992696871 76
1740007748824 0.08015642445802669 77
1740007748847 0.08238453204528157 78
1740007748870 0.17328710436215697 79
1740007748894 0.09207290660472 80
1740007748924 0.10408107712464595 81
1740007748952 0.10664159501197075 82
1740007748978 0.06318303370376013 83
1740007749003 0.10501933640932078 84
1740007749027 0.06559375212608383 85
1740007749052 0.09170516750793026 86
1740007749079 0.13412312285289688 87
1740007749102 0.1483178442711792 88
1740007749127 0.06523303657694945 89
1740007749152 0.10953137376773887 90
1740007749180 0.11949385905108503 91
1740007749207 0.09493854262310078 92
1740007749235 0.16665931090413022 93
1740007749260 0.10432642632419864 94
1740007749286 0.10536771414453616 95
1740007749311 0.10075603916671864 96
1740007749339 0.08677277070019802 97
1740007749363 0.08877905043606846 98
1740007749387 0.08393632914379301 99
1740007749410 0.11967998833721029 100
1740007749433 0.12478535351515187 101
1740007749458 0.07877227082437586 102
1740007749487 0.11130732282547993 103
1740007749513 0.14306646970473147 104
1740007749536 0.06556944260040586 105
1740007749559 0.09754726904292078 106
1740007749583 0.07716615758806475 107
1740007749608 0.17754972116563128 108
1740007749635 0.13951480106494263 109
1740007749660 0.14342359029648685 110
1740007749682 0.12306132081157584 111
1740007749707 0.08833858542489774 112
1740007749730 0.11353807014774811 113
1740007749755 0.13207807041121872 114
1740007749782 0.13078048629504305 115
1740007749806 0.07924391129796862 116
1740007749832 0.09731644392358675 117
1740007749856 0.12360218959166493 118
1740007749882 0.11301832582675873 119
1740007749908 0.09362804002227797 120
1740007749938 0.14892525977053944 121
1740007749962 0.13005213129419918 122
1740007749986 0.15118697721419233 123
1740007750009 0.129297862871591 124
1740007750035 0.10263872141166284 125
1740007750060 0.0974468420636352 126
1740007750084 0.1358108265428676 127
1740007750110 0.09553660299536562 128
1740007750138 0.08536051447088967 129
1740007750167 0.132093942952543 130
1740007750201 0.1261926602978507 131
1740007750225 0.06593598122739049 132
1740007750249 0.15458609578380808 133
1740007750272 0.13593810189985894 134
1740007750296 0.10773042040952754 135
1740007750321 0.10301654592717993 136
1740007750348 0.09900254722875973 137
1740007750371 0.10534999701932325 138
1740007750395 0.1432252112429503 139
1740007750419 0.08934653156360924 140
1740007750444 0.15418322049683572 141
1740007750469 0.1307537848365357 142
1740007750498 0.07834984267434854 143
1740007750524 0.1141501078517545 144
1740007750551 0.1041578121798393 145
1740007750579 0.18448610306316238 146
1740007750603 0.13370180221824715 147
1740007750626 0.11646991251016414 148
1740007750649 0.11792759717964028 149
1740007750672 0.14317679215210746 150
1740007750698 0.16131828233566373 151
1740007750729 0.06998243078611481 152
1740007750758 0.12300302274737027 153
1740007750784 0.0889059491587024 154
1740007750807 0.13746240033255183 155
1740007750830 0.09596333719222822 156
1740007750856 0.11103606005225815 157
1740007750884 0.10016392046647196 158
1740007750908 0.1312019746509928 159
1740007750934 0.10288901450689876 160
1740007750957 0.08538900638244584 161
1740007750981 0.10386537772381542 162
1740007751006 0.16116312200746016 163
1740007751034 0.0909539962960573 164
1740007751059 0.12390590786987592 165
1740007751082 0.09002246261832726 166
1740007751106 0.11592389480406265 167
1740007751130 0.11439288256308418 168
1740007751155 0.10464433525623927 169
1740007751183 0.1058319181921715 170
1740007751210 0.11658121321506655 171
1740007751235 0.14005987472244533 172
1740007751260 0.07534457239482074 173
1740007751284 0.06687009527512922 174
1740007751308 0.1229631448488834 175
1740007751334 0.08682849919610518 176
1740007751359 0.10796655027391816 177
1740007751384 0.15435267536306513 178
1740007751407 0.09811936655910937 179
1740007751431 0.1485143387497612 180
1740007751456 0.11184541900528262 181
1740007751481 0.12129639048663612 182
1740007751507 0.0944783365443957 183
1740007751531 0.12631367237329946 184
1740007751554 0.08931604691953866 185
1740007751579 0.10307955412409342 186
1740007751604 0.1106876567382231 187
1740007751632 0.06546959801762028 188
1740007751658 0.11109582154028806 189
1740007751682 0.08848744620496957 190
1740007751708 0.1309401118853448 191
1740007751733 0.08788953934554587 192
1740007751758 0.1197192208438605 193
