1740014375229 74.27114034555528 0
1740014375262 34.58357108650366 1
1740014375289 19.07569555577094 2
1740014375316 11.388468947471772 3
1740014375343 8.75477214687092 4
1740014375375 6.88740548086582 5
1740014375401 6.241851200686141 6
1740014375427 5.784737422829052 7
1740014375456 5.19157063794347 8
1740014375481 5.33383138803502 9
1740014375509 4.811375261285647 10
1740014375536 4.8369045314438495 11
1740014375565 4.928123022707703 12
1740014375593 4.892568915847741 13
1740014375673 4.826638151735752 14
1740014375704 4.955607694355911 15
1740014375733 4.501996774850507 16
1740014375763 4.530371207660967 17
1740014375788 4.992449561589125 18
1740014375813 4.530119535609559 19
1740014375840 5.22534649301419 20
1740014375866 4.695428847403081 21
1740014375891 5.0562222087360755 22
1740014375917 4.695156566579884 23
1740014375943 4.958583877996273 24
1740014375968 4.798470933801539 25
1740014375995 4.593280586049961 26
1740014376023 5.205087135876393 27
1740014376049 4.441399602135582 28
1740014376074 4.660642677022432 29
1740014376106 4.874499374961297 30
1740014376133 4.403514034013351 31
1740014376159 4.800048025732765 32
1740014376185 4.395346147176216 33
1740014376213 4.950280423466058 34
1740014376240 4.88893884098788 35
1740014376266 5.158039247104153 36
1740014376294 5.024206158880742 37
1740014376320 5.175697924097377 38
1740014376345 4.94726915963171 39
1740014376373 4.557864846410267 40
1740014376402 5.036781013872563 41
1740014376428 4.77643693215876 42
1740014376457 4.914739320009369 43
1740014376493 4.614039589816621 44
1740014376588 4.550875278926884 45
1740014376617 5.210731839808532 46
1740014376644 4.677201704875685 47
1740014376670 5.355879506855389 48
1740014376697 4.950146545322979 49
1740014376722 4.820845694715062 50
1740014376748 4.656910924286077 51
1740014376778 4.97928944539018 52
1740014376805 4.838207648688388 53
1740014376830 4.780420162640087 54
1740014376857 4.646281607530629 55
1740014376886 4.948231333549849 56
1740014376912 4.447113160828647 57
1740014376949 4.4196875016197525 58
1740014376980 4.818208120791036 59
1740014377010 5.1258465314646555 60
1740014377037 4.866813318248132 61
1740014377062 4.955146788478311 62
1740014377210 4.832747953003787 63
1740014377240 4.774573894176604 64
1740014377269 4.562196428674354 65
1740014377298 4.6612287293304995 66
1740014377327 4.871456433984017 67
1740014377356 4.660733644045774 68
1740014377385 4.628736109411662 69
1740014377417 4.830434095446377 70
1740014377447 5.075327793098744 71
1740014377474 4.848088101843071 72
1740014377503 5.100748250518489 73
1740014377527 5.020136605240557 74
1740014377573 4.401696005009788 75
1740014377645 4.986751275368163 76
1740014377670 4.658281746933118 77
1740014377700 4.567206292978817 78
1740014377725 4.8959353724702215 79
1740014377751 4.969537443399709 80
