1740007781458 164.3297913636891 0
1740007781485 161.10084099616273 1
1740007781514 161.69074013087436 2
1740007781540 166.17886221176383 3
1740007781569 167.94577684662974 4
1740007781599 159.0399887612665 5
1740007781623 157.10444388306942 6
1740007781649 158.87976054980024 7
1740007781672 155.79508884875395 8
1740007781697 157.05740002306933 9
1740007781723 152.16894113478753 10
1740007781750 151.93599973028594 11
1740007781774 150.70363096368087 12
1740007781801 150.45338741059598 13
1740007781824 146.23898097583 14
1740007781851 146.60032006420397 15
1740007781877 142.60615661709255 16
1740007781900 145.10736467514127 17
1740007781924 140.8989488926704 18
1740007781950 138.29742138346853 19
1740007782001 141.34810570937327 20
1740007782027 139.0415650938737 21
1740007782050 140.49254925131365 22
1740007782075 138.59904404552918 23
1740007782099 136.92479187339583 24
1740007782126 130.90166428616686 25
1740007782149 132.34654862551977 26
1740007782172 133.16118959446638 27
1740007782194 130.16240908382034 28
1740007782217 128.04222095793133 29
1740007782244 127.88909902307319 30
1740007782269 130.84429204748642 31
1740007782291 129.4521051154635 32
1740007782314 122.38513843966773 33
1740007782338 123.85899095357516 34
1740007782364 122.51807897049864 35
1740007782387 120.07183097309121 36
1740007782410 121.1068894238413 37
1740007782433 119.23444289706453 38
1740007782456 118.58572114693351 39
1740007782481 116.36585897210152 40
1740007782505 116.27003276349143 41
1740007782527 115.98509686317348 42
1740007782549 116.12649947070575 43
1740007782572 109.90060418100667 44
1740007782595 108.30463917896375 45
1740007782621 110.54535641998443 46
1740007782647 112.09826409868575 47
1740007782670 108.48917063276828 48
1740007782697 107.17485633597425 49
1740007782720 105.60901456935503 50
1740007782752 110.15741257356427 51
1740007782779 106.25849192797116 52
1740007782803 104.66747647076939 53
1740007782830 100.16957965374723 54
1740007782861 104.84913708666208 55
1740007782890 102.51368100771002 56
1740007782917 97.68226548867234 57
1740007783014 99.9551707307944 58
1740007783041 99.09825168485449 59
1740007783065 98.38143293309858 60
1740007783090 94.51502394380275 61
1740007783117 93.86817219221781 62
1740007783142 92.78258963868235 63
1740007783168 94.65191382064378 64
1740007783191 93.94662222894247 65
1740007783213 91.01871690196926 66
1740007783236 88.32785847237189 67
1740007783262 88.09114990131486 68
1740007783287 89.41785896524173 69
1740007783310 90.36081187274418 70
1740007783333 85.31997379603132 71
1740007783357 88.42712534887438 72
1740007783382 89.13918702365575 73
1740007783406 87.34269162356996 74
1740007783430 84.97800341030411 75
1740007783453 82.47556669393236 76
1740007783475 79.07788658559637 77
1740007783500 81.9182008735693 78
1740007783526 81.18563680022227 79
1740007783549 82.00521885057388 80
1740007783572 81.37491931944247 81
1740007783595 79.71771569259847 82
1740007783618 79.97855322284151 83
1740007783643 77.48962546945633 84
1740007783669 78.48172391172338 85
1740007783692 77.96000734294812 86
1740007783715 74.97450333364085 87
1740007783737 77.51040902860176 88
1740007783761 75.70880215768203 89
1740007783787 77.04512033626548 90
1740007783811 74.26399988867546 91
1740007783833 73.07039742208806 92
1740007783855 73.33441287511982 93
1740007783879 72.18342356653964 94
1740007783906 72.33023130519798 95
1740007783935 68.85318193831968 96
1740007783958 70.91361566869335 97
1740007783980 69.33878476827248 98
1740007784003 67.20752148391203 99
1740007784028 68.44933260780459 100
1740007784053 68.81423669019057 101
1740007784077 68.09345998340132 102
1740007784099 66.7174433466151 103
1740007784122 65.29997399481631 104
1740007784146 67.92863763290893 105
1740007784170 65.44070425307721 106
1740007784196 64.40609384677103 107
1740007784219 62.9134987886605 108
1740007784245 61.9888037580066 109
1740007784269 63.81791800604056 110
1740007784294 60.526722122028374 111
1740007784320 59.70289589453422 112
1740007784344 63.531125153068295 113
1740007784366 59.702178827616514 114
1740007784389 58.48696049961171 115
1740007784413 59.92621848478599 116
1740007784441 57.67664469223653 117
1740007784464 57.80968610918085 118
1740007784487 56.121096906179254 119
1740007784509 57.342374383197246 120
1740007784533 59.0238720012541 121
1740007784558 57.09838917465153 122
1740007784586 56.41214735427996 123
1740007784609 54.323059408975666 124
1740007784632 53.163531087002866 125
1740007784654 54.67622123070082 126
1740007784679 53.58274011107048 127
1740007784704 53.953900851388255 128
1740007784729 54.060029781886655 129
1740007784761 52.62797785568977 130
1740007784784 52.173843742600894 131
1740007784807 51.56290391741763 132
1740007784831 49.806074286158065 133
1740007784860 47.936989356035205 134
1740007784895 49.16788701338242 135
1740007784925 48.103244937865526 136
1740007784949 49.321177342119256 137
1740007784974 47.47178637629947 138
1740007784999 47.32316421213983 139
1740007785026 48.45968721033818 140
1740007785054 47.43704290238025 141
1740007785083 46.46313184342996 142
1740007785106 47.98880775097498 143
1740007785131 45.02414493654089 144
1740007785156 45.00550439308783 145
1740007785181 44.5776230945895 146
1740007785207 45.27379242934194 147
1740007785231 44.009377800323975 148
1740007785255 43.881976065316564 149
1740007785279 42.34393464144519 150
1740007785303 43.55413618661973 151
1740007785330 42.45674827202117 152
1740007785354 42.96725513565544 153
1740007785376 42.764473264316884 154
1740007785398 41.20510020933791 155
1740007785421 41.57884340846241 156
1740007785446 40.33846002529225 157
1740007785472 39.75464214493381 158
1740007785495 39.93395282080959 159
1740007785517 40.02562526138608 160
1740007785540 39.36116460680075 161
1740007785564 39.03846997649884 162
1740007785590 39.76245661657341 163
1740007785614 38.47116169483177 164
1740007785637 38.28241741922958 165
1740007785660 38.8957603680122 166
1740007785683 37.40936908741241 167
1740007785706 37.08376966773912 168
1740007785732 36.166250067127685 169
1740007785757 36.66434597146984 170
1740007785779 35.19611648616327 171
1740007785802 35.917072747413236 172
1740007785826 36.42709708360426 173
1740007785853 34.79026482690134 174
1740007785877 34.466828476224265 175
1740007785899 35.133617814981285 176
1740007785922 34.411018158848975 177
1740007785946 34.50861988826192 178
1740007785974 32.9917838746996 179
1740007786001 32.66017094863674 180
1740007786025 32.282165445073595 181
1740007786048 32.956524776716236 182
1740007786070 32.37969147399129 183
1740007786096 31.611168615671286 184
1740007786122 31.643392825345398 185
1740007786145 31.86760527321398 186
1740007786168 31.45686441379542 187
1740007786191 30.953626987801787 188
1740007786214 30.629064875686744 189
1740007786239 30.666161115778635 190
1740007786265 30.48323006497814 191
1740007786289 30.254168380559445 192
1740007786311 30.222683611171487 193
1740007786335 28.982498594002845 194
1740007786360 27.999595405985605 195
1740007786386 28.796302457405773 196
1740007786410 28.462165488025075 197
1740007786432 29.17697884952702 198
1740007786456 27.46922461130133 199
1740007786479 27.99497008997799 200
1740007786504 28.62932967294061 201
1740007786529 27.591288527131134 202
1740007786552 27.068064192100437 203
1740007786574 27.121863395885683 204
1740007786596 26.457861631098588 205
1740007786621 26.26588198072331 206
1740007786647 26.801879585369914 207
1740007786670 26.237090905707323 208
1740007786692 25.802152830629574 209
1740007786715 25.486363974335003 210
1740007786741 25.710986227540314 211
1740007786766 26.090165809306107 212
1740007786788 24.506639792467936 213
1740007786810 24.412896603449287 214
1740007786833 23.457178034255957 215
1740007786857 23.763291654432084 216
1740007786882 24.117468683152918 217
1740007786907 22.493903038724135 218
1740007786933 22.975638790144913 219
1740007786956 22.91115663225636 220
1740007786979 22.752347066326127 221
1740007787003 22.84084219410329 222
1740007787029 23.734808973101863 223
1740007787055 22.253595315928504 224
1740007787078 21.94125370550552 225
1740007787100 22.62094681521158 226
1740007787123 21.321380082723902 227
1740007787148 21.11986087296232 228
1740007787180 22.09382839411588 229
1740007787203 21.414229830788788 230
1740007787225 21.28235686909377 231
1740007787247 21.06482966927903 232
1740007787271 20.71873274034253 233
1740007787293 19.24768336871294 234
1740007787317 19.69689024579856 235
1740007787342 20.24192185469865 236
1740007787367 20.215760594347493 237
1740007787390 19.507655233370798 238
1740007787413 20.483496455713546 239
1740007787436 19.38615907311696 240
1740007787462 18.615867041903535 241
1740007787488 19.553660667380647 242
1740007787511 18.30223490566236 243
1740007787533 18.44021985055296 244
1740007787556 17.538709489050493 245
1740007787579 19.30758153025946 246
1740007787604 18.773438489809926 247
1740007787629 17.825443181201564 248
1740007787652 18.423457510240606 249
1740007787674 18.584461432132247 250
1740007787698 17.222356597455295 251
1740007787721 18.035129949592495 252
1740007787745 17.622592243865743 253
1740007787770 16.60068332872059 254
1740007787792 16.75080251200709 255
1740007787814 17.05537181313232 256
1740007787837 16.031507679195066 257
1740007787861 16.25165436205648 258
1740007787887 16.883436419212718 259
1740007787911 17.162485911751528 260
1740007787938 16.13325574551206 261
1740007787960 15.809794767697355 262
1740007787985 16.08760975377542 263
1740007788008 15.567185176847744 264
1740007788037 15.204407261046324 265
1740007788063 15.883196428645553 266
1740007788086 15.456885152476596 267
1740007788108 14.549991898591207 268
1740007788131 15.026267748428042 269
1740007788155 14.587918718294796 270
1740007788180 14.987608900778191 271
1740007788203 14.239827076644966 272
1740007788226 14.858016884895273 273
1740007788248 14.320030602922824 274
1740007788274 14.589742750979786 275
1740007788302 14.829325926217326 276
1740007788324 13.652855912471002 277
1740007788347 14.627992669468822 278
1740007788371 13.606333566656346 279
1740007788394 13.264177201805477 280
1740007788419 12.793555139702042 281
1740007788443 12.981916781870682 282
1740007788466 13.567812191118467 283
1740007788489 13.604115191997916 284
1740007788514 13.0989015162277 285
1740007788539 12.35446796221866 286
1740007788564 12.703311557456166 287
1740007788586 12.662858934935803 288
1740007788609 12.74907773255916 289
1740007788632 12.723988588895299 290
1740007788658 11.96378271805292 291
1740007788682 12.206867655245938 292
1740007788705 12.165810941812124 293
1740007788728 12.12632905773067 294
1740007788750 11.89983198386974 295
1740007788775 11.379302560582394 296
1740007788800 12.47242724444494 297
1740007788823 11.768687945407358 298
1740007788845 11.36462285023227 299
1740007788868 11.274824699660428 300
1740007788893 10.907933057880626 301
1740007788918 11.461894254502614 302
1740007788944 10.861937302855713 303
1740007788966 10.666285378720127 304
1740007788989 10.920978925383396 305
1740007789013 10.444128065719621 306
1740007789039 11.011099183483442 307
1740007789063 10.543149416892543 308
1740007789088 10.070120864743416 309
1740007789112 9.92733916809363 310
1740007789135 9.606446020466546 311
1740007789159 10.306901607448424 312
1740007789186 9.983836729580847 313
1740007789216 10.08918803651529 314
1740007789239 10.309946024020997 315
1740007789261 9.413463776958084 316
1740007789284 10.066514376978903 317
1740007789307 9.740070342014779 318
1740007789334 9.390382196582815 319
1740007789358 9.385358257128807 320
1740007789380 9.156462893328893 321
1740007789403 8.982239932319406 322
1740007789426 9.681480363098483 323
1740007789452 9.644754597428593 324
1740007789478 9.316335945762598 325
1740007789500 9.11712816070692 326
1740007789523 9.063335678674493 327
1740007789546 8.635709220113263 328
1740007789569 8.902820823237764 329
1740007789593 8.837797009862962 330
1740007789620 8.407610320690587 331
1740007789644 8.728817399254124 332
1740007789667 8.196982341750214 333
1740007789689 8.04557026750885 334
1740007789712 8.532956873390075 335
1740007789736 8.396749800339553 336
1740007789760 8.155250784578346 337
1740007789785 7.844771830493629 338
1740007789808 8.023808663784976 339
1740007789831 8.094139371621665 340
1740007789854 7.527678790630247 341
1740007789878 7.546338361259416 342
1740007789905 7.508649719977561 343
1740007789931 7.851107940920887 344
1740007789953 7.734800141025232 345
1740007789976 7.609758703009448 346
1740007790000 7.287754398864164 347
1740007790025 7.09935783727219 348
1740007790050 7.545226835937986 349
1740007790073 6.90603564501654 350
1740007790096 7.28832766740415 351
1740007790120 7.6395713693227325 352
1740007790148 6.857394623890567 353
1740007790174 7.0929692383480045 354
1740007790196 6.460967833685558 355
1740007790218 6.865236117429223 356
1740007790241 6.637982867335067 357
1740007790265 7.090166721991329 358
1740007790289 6.647699796529615 359
1740007790312 6.021205192115554 360
1740007790338 6.987332407530465 361
1740007790362 6.900234072462617 362
1740007790385 6.499990220741205 363
1740007790409 6.403379212778591 364
1740007790431 6.308880150322202 365
1740007790454 6.7809117822584515 366
1740007790479 6.167697714434972 367
1740007790503 6.020065987347943 368
1740007790525 6.241723672303298 369
1740007790547 6.570453572084154 370
1740007790570 5.917545015412078 371
1740007790593 6.279266125819827 372
1740007790619 6.272164103728037 373
1740007790644 5.9543218816630565 374
1740007790666 5.823327122824319 375
1740007790689 5.23150234701987 376
1740007790712 5.520524382466919 377
1740007790738 5.768520427479026 378
1740007790762 5.612939868832049 379
1740007790785 5.836876724422474 380
1740007790807 5.606047278575607 381
1740007790829 5.883896274242416 382
1740007790854 5.657402189845575 383
1740007790879 5.349077852519955 384
1740007790903 5.346852490875471 385
1740007790928 5.588524532735375 386
1740007790952 5.476372242849896 387
1740007790976 4.730691299798414 388
1740007791002 5.212827900763253 389
1740007791026 5.018191021154538 390
1740007791048 5.135391054836654 391
1740007791073 4.822880803582445 392
1740007791096 4.485049056625856 393
1740007791121 5.367028073978303 394
1740007791150 4.92715994331973 395
1740007791179 4.950528557976505 396
1740007791204 4.962129026150026 397
1740007791230 4.882598168077964 398
1740007791254 4.475706913419695 399
1740007791281 5.018690609652643 400
1740007791305 4.81573081581627 401
1740007791328 4.43535259468768 402
1740007791351 4.372008337164025 403
1740007791374 4.077121503769767 404
1740007791399 3.999310817105764 405
1740007791425 4.6606604330232235 406
1740007791450 4.273286007536577 407
1740007791473 4.183093332660885 408
1740007791495 4.337595499590076 409
1740007791519 4.388283271711411 410
1740007791545 4.176647235754791 411
1740007791569 4.240572348175597 412
1740007791592 4.308048705890558 413
1740007791614 4.4016346553952825 414
1740007791637 3.6350008140648313 415
1740007791663 4.059773817547296 416
1740007791687 3.7587338744495367 417
1740007791710 4.171179870940439 418
1740007791733 3.7451353502380798 419
1740007791756 3.579596387147609 420
1740007791780 3.847188580459159 421
1740007791804 4.0317622073618695 422
1740007791830 3.736407943067713 423
1740007791858 3.7995856438701985 424
1740007791885 3.8298567441639557 425
1740007791908 3.394909024635564 426
1740007791933 3.7120263413203234 427
1740007791956 3.6037973493485325 428
1740007791979 3.6450575926622544 429
1740007792004 3.8068052686741085 430
1740007792029 3.340451901259986 431
1740007792052 3.5471723695632345 432
1740007792075 3.3216914795840746 433
1740007792100 3.557534342386234 434
1740007792124 3.2906057738602614 435
1740007792157 3.2614621291126062 436
1740007792181 3.3777478659788356 437
1740007792205 3.198608324618445 438
1740007792228 3.465540331140261 439
1740007792251 3.113377298650884 440
1740007792278 3.200440559736789 441
1740007792304 3.193559018675152 442
1740007792327 3.1031776906247703 443
1740007792351 3.2844909175437684 444
1740007792373 3.4167631462960952 445
1740007792398 3.2712796835254414 446
1740007792426 3.014331551531691 447
1740007792449 3.004217782810908 448
1740007792472 3.0468869059929657 449
1740007792494 3.2204075090673743 450
1740007792516 2.9948599336734945 451
1740007792541 2.83574592823513 452
1740007792567 2.8142053523245214 453
1740007792591 2.825289612934568 454
1740007792614 3.122802655318017 455
1740007792636 2.836973240737822 456
1740007792659 3.051766195355586 457
1740007792686 2.915150065945917 458
1740007792711 2.6838729171586637 459
1740007792734 2.7866211687374163 460
1740007792756 2.7682493981901226 461
1740007792779 2.574112001332246 462
1740007792804 2.3582611801467186 463
1740007792829 2.4365866974651653 464
1740007792854 2.8232385768414536 465
1740007792876 2.7441033645321853 466
1740007792899 2.516871119729483 467
1740007792926 2.3480164058957547 468
1740007792952 2.526228230564951 469
1740007792975 2.3921523558772417 470
1740007792998 2.6397365615032875 471
1740007793021 2.265090275194059 472
1740007793051 2.4013177591508463 473
1740007793075 2.449035672827014 474
1740007793097 2.523419901802031 475
1740007793120 2.225051389953933 476
1740007793143 2.3924141936700063 477
1740007793167 2.2535934938784012 478
1740007793195 2.3302690546194227 479
1740007793218 2.197421943723226 480
1740007793244 2.2380053654013268 481
1740007793274 2.098753833283301 482
1740007793297 2.3744552834070047 483
1740007793321 2.2653462584354984 484
1740007793348 2.4009653031040203 485
1740007793374 2.3593419346987936 486
1740007793396 2.3842402862077607 487
1740007793419 2.009182695119519 488
1740007793442 2.2771527086344654 489
1740007793466 2.0716402776880094 490
1740007793491 1.897031638347871 491
1740007793516 2.278125490481977 492
1740007793539 1.9424296502117726 493
1740007793561 2.2165105999622225 494
1740007793584 1.9540584546609112 495
1740007793608 2.0406231970482493 496
1740007793634 2.0262638499338155 497
1740007793658 2.043458478382203 498
1740007793681 1.8949952282591218 499
