1739997865741 180.75427344730826 0
1739997865761 181.7369929889968 1
1739997865786 170.58364075281108 2
1739997865804 170.3266032819746 3
1739997865826 161.49053855747184 4
1739997865849 160.59528780442616 5
1739997865867 163.2246156552269 6
1739997865887 158.8825238807793 7
1739997865906 159.9305646050469 8
1739997865926 162.69071480109963 9
1739997865945 150.82093655306346 10
1739997865965 152.15487151128775 11
1739997865983 142.64455775574987 12
1739997866000 134.16660548775155 13
1739997866019 141.7078819552223 14
1739997866038 133.3188253646898 15
1739997866057 141.9182357342484 16
1739997866078 132.8553891147067 17
1739997866098 129.64677342150836 18
1739997866116 124.16563276074397 19
1739997866134 128.0894215959943 20
1739997866155 117.56853359895081 21
1739997866174 123.65806325960038 22
1739997866193 118.62625269769683 23
1739997866210 116.31611998497365 24
1739997866228 113.93071904883752 25
1739997866246 112.62967256962483 26
1739997866265 111.92350014600704 27
1739997866284 109.2809110323192 28
1739997866302 108.92572195195217 29
1739997866320 104.84988445212726 30
1739997866339 97.40751200534851 31
1739997866357 98.12701393206576 32
1739997866375 96.801054751749 33
1739997866394 93.33989838926132 34
1739997866414 96.40116134480726 35
1739997866436 88.29023276938014 36
1739997866464 95.28857800960645 37
1739997866483 92.93142128843006 38
1739997866501 90.71322655665074 39
1739997866520 89.74719058940629 40
1739997866539 82.04284355419266 41
1739997866558 86.4908146099551 42
1739997866577 78.81982457853779 43
1739997866595 82.0455716979724 44
1739997866613 87.16805199748342 45
1739997866634 78.08313100425873 46
1739997866656 82.46701323068922 47
1739997866730 78.46876771764077 48
1739997866756 72.14917652565211 49
1739997866776 74.6333708679862 50
1739997866796 71.37891080085026 51
1739997866814 70.52566380490623 52
1739997866833 69.600598117116 53
1739997866852 71.19680466706764 54
1739997866872 70.07264363411714 55
1739997866891 65.61136302242792 56
1739997866910 65.23709536608666 57
1739997866949 63.18174301150161 58
1739997866970 64.9453809528974 59
1739997866989 60.556267323653046 60
1739997867007 60.829252376669594 61
1739997867025 63.84726231624645 62
1739997867042 59.847317624372856 63
1739997867061 60.58923064347885 64
1739997867080 57.823864983580904 65
1739997867098 57.79017132069382 66
1739997867115 55.71038379070751 67
1739997867134 54.022475192381734 68
1739997867153 52.14460830850483 69
1739997867171 53.30461343620196 70
1739997867190 50.566632065393684 71
1739997867209 48.84040696310015 72
1739997867228 47.34038971364912 73
1739997867250 49.75587255993014 74
1739997867269 50.07893867643715 75
1739997867288 46.762731059070006 76
1739997867307 45.524068858085606 77
1739997867325 44.892871105011864 78
1739997867342 47.81794772742354 79
1739997867361 43.05659659575392 80
1739997867380 42.6003971236326 81
1739997867398 45.09807996057738 82
1739997867416 43.38958955062902 83
1739997867433 43.478546347289964 84
1739997867451 40.277618832988196 85
1739997867469 38.59743789679143 86
1739997867488 37.52110037859828 87
1739997867506 38.83933009022614 88
1739997867524 39.72896332325713 89
1739997867541 36.47175164949922 90
1739997867559 35.4226936016791 91
1739997867578 35.15083921300957 92
1739997867596 34.452572358108604 93
1739997867614 35.6920301538949 94
1739997867632 34.60017653903911 95
1739997867650 32.51107902701244 96
1739997867671 32.83065462204608 97
1739997867689 32.80962961920532 98
1739997867706 33.66923455288811 99
1739997867726 31.162684910491812 100
1739997867744 29.82258692278194 101
1739997867762 32.088364073626735 102
1739997867782 30.530109682291695 103
1739997867801 28.90928058185107 104
1739997867820 29.0048946508923 105
1739997867840 28.544587503780757 106
1739997867858 27.460346741948985 107
1739997867878 27.837952273167105 108
1739997867897 27.387288737353572 109
1739997867914 26.642853280322065 110
1739997867934 27.274641045278248 111
1739997867952 28.313704311654345 112
1739997867972 25.735310647550463 113
1739997867990 25.843027479462066 114
1739997868008 25.165608216087108 115
1739997868026 26.09377686170586 116
1739997868043 24.73278458040003 117
1739997868063 23.7647262477664 118
1739997868082 23.271912802504136 119
1739997868100 23.800996781005193 120
1739997868118 22.67810252772917 121
1739997868135 22.972104363547484 122
1739997868154 21.26639018025991 123
1739997868172 21.39462035226296 124
1739997868192 21.14836057030961 125
1739997868210 20.556484992871738 126
1739997868229 20.011813540309934 127
1739997868247 19.53786862085374 128
1739997868265 19.354926582583005 129
1739997868285 19.4604036378684 130
1739997868303 18.936355031715113 131
1739997868322 18.036754581240935 132
1739997868340 18.369392476337193 133
1739997868358 17.862141083052407 134
1739997868378 17.888512903904033 135
1739997868396 17.33746365781873 136
1739997868414 17.7060029649567 137
1739997868435 16.32815860076635 138
1739997868454 17.79548528223273 139
1739997868473 16.361823123853515 140
1739997868493 16.707193133693885 141
1739997868511 15.812384091193524 142
1739997868529 16.23453784613621 143
1739997868548 16.369202983185904 144
1739997868567 14.644475471664906 145
1739997868586 14.575032538515405 146
1739997868605 14.569671249788723 147
1739997868623 13.766824012220821 148
1739997868642 14.388435350916668 149
1739997868660 13.013210366145442 150
1739997868679 12.864347531144489 151
1739997868698 14.01816024178106 152
1739997868717 13.641684228885977 153
1739997868735 14.285731894344101 154
1739997868753 13.251117053349265 155
1739997868771 12.859143797288192 156
1739997868792 11.961981612336713 157
1739997868810 12.730714737279383 158
1739997868828 12.17707059799908 159
1739997868848 11.886563332853928 160
1739997868867 12.07756720763429 161
1739997868886 11.790920032843012 162
1739997868904 11.430653722071579 163
1739997868923 11.543512380908368 164
1739997868942 10.474749722705354 165
1739997868960 10.411281153536708 166
1739997868979 11.10917226820567 167
1739997868998 11.108115756750523 168
1739997869016 10.944349075746182 169
1739997869036 10.956114209390453 170
1739997869056 10.214886500366505 171
1739997869076 10.857322825063557 172
1739997869095 9.3506403500445 173
1739997869113 10.372776956076299 174
1739997869132 9.725089350361895 175
1739997869151 9.638147442128101 176
1739997869170 9.31660045700837 177
1739997869190 9.272547700063301 178
1739997869208 8.41511415300269 179
1739997869227 9.188578248441315 180
1739997869248 8.916657934494067 181
1739997869266 8.891440591664791 182
1739997869287 8.43162791184693 183
1739997869305 8.975621613962216 184
1739997869324 8.395175998039573 185
1739997869342 7.814293620087099 186
1739997869360 7.909192965216328 187
1739997869379 8.011310720800159 188
1739997869398 7.1975543389924095 189
1739997869416 8.009987259921445 190
1739997869433 7.152822975879466 191
1739997869452 8.01808512353997 192
1739997869472 7.50530474741807 193
1739997869491 7.6587109603183094 194
1739997869510 7.723250689366682 195
1739997869528 7.431644475275573 196
1739997869546 6.923708912364696 197
1739997869565 7.264980268343499 198
1739997869584 7.126771303791957 199
1739997869603 6.620757245498626 200
1739997869622 6.3017501065070824 201
1739997869640 6.772345532943507 202
1739997869660 6.2773991093037935 203
1739997869680 6.2562775937968125 204
1739997869700 6.85848560444798 205
1739997869722 6.607236441873454 206
1739997869741 6.726335971428132 207
1739997869760 6.165977536941927 208
1739997869778 5.71433117796189 209
1739997869799 6.133633399437769 210
1739997869818 6.140582108872535 211
1739997869836 5.650307082494359 212
1739997869857 5.691992189048718 213
1739997869875 5.753491279052351 214
1739997869895 6.101540941563937 215
1739997869915 5.911919834816898 216
1739997869934 5.526247678892755 217
1739997869954 5.133264131278945 218
1739997869974 4.847126241226656 219
1739997869995 5.47969886017699 220
1739997870014 5.072270804841237 221
1739997870031 5.005381719262053 222
1739997870049 4.968858749052489 223
1739997870068 5.3885249329183935 224
1739997870087 4.953341031310665 225
1739997870106 4.410169279313338 226
1739997870124 4.512972511899219 227
1739997870143 4.744633178643154 228
1739997870162 4.70633033306984 229
1739997870181 4.803968809770906 230
1739997870200 4.57776275774187 231
1739997870218 4.642009252147566 232
1739997870237 4.48536899095484 233
1739997870256 4.513909202165398 234
1739997870276 4.234465414927602 235
1739997870295 4.070322060117745 236
1739997870313 4.200688777043486 237
1739997870331 4.348358423028239 238
1739997870349 4.301936505079578 239
1739997870367 4.215982226230299 240
1739997870384 3.78206234828447 241
1739997870404 4.167196875449874 242
1739997870422 4.048698408341929 243
1739997870440 3.9186780656747047 244
1739997870458 3.649749351563851 245
1739997870476 3.4434293295718645 246
1739997870496 3.5629443706341175 247
1739997870514 3.5216301004300368 248
1739997870532 4.017528382751212 249
1739997870550 3.811630738437242 250
1739997870567 3.71717935280707 251
1739997870586 3.9592843839927823 252
1739997870606 3.5868067164119233 253
1739997870624 3.1868266925725157 254
1739997870641 3.168007267353042 255
1739997870659 3.192062618127886 256
1739997870677 3.183036804919232 257
1739997870696 3.04122370674901 258
1739997870715 3.169064309103199 259
1739997870734 3.0463256714933347 260
1739997870753 3.0445151977173053 261
1739997870771 3.572337799769514 262
1739997870790 3.005450038139751 263
1739997870809 3.062033350946371 264
1739997870828 3.2067834228628596 265
1739997870846 3.2374681196809982 266
1739997870864 2.629504987112702 267
1739997870882 3.011646288289867 268
1739997870901 3.0921141713417657 269
1739997870920 2.8151603559885388 270
1739997870938 3.345049811897094 271
1739997870956 2.790153203799458 272
1739997870974 2.630053661132391 273
1739997870992 2.847643586328551 274
1739997871011 2.4317634962910555 275
1739997871030 2.688414578388844 276
1739997871048 2.7079413360120705 277
1739997871065 2.6574132961034516 278
1739997871084 2.484107843797559 279
1739997871101 2.681934254068756 280
1739997871120 3.031963255608971 281
1739997871140 2.336505371679665 282
1739997871158 2.47203696072407 283
1739997871175 2.3836445722146906 284
1739997871195 2.4549910368259917 285
1739997871214 2.474590961757966 286
1739997871235 2.2546012803496254 287
1739997871254 2.0448972027469257 288
1739997871272 2.668993893630459 289
1739997871290 2.492434134720072 290
1739997871309 2.2071900647953724 291
1739997871327 2.2926164543120158 292
1739997871344 2.4018315556154732 293
1739997871362 2.0746919740727896 294
1739997871380 2.3937442925441053 295
1739997871398 2.5104562232061074 296
1739997871416 2.1014147547053406 297
1739997871435 2.1725081362232634 298
1739997871453 2.078833355551582 299
1739997871471 2.125596125552906 300
1739997871490 2.008047330054726 301
1739997871510 1.9019939354608972 302
1739997871529 2.179718085164531 303
1739997871546 2.0658491784958612 304
1739997871564 1.736214550604816 305
1739997871582 1.7120739379541925 306
1739997871601 1.93744968942631 307
1739997871621 2.0420858991439412 308
1739997871637 2.0049150070728583 309
1739997871655 1.8419412757026872 310
1739997871673 1.9233317828387706 311
1739997871690 1.9917155086250586 312
1739997871710 1.7412202715104856 313
1739997871730 1.9126525952876812 314
1739997871748 1.829333430076234 315
1739997871765 1.8518391855717027 316
1739997871784 1.8395612173033586 317
1739997871802 1.5787305682428021 318
1739997871821 1.767342507528647 319
1739997871839 1.6119680101040077 320
1739997871860 1.7419414132173345 321
1739997871878 1.8043838461297173 322
1739997871896 1.5341346515284577 323
1739997871916 1.5592206477026704 324
1739997871934 1.5509965537478292 325
1739997871952 1.5139155858585591 326
1739997871971 1.6797629065768205 327
1739997871988 1.6367004609780675 328
1739997872009 1.6787158724245796 329
1739997872028 1.5650130893427812 330
1739997872048 1.720454834131971 331
1739997872068 1.5931998029600263 332
1739997872086 1.739761413886348 333
1739997872105 1.416905091210907 334
1739997872126 1.585968906015212 335
1739997872144 1.4633575007571182 336
1739997872162 1.5427410344976475 337
1739997872180 1.4733818962212402 338
1739997872197 1.5769439781652759 339
1739997872217 1.5414375665985849 340
1739997872237 1.417809194864676 341
1739997872256 1.4600043219610452 342
1739997872273 1.4208791377707517 343
1739997872290 1.531542025960608 344
1739997872308 1.347316587566038 345
1739997872327 1.3669324856577856 346
1739997872345 1.338002928492973 347
1739997872364 1.594636033229393 348
1739997872381 1.3631657349163895 349
1739997872399 1.378400054905246 350
1739997872417 1.2955876801373594 351
1739997872438 1.3758894187735844 352
1739997872456 1.5321370110724741 353
1739997872473 1.3105888857793684 354
1739997872492 1.4066899581707555 355
1739997872511 1.4106860614908037 356
1739997872531 1.0981495627097975 357
1739997872549 1.2749712853988977 358
1739997872568 1.2624372361168201 359
1739997872586 1.3239358910158838 360
1739997872603 1.391065681218834 361
1739997872623 1.392895168031805 362
1739997872642 1.1952305175596485 363
1739997872660 1.3337989653283286 364
1739997872678 1.3645602322000567 365
1739997872696 1.3710484677955537 366
1739997872716 1.2446444247757154 367
1739997872735 1.0845362732295818 368
1739997872753 1.2768463230249183 369
1739997872771 1.293970112963446 370
1739997872788 1.3358986078853514 371
1739997872806 1.3098004106203323 372
1739997872826 1.3341009371494392 373
1739997872843 1.1864618068494335 374
1739997872864 1.2265170707883657 375
1739997872883 1.0329207440326886 376
1739997872900 0.9882988865738002 377
1739997872922 1.223586324552855 378
1739997872942 1.1145297243631869 379
1739997872963 1.215681415535458 380
1739997872981 1.1883882424636247 381
1739997872998 1.2300140158045634 382
1739997873017 1.2075481064256837 383
1739997873036 1.1333940362445922 384
1739997873053 1.2110884246787237 385
1739997873071 1.2452729507251434 386
1739997873090 1.1468174316370212 387
1739997873109 1.2268224932214247 388
1739997873130 1.0511775191378745 389
1739997873149 0.8634430613241918 390
1739997873167 1.1879492622551104 391
1739997873185 1.1620126527166197 392
1739997873204 0.9969131591704999 393
1739997873223 1.0278543041984565 394
1739997873245 1.063572311430819 395
1739997873263 1.0879608517246757 396
1739997873282 1.1373571828213807 397
1739997873299 1.218504391964161 398
1739997873321 0.9418745717996354 399
1739997873340 0.935140493179956 400
1739997873357 1.0549169784617778 401
1739997873377 0.9657848468033813 402
1739997873395 1.0163688252027632 403
1739997873414 1.0473350606330558 404
1739997873433 1.0394132399104494 405
1739997873451 0.9811857440460244 406
1739997873468 1.0409825035320466 407
1739997873486 1.1094585316078043 408
1739997873505 0.7514879726571648 409
1739997873523 1.0967186753759846 410
1739997873543 0.8856152114583482 411
1739997873561 0.8997833837285621 412
1739997873579 0.8984027552038589 413
1739997873596 0.8589657564292977 414
1739997873615 0.8664712642930953 415
1739997873634 0.7706986016939301 416
1739997873653 0.7806900081284234 417
1739997873672 0.9819651171055497 418
1739997873690 1.0054963026063142 419
1739997873707 0.9560110632296224 420
1739997873728 1.0193177250756187 421
1739997873747 0.8192852448041227 422
1739997873764 0.9087083021247363 423
1739997873783 1.0713279517103196 424
1739997873800 1.0902176607587195 425
1739997873819 0.9287603013692739 426
1739997873840 0.7978054330281033 427
1739997873860 0.798101088283665 428
1739997873878 0.8708535523072178 429
1739997873896 0.9693671630258749 430
1739997873914 0.8499743592556912 431
1739997873952 0.7049467504120509 432
1739997874026 0.8200080430064838 433
1739997874045 0.9695388789916377 434
1739997874065 0.8260443868588936 435
1739997874083 0.8712802529629453 436
1739997874101 0.9922816667621649 437
1739997874120 0.8189146490856694 438
1739997874138 1.011998467267159 439
1739997874157 0.7933280340529352 440
1739997874176 0.7924246279168871 441
1739997874195 0.9366227319967605 442
1739997874214 0.8191427143825254 443
1739997874236 0.9239400337752457 444
1739997874259 1.029239557400273 445
1739997874281 0.9358326384444868 446
1739997874300 0.8548685655953788 447
1739997874320 0.9319475167902131 448
1739997874339 0.7071845081897011 449
1739997874358 0.8680587494803963 450
1739997874376 0.9257452338723756 451
1739997874397 0.9282824649440763 452
1739997874417 0.7663644623271364 453
1739997874437 0.81255568231132 454
1739997874457 0.7631372076867184 455
1739997874475 0.8193408309947099 456
1739997874494 0.8087019183228359 457
1739997874511 0.8694052619306437 458
1739997874532 0.7982590055469362 459
1739997874551 0.731136244038862 460
1739997874569 0.7827653053221967 461
1739997874587 0.8895361819440307 462
1739997874604 0.8732563182983697 463
1739997874622 0.7462414847500745 464
1739997874641 0.5884391619604636 465
1739997874661 0.683840231624832 466
1739997874679 0.8832566379282311 467
1739997874697 0.8659853564742717 468
1739997874717 0.9393432332006046 469
1739997874736 0.6370139177779447 470
1739997874754 0.609640337223384 471
1739997874772 0.6999614507939425 472
1739997874790 0.7223849630270793 473
1739997874808 0.908122165150948 474
1739997874826 0.8081186163618339 475
1739997874844 0.6632324482942967 476
1739997874864 0.8017864786437466 477
1739997874883 0.853349133515747 478
1739997874901 0.6199827802017452 479
1739997874919 0.6441709470642172 480
1739997874937 0.8470516795936073 481
1739997874955 0.6910334180882693 482
1739997874974 0.5747686024255801 483
1739997874992 0.7677366701087872 484
1739997875010 0.8499638794456359 485
1739997875027 0.7508460449170187 486
1739997875047 0.5600371425137738 487
1739997875065 0.8697639493932272 488
1739997875083 0.8401795410571964 489
1739997875101 0.632432744410318 490
1739997875119 0.9121352638967538 491
1739997875136 0.6974325564996288 492
1739997875155 0.8236952116579556 493
1739997875173 0.6263342083218638 494
1739997875191 0.7492181659737625 495
1739997875209 0.7466094049636919 496
1739997875227 0.7423004024717516 497
1739997875246 0.7878123026296892 498
1739997875265 0.5650622632074797 499
