1739984669547 6.555596744701385 0
1739984669578 6.5732075066332785 1
1739984669609 6.59459058834037 2
1739984669638 6.591553009753979 3
1739984669668 6.666889236621294 4
1739984669699 6.568273251091546 5
1739984669727 6.5375212757067995 6
1739984669755 6.507485015892165 7
1739984669783 6.522612584338017 8
1739984669811 6.586094420734695 9
1739984669840 6.61125466927829 10
1739984669868 6.567754616327902 11
1739984669897 6.5621145231294005 12
1739984669925 6.616019486854889 13
1739984669953 6.55039075828648 14
1739984669983 6.575493381593648 15
1739984670013 6.588897049624774 16
1739984670043 6.578639527607851 17
1739984670072 6.526323469558149 18
1739984670101 6.556545719332538 19
1739984670130 6.608360661398718 20
1739984670160 6.566453980505956 21
1739984670190 6.55171948377541 22
1739984670220 6.635034159922988 23
1739984670270 6.544337513815801 24
