1740010828821 168.99654303732197 0
1740010828846 168.97911858251055 1
1740010828871 168.9623635321985 2
1740010828896 168.94553924204638 3
1740010828923 168.92871587028043 4
1740010828955 168.9118954318387 5
1740010828980 168.89507631123138 6
1740010829012 168.8782589122195 7
1740010829039 168.861443234582 8
1740010829065 168.84462927814025 9
1740010829088 168.82781704271582 10
1740010829121 168.81100652813035 11
1740010829147 168.7941977342053 12
1740010829170 168.7773906607623 13
1740010829193 168.76058530762296 14
1740010829217 168.74378086754933 15
1740010829247 168.72697935817334 16
1740010829276 168.71017916489035 17
1740010829304 168.6933806912403 18
1740010829328 168.6765839370022 19
1740010829352 168.6597889019978 20
1740010829378 168.6429955860488 21
1740010829405 168.62620398897698 22
1740010829429 168.60941411060415 23
1740010829452 168.59262595075202 24
1740010829475 168.57583870259379 25
1740010829498 168.55905438273422 26
1740010829526 168.54227137739082 27
1740010829554 168.52549008989814 28
1740010829578 168.50871052003544 29
1740010829602 168.49193266762467 30
1740010829626 168.47515653248772 31
1740010829651 168.45838211444647 32
1740010829676 168.44160941332296 33
1740010829701 168.42483842893915 34
1740010829724 168.40806835487874 35
1740010829748 168.39130120672058 36
1740010829772 168.37453537150338 37
1740010829803 168.35777125235663 38
1740010829829 168.34100884905976 39
1740010829853 168.3242481614348 40
1740010829877 168.3074891893039 41
1740010829899 168.29073193248925 42
1740010829924 168.27397639081286 43
1740010829953 168.257222564097 44
1740010829978 168.24047045216383 45
1740010830003 168.2237192490382 46
1740010830027 168.2069709691967 47
1740010830055 168.19022400056028 48
1740010830087 168.17347874603814 49
1740010830169 168.15673520540986 50
1740010830195 168.13999337849773 51
1740010830220 168.12325326512408 52
1740010830245 168.10651486511128 53
1740010830271 168.0897781782816 54
1740010830297 168.07304320445746 55
1740010830321 168.05630913807343 56
1740010830344 168.03957799258234 57
1740010830367 168.02284815672465 58
1740010830392 168.00612003320475 59
1740010830422 167.9893936218025 60
1740010830447 167.97266892234035 61
1740010830470 167.95594593464082 62
1740010830493 167.93922465852648 63
1740010830518 167.92250509381978 64
1740010830545 167.90578724034336 65
1740010830569 167.8890702929409 66
1740010830593 167.87235626404282 67
1740010830616 167.85564354320803 68
1740010830639 167.83893253293644 69
1740010830664 167.8222232330081 70
1740010830690 167.80551564324574 71
1740010830715 167.78880976347193 72
1740010830738 167.77210559350954 73
1740010830762 167.75540313318115 74
1740010830788 167.73870238230955 75
1740010830815 167.72200334071752 76
1740010830840 167.70530520368845 77
1740010830863 167.6886099825542 78
1740010830886 167.67191606775293 79
1740010830909 167.65522386156502 80
1740010830934 167.63853336377065 81
1740010830962 167.6218445741928 82
1740010830988 167.6051574926543 83
1740010831011 167.58847211897805 84
1740010831034 167.57178845298705 85
1740010831062 167.55510649450417 86
1740010831106 167.53842543922107 87
1740010831135 167.52174729744956 88
1740010831158 167.5050704604443 89
1740010831181 167.4883953302817 90
1740010831204 167.47172190674215 91
1740010831229 167.4550501896488 92
1740010831259 167.43838017882473 93
1740010831295 167.421711874093 94
1740010831325 167.4050452752767 95
1740010831348 167.388380382199 96
1740010831371 167.3717163909593 97
1740010831396 167.3550553108505 98
1740010831424 167.33839553394282 99
1740010831459 167.3217374621089 100
1740010831486 167.3050810951295 101
1740010831511 167.2884264328278 102
1740010831535 167.27177347502712 103
1740010831559 167.25512222155066 104
1740010831585 167.23847267222175 105
1740010831612 167.22182482686375 106
1740010831638 167.2051778819834 107
1740010831661 167.1885338458557 108
1740010831683 167.17189111136562 109
1740010831708 167.15525008018233 110
1740010831735 167.13861075208675 111
1740010831760 167.12197312690228 112
1740010831783 167.10533720445238 113
1740010831807 167.08870298456048 114
1740010831832 167.07207046705008 115
1740010831859 167.0554396517447 116
1740010831884 167.03880973555803 117
1740010831908 167.02218272574828 118
1740010831932 167.00555701601434 119
1740010831958 166.98893300782203 120
1740010831982 166.97231070095242 121
1740010832008 166.95569009522922 122
1740010832036 166.93907119047594 123
1740010832062 166.92245398651633 124
1740010832088 166.90583848317402 125
1740010832111 166.8892246802726 126
1740010832138 166.8726117751324 127
1740010832167 166.85600177399596 128
1740010832191 166.839393071375 129
1740010832214 166.8227860685324 130
1740010832238 166.80618076524942 131
1740010832263 166.78957716134985 132
1740010832290 166.77297525665756 133
1740010832315 166.75637505099633 134
1740010832339 166.73977654419 135
1740010832362 166.72317973606243 136
1740010832385 166.70658462643758 137
1740010832411 166.68999041307217 138
1740010832437 166.67339910111787 139
1740010832461 166.6568090859597 140
1740010832484 166.64022076864237 141
1740010832509 166.62363414894733 142
1740010832535 166.60704922669868 143
1740010832561 166.59046600172033 144
1740010832585 166.5738844738364 145
1740010832607 166.5573046428709 146
1740010832631 166.54072650864788 147
1740010832656 166.5241492693297 148
1740010832682 166.50757492905467 149
1740010832706 166.49100188401897 150
1740010832730 166.47443053506467 151
1740010832754 166.45786088197335 152
1740010832780 166.4412929245694 153
1740010832808 166.42472666267687 154
1740010832835 166.40816209612007 155
1740010832859 166.39159922472317 156
1740010832881 166.37503804831042 157
1740010832904 166.3584777654493 158
1740010832930 166.3419203792659 159
1740010832957 166.3253642867666 160
1740010832982 166.308809888591 161
1740010833006 166.29225718452105 162
1740010833030 166.27570617438118 163
1740010833056 166.25915685799575 164
1740010833082 166.24260923518915 165
1740010833107 166.2260633057858 166
1740010833130 166.2095190696101 167
1740010833154 166.19297572563417 168
1740010833177 166.17643527597306 169
1740010833204 166.15989611844236 170
1740010833230 166.14335865347962 171
1740010833254 166.126822880867 172
1740010833315 166.11028880042903 173
1740010833342 166.09375641199028 174
1740010833366 166.0772257153753 175
1740010833392 166.06069671040876 176
1740010833417 166.04416939691524 177
1740010833439 166.02764297427092 178
1740010833462 166.0111194435811 179
1740010833487 165.99459720346965 180
1740010833514 165.97807665417218 181
1740010833542 165.96155779547112 182
1740010833570 165.94504062719113 183
1740010833594 165.928525149157 184
1740010833617 165.91201136119346 185
1740010833642 165.8954992631253 186
1740010833668 165.87898885477728 187
1740010833692 165.8624793359295 188
1740010833715 165.84597270667822 189
1740010833738 165.8294673664549 190
1740010833764 165.8129637152935 191
1740010833791 165.79646175297654 192
1740010833817 165.77996147932896 193
1740010833841 165.7634628941756 194
1740010833864 165.74696599734153 195
1740010833888 165.73047078865167 196
1740010833914 165.71397726793097 197
1740010833939 165.69748463536274 198
1740010833963 165.6809948900356 199
1740010833988 165.6645064321877 200
1740010834015 165.64801966165132 201
1740010834043 165.6315345782093 202
1740010834069 165.6150511816868 203
1740010834092 165.59856947190883 204
1740010834115 165.58208944870057 205
1740010834138 165.5656111118871 206
1740010834165 165.5491344612937 207
1740010834191 165.5326586975064 208
1740010834214 165.5161858186073 209
1740010834237 165.4997142256402 210
1740010834259 165.4832443182362 211
1740010834282 165.46677609617834 212
1740010834304 165.45030955929178 213
1740010834328 165.43384470740196 214
1740010834350 165.4173815403341 215
1740010834373 165.40092005791354 216
1740010834396 165.38446025996566 217
1740010834420 165.3680013474789 218
1740010834443 165.35154531752997 219
1740010834466 165.33509057196744 220
1740010834487 165.31863751022132 221
1740010834512 165.3021861320749 222
1740010834535 165.28573643735362 223
1740010834562 165.26928842588288 224
1740010834587 165.2528420974883 225
1740010834611 165.2363974519953 226
1740010834634 165.21995448922942 227
1740010834657 165.2035124105811 228
1740010834679 165.1870732121227 229
1740010834702 165.17063529650667 230
1740010834724 165.15419906296228 231
1740010834746 165.13776451127293 232
1740010834769 165.12133164126425 233
1740010834792 165.10490045276194 234
1740010834815 165.08847094559167 235
1740010834837 165.0720431195791 236
1740010834860 165.05561697454993 237
1740010834882 165.0391917122962 238
1740010834904 165.0227693278869 239
1740010834926 165.0063482247775 240
1740010834948 164.98992880199677 241
1740010834971 164.97351105932836 242
1740010834993 164.95709499659796 243
1740010835015 164.94068061363149 244
1740010835038 164.92426791025483 245
1740010835063 164.90785688629376 246
1740010835085 164.89144754157428 247
1740010835107 164.87503907828932 248
1740010835130 164.8586334905059 249
1740010835152 164.8422291824816 250
1740010835174 164.82582655304475 251
1740010835196 164.80942560197917 252
1740010835218 164.79302632911092 253
1740010835240 164.77662873426593 254
1740010835263 164.7602328172703 255
1740010835285 164.74383857795007 256
1740010835307 164.7274452188688 257
1740010835329 164.71105473316754 258
1740010835353 164.694665525845 259
1740010835381 164.67827799554448 260
1740010835403 164.66189214204985 261
1740010835426 164.64550796518736 262
1740010835452 164.6291254647832 263
1740010835474 164.61274464066352 264
1740010835498 164.5963654926546 265
1740010835521 164.5799880205826 266
1740010835544 164.5636114274113 267
1740010835568 164.54723770528184 268
1740010835590 164.53086525999336 269
1740010835615 164.5144944899891 270
1740010835639 164.49812539505322 271
1740010835663 164.48175797501216 272
1740010835686 164.4653922296922 273
1740010835709 164.4490281589198 274
1740010835732 164.43266576252137 275
1740010835757 164.4163050403232 276
1740010835780 164.3999451956889 277
1740010835804 164.38358821976067 278
1740010835828 164.3672325191372 279
1740010835851 164.3508784920621 280
1740010835874 164.33452613831963 281
1740010835897 164.31817545773643 282
1740010835920 164.301826450139 283
1740010835943 164.28547911535398 284
1740010835967 164.26913345320781 285
1740010835991 164.25278946352728 286
1740010836015 164.236446350075 287
1740010836044 164.22010610299563 288
1740010836076 164.20376712968636 289
1740010836121 164.1874298281913 290
1740010836145 164.17109419829507 291
1740010836170 164.15476023982433 292
1740010836193 164.13842795260587 293
1740010836217 164.12209733646634 294
1740010836240 164.10576839123263 295
1740010836264 164.08944111673142 296
1740010836286 164.07311471712444 297
1740010836310 164.0567911815595 298
1740010836332 164.04046891823168 299
1740010836357 164.0241483249858 300
1740010836379 164.00782940160659 301
1740010836402 163.99151214792101 302
1740010836425 163.97519656375593 303
1740010836448 163.9588826489383 304
1740010836472 163.94257040329504 305
1740010836495 163.92625903135647 306
1740010836518 163.90995052134934 307
1740010836541 163.89364328220597 308
1740010836565 163.877337711587 309
1740010836588 163.8610338092774 310
1740010836613 163.8447315751042 311
1740010836636 163.8284310088945 312
1740010836661 163.8121321104754 313
1740010836684 163.79583487967403 314
1740010836707 163.77953931631743 315
1740010836729 163.76324462533395 316
1740010836753 163.7469527939559 317
1740010836775 163.73066223191157 318
1740010836799 163.71437333666273 319
1740010836822 163.69808610799467 320
1740010836846 163.68180054573446 321
1740010836869 163.6655166497095 322
1740010836891 163.649234419747 323
1740010836915 163.63295385567426 324
1740010836938 163.6166749573186 325
1740010836962 163.60039693000587 326
1740010836985 163.5841217599749 327
1740010837008 163.56784785774923 328
1740010837031 163.55157562059202 329
1740010837057 163.53530504828868 330
1740010837080 163.5190361406666 331
1740010837105 163.5027688975532 332
1740010837127 163.48650331877596 333
1740010837150 163.47023940416236 334
1740010837173 163.45397715353982 335
1740010837196 163.43771577263146 336
1740010837218 163.42145724668364 337
1740010837244 163.40519998701438 338
1740010837275 163.38894439068827 339
1740010837313 163.37269045749093 340
1740010837351 163.35643818725003 341
1740010837390 163.3401875797931 342
1740010837425 163.3239386349478 343
1740010837460 163.3076913525418 344
1740010837498 163.29144493866508 345
1740010837536 163.27520137764714 346
1740010837569 163.2589590815398 347
1740010837601 163.24271844722452 348
1740010837629 163.22647947448698 349
1740010837654 163.21024216315496 350
1740010837676 163.1940065130563 351
1740010837700 163.1777725240187 352
1740010837722 163.16154019587003 353
1740010837745 163.1453095284381 354
1740010837768 163.1290797282093 355
1740010837790 163.11285277852267 356
1740010837813 163.0966270922229 357
1740010837873 163.0804030659933 358
1740010837899 163.06418069961978 359
1740010837926 163.04795999293037 360
1740010837951 163.03174094575297 361
1740010837977 163.01552355791557 362
1740010838006 162.99930782924625 363
1740010838034 162.98309375957282 364
1740010838064 162.96688055577766 365
1740010838088 162.95067020021074 366
1740010838118 162.9344611065083 367
1740010838146 162.918253671156 368
1740010838170 162.90204789394002 369
1740010838193 162.88584377468842 370
1740010838217 162.86964131322938 371
1740010838242 162.85344050939108 372
1740010838268 162.83724136300157 373
1740010838293 162.82104308130903 374
1740010838316 162.80484764574928 375
1740010838339 162.78865347069035 376
1740010838367 162.772460952435 377
1740010838394 162.75627009076962 378
1740010838422 162.74008088552253 379
1740010838447 162.72389333652194 380
1740010838471 162.7077074435962 381
1740010838493 162.6915232065737 382
1740010838518 162.6753406252827 383
1740010838545 162.65915890736636 384
1740010838571 162.64298003327337 385
1740010838594 162.62680241816196 386
1740010838619 162.61062645813755 387
1740010838643 162.59445215298663 388
1740010838667 162.57827950253773 389
1740010838693 162.5621085066193 390
1740010838717 162.5459391650598 391
1740010838742 162.52977147768777 392
1740010838767 162.51360544433174 393
1740010838791 162.4974402730294 394
1740010838818 162.48127794324358 395
1740010838845 162.4651168709216 396
1740010838868 162.44895745197172 397
1740010838891 162.43279968618074 398
1740010838915 162.41664357337729 399
1740010838942 162.40048911338997 400
1740010838966 162.38433630604754 401
1740010838991 162.36818515117866 402
1740010839014 162.3520348571857 403
1740010839039 162.3358874026202 404
1740010839066 162.31974120415893 405
1740010839092 162.30359665752792 406
1740010839117 162.28745376251416 407
1740010839141 162.27131251894644 408
1740010839165 162.25517292665356 409
1740010839189 162.23903498546437 410
1740010839215 162.2228986952077 411
1740010839240 162.2067640557124 412
1740010839265 162.19063027577468 413
1740010839287 162.1744993329622 414
1740010839315 162.15836964473917 415
1740010839342 162.14224160663497 416
1740010839366 162.12611521843675 417
1740010839389 162.1099904799735 418
1740010839412 162.09386739107424 419
1740010839439 162.07774595156792 420
1740010839471 162.0616261612836 421
1740010839496 162.0455072293814 422
1740010839520 162.02939113251952 423
1740010839543 162.01327628889018 424
1740010839568 161.9971630938409 425
1740010839594 161.981051547159 426
1740010839620 161.96494164867366 427
1740010839644 161.948833398214 428
1740010839666 161.93272679560917 429
1740010839689 161.9166218406884 430
1740010839714 161.90051853328086 431
1740010839741 161.88441608293962 432
1740010839767 161.8683164653411 433
1740010839792 161.85221809946336 434
1740010839816 161.83612138045763 435
1740010839840 161.8200263081114 436
1740010839868 161.80393288225403 437
1740010839893 161.78784110271488 438
1740010839916 161.7717509693232 439
1740010839939 161.7556624819085 440
1740010839963 161.73957564030002 441
1740010839991 161.7234896544433 442
1740010840022 161.70740649903422 443
1740010840051 161.6913245938357 444
1740010840078 161.6752443338029 445
1740010840125 161.65916571872353 446
1740010840149 161.64308874842715 447
1740010840173 161.62701342274323 448
1740010840217 161.61093974150128 449
1740010840248 161.5948677045309 450
1740010840275 161.57879652214032 451
1740010840300 161.56272816811884 452
1740010840327 161.54666106295505 453
1740010840352 161.53059560142293 454
1740010840418 161.51453178331025 455
1740010840445 161.49846960844675 456
1740010840469 161.4824090766621 457
1740010840491 161.466350187786 458
1740010840515 161.45029294164806 459
1740010840542 161.43423733807813 460
1740010840570 161.41818258777604 461
1740010840595 161.40213066355255 462
1740010840618 161.3860799866795 463
1740010840640 161.3700309517352 464
1740010840666 161.3539835585077 465
1740010840694 161.33793780682683 466
1740010840721 161.32189369652247 467
1740010840745 161.3058512274245 468
1740010840769 161.28981039936275 469
1740010840792 161.27377042339924 470
1740010840822 161.25773327143995 471
1740010840848 161.24169736548095 472
1740010840872 161.22566309991953 473
1740010840895 161.20963047454407 474
1740010840920 161.19359948918446 475
1740010840946 161.1775701436708 476
1740010840973 161.16154243783308 477
1740010841001 161.14551637150132 478
1740010841025 161.12949115609922 479
1740010841050 161.113468762629 480
1740010841072 161.09744761381012 481
1740010841099 161.0814281038592 482
1740010841125 161.06541023256472 483
1740010841148 161.04939399975686 484
1740010841172 161.03337940526572 485
1740010841196 161.01736644892154 486
1740010841220 161.00135513055446 487
1740010841246 160.98534544999484 488
1740010841272 160.96933661905658 489
1740010841295 160.95333060776656 490
1740010841318 160.93732583962492 491
1740010841343 160.92132270865338 492
1740010841368 160.9053212146405 493
1740010841393 160.88932135741678 494
1740010841416 160.87332313681233 495
1740010841438 160.85732655265767 496
1740010841464 160.84133160478314 497
1740010841498 160.82533750536376 498
1740010841528 160.8093462235244 499
