1740002155783 157.5657876321308 0
1740002155805 142.5541333538067 1
1740002155829 127.96034502750943 2
1740002155850 118.37563812908613 3
1740002155871 110.9601598701401 4
1740002155892 99.36377004702148 5
1740002155913 89.63672848793794 6
1740002155934 85.7187070705002 7
1740002155955 78.85758686107935 8
1740002155976 70.57364086389842 9
1740002155997 66.75786295674487 10
1740002156018 63.682484868739344 11
1740002156040 57.623495298570745 12
1740002156061 53.77629524293292 13
1740002156081 48.24600464524905 14
1740002156101 45.60136443833936 15
1740002156124 41.32778306282882 16
1740002156145 39.888325580295856 17
1740002156168 37.11231481275811 18
1740002156189 34.88323897755695 19
1740002156210 32.08913307305682 20
1740002156231 29.254871960643758 21
1740002156253 28.615082270132625 22
1740002156273 26.609194272325265 23
1740002156294 24.913007702783542 24
1740002156315 23.717215487864404 25
1740002156336 21.78166155680162 26
1740002156355 21.500640512801194 27
1740002156375 20.16166083937339 28
1740002156394 18.27849513807481 29
1740002156413 17.457142105794293 30
1740002156432 16.871076502930535 31
1740002156452 15.951562266562558 32
1740002156472 16.35681365429317 33
1740002156491 14.804933978294299 34
1740002156510 14.590927792955199 35
1740002156529 12.719119204246805 36
1740002156549 12.663005428140112 37
1740002156568 11.880850313549828 38
1740002156588 11.543251754537803 39
1740002156607 11.058642132297388 40
1740002156626 10.124373450928832 41
1740002156649 10.991977815476915 42
1740002156673 10.432629567724888 43
1740002156695 10.124734746237777 44
1740002156717 10.063135186915545 45
1740002156737 8.879455545755782 46
1740002156761 9.134024100809894 47
1740002156782 9.386306120683951 48
1740002156801 8.322657548905795 49
1740002156823 8.355201525924361 50
1740002156842 7.791963291083397 51
1740002156864 8.24145218528843 52
1740002156886 7.214679511221463 53
1740002156907 7.1275409485399726 54
1740002156931 7.754185580223095 55
1740002156952 7.402514350896689 56
1740002156976 6.902288470031076 57
1740002156997 7.128816482679477 58
1740002157017 6.9876245959596295 59
1740002157039 6.723169022156561 60
1740002157065 7.015594948490962 61
1740002157086 6.553379525127418 62
1740002157106 6.111659471606373 63
1740002157126 6.452806601263606 64
1740002157146 5.718239134209997 65
1740002157167 6.336912385651229 66
1740002157185 5.631400779591935 67
1740002157204 6.034910696390019 68
1740002157229 5.960939305310947 69
1740002157250 6.070502318313259 70
1740002157271 5.926715379799097 71
1740002157291 6.241607914699911 72
1740002157311 5.872591738722216 73
1740002157331 5.750003233055483 74
1740002157354 5.152636342183248 75
1740002157375 6.153708714581196 76
1740002157395 5.046147366297353 77
1740002157415 5.857434846235464 78
1740002157435 5.408575230680468 79
1740002157455 5.335698030453529 80
1740002157476 5.568046307422823 81
1740002157496 5.259856534456423 82
1740002157516 5.272921605517915 83
1740002157536 5.353084389080693 84
1740002157556 5.387759148412568 85
1740002157576 5.017072761165347 86
1740002157596 5.025659808918041 87
1740002157617 5.446920283903217 88
1740002157639 5.090230294307013 89
1740002157659 5.144298651935613 90
1740002157679 4.938828446293437 91
1740002157698 5.394300751803132 92
1740002157718 5.183864156529222 93
1740002157737 4.995831614798734 94
1740002157759 5.2000721493325175 95
1740002157780 4.9008263969185 96
1740002157821 4.588635845678058 97
1740002157843 4.798905683574233 98
1740002157862 4.988940948192768 99
1740002157882 5.2289307156981035 100
1740002157902 4.950509905183951 101
1740002157921 4.671994347467909 102
1740002157940 4.979245110900022 103
1740002157959 5.4142379230320525 104
1740002157984 5.151445858226078 105
1740002158005 5.205684350668443 106
1740002158026 4.85541866279067 107
1740002158046 4.959125002303487 108
1740002158069 4.831633153363922 109
1740002158093 4.785676098899313 110
1740002158115 4.607846253413787 111
1740002158136 4.888391782224397 112
1740002158157 4.438829639134729 113
1740002158179 5.007723252261971 114
1740002158200 4.780652230881455 115
1740002158220 4.822362194741311 116
1740002158244 4.706754978446736 117
1740002158264 4.955746528277929 118
1740002158285 4.61707166696214 119
1740002158306 4.923972685263279 120
1740002158328 4.2924378298957455 121
1740002158348 4.752653183366377 122
1740002158369 5.010133067177724 123
1740002158390 5.159185564353178 124
1740002158410 4.99065354216755 125
1740002158430 4.625875450425979 126
1740002158449 4.9952143137423874 127
1740002158468 5.033416753131879 128
1740002158487 4.506498403107639 129
1740002158506 4.725228233051328 130
1740002158526 4.726537383240066 131
1740002158545 4.989711878779658 132
1740002158565 4.459424185784691 133
1740002158584 4.339384129958153 134
1740002158604 4.8317162584470905 135
1740002158623 4.839587972948786 136
1740002158644 5.120973014714027 137
1740002158663 4.765955478818456 138
1740002158682 5.224806691990812 139
1740002158701 4.8025517903646815 140
1740002158720 5.009182299064942 141
1740002158739 4.615424075814359 142
1740002158759 4.761767588441513 143
1740002158782 5.195592691266966 144
1740002158855 4.376845666756171 145
1740002158876 5.0149800528283075 146
1740002158895 4.541498324854236 147
1740002158915 4.614817666237391 148
1740002158934 4.4193088691745945 149
1740002158954 4.72291141749442 150
1740002158974 4.63284681277615 151
1740002158993 4.980869967167401 152
1740002159012 5.267325880485454 153
1740002159031 4.631806146930493 154
1740002159051 4.665471475509317 155
1740002159070 4.611862793517802 156
1740002159091 4.946170925876815 157
1740002159114 4.980987127114065 158
1740002159134 4.852302486509159 159
1740002159153 4.748539011575306 160
1740002159173 5.219156602749891 161
1740002159192 4.75847227700477 162
1740002159211 4.933071565659492 163
1740002159231 4.793530039690654 164
1740002159251 4.397323365642139 165
