1739971597609 6.567028438438416 0
1739971597636 5.313932798446226 1
1739971597661 4.929352122721619 2
1739971597688 4.54350924731229 3
1739971597719 4.232955615146186 4
1739971597754 3.973158189766211 5
1739971597789 3.7544326301567117 6
1739971597823 3.5692863310067646 7
1739971597855 3.4103082447610533 8
1739971597881 3.2726837959243227 9
1739971597908 3.1520592589475647 10
1739971597935 3.046000174960187 11
1739971597960 2.9515915248826254 12
1739971597985 2.866926172123541 13
1739971598008 2.790362146529269 14
1739971598031 2.720642803190484 15
1739971598053 2.6573070452280425 16
1739971598078 2.5993720822164823 17
1739971598102 2.5458660427930155 18
1739971598126 2.4960003375711564 19
1739971598149 2.4498735816702477 20
1739971598173 2.406797188812576 21
1739971598197 2.3662719910902905 22
1739971598222 2.327626020599172 23
1739971598247 2.2919146733376334 24
1739971598272 2.25814185352073 25
1739971598297 2.2260532998639593 26
1739971598321 2.1947811055794273 27
1739971598344 2.1658929656826906 28
1739971598366 2.138054734213189 29
1739971598389 2.112259825426829 30
1739971598412 2.0866432027315147 31
1739971598435 2.0621301118451765 32
1739971598458 2.0388294403010057 33
1739971598482 2.0160612602761883 34
1739971598509 1.9943549240036293 35
1739971598535 1.9736202410141588 36
1739971598562 1.9528673328165491 37
1739971598588 1.9327660990778401 38
1739971598621 1.9135862852379881 39
1739971598672 1.8949144663330522 40
1739971598703 1.8769480591752012 41
1739971598734 1.859585864846155 42
1739971598766 1.841595057948754 43
1739971598798 1.8256998917966645 44
1739971598842 1.8093141969536028 45
1739971598869 1.7935097334749561 46
1739971598895 1.7774735466776521 47
1739971598922 1.7621142264838718 48
1739971598950 1.7472750588588133 49
1739971598976 1.7329119306996048 50
1739971599003 1.7192231989081572 51
1739971599028 1.7049660446853265 52
1739971599052 1.691225115112442 53
1739971599075 1.6776585401220026 54
1739971599098 1.6652459039573566 55
1739971599122 1.651847164937507 56
1739971599145 1.6393660132319794 57
1739971599168 1.6276348445718907 58
1739971599191 1.6147866286293862 59
1739971599216 1.602580923774871 60
1739971599239 1.5916126619233 61
1739971599262 1.5798465836296032 62
1739971599285 1.5686757278799868 63
1739971599309 1.5573097638046414 64
1739971599336 1.5464298426766856 65
1739971599363 1.5357197016530737 66
1739971599390 1.5248387959321221 67
1739971599420 1.514745307661995 68
1739971599451 1.5044339927399377 69
1739971599480 1.4942544337878094 70
1739971599510 1.4841616206948882 71
1739971599536 1.474550155437374 72
1739971599559 1.4646885678182782 73
1739971599584 1.4552087181950653 74
1739971599611 1.4455109763005174 75
1739971599637 1.4367068532478668 76
1739971599664 1.4272428032447815 77
1739971599691 1.418564895575685 78
1739971599718 1.4097334905649292 79
1739971599742 1.4011448903452548 80
1739971599765 1.3922441296768535 81
1739971599788 1.3834929358851584 82
1739971599811 1.3753780259848223 83
1739971599834 1.3672783122021255 84
1739971599858 1.3590799802144393 85
1739971599882 1.3511841892012353 86
1739971599904 1.343673200750235 87
1739971599927 1.3350850083450887 88
1739971599950 1.3277000158651306 89
1739971599973 1.3205441993557667 90
1739971599994 1.312650095408335 91
1739971600015 1.3060853752501107 92
1739971600038 1.2980928728057441 93
1739971600062 1.2909484682287773 94
1739971600085 1.2843955316689055 95
1739971600109 1.2770880746926938 96
1739971600133 1.2702282904096938 97
1739971600158 1.263320867619526 98
1739971600185 1.2566977354030668 99
1739971600211 1.2501381215198641 100
1739971600243 1.243342535639277 101
1739971600273 1.2367520313636404 102
1739971600303 1.2304096696866553 103
1739971600333 1.223761654959545 104
1739971600356 1.2179921070469641 105
1739971600379 1.2117017952753195 106
1739971600402 1.205047382319772 107
1739971600426 1.199252984291247 108
1739971600450 1.1929898105092962 109
1739971600473 1.1866554162197407 110
1739971600496 1.1813425352200415 111
1739971600519 1.175390424854993 112
1739971600542 1.169581628958996 113
1739971600566 1.1633448633850312 114
1739971600590 1.1580709971055365 115
1739971600615 1.151973911292355 116
1739971600638 1.1463956217477818 117
1739971600661 1.1410094708894452 118
1739971600686 1.1355976807355075 119
1739971600708 1.1300592775347629 120
1739971600732 1.1248416406710309 121
1739971600755 1.1187217832505203 122
1739971600778 1.1137573300834833 123
1739971600801 1.1085444885382016 124
1739971600823 1.103503768077906 125
1739971600846 1.0980392193874478 126
1739971600869 1.0930041866466622 127
1739971600889 1.0880738910837902 128
1739971600910 1.0829383238018606 129
1739971600932 1.0777127176130405 130
1739971600956 1.0726022649178137 131
1739971600979 1.0680231304810477 132
1739971601001 1.062889226394018 133
1739971601022 1.058316859287833 134
1739971601044 1.0532897647858264 135
1739971601066 1.0482011187205602 136
1739971601090 1.0436384403192067 137
1739971601112 1.0385865582812943 138
1739971601139 1.034358107833612 139
1739971601163 1.0296679039747099 140
1739971601185 1.0246301184015338 141
1739971601207 1.0206290897862138 142
1739971601231 1.0157857968206907 143
1739971601255 1.0115840634113615 144
1739971601278 1.0064595454050955 145
1739971601300 1.0021105062775704 146
1739971601322 0.9977917154864941 147
1739971601348 0.9936437128518352 148
1739971601371 0.9894562907177199 149
1739971601395 0.9849145315469856 150
1739971601417 0.9804013725474919 151
1739971601439 0.9763888059898237 152
1739971601462 0.9721507763765743 153
1739971601485 0.9678695282037213 154
1739971601507 0.9641549648264199 155
1739971601528 0.9595152583944164 156
1739971601549 0.9554659620327906 157
1739971601571 0.9521673474796993 158
1739971601591 0.9469682431754934 159
1739971601616 0.9433963484974585 160
1739971601640 0.9395491247233928 161
1739971601662 0.9355058772053478 162
1739971601684 0.931634992463557 163
1739971601706 0.9277754737611423 164
1739971601728 0.9238720198045884 165
1739971601751 0.9202839441037828 166
1739971601772 0.9162086599751441 167
1739971601794 0.912389155822852 168
1739971601815 0.9088541616169188 169
1739971601838 0.9048900682453298 170
1739971601861 0.9014497958597152 171
1739971601883 0.897505068439086 172
1739971601906 0.8936095449945308 173
1739971601927 0.8902040708414578 174
1739971601948 0.8866422720781034 175
1739971601972 0.8829642778380081 176
1739971601993 0.8795681882998032 177
1739971602014 0.875817706425827 178
1739971602037 0.87240196261869 179
1739971602060 0.8688711795723959 180
1739971602084 0.8652071586761058 181
1739971602107 0.8618676853632249 182
1739971602130 0.8586783960642305 183
1739971602153 0.855163908516475 184
1739971602176 0.8518886856759084 185
1739971602197 0.8481121465383006 186
1739971602219 0.8450508304606711 187
1739971602241 0.8414774748037402 188
1739971602264 0.83835836771042 189
1739971602286 0.835296787098948 190
1739971602307 0.8315175935874172 191
1739971602328 0.8290861194515599 192
1739971602349 0.8244491485070872 193
1739971602372 0.821939211122527 194
1739971602395 0.8191268023441858 195
1739971602416 0.8153061683252603 196
1739971602437 0.8124202197562358 197
1739971602459 0.8089761235061581 198
1739971602483 0.8057780189343599 199
1739971602506 0.8028549803195101 200
1739971602528 0.7998538894807726 201
1739971602549 0.7964660487584111 202
1739971602572 0.7937317586780095 203
1739971602595 0.7900204511880015 204
1739971602620 0.7876059841735116 205
1739971602644 0.7843765084938485 206
1739971602668 0.7809948778448959 207
1739971602692 0.7783996308910078 208
1739971602717 0.7755152661331786 209
1739971602741 0.7723283303450182 210
1739971602764 0.7696749829737526 211
1739971602787 0.7658056543316334 212
1739971602810 0.7638568450168917 213
1739971602834 0.7608582162304048 214
1739971602858 0.7575880024070465 215
1739971602883 0.7549914507862721 216
1739971602907 0.7521912158010262 217
1739971602933 0.7489684182798293 218
1739971602958 0.7466906440850332 219
1739971602981 0.743445187834558 220
1739971603004 0.7408063920201268 221
1739971603025 0.7381199699064072 222
1739971603045 0.7356658536864491 223
1739971603068 0.7322059008777233 224
1739971603091 0.7295348944493484 225
1739971603115 0.7271019797794377 226
1739971603141 0.7244537445313305 227
1739971603164 0.7221779430621048 228
1739971603188 0.7191871379459395 229
1739971603211 0.7158752945515586 230
1739971603235 0.7138134971708955 231
1739971603260 0.7112312180911363 232
1739971603284 0.7085915743582669 233
1739971603307 0.7058369132701436 234
1739971603331 0.7036392897523551 235
1739971603355 0.7006505548242887 236
1739971603379 0.6985767550943047 237
1739971603402 0.6954036643046523 238
1739971603425 0.6930060995505668 239
1739971603447 0.6912220562927659 240
1739971603469 0.688471571575913 241
1739971603492 0.6852975017085114 242
1739971603515 0.6830700800189614 243
1739971603538 0.6807367141837971 244
1739971603560 0.6786819673022433 245
1739971603584 0.6758290144465587 246
1739971603609 0.6734602620586416 247
1739971603650 0.6708272214331674 248
1739971603676 0.6686958913479231 249
1739971603699 0.6662955276120768 250
1739971603722 0.6639335661944031 251
1739971603744 0.661544180384378 252
1739971603766 0.6589968161798426 253
1739971603790 0.6568765177174596 254
1739971603812 0.6546468579518158 255
1739971603835 0.6520262513599545 256
1739971603858 0.6502893406974514 257
1739971603881 0.6475288593538006 258
1739971603905 0.6452755981116683 259
1739971603929 0.6430545475669284 260
1739971603952 0.6410437886203184 261
1739971603974 0.6384734573913942 262
1739971603997 0.6366995552265562 263
1739971604019 0.633998527928784 264
1739971604042 0.6319660938847587 265
1739971604065 0.629548173793879 266
1739971604089 0.6277334156834428 267
1739971604114 0.6253996160724655 268
1739971604185 0.6230466685590511 269
1739971604217 0.6208067641904775 270
1739971604242 0.6189423698769287 271
1739971604266 0.6171112794258357 272
1739971604291 0.6143963704732062 273
1739971604314 0.6125232237151935 274
1739971604337 0.6105719208663447 275
1739971604360 0.6082791327178831 276
1739971604383 0.6060736627041495 277
1739971604405 0.6040795263805445 278
1739971604426 0.6023780460103583 279
1739971604447 0.6001216031472018 280
1739971604470 0.5973762118962532 281
1739971604493 0.5958167082066832 282
1739971604516 0.5938769187156095 283
1739971604538 0.5921427286939033 284
1739971604559 0.5890411705230016 285
1739971604583 0.5881028967893718 286
1739971604607 0.5855906243346768 287
1739971604630 0.5837013170490111 288
1739971604654 0.5818728768688952 289
1739971604677 0.5796033444769023 290
1739971604700 0.5780013868427628 291
1739971604723 0.5758394793948994 292
1739971604747 0.5737260318303378 293
1739971604773 0.5721590919992823 294
1739971604797 0.5701046912934863 295
1739971604823 0.5683104215072234 296
1739971604850 0.5660323586782425 297
1739971604875 0.5645534276035998 298
1739971604901 0.562337084407561 299
1739971604925 0.5606610770590095 300
1739971604948 0.5588937477078044 301
1739971604973 0.5569188767082125 302
1739971604999 0.5551723179328318 303
1739971605025 0.5527465096935323 304
1739971605051 0.5512387779504005 305
1739971605077 0.5497321954101568 306
1739971605167 0.5477652561976213 307
1739971605205 0.5459475045314337 308
1739971605233 0.5437429607136736 309
1739971605266 0.5426741060127623 310
1739971605307 0.5405055524974437 311
1739971605334 0.5388862455034871 312
1739971605362 0.5369025538871215 313
1739971605396 0.535295506989568 314
1739971605422 0.5332533760564588 315
1739971605447 0.5319171294899103 316
1739971605473 0.5302362068606157 317
1739971605504 0.5279047403209767 318
1739971605557 0.5263892754557161 319
1739971605585 0.524812599017976 320
1739971605615 0.522973188506981 321
1739971605646 0.5213309266625901 322
1739971605671 0.5194628837067871 323
1739971605692 0.5178786528210108 324
1739971605761 0.516256626216443 325
1739971605785 0.5142239100888947 326
1739971605808 0.5129908164497884 327
1739971605832 0.5109299227540782 328
1739971605854 0.5096318232384577 329
1739971605875 0.5075495973410219 330
1739971605898 0.506488115999581 331
1739971605920 0.5042338904615509 332
1739971605941 0.5030281709318298 333
1739971605961 0.5013551449258236 334
1739971605982 0.49945867293914015 335
1739971606005 0.49836102308055674 336
1739971606028 0.49622371804852927 337
1739971606051 0.4948035972443685 338
1739971606073 0.4932819364606529 339
1739971606097 0.49194646001457626 340
1739971606124 0.4903171358585793 341
1739971606153 0.48826476740381863 342
1739971606176 0.4869388525687575 343
1739971606201 0.4855075744735639 344
1739971606227 0.48406735727800765 345
1739971606252 0.4821603237131235 346
1739971606275 0.48101079427040905 347
1739971606298 0.47923919561439604 348
1739971606321 0.47764087363459556 349
1739971606344 0.476561708819733 350
1739971606367 0.47443245171554754 351
1739971606390 0.4733855403490609 352
1739971606413 0.4716247934880455 353
1739971606437 0.47045599087791096 354
1739971606464 0.4689211102016527 355
1739971606493 0.4671388304945066 356
1739971606525 0.4659755294375828 357
1739971606557 0.4645260968977782 358
1739971606589 0.4632100038370235 359
1739971606621 0.46158701989151485 360
1739971606652 0.4600058748351326 361
1739971606685 0.45882606800296233 362
1739971606715 0.4571968186063724 363
1739971606739 0.45584438255080445 364
1739971606763 0.45459146025879077 365
1739971606786 0.45302103772566943 366
1739971606809 0.45173253520850565 367
1739971606832 0.4504727719843031 368
1739971606854 0.4489037040106016 369
1739971606875 0.4474328046032651 370
1739971606900 0.4462509206858065 371
1739971606923 0.4447018719895539 372
1739971606945 0.4436088619631321 373
1739971606967 0.4419998533985387 374
1739971606989 0.44091213112156363 375
1739971607011 0.4391433913482512 376
1739971607033 0.4380973897095767 377
1739971607053 0.4369148967704761 378
1739971607074 0.4351511829418202 379
1739971607097 0.43403941452951167 380
1739971607121 0.43295241176614846 381
1739971607144 0.4315689964731956 382
1739971607167 0.4299433491486478 383
1739971607189 0.42891508190955224 384
1739971607212 0.42768227144596344 385
1739971607235 0.4260631739784731 386
1739971607258 0.42512827084946975 387
1739971607282 0.42362366996329603 388
1739971607308 0.42218447387126046 389
1739971607334 0.42138667745885205 390
1739971607361 0.4200780229567777 391
1739971607387 0.41882415252642285 392
1739971607412 0.41724586131346375 393
1739971607438 0.41628785948971553 394
1739971607464 0.41525714317250756 395
1739971607491 0.41339927441826824 396
1739971607516 0.41269583133959004 397
1739971607542 0.41128071714662645 398
1739971607565 0.4100875930554607 399
1739971607589 0.4090149131970643 400
1739971607636 0.40747393871757615 401
1739971607662 0.4066266718427144 402
1739971607685 0.40521917029096116 403
1739971607710 0.40430874814922535 404
1739971607734 0.4029713651275793 405
1739971607757 0.4013678630904549 406
1739971607780 0.40085105749918587 407
1739971607804 0.39963493228533753 408
1739971607828 0.3980140199932609 409
1739971607851 0.39718817010117824 410
1739971607874 0.3958634872283556 411
1739971607897 0.3947484081868245 412
1739971607920 0.39377870714406565 413
1739971607943 0.39251135665533093 414
1739971607963 0.3911861593754278 415
1739971607984 0.39031467789174085 416
1739971608005 0.3893720785732207 417
1739971608025 0.38771258078230497 418
1739971608046 0.3870081874194719 419
1739971608068 0.3860611841921003 420
1739971608090 0.3848479649901608 421
1739971608114 0.3833058810822162 422
1739971608137 0.3827740339275207 423
1739971608159 0.38139610361714876 424
1739971608182 0.3803054699979523 425
1739971608206 0.3792193344858483 426
1739971608231 0.3781526209823409 427
1739971608256 0.37721354213276004 428
1739971608280 0.3759287805650575 429
1739971608304 0.37494150640176693 430
1739971608328 0.3738987762139411 431
1739971608351 0.3729553920985512 432
1739971608375 0.3718130856412493 433
1739971608398 0.37064676869845853 434
1739971608422 0.36980657557887975 435
1739971608445 0.3682729477372912 436
1739971608469 0.3675664833196573 437
1739971608493 0.36628345772865967 438
1739971608516 0.3653143116613513 439
1739971608539 0.3643153603965576 440
1739971608562 0.3634166547386349 441
1739971608585 0.36194192549238347 442
1739971608609 0.3608886580625464 443
1739971608632 0.36042799417191573 444
1739971608652 0.35926639370193414 445
1739971608674 0.3577886362772323 446
1739971608696 0.35703522242553937 447
1739971608721 0.3561528345072236 448
1739971608743 0.3548256479118494 449
1739971608765 0.35396380194407506 450
1739971608786 0.35326957342527754 451
1739971608809 0.3517016217491597 452
1739971608830 0.35073804980791246 453
1739971608851 0.3498972664575137 454
1739971608872 0.34880431376022053 455
1739971608896 0.34788574529844085 456
1739971608918 0.347334064462455 457
1739971608942 0.3449986476437168 458
1739971608966 0.3450226065752438 459
1739971608991 0.34380674859356036 460
1739971609020 0.342729113126097 461
1739971609046 0.34208009468307304 462
1739971609072 0.3405975369767544 463
1739971609099 0.3397318307820413 464
1739971609127 0.3390129041131943 465
1739971609150 0.33795893900392526 466
1739971609172 0.3368678721148594 467
1739971609195 0.33618297369970795 468
1739971609216 0.3349965772428912 469
1739971609239 0.33387906679923907 470
1739971609259 0.33315875853504645 471
1739971609281 0.3324221878709008 472
1739971609303 0.33107466324495594 473
1739971609326 0.3302930019572753 474
1739971609348 0.3295987634721489 475
1739971609369 0.32835907167378686 476
1739971609391 0.32725326746007016 477
1739971609411 0.32647097523692187 478
1739971609435 0.3258357058194899 479
1739971609460 0.324641385294831 480
1739971609485 0.3240111411359708 481
1739971609508 0.3228864775381179 482
1739971609532 0.32183560358451757 483
1739971609557 0.32103543815544466 484
1739971609581 0.3202883202025771 485
1739971609606 0.3195251720429076 486
1739971609629 0.318152612895972 487
1739971609653 0.3174519526577794 488
1739971609675 0.31656041144754127 489
1739971609697 0.3158982241991329 490
1739971609720 0.3148274224562019 491
1739971609742 0.3137552863120391 492
1739971609763 0.31306484570375764 493
1739971609784 0.3121819230326717 494
1739971609806 0.31114003394474904 495
1739971609829 0.3108779617472471 496
1739971609851 0.30959820822538475 497
1739971609872 0.3088156857723362 498
1739971609893 0.30789481715683326 499
