1739984284804 6.171437776049431 0
1739984284891 6.560495092725105 1
1739984284977 6.698808538574689 2
1739984285064 6.783532052294743 3
1739984285207 6.423931784355226 4
1739984285305 6.714130251292152 5
1739984285388 6.559055578208888 6
1739984285476 6.660799766850828 7
1739984285571 6.426191294888976 8
1739984285684 6.776508945906797 9
1739984285827 6.535611937095726 10
1739984285969 6.716868336066276 11
1739984286141 6.4315710581478065 12
1739984286226 7.012397356068646 13
1739984286311 6.44181588638232 14
1739984286395 6.871564578076724 15
1739984286486 6.6313512769339455 16
1739984286580 7.043761688837987 17
1739984286665 6.2145516244778936 18
1739984286751 6.506259054059868 19
1739984286834 6.823950658328218 20
1739984286923 6.442237798710112 21
1739984287018 6.400778183198608 22
1739984287115 6.668596555177358 23
