1740010805521 178.4698954687834 0
1740010805557 160.87623470028626 1
1740010805583 145.98532669357465 2
1740010805611 128.5617310543117 3
1740010805635 117.76202969354799 4
1740010805662 118.00753061835866 5
1740010805691 99.70485384778779 6
1740010805718 94.35567898502741 7
1740010805744 86.67272933863283 8
1740010805769 78.89418559807292 9
1740010805798 71.85519071000535 10
1740010805829 67.49260880934933 11
1740010805858 60.64226960090845 12
1740010805882 57.02158885316033 13
1740010805910 50.66057004932331 14
1740010805937 46.42008662163564 15
1740010805966 42.60222658470662 16
1740010805993 38.457326246421445 17
1740010806019 34.59575996746352 18
1740010806046 32.49009963110536 19
1740010806071 30.170259189104414 20
1740010806099 27.98548670086341 21
1740010806126 25.84518691284511 22
1740010806151 24.398144659635697 23
1740010806175 21.297077653562248 24
1740010806201 20.276168501376404 25
1740010806230 19.196941767653623 26
1740010806256 17.593068863826282 27
1740010806280 15.704738910215175 28
1740010806304 15.046327826652714 29
1740010806330 13.101071783799465 30
1740010806359 11.611352810437905 31
1740010806385 10.779198043911599 32
1740010806409 10.698886987947528 33
1740010806433 10.57231754856772 34
1740010806461 9.459123919995559 35
1740010806490 9.473655833403928 36
1740010806517 8.19100555828764 37
1740010806541 7.954256800325319 38
1740010806566 7.1042098015271495 39
1740010806593 6.68264378072469 40
1740010806621 6.115076377496472 41
1740010806646 5.4115441667305015 42
1740010806671 5.4203534036543575 43
1740010806695 5.241331938373398 44
1740010806722 4.922240754774989 45
1740010806755 4.100284269242224 46
1740010806783 4.317849114438192 47
1740010806812 3.8202374234050063 48
1740010806837 3.6504784517252453 49
1740010806864 3.482093291927787 50
1740010806893 3.124768159442486 51
1740010806919 3.0684363692073804 52
1740010806944 2.5490394043161095 53
1740010806968 2.938009172492494 54
1740010806995 2.725054714948827 55
1740010807024 2.5801751509284907 56
1740010807073 2.6328556760001525 57
1740010807107 2.2348292922993 58
1740010807153 2.0906260743578113 59
1740010807182 2.080630667397883 60
1740010807219 1.8184024804639 61
1740010807260 1.9318925521327102 62
1740010807292 1.712543907092215 63
1740010807324 1.7346766461751504 64
1740010807355 1.728139245603305 65
1740010807390 1.542877851604152 66
1740010807423 1.716499044981392 67
1740010807456 1.322422687875572 68
1740010807491 1.3015300591806462 69
1740010807522 1.2656319268101988 70
1740010807548 1.2332188644085422 71
1740010807575 1.1972864113649357 72
1740010807602 1.165031330202846 73
1740010807634 1.1586484879068994 74
1740010807666 1.1790217946120112 75
1740010807694 1.0850936671912783 76
1740010807720 1.1021767288589241 77
1740010807747 1.2901559725495486 78
1740010807779 1.1095863284561267 79
1740010807809 1.0611493092528552 80
1740010807835 0.9652614627513579 81
1740010807862 1.1295003363247216 82
1740010807891 0.9932412432606607 83
1740010807921 0.8383154860604626 84
1740010807952 0.9882939600048939 85
1740010807982 0.8634463193272102 86
1740010808008 0.7777873131123452 87
1740010808035 0.7382259288010266 88
1740010808101 0.675631694071047 89
1740010808129 0.7499115001804942 90
1740010808162 0.7995131475414559 91
1740010808192 0.8010942052612263 92
1740010808219 0.7577718979225924 93
1740010808244 0.7796286286444996 94
1740010808270 0.6592209725463968 95
1740010808301 0.7430080866580233 96
1740010808331 0.7766569485164333 97
1740010808357 0.8154890529522782 98
1740010808381 0.6676111107013589 99
1740010808407 0.7504565161481219 100
1740010808435 0.6064971182066089 101
1740010808467 0.8172612435225712 102
1740010808496 0.5869522699836576 103
1740010808523 0.5846976615901612 104
1740010808551 0.6692707930176094 105
1740010808578 0.6176978536802236 106
1740010808608 0.6600520568727757 107
1740010808637 0.6708356435736691 108
1740010808662 0.7040544587482293 109
1740010808687 0.7246118421375578 110
1740010808714 0.7394660755215899 111
1740010808747 0.5068016469466823 112
1740010808780 0.5288370170485911 113
1740010808808 0.6247937184606058 114
1740010808839 0.639821021369121 115
1740010808867 0.7634597305954878 116
1740010808898 0.6366723393115182 117
1740010808925 0.5956380183379154 118
1740010808952 0.6274612806709262 119
1740010808978 0.7315028580948316 120
1740010809006 0.7568694230931199 121
1740010809042 0.6784730075853128 122
1740010809070 0.6482075764566734 123
1740010809098 0.5043274454575251 124
1740010809124 0.6029652038505636 125
1740010809150 0.6171476361639497 126
1740010809178 0.49261275115426245 127
1740010809207 0.6087850497462994 128
1740010809232 0.5275365843622605 129
1740010809259 0.5480455734613423 130
1740010809285 0.6148328889173595 131
1740010809317 0.6130194776702891 132
1740010809346 0.6552839595128057 133
1740010809371 0.5386725726889872 134
1740010809398 0.6805274966719351 135
1740010809426 0.7622528824901235 136
1740010809457 0.4942540835176302 137
1740010809484 0.5234801701611871 138
1740010809511 0.4401866805605289 139
1740010809537 0.5425590792583616 140
1740010809569 0.5680907644808486 141
1740010809603 0.6480246661637623 142
1740010809631 0.7127379760634024 143
1740010809656 0.5286172904703895 144
1740010809681 0.639626589368059 145
1740010809707 0.574821838722587 146
1740010809737 0.565973870919541 147
1740010809767 0.6193970006717567 148
1740010809794 0.4772071263194864 149
1740010809821 0.5528695743931584 150
1740010809847 0.5309025295000009 151
1740010809877 0.5389314197641353 152
1740010809907 0.6483264576979546 153
1740010809935 0.48671465076955744 154
1740010809961 0.4369770473808209 155
1740010809988 0.5077542358767201 156
1740010810020 0.5633520412395016 157
1740010810056 0.52333440186806 158
1740010810093 0.6325628240655136 159
1740010810121 0.6160008925448419 160
1740010810146 0.6471602248929865 161
1740010810171 0.6762413681560532 162
1740010810201 0.6027712655898972 163
1740010810234 0.6060096990224757 164
1740010810264 0.7625766262158038 165
1740010810292 0.5379576977064846 166
1740010810319 0.6627728025951795 167
1740010810348 0.6225905248510261 168
1740010810378 0.7034278896970565 169
1740010810404 0.6199014483726604 170
1740010810430 0.5845239323469977 171
1740010810455 0.6814829336957716 172
1740010810483 0.45207723792333426 173
1740010810513 0.6046925844059892 174
1740010810542 0.5876428138686579 175
1740010810569 0.53163959131858 176
1740010810594 0.571441882664778 177
1740010810626 0.5246742888751595 178
1740010810659 0.6525530404361726 179
1740010810687 0.7293548185795558 180
1740010810714 0.6905787793452131 181
1740010810742 0.5198219130012984 182
1740010810768 0.6032548928924114 183
1740010810796 0.5109484325198476 184
1740010810828 0.7160488761513081 185
1740010810861 0.4944642817986329 186
1740010810888 0.610273379953203 187
1740010810916 0.6114900236280711 188
1740010810944 0.6664159796028399 189
1740010810975 0.5284892986124612 190
1740010811002 0.5452265207786344 191
1740010811028 0.5795702088603071 192
1740010811059 0.6831543786017101 193
1740010811091 0.42191968206110153 194
1740010811121 0.6797526925298517 195
1740010811146 0.5693379942679075 196
1740010811171 0.5984907314043437 197
1740010811197 0.5751518021483321 198
1740010811231 0.3999196080655671 199
1740010811267 0.5391666979591172 200
1740010811299 0.5470908205040261 201
1740010811324 0.5105263302767812 202
1740010811349 0.6162155309119431 203
1740010811376 0.5228548554355553 204
