1739965373519 6.601964113536155 0
1739965373540 6.528270381226767 1
1739965373558 6.560043092584752 2
1739965373579 6.558043573753591 3
1739965373599 6.572624685236877 4
1739965373618 6.570793814843597 5
1739965373637 6.557845138598382 6
1739965373655 6.614265953624183 7
1739965373673 6.542771335469771 8
1739965373693 6.533767912875126 9
1739965373713 6.559889858486148 10
1739965373734 6.551355165899613 11
1739965373753 6.5760254265177 12
1739965373771 6.559764371161286 13
1739965373790 6.589739830640376 14
1739965373810 6.565490077867879 15
1739965373830 6.571437338521941 16
1739965373848 6.551273232260427 17
1739965373868 6.54767492861645 18
1739965373887 6.578887546240869 19
1739965373907 6.579861824165404 20
1739965373928 6.5380643801507325 21
1739965373947 6.589257209657458 22
1739965373966 6.571717446239544 23
