1740011056571 70.72452232819576 0
1740011056596 30.338377709589786 1
1740011056622 13.897739258520437 2
1740011056656 6.336734553728209 3
1740011056679 3.1291709253220032 4
1740011056704 2.00275881037802 5
1740011056728 1.5517753150190219 6
1740011056756 0.9551820007678206 7
1740011056779 0.7405999132228361 8
1740011056802 0.5759826390669056 9
1740011056826 0.7473695305607079 10
1740011056858 0.6057176672848872 11
1740011056882 0.6182570030107742 12
1740011056910 0.5975279434492051 13
1740011056935 0.6802111863181909 14
1740011056964 0.5156838819968709 15
1740011056988 0.566246126543798 16
1740011057011 0.6507624521460021 17
1740011057036 0.5747938583818591 18
1740011057071 0.49810035978093775 19
1740011057094 0.5455337172464437 20
1740011057117 0.5687846276152815 21
1740011057140 0.488710589155418 22
1740011057168 0.6218130657960769 23
1740011057192 0.736422840160338 24
1740011057215 0.5599450145505228 25
1740011057239 0.5771802200642817 26
1740011057267 0.6008018916593098 27
1740011057296 0.6145410775998426 28
1740011057320 0.5908342682870824 29
1740011057343 0.5833607379418687 30
1740011057367 0.5205094079942815 31
1740011057391 0.581989920812397 32
1740011057416 0.6012134102000956 33
1740011057440 0.4583706568700994 34
1740011057465 0.47207141230121663 35
1740011057489 0.6241253945700923 36
1740011057512 0.5127870662516689 37
1740011057535 0.5517097823041403 38
1740011057560 0.4797224906532638 39
1740011057584 0.5430673557417032 40
1740011057607 0.5216561915258194 41
1740011057631 0.594660637140228 42
1740011057656 0.5044507683859462 43
1740011057679 0.48873605888391375 44
1740011057702 0.5816455004362495 45
1740011057726 0.42846928461670203 46
1740011057750 0.5935649029311124 47
1740011057774 0.5479684550068198 48
1740011057800 0.5169460867048774 49
1740011057826 0.7595926716064929 50
1740011057852 0.48348701261580734 51
1740011057875 0.5327342186075485 52
1740011057899 0.5942492597389823 53
1740011057923 0.6062172303467306 54
1740011057949 0.5998364472966556 55
1740011057973 0.5971995796384841 56
1740011057996 0.64946840038706 57
1740011058019 0.6792852839780983 58
1740011058048 0.47142098069222726 59
1740011058195 0.5620529570616826 60
1740011058224 0.4753019618800996 61
1740011058248 0.614617416799448 62
1740011058271 0.6308991163831934 63
1740011058297 0.5168947090243978 64
1740011058322 0.5853623288168915 65
1740011058345 0.5982444516764117 66
1740011058368 0.5086302949990185 67
1740011058392 0.521800283928886 68
1740011058420 0.43938989760298547 69
1740011058444 0.6077518023228273 70
1740011058471 0.6208812438811749 71
1740011058496 0.7382333712756955 72
1740011058522 0.589447497142532 73
1740011058547 0.5547518281386918 74
1740011058570 0.6650686666705651 75
1740011058594 0.5158894178155767 76
1740011058621 0.4476619214844104 77
1740011058645 0.5407193463569985 78
1740011058668 0.6490849611203662 79
1740011058691 0.5248942808621836 80
1740011058715 0.7263722766532248 81
1740011058738 0.5382158038032394 82
1740011058762 0.49902324194487124 83
1740011058786 0.5166122246352468 84
1740011058810 0.576973019735996 85
1740011058834 0.6111084061424106 86
1740011058857 0.5242448790301958 87
1740011058881 0.6465449476161592 88
1740011058905 0.5387162189412403 89
1740011058928 0.5733960273154555 90
1740011058952 0.6019956151623631 91
1740011058975 0.5756435521173316 92
