1739990327888 6.568589126048871 0
1739990327932 6.5684595069980665 1
1739990327976 6.568557489169497 2
1739990328020 6.568487661794672 3
1739990328081 6.568583874861203 4
1739990328124 6.5683777735857065 5
1739990328169 6.568329253099267 6
1739990328214 6.568408218194135 7
1739990328261 6.568505649656211 8
1739990328304 6.568437841715467 9
1739990328347 6.568533507811732 10
1739990328391 6.568612469486218 11
1739990328434 6.568424376801827 12
1739990328478 6.568355474459124 13
1739990328522 6.568452392160654 14
1739990328565 6.568531425452435 15
1739990328609 6.568479613424205 16
1739990328652 6.568559153305264 17
1739990328695 6.568654732408167 18
1739990328739 6.568301452333677 19
1739990328784 6.568397891696546 20
1739990328825 6.568477471076179 21
1739990328869 6.5684266072854784 22
1739990328912 6.568506670549016 23
1739990328954 6.568601816801674 24
1739990328997 6.568550004183497 25
1739990329040 6.5683443525742415 26
1739990329083 6.568442871495932 27
1739990329127 6.568374677189071 28
1739990329170 6.568471418732422 29
1739990329214 6.568550081007897 30
1739990329257 6.56849915274057 31
1739990329300 6.568294843881722 32
1739990329344 6.568392830791628 33
1739990329387 6.568471538270962 34
1739990329430 6.568420663609727 35
1739990329474 6.568499906960724 36
1739990329516 6.568596526823221 37
1739990329560 6.568527470784599 38
1739990329603 6.568339184044215 39
1739990329645 6.568418463800123 40
1739990329689 6.568368523683976 41
1739990329734 6.56844831495149 42
1739990329794 6.568544452626184 43
1739990329838 6.568477320755629 44
1739990329881 6.568571709240832 45
1739990329924 6.568366119204514 46
1739990329965 6.568317087856348 47
1739990330007 6.568414887559531 48
1739990330048 6.568493218143048 49
1739990330089 6.568443179301916 50
1739990330132 6.568522036556656 51
1739990330174 6.568618483099545 52
1739990330216 6.56841175884128 53
1739990330259 6.568361827984889 54
1739990330302 6.568440759102054 55
1739990330342 6.568538405494644 56
1739990330385 6.568468973432041 57
1739990330426 6.56856485563972 58
1739990330468 6.568643778487056 59
1739990330509 6.568307524150715 60
1739990330551 6.568387019647679 61
1739990330593 6.568484170476244 62
1739990330634 6.5684167361152594 63
1739990330676 6.568512125906571 64
1739990330718 6.568591605513848 65
1739990330761 6.568539243144501 66
1739990330802 6.568334058686483 67
1739990330844 6.568430781562368 68
1739990330886 6.568365196960469 69
1739990330927 6.568460161697295 70
1739990330970 6.568557695984023 71
1739990331011 6.568488844816284 72
1739990331052 6.56858461320883 73
1739990331093 6.568378338936505 74
1739990331135 6.5684770996243165 75
1739990331177 6.568407196057404 76
1739990331218 6.568504180359437 77
1739990331261 6.568582788286198 78
1739990331303 6.568530484066799 79
1739990331343 6.568325627938543 80
1739990331386 6.568423838546087 81
1739990331427 6.5683559990934555 82
1739990331495 6.568452436951264 83
1739990331563 6.568531628677718 84
1739990331604 6.568480215584964 85
1739990331646 6.568559896074615 86
1739990331687 6.568371364850156 87
1739990331729 6.568305434878992 88
1739990331770 6.568401397418787 89
1739990331825 6.568481117648042 90
1739990331883 6.568430571910987 91
1739990331925 6.568510759122589 92
1739990331966 6.5686054549480595 93
1739990332006 6.568419373570272 94
1739990332048 6.568348985468009 95
1739990332089 6.568447017029611 96
1739990332131 6.568525302652898 97
1739990332172 6.568473904785771 98
1739990332213 6.568552732696613 99
1739990332255 6.568649377880075 100
1739990332296 6.568295541458129 101
1739990332338 6.568393011636743 102
1739990332380 6.568471899819387 103
1739990332421 6.568421439105423 104
1739990332464 6.568500843683056 105
1739990332505 6.568596976314847 106
1739990332547 6.568528956822513 107
1739990332588 6.5683398480084385 108
1739990332630 6.568419280464694 109
1739990332671 6.568369729757704 110
1739990332713 6.568449656093801 111
1739990332754 6.568545344884592 112
1739990332797 6.5684791629760415 113
1739990332838 6.568573106198716 114
1739990332880 6.5683673222856855 115
1739990332921 6.56846435484415 116
1739990332962 6.568413915992276 117
1739990333004 6.56849239307965 118
1739990333045 6.568590147016495 119
1739990333086 6.568519664469562 120
1739990333127 6.568615653815457 121
1739990333168 6.568408837880336 122
1739990333210 6.568359380393884 123
1739990333254 6.5684384554062305 124
1739990333295 6.568535677073595 125
1739990333337 6.5684672617908895 126
1739990333379 6.568562722164123 127
1739990333420 6.568357300139821 128
1739990333462 6.568308734868538 129
1739990333502 6.568388358234377 130
1739990333543 6.568485082981469 131
1739990333585 6.56841856541963 132
1739990333625 6.568513532375858 133
1739990333667 6.568593126538612 134
1739990333716 6.568404385251947 135
1739990337587 6.568336707227314 136
1739990337629 6.568432968277494 137
1739990337672 6.568512614279243 138
1739990337715 6.568460729849901 139
1739990337758 6.568557793546426 140
1739990337800 6.568635948119976 141
1739990337843 6.568301026164531 142
1739990337886 6.568379764250319 143
1739990337929 6.5684780203032105 144
1739990337972 6.568409192326635 145
1739990338015 6.568505675555525 146
1739990338060 6.568584445223635 147
1739990338105 6.56853252746529 148
1739990338150 6.568327452934424 149
1739990338195 6.568425198234602 150
1739990338239 6.5683583440179145 151
1739990338283 6.56845432000606 152
1739990338327 6.568533647105653 153
1739990338371 6.568482598206428 154
1739990338415 6.568562397323168 155
1739990338459 6.568373094002244 156
1739990338503 6.568452437434982 157
1739990338547 6.568401500695708 158
1739990338592 6.568481356172988 159
1739990338635 6.568577328801952 160
1739990338678 6.568525435918652 161
1739990338724 6.568603819472156 162
1739990338768 6.568416919486009 163
1739990338812 6.568347683157724 164
1739990338855 6.568445216902293 165
1739990338899 6.568523685019659 166
1739990338943 6.568472730543845 167
1739990338988 6.568551721784917 168
1739990339032 6.5686478983857866 169
1739990339078 6.568294821782062 170
1739990339120 6.568391832653651 171
1739990339164 6.568470875257414 172
1739990339209 6.568420830680451 173
1739990339255 6.568500372348491 174
1739990339297 6.568596072966437 175
1739990339339 6.568390059690748 176
1739990339383 6.5683401175669225 177
1739990339426 6.568419711290359 178
1739990339470 6.568516657086892 179
1739990339513 6.568448546189648 180
1739990339556 6.568543735075537 181
1739990339599 6.568623294733999 182
1739990339643 6.568287046621358 183
1739990339686 6.568385619813605 184
1739990339730 6.568463765252765 185
1739990339772 6.568413763944583 186
1739990339814 6.568492461237592 187
1739990339857 6.568589650944252 188
1739990339900 6.5685203601536815 189
1739990339943 6.568333100434662 190
1739990339986 6.56841184594922 191
1739990340030 6.568362740138411 192
1739990340073 6.568442011839365 193
1739990340116 6.568538678596624 194
1739990340159 6.568471339201274 195
1739990340203 6.568566249216166 196
1739990340246 6.5683605739227575 197
1739990340290 6.568458520938367 198
1739990340333 6.568390052202876 199
1739990340376 6.568486231053049 200
1739990340418 6.568565535459702 201
1739990340462 6.5685131312604375 202
1739990340505 6.568592922065592 203
1739990340548 6.5684032781745705 204
1739990340591 6.568336764397993 205
1739990340634 6.568432488981885 206
1739990340676 6.568530755319856 207
1739990340720 6.5684610135552495 208
1739990340763 6.568557507460741 209
1739990340805 6.568635880217084 210
1739990340848 6.568300990813737 211
1739990340890 6.568379933964555 212
1739990340934 6.56847766015819 213
1739990340977 6.568409949943282 214
1739990341021 6.568505907316236 215
1739990341063 6.568584864193785 216
1739990341106 6.5683978371783125 217
1739990341150 6.568329024885912 218
1739990341193 6.56842621251289 219
1739990341237 6.568505239487346 220
1739990341280 6.5684537956647 221
1739990341322 6.568533335387036 222
1739990341365 6.568629180935929 223
1739990341408 6.5682767189768745 224
1739990341453 6.568373405269596 225
1739990341499 6.568452982829258 226
1739990341542 6.568402455682398 227
1739990341585 6.568482522814187 228
1739990341628 6.568577912979725 229
1739990341671 6.568526425538383 230
1739990341715 6.56832144413234 231
1739990341759 6.568420184953568 232
1739990341801 6.568352074510578 233
1739990341844 6.568449035536702 234
1739990341887 6.568527705455658 235
1739990341930 6.568477074293672 236
1739990341973 6.568556246746272 237
1739990342016 6.568368577907024 238
1739990342058 6.568447283047407 239
1739990342110 6.5683967419786295 240
1739990342153 6.568475988637608 241
1739990342196 6.568572843665993 242
1739990342243 6.568503890343657 243
1739990342285 6.568598990109594 244
1739990342328 6.568392728911756 245
1739990342370 6.568343151736994 246
1739990342413 6.568422941850885 247
1739990342456 6.568519329184294 248
1739990342499 6.568452310461197 249
1739990342542 6.568546945493599 250
1739990342585 6.5686266828827105 251
1739990342628 6.568290346764046 252
1739990342671 6.568388404725564 253
1739990342714 6.568466729937387 254
1739990342757 6.568417068953131 255
1739990342800 6.568495926854771 256
1739990342843 6.568592629190738 257
1739990342885 6.568670947646069 258
1739990342927 6.5683340522098685 259
1739990342970 6.5684129736881385 260
1739990343012 6.5685108916373 261
1739990343055 6.568441590015934 262
1739990343099 6.568537740498118 263
1739990343145 6.5686166696846575 264
1739990343189 6.568281556549943 265
1739990343233 6.568361047020317 266
1739990343277 6.568458446354931 267
1739990343321 6.568391135394786 268
1739990343365 6.568486770730776 269
1739990343410 6.568566260142197 270
1739990343454 6.568514257456942 271
1739990343500 6.56830977900891 272
1739990343545 6.568406729067728 273
1739990343591 6.5683412609586265 274
1739990343634 6.568436450218132 275
1739990343679 6.568534205502067 276
1739990343725 6.568465471225605 277
1739990343771 6.568561457954918 278
1739990343815 6.568355840129724 279
1739990343861 6.568454805315206 280
1739990343912 6.568385010572781 281
1739990343959 6.568482197071604 282
1739990344003 6.568560820943492 283
1739990344047 6.568508812447387 284
1739990344093 6.568587954366468 285
1739990344137 6.568399955485388 286
1739990344181 6.568332233696614 287
1739990344229 6.56842889072298 288
1739990344274 6.568508093304506 289
1739990344318 6.568457006933273 290
1739990344362 6.56853670298626 291
1739990344406 6.568632047225434 292
1739990344450 6.568280178301052 293
1739990344495 6.568376375753792 294
1739990344539 6.568456101734847 295
1739990344584 6.5684059118653115 296
1739990344628 6.56848610994933 297
1739990344673 6.5685810385354495 298
1739990344717 6.568529885300271 299
1739990344761 6.568324660029266 300
1739990344806 6.568422971524065 301
1739990344850 6.5685012342004105 302
1739990344894 6.568450154138248 303
1739990344938 6.568528966161864 304
1739990344984 6.568625886517174 305
1739990345029 6.56855591244934 306
1739990345071 6.568367476581133 307
1739990345115 6.568446339656477 308
1739990345158 6.568396227048656 309
1739990345202 6.568475613807209 310
1739990345244 6.568572032942363 311
1739990345288 6.568504059753789 312
1739990345330 6.568315946778542 313
1739990345373 6.568395360470755 314
1739990345417 6.568346127974479 315
1739990345459 6.568426042258856 316
1739990345502 6.568521993553388 317
1739990345546 6.568455857632334 318
1739990345589 6.568550060171021 319
1739990345632 6.568344936590664 320
1739990345675 6.568442212183839 321
1739990345718 6.568392057992064 322
1739990345762 6.56847052766834 323
1739990345805 6.56856851721124 324
1739990345848 6.56849807867953 325
1739990345891 6.5685943008982095 326
1739990345933 6.568388098955727 327
1739990345975 6.568338901026497 328
1739990346018 6.568417973450434 329
1739990346061 6.568515410910795 330
1739990346104 6.568447038995022 331
1739990346147 6.568542712681137 332
1739990346191 6.568621775879946 333
1739990346236 6.568286540211742 334
1739990346278 6.568366156567492 335
1739990346321 6.568463113322503 336
1739990346364 6.568396653675751 337
1739990346406 6.5684918499527996 338
1739990346449 6.568571450210816 339
1739990346491 6.568519728147707 340
1739990346533 6.56831495624943 341
1739990346576 6.568411499137332 342
1739990346618 6.568491118559266 343
1739990346661 6.568439494595594 344
1739990346704 6.568536830344863 345
1739990346749 6.5686149640388285 346
1739990346791 6.568562402943806 347
1739990346834 6.56835660104177 348
1739990346877 6.568455143823036 349
1739990346920 6.568386291615892 350
1739990346962 6.568483058519015 351
1739990347006 6.568561806686269 352
1739990347048 6.568510173806001 353
1739990347090 6.568589424207598 354
1739990347133 6.5684007350968985 355
1739990347176 6.568333876997003 356
1739990347219 6.568430147402711 357
1739990347263 6.5685094519095335 358
1739990347305 6.5684587198425834 359
1739990347348 6.568538503514046 360
1739990347391 6.568350182697159 361
1739990347434 6.568429502877891 362
1739990347477 6.568378859502245 363
1739990347521 6.56845869873357 364
1739990347564 6.568554939085498 365
1739990347610 6.5685033290964645 366
1739990347653 6.568581702015558 367
1739990347696 6.568395701927227 368
1739990347741 6.5683264673349875 369
1739990347784 6.568424242864829 370
1739990347828 6.568502699789582 371
1739990347871 6.5684520034013145 372
1739990347915 6.568530989538264 373
1739990347957 6.568627403597849 374
1739990348001 6.568274937354829 375
1739990348043 6.568372169662858 376
1739990348086 6.568451206374904 377
1739990348129 6.568401396733011 378
1739990348172 6.568480938105083 379
1739990348216 6.568576856293978 380
1739990348263 6.568509817841544 381
1739990348305 6.5683207731590585 382
1739990348348 6.568400333944454 383
1739990348391 6.568497549237192 384
1739990348434 6.568429354807331 385
1739990348478 6.56852481026986 386
1739990348520 6.56860435057446 387
1739990348565 6.568551249293456 388
1739990348607 6.568364700934229 389
1739990348651 6.568442810468979 390
1739990348694 6.568393052903808 391
1739990348738 6.568471722033582 392
1739990348782 6.568569184020657 393
1739990348825 6.568499841074397 394
1739990348869 6.5685955396890225 395
1739990348913 6.568389146680945 396
1739990348957 6.568340320726545 397
1739990349000 6.568419563171854 398
1739990349044 6.568516513979144 399
1739990349096 6.568449145377692 400
1739990349139 6.568544336217878 401
1739990349184 6.568339297035743 402
1739990349228 6.56843750726045 403
1739990349273 6.568369008398895 404
1739990349316 6.568465447667765 405
1739990349359 6.568544737086669 406
1739990349402 6.56849258192311 407
1739990349446 6.568572364171185 408
1739990349491 6.568383576220558 409
1739990349534 6.56831703761603 410
1739990349579 6.568413000713261 411
1739990349622 6.568511500068323 412
1739990349667 6.568441738205618 413
1739990349710 6.568538462649494 414
1739990349753 6.568616831061185 415
1739990349797 6.568282715406608 416
1739990349843 6.568361647524504 417
1739990349886 6.568459587290837 418
1739990349929 6.5683918613744785 419
1739990349973 6.568488030061607 420
1739990350017 6.5685669875674 421
1739990350061 6.568515645529947 422
1739990350105 6.56831091544778 423
1739990350149 6.568408367693742 424
1739990350193 6.568487362838269 425
1739990350273 6.56843609866849 426
1739990350332 6.568515613889022 427
1739990350375 6.568611717049219 428
1739990350419 6.568543047954177 429
1739990350463 6.56835361250242 430
1739990350507 6.568433157454764 431
1739990350551 6.568382850579862 432
1739990350595 6.5684628926035336 433
1739990350638 6.568558553425914 434
1739990350681 6.568507277549409 435
1739990350726 6.568585845610327 436
1739990350770 6.568398841785255 437
1739990350814 6.568330668373181 438
1739990350858 6.568427908842618 439
1739990350902 6.568506551243618 440
1739990350946 6.568456168953379 441
1739990350990 6.568535321184358 442
1739990351035 6.568631228796595 443
1739990351079 6.568424183536283 444
1739990351122 6.568373929754839 445
1739990351165 6.568453147927813 446
1739990351209 6.568550290800232 447
1739990351254 6.5684813125759876 448
1739990351298 6.568576696884136 449
1739990351341 6.5683710822796995 450
1739990351385 6.568321766983351 451
1739990351429 6.568401535636293 452
1739990351472 6.568498186820085 453
1739990351516 6.568431148462373 454
1739990351561 6.568526044336619 455
1739990351605 6.568605773967271 456
1739990351649 6.5682702999556835 457
1739990351694 6.568368596118968 458
1739990351738 6.568446905067502 459
1739990351782 6.568397473622434 460
1739990351826 6.568476321625553 461
1739990351869 6.56857325762928 462
1739990351913 6.568504919707259 463
1739990351957 6.568317579455053 464
1739990352001 6.56839646700416 465
1739990352044 6.568494634434705 466
1739990352088 6.56842520468912 467
1739990352132 6.568521602154448 468
1739990352176 6.568600509864878 469
1739990352220 6.568547778456533 470
1739990352266 6.568342479609335 471
1739990352309 6.56844014249706 472
1739990352353 6.568372731656509 473
1739990352398 6.568468627818257 474
1739990352458 6.568548095546359 475
1739990352502 6.568496280426617 476
1739990352545 6.568576221664864 477
1739990352590 6.56838650571261 478
1739990352633 6.5683209636854505 479
1739990352703 6.568416426548103 480
1739990352770 6.56851444855962 481
1739990352814 6.5684456469233155 482
1739990352858 6.568541897546043 483
1739990352901 6.568620410664822 484
1739990352945 6.568433051766398 485
1739990352989 6.568363205841233 486
1739990353033 6.568460671339223 487
1739990353076 6.568539270534932 488
1739990353120 6.568487519144173 489
1739990353164 6.568566643567374 490
1739990353207 6.568662743000657 491
1739990353250 6.568308755855352 492
1739990353294 6.568405703217181 493
1739990353338 6.568484880046859 494
1739990353382 6.5684340851571905 495
1739990353426 6.568513762811242 496
1739990353471 6.568609391434664 497
1739990353514 6.568258181560805 498
1739990353558 6.5683546449943755 499
