1739997712135 31.104040589748966 0
1739997712152 6.764801598636504 1
1739997712172 2.171256054351069 2
1739997712190 1.0481985795773643 3
1739997712208 0.6413624811911401 4
1739997712229 0.7200633392211324 5
1739997712248 0.5178942630794313 6
1739997712266 0.6441205374435036 7
1739997712283 0.5905498670819659 8
1739997712306 0.4860720811445964 9
1739997712326 0.5716789666459177 10
1739997712343 0.40791897998975785 11
1739997712361 0.6669876452401692 12
1739997712378 0.5799085572174192 13
1739997712396 0.77585860482673 14
1739997712414 0.5373506937250833 15
1739997712433 0.5526911984339619 16
1739997712451 0.47903196036831264 17
1739997712469 0.6279866753436764 18
1739997712489 0.5380925055888302 19
1739997712507 0.5113305028439563 20
1739997712527 0.5901096423294058 21
1739997712546 0.564547941757823 22
1739997712564 0.4573971784719188 23
1739997712585 0.6420000859905896 24
1739997712604 0.580120212815454 25
1739997712623 0.5646614401422849 26
1739997712641 0.545280447035679 27
1739997712658 0.4919113418814775 28
1739997712677 0.5666589894889218 29
1739997712694 0.6377441257312861 30
1739997712712 0.6559390418138205 31
1739997712731 0.5147522483699654 32
1739997712749 0.4962747173252205 33
1739997712766 0.6157907196745437 34
1739997712784 0.7647381590926113 35
1739997712801 0.5003243822365038 36
1739997712820 0.4225826552967743 37
1739997712838 0.505632141261517 38
1739997712855 0.5568980417972764 39
1739997712873 0.5576981253138251 40
1739997712890 0.5086830134148023 41
1739997712908 0.620167937384835 42
1739997712927 0.6203389201673996 43
1739997712945 0.6008962197605517 44
1739997712962 0.5392301138255482 45
1739997712980 0.6514632999836206 46
1739997712997 0.6107802856594902 47
1739997713017 0.6757227729811498 48
1739997713036 0.5145479449235849 49
1739997713053 0.5278811041874233 50
1739997713071 0.6267063904932398 51
1739997713088 0.504343848664384 52
1739997713106 0.6385794252422211 53
1739997713125 0.5673295368153901 54
1739997713142 0.5277363565549147 55
1739997713160 0.5564668677368063 56
1739997713178 0.7133851912385072 57
1739997713196 0.6002713801665873 58
1739997713214 0.5778861906304359 59
1739997713237 0.6160895087300277 60
1739997713256 0.5556743316102242 61
1739997713273 0.5773609740744143 62
1739997713292 0.41415105219262116 63
1739997713313 0.5862287726812595 64
1739997713333 0.5432522029145234 65
1739997713372 0.5913417884003542 66
1739997713391 0.5209626417575275 67
1739997713409 0.5418358698015876 68
1739997713427 0.6757812053652922 69
1739997713446 0.5595997016392659 70
1739997713464 0.5694443263383729 71
1739997713482 0.5461220679524124 72
1739997713500 0.680891441064106 73
1739997713517 0.5863178729575895 74
1739997713535 0.701286933729669 75
1739997713553 0.5578126099262941 76
1739997713570 0.5736290739629426 77
1739997713588 0.5091230853441113 78
1739997713605 0.7153580778312411 79
1739997713623 0.5420836580328802 80
1739997713641 0.5498269865947878 81
1739997713659 0.5829470768895819 82
1739997713676 0.482762538510856 83
1739997713694 0.5521508813803503 84
1739997713711 0.5706947553839411 85
1739997713731 0.5888698634939806 86
1739997713749 0.6073267205754214 87
1739997713767 0.5423826693729953 88
1739997713785 0.5791197670606275 89
1739997713803 0.6412435086673346 90
1739997713820 0.4129702856064057 91
1739997713839 0.7099277973892018 92
1739997713857 0.47228046781460525 93
1739997713874 0.5922860094756519 94
1739997713892 0.6100849353758134 95
1739997713909 0.5100463806095351 96
1739997713928 0.5550921624455913 97
1739997713947 0.5922170128725341 98
1739997713964 0.6397461386539498 99
1739997713982 0.5173243653747426 100
1739997714000 0.5604470805042745 101
1739997714017 0.5776587126891537 102
1739997714035 0.47245317356350475 103
1739997714054 0.553129667650282 104
1739997714072 0.5318774306387887 105
1739997714090 0.5362290561025329 106
1739997714108 0.6212964178710402 107
1739997714125 0.6709023959075172 108
1739997714143 0.5235945383012982 109
1739997714161 0.5912531103693366 110
1739997714179 0.5528762671398482 111
1739997714197 0.533108428033363 112
1739997714215 0.5643840178106346 113
1739997714237 0.5617743751168995 114
1739997714256 0.5659084088254411 115
1739997714274 0.5816890307407822 116
1739997714292 0.638115914560886 117
1739997714312 0.5463931381497049 118
1739997714330 0.48439263945886213 119
1739997714348 0.5964183501245256 120
1739997714366 0.503827536560438 121
1739997714383 0.6959034697347646 122
1739997714401 0.6249982033770886 123
1739997714418 0.5778947591027604 124
1739997714437 0.5948644801721217 125
1739997714454 0.4867605263300112 126
1739997714474 0.5348808884008833 127
1739997714491 0.5233064327666521 128
1739997714508 0.46756824009982284 129
1739997714527 0.6019082408302802 130
1739997714545 0.5021725942832423 131
1739997714562 0.5130153782957333 132
1739997714580 0.4761651295696311 133
1739997714597 0.4995556557885247 134
1739997714615 0.5801801895811207 135
1739997714633 0.5425354312251192 136
1739997714651 0.6457928146004519 137
1739997714668 0.6642984649160534 138
1739997714686 0.5786027084584856 139
1739997714704 0.4140980529222936 140
1739997714722 0.6537861467254182 141
1739997714740 0.6332993866306745 142
1739997714758 0.511710494867241 143
1739997714776 0.6693655834342154 144
1739997714793 0.6063898461587901 145
1739997714812 0.5454612811237423 146
1739997714831 0.5834142106433889 147
1739997714849 0.549453012036828 148
1739997714866 0.5236051364590082 149
1739997714884 0.4717937799619421 150
1739997714901 0.6079532534100077 151
1739997714919 0.588669067615383 152
1739997714937 0.5808638610298075 153
1739997714955 0.6296761677722087 154
1739997714972 0.6679679999788269 155
1739997714990 0.48601704137475266 156
1739997715008 0.5093176889246082 157
1739997715026 0.45427822806301255 158
1739997715045 0.4697877897658688 159
1739997715063 0.5125387205123573 160
1739997715081 0.6899167744911185 161
1739997715098 0.47524509891533173 162
1739997715116 0.4633710676014087 163
1739997715134 0.6372876165908319 164
1739997715153 0.5786795687222894 165
1739997715171 0.44926196535296814 166
1739997715188 0.6228870865579227 167
1739997715206 0.5372493179427233 168
1739997715224 0.6066894461600281 169
1739997715242 0.7103097052413239 170
1739997715262 0.6045101395196112 171
1739997715282 0.5193529813195878 172
1739997715300 0.5972788859097885 173
1739997715322 0.5176752242769896 174
1739997715340 0.4948496082982101 175
1739997715358 0.5090446162685047 176
1739997715376 0.6335995829557999 177
1739997715393 0.6920554484947437 178
1739997715411 0.6266562452109956 179
1739997715428 0.5032759567054408 180
1739997715446 0.5169957184695625 181
