1740014394645 151.72332058390546 0
1740014394672 142.827936442776 1
1740014394702 129.21966814442834 2
1740014394727 121.38270708036521 3
1740014394757 106.63662179671178 4
1740014394784 97.14329343797296 5
1740014394810 93.93625720769172 6
1740014394835 85.95190363064415 7
1740014394864 78.65311987462344 8
1740014394890 71.33716994269055 9
1740014394915 68.5590418547 10
1740014394947 62.14730864802172 11
1740014394975 55.910342339200625 12
1740014395003 53.74056626357606 13
1740014395030 48.322026145103536 14
1740014395058 46.63948052567129 15
1740014395085 41.955491800856976 16
1740014395112 38.99397011534957 17
1740014395139 36.54304771300727 18
1740014395165 33.996944959849166 19
1740014395191 32.89129085239092 20
1740014395219 30.026122361856803 21
1740014395251 27.978200130848084 22
1740014395276 24.75994111770318 23
1740014395304 24.142506349664902 24
1740014395331 23.47791051982747 25
1740014395357 22.06592030017591 26
1740014395382 21.59284558860173 27
1740014395413 20.999207998806753 28
1740014395440 19.12940793242837 29
1740014395465 17.95073628433364 30
1740014395492 16.644711962103344 31
1740014395524 16.138290293536397 32
1740014395550 15.526402421970984 33
1740014395575 14.625243227874488 34
1740014395604 14.789284674158862 35
1740014395629 12.624681979715062 36
1740014395654 12.76229635683426 37
1740014395680 12.34532089243627 38
1740014395707 10.977890189674923 39
1740014395732 11.498331758773158 40
1740014395758 10.661099089347854 41
1740014395789 10.34930381958033 42
1740014395814 10.167500215870193 43
1740014395839 9.5168226083049 44
1740014395870 9.62742999929536 45
1740014395900 9.739400890122347 46
1740014395926 8.88830579302412 47
1740014395955 8.737448181961144 48
1740014395983 8.664717754219438 49
1740014396009 8.04352195521135 50
1740014396034 8.122114249540372 51
1740014396064 7.588462646854579 52
1740014396095 7.5650343404585305 53
1740014396123 7.9749874998372965 54
1740014396171 7.590817100885039 55
1740014396197 7.532139901276659 56
1740014396223 7.294421532736297 57
1740014396251 7.028753579877351 58
1740014396279 6.8113715856818215 59
1740014396305 7.07100792031222 60
1740014396330 6.235793492527848 61
1740014396363 6.417162564550833 62
1740014396387 6.142307990191931 63
1740014396413 6.121336788454103 64
1740014396439 6.627271796811873 65
1740014396466 6.279723018371893 66
1740014396492 6.385183586031955 67
1740014396517 5.709922917605186 68
1740014396545 5.6216464672016295 69
1740014396570 6.0785749703001795 70
1740014396596 5.802432037593624 71
1740014396626 5.418203162093681 72
1740014396653 5.901966651636877 73
1740014396680 5.87552657822026 74
1740014396708 5.566835112484189 75
1740014396737 5.817003469097849 76
1740014396762 5.555163463667063 77
1740014396788 5.620245244191509 78
1740014396816 5.388732922414525 79
1740014396842 5.2888411512133855 80
1740014396868 4.923511170356588 81
1740014396895 5.807111016213245 82
1740014396921 4.928181817883863 83
1740014396946 5.33454685078249 84
1740014396971 5.480201921897842 85
1740014397000 5.168289295077518 86
1740014397025 5.187854231063674 87
1740014397051 5.134707142695508 88
1740014397081 5.016151907154917 89
1740014397110 5.344607482410485 90
1740014397138 5.015302450544192 91
1740014397171 5.534112505677079 92
1740014397212 4.862373475304605 93
1740014397239 4.824434737133531 94
1740014397267 4.829590796229491 95
1740014397304 4.7966056348582775 96
1740014397330 4.616972906287717 97
1740014397356 5.1589817680338275 98
1740014397381 4.597743753996194 99
1740014397408 4.83391421387535 100
1740014397433 4.633659895117974 101
1740014397460 5.197971849580115 102
1740014397486 5.622384126743352 103
1740014397512 5.301233994307105 104
1740014397537 4.776174015003931 105
1740014397567 5.2627104386489 106
1740014397593 4.866844143986314 107
1740014397618 5.471457433211314 108
1740014397644 4.734193671612013 109
1740014397672 4.756709953423937 110
1740014397697 4.4404398435924195 111
1740014397723 4.974351843048146 112
1740014397750 5.191325222074786 113
1740014397775 4.898255291854784 114
1740014397802 4.965714199692507 115
1740014397829 4.443016745803134 116
1740014397857 4.384715170299597 117
1740014397882 4.709743219063562 118
1740014397908 5.48802073903238 119
1740014397938 4.894605948928743 120
1740014397964 4.554726438066784 121
1740014397989 5.110305406731474 122
1740014398016 5.136474479997262 123
1740014398043 5.038331836161889 124
1740014398068 4.9130021093976435 125
1740014398097 4.787070976806983 126
1740014398123 5.069827610272516 127
1740014398149 4.9595928849180275 128
1740014398174 4.77091869740211 129
1740014398204 4.778203017588153 130
1740014398230 4.587997555348251 131
1740014398257 4.446138724076969 132
1740014398285 4.738890459265743 133
1740014398315 4.838764340601404 134
1740014398341 4.633983092985554 135
1740014398367 4.784128425133056 136
1740014398395 4.662181325193561 137
1740014398422 4.801378440702677 138
1740014398448 4.837379621903663 139
1740014398473 4.973022171176236 140
1740014398502 4.637059539558995 141
1740014398528 4.710044894149989 142
1740014398555 4.6605837749108545 143
1740014398581 5.08246845766024 144
1740014398607 5.043911431133261 145
1740014398632 5.0166403634530345 146
1740014398661 5.106811128739816 147
1740014398687 4.942861488631019 148
1740014398713 4.781842852210821 149
1740014398740 4.7901403608061806 150
1740014398771 4.8682344066191625 151
1740014398797 5.163471477721798 152
1740014398822 5.057760308184427 153
1740014398851 4.951427460587617 154
1740014398876 4.534877259135871 155
1740014398902 4.8374055976396635 156
1740014398927 4.456555450228474 157
1740014398954 4.982366168791423 158
1740014398979 4.8904003367395354 159
1740014399007 5.178314577824814 160
1740014399032 4.904048433021199 161
1740014399059 4.827575771978608 162
1740014399086 4.8984238121810275 163
1740014399116 4.576126154422494 164
1740014399142 4.545199559472188 165
1740014399167 5.149341456295569 166
1740014399195 4.549054316398182 167
1740014399223 4.544756024356453 168
1740014399250 4.906016706725739 169
1740014399276 5.010020968295236 170
1740014399314 4.848223607796948 171
1740014399341 4.6999356494297695 172
1740014399367 4.682861736949899 173
1740014399393 4.604325297324991 174
1740014399418 5.051726928020393 175
1740014399444 4.7010151071933315 176
