1739995906348 168.7980120451159 0
1739995906367 165.57946516443687 1
1739995906390 163.94497238755906 2
1739995906410 162.31896122089069 3
1739995906432 160.70913044064923 4
1739995906454 159.11528043512615 5
1739995906471 157.53725270657702 6
1739995906493 155.97489013596467 7
1739995906512 154.4280371660767 8
1739995906532 152.8965397850164 9
1739995906551 151.3802455108481 10
1739995906568 149.87900337639087 11
1739995906587 148.39266391416248 12
1739995906605 146.92107914147402 13
1739995906623 145.46410254567266 14
1739995906642 144.0215890695305 15
1739995906660 142.5933950967796 16
1739995906678 141.17937843779032 17
1739995906698 139.77939831539226 18
1739995906715 138.3933153508364 19
1739995906735 137.02099154989645 20
1739995906753 135.6622902891088 21
1739995906770 134.31707630214922 22
1739995906789 132.9852156663449 23
1739995906807 131.6665757893208 24
1739995906824 130.3610253957787 25
1739995906843 129.06843451440784 26
1739995906861 127.78867446492562 27
1739995906878 126.52161784524712 28
1739995906897 125.26713851878263 29
1739995906914 124.02511160186079 30
1739995906934 122.79541345127751 31
1739995906952 121.57792165196813 32
1739995906970 120.37251500480278 33
1739995906990 119.17907351450249 34
1739995907008 117.99747837767576 35
1739995907028 116.82761197097426 36
1739995907054 115.66935783936593 37
1739995907076 114.52260068452497 38
1739995907099 113.38722635333725 39
1739995907121 112.26312182651986 40
1739995907144 111.15017520735397 41
1739995907163 110.04827571052968 42
1739995907183 108.95731365110184 43
1739995907203 107.8771804335556 44
1739995907221 106.80776854098065 45
1739995907241 105.74897152435335 46
1739995907260 104.70068399192513 47
1739995907279 103.66280159871651 48
1739995907298 102.63522103611577 49
1739995907316 101.61784002158062 50
1739995907336 100.61055728844278 51
1739995907354 99.61327257581341 52
1739995907373 98.62588661858936 53
1739995907392 97.64830113755852 54
1739995907410 96.6804188296035 55
1739995907428 95.72214335800307 56
1739995907448 94.77337934282951 57
1739995907466 93.83403235144188 58
1739995907485 92.90400888907357 59
1739995907503 91.98321638951343 60
1739995907522 91.07156320587971 61
1739995907543 90.16895860148558 62
1739995907585 89.27531274079543 63
1739995907605 88.39053668047127 64
1739995907624 87.51454236050795 65
1739995907644 86.64724259545659 66
1739995907663 85.78855106573532 67
1739995907682 84.93838230902628 68
1739995907701 84.09665171175824 69
1739995907720 83.26327550067383 70
1739995907739 82.43817073448074 71
1739995907758 81.62125529558561 72
1739995907777 80.81244788191056 73
1739995907801 80.01166799879056 74
1739995907819 79.2188359509518 75
1739995907837 78.43387283456939 76
1739995907855 77.65670052940442 77
1739995907873 76.88724169101882 78
1739995907891 76.12541974306797 79
1739995907910 75.37115886966944 80
1739995907928 74.62438400784822 81
1739995907947 73.88502084005638 82
1739995907964 73.1529957867676 83
1739995907984 72.4282359991451 84
1739995908002 71.71066935178243 85
1739995908020 71.00022443551647 86
1739995908040 70.29683055031188 87
1739995908057 69.60041769821632 88
1739995908075 68.91091657638546 89
1739995908093 68.22825857017764 90
1739995908111 67.55237574631707 91
1739995908128 66.88320084612462 92
1739995908147 66.22066727881672 93
1739995908165 65.56470911486984 94
1739995908184 64.91526107945181 95
1739995908202 64.27225854591784 96
1739995908219 63.6356375293715 97
1739995908237 63.00533468028961 98
1739995908255 62.381287278210394 99
1739995908274 61.76343322548455 100
1739995908292 61.15171104108833 101
1739995908309 60.54605985449805 102
1739995908326 59.94641939962563 103
1739995908344 59.352730008814255 104
1739995908361 58.76493260689382 105
1739995908379 58.18296870529546 106
1739995908397 57.606780396224416 107
1739995908414 57.036310346891064 108
1739995908433 56.471501793799085 109
1739995908452 55.91229853709041 110
1739995908469 55.35864493494653 111
1739995908487 54.81048589804527 112
1739995908504 54.26776688407269 113
1739995908522 53.73043389228963 114
1739995908541 53.19843345815215 115
1739995908559 52.67171264798543 116
1739995908576 52.15021905371067 117
1739995908594 51.63390078762438 118
1739995908614 51.122706477229436 119
1739995908632 50.616585260117695 120
1739995908649 50.11548677890334 121
1739995908666 49.61936117620655 122
1739995908686 49.12815908968715 123
1739995908703 48.64183164712747 124
1739995908721 48.16033046156417 125
1739995908739 47.683607626468415 126
1739995908757 47.211615710973874 127
1739995908776 46.744307755152306 128
1739995908794 46.281637265335895 129
1739995908813 45.8235582094862 130
1739995908832 45.370025012609084 131
1739995908850 44.92099255221524 132
1739995908867 44.47641615382571 133
1739995908884 44.036251586522226 134
1739995908902 43.60045505854164 135
1739995908918 43.168983212914235 136
1739995908936 42.74179312314525 137
1739995908953 42.31884228893946 138
1739995908970 41.90008863196805 139
1739995908987 41.48549049167784 140
1739995909004 41.07500662114181 141
1739995909021 40.668596182951134 142
1739995909039 40.26621874514787 143
1739995909058 39.86783427719812 144
1739995909075 39.47340314600524 145
1739995909094 39.082886111962566 146
1739995909111 38.69624432504543 147
1739995909129 38.31343932094204 148
1739995909148 37.93443301722267 149
1739995909166 37.559187709547075 150
1739995909183 37.18766606790946 151
1739995909201 36.81983113292083 152
1739995909218 36.45564631212827 153
1739995909236 36.09507537637072 154
1739995909254 35.738082456171114 155
1739995909271 35.3846320381642 156
1739995909289 35.03468896155995 157
1739995909306 34.68821841464206 158
1739995909323 34.34518593130128 159
1739995909340 34.00555738760316 160
1739995909357 33.669298998389905 161
1739995909374 33.336377313915946 162
1739995909392 33.00675921651706 163
1739995909409 32.680411917312405 164
1739995909426 32.3573029529395 165
1739995909445 32.03740018232152 166
1739995909462 31.72067178346674 167
1739995909479 31.40708625029983 168
1739995909497 31.0966123895245 169
1739995909514 30.789219317517492 170
1739995909533 30.484876457253264 171
1739995909550 30.183553535259342 172
1739995909567 29.885220578601867 173
1739995909585 29.58984791190105 174
1739995909602 29.297406154376397 175
1739995909620 29.007866216921176 176
1739995909639 28.721199299205995 177
1739995909658 28.437376886811133 178
1739995909676 28.156370748387378 179
1739995909696 27.878152932845072 180
1739995909714 27.60269576657108 181
1739995909731 27.329971850673367 182
1739995909749 27.059954058253002 183
1739995909767 26.79261553170324 184
1739995909784 26.527929680035427 185
1739995909801 26.26587017623148 186
1739995909818 26.006410954622652 187
1739995909835 25.74952620829436 188
1739995909852 25.495190386516782 189
1739995909869 25.243378192200957 190
1739995909887 24.99406457938019 191
1739995909904 24.74722475071647 192
1739995909920 24.50283415503159 193
1739995909938 24.260868484862936 194
1739995909955 24.021303674043384 195
1739995909971 23.784115895305412 196
1739995909989 23.549281557908852 197
1739995910006 23.31677730529227 198
1739995910023 23.086580012747717 199
1739995910042 22.85866678511856 200
1739995910061 22.633014954520096 201
1739995910078 22.409602078082912 202
1739995910095 22.188405935718617 203
1739995910112 21.9694045279078 204
1739995910129 21.75257607350985 205
1739995910147 21.537899007594703 206
1739995910163 21.32535197929599 207
1739995910180 21.114913849685564 208
1739995910198 20.906563689669106 209
1739995910215 20.700280777902734 210
1739995910233 20.496044598730116 211
1739995910250 20.29383484014028 212
1739995910268 20.09363139174554 213
1739995910286 19.895414342779645 214
1739995910304 19.69916398011573 215
1739995910321 19.504860786303926 216
1739995910339 19.312485437628546 217
1739995910356 19.122018802184524 218
1739995910373 18.933441937972965 219
1739995910391 18.746736091015578 220
1739995910408 18.561882693487924 221
1739995910425 18.378863361871094 222
1739995910443 18.197659895121777 223
1739995910460 18.018254272860627 224
1739995910477 17.84062865357842 225
1739995910495 17.66476537286018 226
1739995910512 17.490646941626867 227
1739995910529 17.31825604439457 228
1739995910547 17.14757553755095 229
1739995910564 16.978588447648843 230
1739995910581 16.811277969716794 231
1739995910598 16.645627465586347 232
1739995910615 16.48162046223597 233
1739995910632 16.319240650151436 234
1739995910649 16.158471881702482 235
1739995910665 15.999298169535551 236
1739995910683 15.841703684982571 237
1739995910700 15.685672756485474 238
1739995910717 15.53118986803642 239
1739995910734 15.378239657633394 240
1739995910752 15.226806915751308 241
1739995910770 15.076876583828188 242
1739995910788 14.928433752766344 243
1739995910806 14.78146366144858 244
1739995910822 14.635951695269004 245
1739995910840 14.491883384678454 246
1739995910857 14.349244403744427 247
1739995910875 14.208020568725274 248
1739995910893 14.068197836658534 249
1739995910910 13.929762303963297 250
1739995910927 13.792700205056482 251
1739995910946 13.656997910982833 252
1739995910963 13.52264192805849 253
1739995910980 13.389618896528097 254
1739995910998 13.257915589235155 255
1739995911015 13.127518910305687 256
1739995911032 12.998415893844873 257
1739995911051 12.87059370264672 258
1739995911068 12.744039626916464 259
1739995911085 12.618741083005713 260
1739995911102 12.494685612160119 261
1739995911119 12.371860879279518 262
1739995911136 12.250254671690373 263
1739995911153 12.129854897930377 264
1739995911170 12.010649586545156 265
1739995911191 11.892626884896922 266
1739995911208 11.775775057984903 267
1739995911225 11.6600824872776 268
1739995911243 11.54553766955653 269
1739995911260 11.432129215771509 270
1739995911277 11.319845849907237 271
1739995911295 11.20867640786124 272
1739995911314 11.098609836332884 273
1739995911331 10.989635191723428 274
1739995911348 10.881741639047014 275
1739995911365 10.77491845085247 276
1739995911383 10.669155006155775 277
1739995911400 10.564440789383225 278
1739995911417 10.460765389325001 279
1739995911434 10.358118498099143 280
1739995911451 10.25648991012586 281
1739995911468 10.155869521111946 282
1739995911488 10.056247327045398 283
1739995911506 9.957613423199852 284
1739995911522 9.859958003149078 285
1739995911540 9.763271357791135 286
1739995911557 9.667543874382286 287
1739995911574 9.572766035580456 288
1739995911591 9.478928418498235 289
1739995911608 9.38602169376525 290
1739995911625 9.294036624599846 291
1739995911642 9.202964065890027 292
1739995911659 9.11279496328347 293
1739995911677 9.02352035228661 294
1739995911695 8.935131357372656 295
1739995911713 8.847619191098454 296
1739995911730 8.760975153230135 297
1739995911748 8.67519062987743 298
1739995911765 8.590257092636627 299
1739995911782 8.506166097741962 300
1739995911800 8.422909285225499 301
1739995911817 8.340478378085306 302
1739995911834 8.258865181461912 303
1739995911851 8.178061581822964 304
1739995911868 8.09805954615594 305
1739995911885 8.018851121168888 306
1739995911903 7.940428432499104 307
1739995911919 7.862783683929677 308
1739995911937 7.785909156613817 309
1739995911954 7.709797208306849 310
1739995911971 7.63444027260586 311
1739995911988 7.559830858196885 312
1739995912005 7.485961548109596 313
1739995912022 7.412824998979347 314
1739995912039 7.3404139403165525 315
1739995912057 7.2687211737833675 316
1739995912075 7.197739572477506 317
1739995912092 7.127462080223146 318
1739995912109 7.057881710868953 319
1739995912126 6.988991547592998 320
1739995912145 6.920784742214634 321
1739995912162 6.853254514513138 322
1739995912178 6.786394151553182 323
1739995912196 6.72019700701698 324
1739995912213 6.6546565005430365 325
1739995912231 6.589766117071514 326
1739995912249 6.52551940619604 327
1739995912267 6.461909981522 328
1739995912304 6.398931520031172 329
1739995912371 6.336577761452683 330
1739995912390 6.2748425076402015 331
1739995912407 6.213719621955321 332
1739995912424 6.15320302865706 333
1739995912442 6.093286712297409 334
1739995912459 6.03396471712292 335
1739995912476 5.975231146482202 336
1739995912494 5.917080162239277 337
1739995912511 5.859505984192844 338
1739995912528 5.8025028895012305 339
1739995912545 5.746065212113048 340
1739995912563 5.690187342203568 341
1739995912580 5.634863725616656 342
1739995912597 5.580088863312212 343
1739995912614 5.525857310819145 344
1739995912631 5.472163677693786 345
1739995912648 5.4190026269836045 346
1739995912665 5.366368874696334 347
1739995912682 5.314257189274336 348
1739995912699 5.262662391074154 349
1739995912716 5.21157935185127 350
1739995912734 5.161002994249974 351
1739995912752 5.110928291298258 352
1739995912769 5.061350265907794 353
1739995912787 5.012263990378802 354
1739995912805 4.96366458590989 355
1739995912822 4.915547222112731 356
1739995912840 4.867907116531563 357
1739995912857 4.820739534167455 358
1739995912874 4.774039787007306 359
1739995912891 4.727803233557517 360
1739995912908 4.682025278382297 361
1739995912926 4.6367013716465255 362
1739995912943 4.591827008663186 363
1739995912960 4.5473977294452865 364
1739995912977 4.503409118262206 365
1739995912995 4.459856803200459 366
1739995913012 4.41673645572884 367
1739995913029 4.374043790267844 368
1739995913047 4.33177456376339 369
1739995913066 4.289924575264771 370
1739995913083 4.248489665506799 371
1739995913100 4.20746571649608 372
1739995913117 4.166848651101416 373
1739995913135 4.126634432648246 374
1739995913152 4.086819064517158 375
1739995913169 4.047398589746322 376
1739995913186 4.008369090637949 377
1739995913203 3.9697266883685867 378
1739995913220 3.9314675426033157 379
1739995913293 3.893587851113767 380
1739995913337 3.85608384939995 381
1739995913355 3.8189518103158027 382
1739995913372 3.7821880436984876 383
1739995913390 3.745788896001347 384
1739995913407 3.70975074993051 385
1739995913424 3.6740700240851196 386
1739995913441 3.6387431726010955 387
1739995913458 3.6037666847984813 388
1739995913475 3.569137084832247 389
1739995913492 3.5348509313465795 390
1739995913512 3.5009048171326214 391
1739995913529 3.4672953687895753 392
1739995913547 3.4340192463891666 393
1739995913565 3.401073143143491 394
1739995913584 3.3684537850760985 395
1739995913602 3.3361579306963702 396
1739995913622 3.304182370677139 397
1739995913641 3.2725239275354814 398
1739995913659 3.2411794553166997 399
1739995913676 3.2101458392814237 400
1739995913695 3.1794199955958358 401
1739995913712 3.1489988710249612 402
1739995913731 3.1188794426290145 403
1739995913749 3.0890587174627218 404
1739995913767 3.0595337322776914 405
1739995913785 3.0303015532276727 406
1739995913855 3.0013592755767875 407
1739995913900 2.972704023410641 408
1739995913926 2.94433294935029 409
1739995913950 2.916243234269073 410
1739995913969 2.888432087012225 411
1739995913988 2.8608967441192945 412
1739995914006 2.8336344695493096 413
1739995914026 2.806642554408681 414
1739995914045 2.7799183166817882 415
1739995914064 2.7534591009642484 416
1739995914092 2.7272622781988254 417
1739995914116 2.7013252454139876 418
1739995914138 2.6756454254650213 419
1739995914157 2.6502202667777395 420
1739995914182 2.6250472430947402 421
1739995914213 2.6001238532241535 422
1739995914237 2.575447620790904 423
1739995914260 2.5510160939904454 424
1739995914285 2.5268268453449307 425
1739995914308 2.5028774714618045 426
1739995914330 2.479165592794776 427
1739995914355 2.455688853407197 428
1739995914379 2.432444920737771 429
1739995914406 2.409431485368572 430
1739995914429 2.3866462607953944 431
1739995914449 2.364086983200369 432
1739995914468 2.3417514112268316 433
1739995914487 2.3196373257564242 434
1739995914505 2.2977425296884264 435
1739995914527 2.276064847721265 436
1739995914547 2.254602126136179 437
1739995914566 2.2333522325830644 438
1739995914585 2.2123130558684063 439
1739995914604 2.1914825057453484 440
1739995914623 2.17085851270583 441
1739995914643 2.1504390277747865 442
1739995914664 2.130222022306389 443
1739995914706 2.110205487782324 444
1739995914727 2.0903874356120604 445
1739995914753 2.0707658969350837 446
1739995914774 2.0513389224251366 447
1739995914799 2.0321045820963635 448
1739995914822 2.0130609651113858 449
1739995914842 1.9942061795913035 450
1739995914864 1.9755383524275647 451
1739995914886 1.957055629095686 452
1739995914905 1.9387561734708596 453
1739995914924 1.9206381676453737 454
1739995914943 1.902699811747836 455
1739995914961 1.8849393237641923 456
1739995914978 1.8673549393605287 457
1739995914997 1.849944911707641 458
1739995915015 1.8327075113073334 459
1739995915035 1.8156410258204305 460
1739995915053 1.798743759896524 461
1739995915072 1.7820140350053888 462
1739995915091 1.7654501892700667 463
1739995915110 1.749050577301632 464
1739995915128 1.7328135700355751 465
1739995915147 1.7167375545698176 466
1739995915165 1.7008209340043308 467
1739995915184 1.6850621272823583 468
1739995915203 1.669459569033206 469
1739995915221 1.6540117094165778 470
1739995915240 1.6387170139684832 471
1739995915259 1.6235739634486563 472
1739995915277 1.6085810536894953 473
1739995915297 1.5937367954465067 474
1739995915317 1.5790397142502082 475
1739995915335 1.5644883502595393 476
1739995915353 1.550081258116702 477
1739995915371 1.5358170068034411 478
1739995915390 1.521694179498764 479
1739995915408 1.5077113734380698 480
1739995915426 1.4938671997736614 481
1739995915445 1.4801602834366627 482
1739995915464 1.4665892630002912 483
1739995915483 1.4531527905444972 484
1739995915502 1.4398495315219324 485
1739995915521 1.4266781646252733 486
1739995915541 1.4136373816558345 487
1739995915560 1.400725887393499 488
1739995915580 1.3879423994679438 489
1739995915600 1.3752856482311375 490
1739995915619 1.3627543766310917 491
1739995915638 1.350347340086894 492
1739995915657 1.3380633063649539 493
1739995915675 1.3259010554564807 494
1739995915695 1.3138593794562061 495
1739995915713 1.301937082442261 496
1739995915732 1.290132980357291 497
1739995915751 1.2784459008907234 498
1739995915771 1.2668746833622153 499
