1739999374058 177.45076941961918 0
1739999374075 177.43225952992339 1
1739999374091 177.4144048267151 2
1739999374112 177.39655192956874 3
1739999374128 177.3787008737474 4
1739999374144 177.36085165905683 5
1739999374161 177.34300428530477 6
1739999374177 177.32515875229902 7
1739999374193 177.3073150598473 8
1739999374209 177.28947320775748 9
1739999374226 177.2716331958373 10
1739999374246 177.25379502389458 11
1739999374263 177.2359586917373 12
1739999374279 177.2181241991732 13
1739999374295 177.20029154601025 14
1739999374311 177.18246073205634 15
1739999374326 177.16463175711945 16
1739999374342 177.14680462100745 17
1739999374364 177.12897932352843 18
1739999374380 177.1111558644903 19
1739999374397 177.09333424370112 20
1739999374415 177.0755144609689 21
1739999374431 177.05769651610174 22
1739999374447 177.03988040890772 23
1739999374464 177.02206613919492 24
1739999374480 177.00425370677138 25
1739999374496 176.98644311144537 26
1739999374512 176.96863435302498 27
1739999374529 176.9508274313184 28
1739999374545 176.93302234613387 29
1739999374560 176.91521909727956 30
1739999374576 176.89741768456372 31
1739999374594 176.87961810779458 32
1739999374613 176.8618203667805 33
1739999374632 176.84402446132972 34
1739999374648 176.8262303912506 35
1739999374664 176.8084381563514 36
1739999374681 176.79064775644062 37
1739999374698 176.7728591913265 38
1739999374714 176.7550724608175 39
1739999374730 176.7372875647221 40
1739999374746 176.71950450284862 41
1739999374761 176.70172327500566 42
1739999374777 176.6839438810016 43
1739999374793 176.66616632064495 44
1739999374809 176.6483905937443 45
1739999374824 176.63061670010813 46
1739999374840 176.61284463954505 47
1739999374856 176.59507441186358 48
1739999374872 176.57730601687234 49
1739999374889 176.55953945438 50
1739999374905 176.5417747241952 51
1739999374922 176.52401182612655 52
1739999374939 176.50625075998278 53
1739999374955 176.48849152557256 54
1739999374972 176.47073412270464 55
1739999374989 176.45297855118775 56
1739999375005 176.43522481083065 57
1739999375021 176.41747290144215 58
1739999375037 176.39972282283105 59
1739999375054 176.38197457480615 60
1739999375070 176.36422815717626 61
1739999375086 176.34648356975038 62
1739999375104 176.32874081233726 63
1739999375122 176.31099988474585 64
1739999375138 176.29326078678505 65
1739999375157 176.2755235182639 66
1739999375174 176.2577880789912 67
1739999375191 176.24005446877612 68
1739999375208 176.22232268742752 69
1739999375224 176.20459273475456 70
1739999375240 176.18686461056612 71
1739999375259 176.16913831467141 72
1739999375275 176.15141384687945 73
1739999375291 176.13369120699934 74
1739999375311 176.11597039484025 75
1739999375327 176.0982514102113 76
1739999375344 176.0805342529216 77
1739999375364 176.06281892278048 78
1739999375386 176.045105419597 79
1739999375403 176.02739374318048 80
1739999375419 176.00968389334008 81
1739999375435 175.99197586988515 82
1739999375453 175.97426967262496 83
1739999375470 175.95656530136876 84
1739999375486 175.93886275592595 85
1739999375502 175.9211620361058 86
1739999375519 175.90346314171776 87
1739999375535 175.8857660725712 88
1739999375551 175.86807082847545 89
1739999375567 175.85037740924 90
1739999375584 175.83268581467433 91
1739999375600 175.81499604458782 92
1739999375617 175.79730809879 93
1739999375633 175.77962197709044 94
1739999375652 175.76193767929857 95
1739999375670 175.744255205224 96
1739999375687 175.72657455467623 97
1739999375707 175.70889572746492 98
1739999375724 175.6912187233996 99
1739999375765 175.67354354229 100
1739999375781 175.65587018394567 101
1739999375798 175.63819864817637 102
1739999375814 175.62052893479168 103
1739999375829 175.6028610436014 104
1739999375845 175.5851949744152 105
1739999375860 175.56753072704288 106
1739999375877 175.54986830129414 107
1739999375895 175.53220769697882 108
1739999375912 175.5145489139067 109
1739999375929 175.49689195188765 110
1739999375946 175.47923681073146 111
1739999375962 175.46158349024802 112
1739999375979 175.44393199024722 113
1739999375996 175.42628231053902 114
1739999376013 175.40863445093328 115
1739999376030 175.3909884112399 116
1739999376046 175.37334419126898 117
1739999376062 175.35570179083038 118
1739999376080 175.33806120973424 119
1739999376097 175.3204224477905 120
1739999376113 175.30278550480918 121
1739999376129 175.2851503806004 122
1739999376145 175.26751707497425 123
1739999376162 175.24988558774083 124
1739999376178 175.23225591871025 125
1739999376195 175.21462806769267 126
1739999376212 175.19700203449827 127
1739999376231 175.1793778189372 128
1739999376248 175.16175542081976 129
1739999376266 175.14413483995602 130
1739999376282 175.12651607615638 131
1739999376299 175.10889912923102 132
1739999376315 175.09128399899026 133
1739999376331 175.07367068524437 134
1739999376348 175.05605918780373 135
1739999376365 175.03844950647866 136
1739999376381 175.0208416410795 137
1739999376398 175.0032355914167 138
1739999376414 174.98563135730063 139
1739999376430 174.96802893854175 140
1739999376447 174.95042833495043 141
1739999376465 174.9328295463372 142
1739999376481 174.9152325725125 143
1739999376498 174.8976374132869 144
1739999376516 174.88004406847088 145
1739999376532 174.86245253787501 146
1739999376549 174.84486282130985 147
1739999376564 174.82727491858597 148
1739999376580 174.809688829514 149
1739999376597 174.79210455390455 150
1739999376613 174.77452209156826 151
1739999376630 174.75694144231582 152
1739999376645 174.7393626059579 153
1739999376662 174.72178558230522 154
1739999376679 174.70421037116844 155
1739999376697 174.68663697235846 156
1739999376716 174.66906538568588 157
1739999376732 174.65149561096155 158
1739999376748 174.63392764799627 159
1739999376764 174.6163614966009 160
1739999376781 174.59879715658622 161
1739999376798 174.58123462776322 162
1739999376814 174.56367390994262 163
1739999376830 174.5461150029354 164
1739999376847 174.52855790655252 165
1739999376863 174.5110026206049 166
1739999376879 174.49344914490348 167
1739999376896 174.47589747925923 168
1739999376912 174.45834762348318 169
1739999376927 174.44079957738643 170
1739999376942 174.4232533407799 171
1739999376959 174.4057089134747 172
1739999376976 174.388166295282 173
1739999376991 174.37062548601276 174
1739999377008 174.3530864854782 175
1739999377025 174.33554929348938 176
1739999377041 174.31801390985754 177
1739999377057 174.30048033439385 178
1739999377073 174.2829485669095 179
1739999377090 174.2654186072157 180
1739999377107 174.24789045512375 181
1739999377124 174.2303641104448 182
1739999377139 174.21283957299025 183
1739999377156 174.19531684257137 184
1739999377174 174.1777959189994 185
1739999377190 174.16027680208583 186
1739999377205 174.1427594916419 187
1739999377222 174.12524398747905 188
1739999377240 174.10773028940866 189
1739999377257 174.09021839724213 190
1739999377274 174.07270831079092 191
1739999377290 174.05520002986657 192
1739999377307 174.03769355428042 193
1739999377323 174.02018888384407 194
1739999377339 174.00268601836902 195
1739999377355 173.98518495766675 196
1739999377371 173.9676857015489 197
1739999377389 173.95018824982708 198
1739999377410 173.93269260231276 199
1739999377430 173.91519875881767 200
1739999377446 173.89770671915338 201
1739999377463 173.8802164831316 202
1739999377480 173.86272805056396 203
1739999377496 173.84524142126222 204
1739999377512 173.827756595038 205
1739999377528 173.8102735717032 206
1739999377545 173.79279235106944 207
1739999377561 173.77531293294854 208
1739999377576 173.7578353171523 209
1739999377592 173.74035950349256 210
1739999377609 173.7228854917811 211
1739999377624 173.70541328182983 212
1739999377641 173.68794287345062 213
1739999377658 173.67047426645536 214
1739999377674 173.6530074606559 215
1739999377691 173.63554245586434 216
1739999377712 173.61807925189245 217
1739999377729 173.60061784855233 218
1739999377747 173.58315824565594 219
1739999377763 173.5657004430153 220
1739999377779 173.54824444044243 221
1739999377795 173.5307902377494 222
1739999377811 173.51333783474826 223
1739999377829 173.49588723125112 224
1739999377845 173.47843842707016 225
1739999377860 173.4609914220174 226
1739999377876 173.44354621590503 227
1739999377893 173.4261028085453 228
1739999377910 173.40866119975027 229
1739999377926 173.3912213893323 230
1739999377941 173.3737833771035 231
1739999377959 173.3563471628762 232
1739999377975 173.33891274646263 233
1739999377991 173.32148012767513 234
1739999378008 173.30404930632594 235
1739999378025 173.28662028222746 236
1739999378041 173.269193055192 237
1739999378056 173.25176762503196 238
1739999378072 173.23434399155968 239
1739999378088 173.21692215458765 240
1739999378104 173.19950211392822 241
1739999378122 173.18208386939392 242
1739999378138 173.16466742079714 243
1739999378155 173.14725276795042 244
1739999378172 173.12983991066625 245
1739999378189 173.1124288487572 246
1739999378204 173.09501958203572 247
1739999378220 173.0776121103145 248
1739999378236 173.06020643340605 249
1739999378253 173.042802551123 250
1739999378271 173.02540046327795 251
1739999378287 173.00800016968364 252
1739999378304 172.99060167015264 253
1739999378321 172.97320496449765 254
1739999378337 172.9558100525314 255
1739999378353 172.93841693406662 256
1739999378369 172.92102560891607 257
1739999378386 172.90363607689244 258
1739999378402 172.88624833780858 259
1739999378419 172.86886239147734 260
1739999378435 172.8514782377114 261
1739999378450 172.83409587632377 262
1739999378466 172.8167153071272 263
1739999378482 172.7993365299346 264
1739999378499 172.78195954455893 265
1739999378515 172.764584350813 266
1739999378531 172.74721094850992 267
1739999378546 172.72983933746244 268
1739999378562 172.7124695174837 269
1739999378578 172.69510148838665 270
1739999378594 172.67773524998435 271
1739999378611 172.66037080208977 272
1739999378627 172.64300814451602 273
1739999378644 172.62564727707618 274
1739999378660 172.6082881995833 275
1739999378677 172.5909309118506 276
1739999378695 172.57357541369115 277
1739999378711 172.55622170491807 278
1739999378728 172.53886978534464 279
1739999378745 172.52151965478396 280
1739999378761 172.5041713130493 281
1739999378780 172.48682475995395 282
1739999378798 172.46947999531105 283
1739999378815 172.45213701893394 284
1739999378831 172.43479583063595 285
1739999378849 172.41745643023032 286
1739999378867 172.40011881753048 287
1739999378884 172.38278299234966 288
1739999378902 172.36544895450132 289
1739999378919 172.34811670379887 290
1739999378935 172.3307862400557 291
1739999378954 172.3134575630852 292
1739999378970 172.2961306727009 293
1739999378985 172.27880556871622 294
1739999379001 172.26148225094468 295
1739999379019 172.2441607191998 296
1739999379036 172.22684097329505 297
1739999379052 172.20952301304408 298
1739999379068 172.19220683826035 299
1739999379085 172.17489244875753 300
1739999379104 172.15757984434921 301
1739999379122 172.14026902484903 302
1739999379140 172.1229599900706 303
1739999379161 172.10565273982766 304
1739999379178 172.08834727393383 305
1739999379195 172.07104359220287 306
1739999379215 172.0537416944485 307
1739999379233 172.03644158048436 308
1739999379251 172.01914325012442 309
1739999379269 172.0018467031823 310
1739999379285 171.98455193947186 311
1739999379302 171.96725895880698 312
1739999379319 171.94996776100137 313
1739999379335 171.93267834586908 314
1739999379350 171.91539071322384 315
1739999379366 171.89810486287962 316
1739999379382 171.8808207946503 317
1739999379397 171.86353850834993 318
1739999379413 171.84625800379234 319
1739999379433 171.82897928079163 320
1739999379454 171.8117023391617 321
1739999379471 171.79442717871666 322
1739999379487 171.7771537992705 323
1739999379504 171.75988220063726 324
1739999379520 171.74261238263108 325
1739999379536 171.72534434506602 326
1739999379552 171.70807808775623 327
1739999379567 171.69081361051582 328
1739999379584 171.67355091315895 329
1739999379599 171.65628999549986 330
1739999379615 171.6390308573526 331
1739999379632 171.62177349853158 332
1739999379649 171.6045179188509 333
1739999379667 171.58726411812486 334
1739999379683 171.57001209616774 335
1739999379702 171.55276185279388 336
1739999379718 171.53551338781747 337
1739999379735 171.51826670105297 338
1739999379752 171.50102179231462 339
1739999379767 171.48377866141686 340
1739999379784 171.46653730817414 341
1739999379803 171.4492977324008 342
1739999379820 171.4320599339113 343
1739999379838 171.41482391252003 344
1739999379856 171.39758966804152 345
1739999379875 171.3803572002903 346
1739999379893 171.3631265090808 347
1739999379911 171.34589759422758 348
1739999379929 171.32867045554516 349
1739999379968 171.31144509284817 350
1739999379985 171.29422150595119 351
1739999380001 171.2769996946688 352
1739999380018 171.2597796588156 353
1739999380034 171.2425613982063 354
1739999380052 171.22534491265552 355
1739999380069 171.20813020197795 356
1739999380085 171.19091726598833 357
1739999380104 171.17370610450135 358
1739999380121 171.1564967173318 359
1739999380137 171.13928910429436 360
1739999380153 171.12208326520388 361
1739999380171 171.10487919987517 362
1739999380186 171.08767690812303 363
1739999380202 171.0704763897623 364
1739999380218 171.05327764460782 365
1739999380235 171.0360806724745 366
1739999380251 171.01888547317728 367
1739999380267 171.001692046531 368
1739999380285 170.9845003923506 369
1739999380301 170.96731051045109 370
1739999380318 170.95012240064747 371
1739999380334 170.93293606275464 372
1739999380351 170.9157514965877 373
1739999380367 170.8985687019617 374
1739999380383 170.8813876786916 375
1739999380399 170.86420842659254 376
1739999380415 170.84703094547962 377
1739999380431 170.82985523516794 378
1739999380447 170.81268129547266 379
1739999380464 170.79550912620886 380
1739999380481 170.7783387271918 381
1739999380497 170.76117009823662 382
1739999380514 170.74400323915853 383
1739999380531 170.7268381497728 384
1739999380547 170.7099339869117 385
1739999380563 170.6929019682309 386
1739999380579 170.67587170574186 387
1739999380596 170.6588431924592 388
1739999380614 170.64181642820088 389
1739999380630 170.6247914127848 390
1739999380646 170.60776814602858 391
1739999380662 170.5907466277501 392
1739999380679 170.57372685776713 393
1739999380698 170.55670883589744 394
1739999380717 170.53969256195896 395
1739999380787 170.5226780357695 396
1739999380816 170.505665257147 397
1739999380833 170.4886542259092 398
1739999380850 170.47164494187422 399
1739999380866 170.4546374048598 400
1739999380883 170.43763161468408 401
1739999380900 170.42062757116489 402
1739999380916 170.40362527412026 403
1739999380932 170.38662472336824 404
1739999380949 170.36962591872688 405
1739999380964 170.35262886001414 406
1739999380980 170.33563354704816 407
1739999380997 170.31863997964697 408
1739999381014 170.30164815762876 409
1739999381030 170.28465808081162 410
1739999381047 170.26766974901366 411
1739999381064 170.2506831620531 412
1739999381081 170.23369831974807 413
1739999381097 170.21671522191684 414
1739999381112 170.19973386837756 415
1739999381130 170.18275425894853 416
1739999381146 170.16577639344797 417
1739999381163 170.14880027169417 418
1739999381180 170.13182589350546 419
1739999381197 170.1148532587001 420
1739999381214 170.09788236709647 421
1739999381231 170.0809132185129 422
1739999381248 170.06394581276783 423
1739999381264 170.04698014967957 424
1739999381284 170.03001622906658 425
1739999381301 170.01305405074726 426
1739999381317 169.99609361454011 427
1739999381333 169.97913492026353 428
1739999381349 169.9621779677361 429
1739999381365 169.94522275677625 430
1739999381382 169.92826928720257 431
1739999381398 169.91131755883356 432
1739999381415 169.8943675714878 433
1739999381430 169.87741932498386 434
1739999381446 169.86047281914037 435
1739999381463 169.84352805377597 436
1739999381483 169.82658502870925 437
1739999381501 169.8096437437589 438
1739999381517 169.7927041987436 439
1739999381533 169.77576639348206 440
1739999381549 169.75883032779294 441
1739999381566 169.74189600149506 442
1739999381581 169.72496341440714 443
1739999381598 169.70803256634798 444
1739999381613 169.69110345713634 445
1739999381629 169.674176086591 446
1739999381646 169.65725045453087 447
1739999381661 169.64032656077475 448
1739999381679 169.6234044051415 449
1739999381699 169.6064839874501 450
1739999381716 169.5895653075194 451
1739999381732 169.57264836516828 452
1739999381749 169.55573316021574 453
1739999381766 169.53881969248076 454
1739999381782 169.52190796178226 455
1739999381798 169.50499796793935 456
1739999381815 169.48808971077096 457
1739999381832 169.47118319009613 458
1739999381849 169.45427840573402 459
1739999381866 169.43737535750358 460
1739999381885 169.420474045224 461
1739999381905 169.40357446871434 462
1739999381922 169.3866766277938 463
1739999381938 169.36978052228153 464
1739999381956 169.35288615199664 465
1739999381972 169.33599351675838 466
1739999381988 169.3191026163859 467
1739999382005 169.3022134506985 468
1739999382022 169.28532601951545 469
1739999382037 169.26844032265595 470
1739999382054 169.25155635993931 471
1739999382072 169.23467413118482 472
1739999382087 169.2177936362119 473
1739999382105 169.20091487483978 474
1739999382122 169.1840378468879 475
1739999382140 169.1671625521756 476
1739999382159 169.1502889905223 477
1739999382175 169.13341716174745 478
1739999382192 169.11654706567043 479
1739999382208 169.09967870211077 480
1739999382224 169.08281207088788 481
1739999382241 169.0659471718213 482
1739999382258 169.04908400473053 483
1739999382274 169.03222256943513 484
1739999382292 169.01536286575464 485
1739999382310 168.99850489350862 486
1739999382326 168.98164865251664 487
1739999382343 168.9647941425984 488
1739999382361 168.94794136357345 489
1739999382378 168.93109031526146 490
1739999382395 168.91424099748215 491
1739999382412 168.89739341005514 492
1739999382428 168.88054755280012 493
1739999382444 168.8637034255369 494
1739999382460 168.8468610280852 495
1739999382476 168.8300203602647 496
1739999382492 168.81318142189528 497
1739999382509 168.79634421279664 498
1739999382524 168.77950873278874 499
