1739988795062 6.551772809876696 0
1739988795095 6.625467706732636 1
1739988795128 6.64046733252275 2
1739988795160 6.7079809076616455 3
1739988795287 6.538119047071597 4
1739988795340 6.57945067040419 5
1739988795372 6.6082308362727815 6
1739988795405 6.571649746618902 7
1739988795436 6.549635249881796 8
1739988795468 6.562619814288944 9
1739988795499 6.529280957773188 10
1739988795531 6.6144935349979965 11
1739988795562 6.5624855784484 12
1739988795594 6.596887854504893 13
1739988795626 6.5606534392348435 14
1739988795657 6.496868709873575 15
1739988795688 6.542042686666743 16
1739988795719 6.546620243337958 17
1739988795750 6.545703044813506 18
1739988795782 6.563445871079549 19
1739988795814 6.56551322497776 20
1739988795845 6.592128534975987 21
1739988795876 6.525633573409328 22
