1739997847049 166.8070002283258 0
1739997847075 144.43856461847332 1
1739997847109 108.83972542012242 2
1739997847148 90.19202850304681 3
1739997847174 72.76753477761564 4
1739997847195 64.56883523747811 5
1739997847226 58.92148211123625 6
1739997847264 49.27490871093096 7
1739997847292 39.5858136603527 8
1739997847313 34.74363342044242 9
1739997847342 28.663291255335004 10
1739997847362 23.88080448437983 11
1739997847388 19.658592211943684 12
1739997847410 16.87731129797627 13
1739997847524 15.036223710023052 14
1739997847563 12.424029662911135 15
1739997847598 10.710297711317757 16
1739997847634 9.530431307357155 17
1739997847662 7.991319585301456 18
1739997847693 7.2034412873995555 19
1739997847723 6.17918584345056 20
1739997847755 5.551385456433275 21
1739997847787 4.612618222843038 22
1739997847808 4.517899005426581 23
1739997847829 3.7207671768176698 24
1739997847849 3.2886688751451914 25
1739997847869 3.296647332834807 26
1739997847888 2.5360999553368426 27
1739997847906 2.7509399081947845 28
1739997847925 2.334667175120277 29
1739997847946 2.0193433168114483 30
1739997847963 1.680054630356367 31
1739997847984 1.4882697392514268 32
1739997848004 1.5127777774216558 33
1739997848023 1.1917914528251148 34
1739997848042 1.3656035848335235 35
1739997848061 1.302774016364101 36
1739997848081 1.0471940036677025 37
1739997848101 1.0425547869757787 38
1739997848230 1.0022241705498776 39
1739997848313 0.8735779873150515 40
1739997848336 1.0929667775866794 41
1739997848358 0.8300579684344033 42
1739997848379 0.8486718090355271 43
1739997848399 0.8533622707430963 44
1739997848418 0.7423811748029024 45
1739997848440 0.7681642088473792 46
1739997848461 0.7859499231673436 47
1739997848482 0.76596319956779 48
1739997848503 0.7187484674325717 49
1739997848524 0.8002206753672892 50
1739997848544 0.7656380212699212 51
1739997848566 0.7544248805238032 52
1739997848590 0.6659625612000617 53
1739997848608 0.5602924636139814 54
1739997848627 0.6458955175076937 55
1739997848648 0.6862842190150926 56
1739997848671 0.6636999867960003 57
1739997848690 0.5990495375649514 58
1739997848711 0.5979062636785759 59
1739997848733 0.46580121782281336 60
1739997848755 0.5813134826535435 61
1739997848779 0.568513614254073 62
1739997848798 0.7243367902488431 63
1739997848816 0.7139843902729328 64
1739997848836 0.6743488960091214 65
1739997848858 0.5701533560032676 66
1739997848878 0.5528515562208572 67
1739997848896 0.5037922748364272 68
1739997848918 0.7077396728071554 69
1739997848938 0.5266665804748877 70
1739997848961 0.5022239327644449 71
1739997848982 0.6119664702525421 72
1739997849002 0.6848191195216325 73
1739997849022 0.6247074637494677 74
1739997849046 0.6117724928235014 75
1739997849066 0.4401120576120798 76
1739997849087 0.5342136074458856 77
1739997849105 0.478119379677709 78
1739997849123 0.5923093752765317 79
1739997849142 0.6424140318880027 80
1739997849162 0.5951746777338993 81
1739997849185 0.6201534325116518 82
1739997849204 0.5303497810790494 83
1739997849225 0.7027596585042721 84
1739997849252 0.5974911698820822 85
1739997849273 0.5641995305036075 86
1739997849292 0.4597722800252854 87
1739997849311 0.533034925778158 88
1739997849332 0.47991359823010166 89
1739997849353 0.5784834257830732 90
1739997849377 0.6844248740022253 91
1739997849396 0.5710942359290837 92
1739997849414 0.5391535827441859 93
1739997849437 0.5609387415651044 94
1739997849457 0.5386757132657156 95
1739997849476 0.5332036290353738 96
1739997849495 0.5699426833406632 97
1739997849513 0.4923912338769055 98
1739997849531 0.5311960473651949 99
1739997849549 0.5360170657910343 100
1739997849571 0.5087461022898052 101
1739997849593 0.5944150874885009 102
1739997849614 0.46118010529953546 103
1739997849637 0.5516076227993185 104
1739997849656 0.6076751679042436 105
1739997849678 0.64136878792331 106
1739997849698 0.521275487443379 107
1739997849716 0.4623671096615879 108
1739997849735 0.5675957547185239 109
1739997849753 0.4407713290298602 110
1739997849778 0.5500911025553944 111
1739997849798 0.4782581600539472 112
1739997849818 0.5874941006125575 113
1739997849841 0.5099489273438821 114
1739997849860 0.6846555444322955 115
1739997849883 0.6096622297680259 116
1739997849901 0.5734670686622342 117
1739997849920 0.6394405809416148 118
1739997849940 0.631179668376075 119
1739997849958 0.4833510168396202 120
1739997849982 0.4870833043388474 121
1739997850002 0.5661430562744303 122
1739997850022 0.6967027633243191 123
1739997850044 0.6269792988652699 124
1739997850065 0.6287897062310944 125
