1740012238519 186.522528835562 0
1740012238544 186.48481144361256 1
1740012238570 186.44710240809658 2
1740012238593 186.40940172708846 3
1740012238620 186.37170939866306 4
1740012238646 186.33402542089567 5
1740012238672 186.296349791862 6
1740012238695 186.2586825096383 7
1740012238718 186.22102357230122 8
1740012238741 186.1833729779279 9
1740012238764 186.14573072459584 10
1740012238786 186.1080968103831 11
1740012238812 186.0704712333681 12
1740012238835 186.03285399162988 13
1740012238863 185.99524508324768 14
1740012238886 185.9576445063014 15
1740012238909 185.9200522588713 16
1740012238935 185.8824683390381 17
1740012238959 185.844892744883 18
1740012238983 185.80732547448767 19
1740012239005 185.76976652593413 20
1740012239029 185.7322158973049 21
1740012239055 185.6946735866831 22
1740012239077 185.65713959215208 23
1740012239100 185.61961391179574 24
1740012239123 185.58209654369847 25
1740012239145 185.544587485945 26
1740012239169 185.50708673662058 27
1740012239191 185.46959429381099 28
1740012239214 185.43211015560232 29
1740012239240 185.39463432008117 30
1740012239263 185.35716678533458 31
1740012239285 185.3197075494501 32
1740012239308 185.28225661051567 33
1740012239331 185.2448139666197 34
1740012239354 185.20737961585093 35
1740012239376 185.16995355629882 36
1740012239399 185.1325357860531 37
1740012239421 185.09512630320387 38
1740012239444 185.05772510584188 39
1740012239467 185.0203321920582 40
1740012239490 184.9829475599444 41
1740012239512 184.94557120759242 42
1740012239537 184.90820313309482 43
1740012239559 184.8708433345444 44
1740012239582 184.83349181003456 45
1740012239604 184.7961485576591 46
1740012239629 184.75881357551225 47
1740012239653 184.72148686168873 48
1740012239676 184.68416841428368 49
1740012239698 184.64685823139268 50
1740012239724 184.60955631111176 51
1740012239754 184.57226265153747 52
1740012239777 184.5349772507667 53
1740012239800 184.49770010689687 54
1740012239824 184.46043121802575 55
1740012239847 184.42317058225174 56
1740012239869 184.38591819767348 57
1740012239892 184.34867406239016 58
1740012239915 184.31143817450146 59
1740012239938 184.2742105321074 60
1740012239960 184.23699113330855 61
1740012239983 184.19977997620586 62
1740012240006 184.1625770589007 63
1740012240030 184.12538237949502 64
1740012240053 184.08819593609107 65
1740012240075 184.05101772679168 66
1740012240101 184.01384774969998 67
1740012240129 183.97668600291965 68
1740012240180 183.9395324845548 69
1740012240204 183.90238719270994 70
1740012240226 183.86525012549015 71
1740012240249 183.8281212810008 72
1740012240278 183.79100065734775 73
1740012240308 183.75388825263738 74
1740012240332 183.71678406497645 75
1740012240355 183.6796880924722 76
1740012240379 183.64260033323228 77
1740012240402 183.60552078536483 78
1740012240424 183.5684494469784 79
1740012240447 183.53138631618197 80
1740012240472 183.494331391085 81
1740012240497 183.45728466979745 82
1740012240519 183.42024615042956 83
1740012240542 183.38321583109217 84
1740012240567 183.34619370989654 85
1740012240593 183.3091797849543 86
1740012240616 183.27217405437756 87
1740012240639 183.23517651627893 88
1740012240662 183.1981871687714 89
1740012240685 183.16120600996842 90
1740012240707 183.1242330379839 91
1740012240730 183.0872682509322 92
1740012240752 183.05031164692807 93
1740012240775 183.01336322408676 94
1740012240798 182.97642298052398 95
1740012240822 182.9394909143558 96
1740012240844 182.9025670236988 97
1740012240869 182.86565130666997 98
1740012240893 182.82874376138676 99
1740012240916 182.79184438596712 100
1740012240938 182.75495317852932 101
1740012240962 182.71807013719214 102
1740012240989 182.68119526007487 103
1740012241011 182.64432854529713 104
1740012241033 182.607469990979 105
1740012241056 182.57061959524108 106
1740012241081 182.53377735620438 107
1740012241106 182.4969432719903 108
1740012241128 182.46011734072067 109
1740012241151 182.4232995605179 110
1740012241175 182.38648992950473 111
1740012241198 182.34968844580433 112
1740012241220 182.31289510754038 113
1740012241243 182.27610991283697 114
1740012241267 182.23933285981863 115
1740012241290 182.20256394661033 116
1740012241315 182.16580317133744 117
1740012241342 182.12905053212586 118
1740012241366 182.09230602710196 119
1740012241391 182.05556965439234 120
1740012241413 182.01884141212423 121
1740012241435 181.9821212984253 122
1740012241458 181.94540931142353 123
1740012241481 181.90870544924752 124
1740012241504 181.87200971002616 125
1740012241526 181.83532209188883 126
1740012241549 181.7986425929653 127
1740012241572 181.76197121138597 128
1740012241595 181.72530794528143 129
1740012241617 181.68865279278285 130
1740012241640 181.65200575202186 131
1740012241663 181.61536682113046 132
1740012241686 181.57873599824114 133
1740012241709 181.54211328148673 134
1740012241731 181.50549866900064 135
1740012241755 181.46889215891662 136
1740012241779 181.43229374936894 137
1740012241802 181.3957034384922 138
1740012241825 181.35912122442156 139
1740012241847 181.32254710529256 140
1740012241876 181.2859810792411 141
1740012241900 181.24942314440372 142
1740012241924 181.21287329891715 143
1740012241946 181.17633154091882 144
1740012241970 181.13979786854637 145
1740012241993 181.103272279938 146
1740012242016 181.06675477323233 147
1740012242038 181.03024534656845 148
1740012242061 180.99374399808576 149
1740012242084 180.95725072592424 150
1740012242110 180.9207655282243 151
1740012242133 180.88428840312665 152
1740012242156 180.8478193487726 153
1740012242180 180.8113583633038 154
1740012242203 180.77490544486236 155
1740012242225 180.73846059159087 156
1740012242247 180.7020238016323 157
1740012242274 180.66559507313008 158
1740012242296 180.62917440422805 159
1740012242327 180.59276179307054 160
1740012242356 180.5563572378023 161
1740012242380 180.5199607365685 162
1740012242403 180.48357228751473 163
1740012242427 180.44719188878705 164
1740012242450 180.41081953853197 165
1740012242473 180.3744552348964 166
1740012242496 180.33809897602768 167
1740012242519 180.30175076007365 168
1740012242542 180.26541058518248 169
1740012242567 180.2290784495029 170
1740012242591 180.19275435118396 171
1740012242614 180.15643828837528 172
1740012242637 180.12013025922673 173
1740012242659 180.08383026188878 174
1740012242688 180.0475382945123 175
1740012242711 180.01125435524852 176
1740012242734 179.97497844224915 177
1740012242756 179.93871055366643 178
1740012242781 179.90245068765284 179
1740012242804 179.86619884236146 180
1740012242827 179.82995501594579 181
1740012242849 179.79371920655962 182
1740012242873 179.75749141235733 183
1740012242896 179.72127163149366 184
1740012242919 179.68505986212386 185
1740012242942 179.64885610240353 186
1740012242965 179.61266035048874 187
1740012242988 179.57647260453595 188
1740012243010 179.5402928627021 189
1740012243033 179.50412112314464 190
1740012243056 179.46795738402125 191
1740012243081 179.43180164349027 192
1740012243107 179.3956538997103 193
1740012243130 179.35951415084045 194
1740012243152 179.32338239504028 195
1740012243178 179.28725863046975 196
1740012243202 179.25114285528926 197
1740012243225 179.21503506765964 198
1740012243247 179.17893526574215 199
1740012243271 179.14284344769854 200
1740012243294 179.10675961169088 201
1740012243317 179.07068375588173 202
1740012243339 179.03461587843418 203
1740012243362 178.99855597751153 204
1740012243386 178.9625040512778 205
1740012243410 178.92646009789712 206
1740012243433 178.89042411553433 207
1740012243456 178.85439610235457 208
1740012243480 178.81837605652342 209
1740012243503 178.78236397620688 210
1740012243527 178.74635985957147 211
1740012243550 178.710363704784 212
1740012243578 178.67437551001183 213
1740012243602 178.63839527342276 214
1740012243626 178.60242299318486 215
1740012243649 178.56645866746686 216
1740012243673 178.5305022944377 217
1740012243703 178.49455387226692 218
1740012243725 178.45861339912443 219
1740012243748 178.42268087318052 220
1740012243770 178.386756292606 221
1740012243795 178.35083965557203 222
1740012243819 178.31493096025028 223
1740012243841 178.27903020481287 224
1740012243864 178.2431373874321 225
1740012243890 178.20725250628107 226
1740012243914 178.17137555953306 227
1740012243937 178.13550654536184 228
1740012243959 178.09964546194163 229
1740012243985 178.06379230744707 230
1740012244009 178.0279470800533 231
1740012244032 177.9921097779357 232
1740012244056 177.95628039927027 233
1740012244079 177.92045894223338 234
1740012244106 177.88464540500175 235
1740012244128 177.84883978575266 236
1740012244153 177.81304208266377 237
1740012244176 177.77725229391302 238
1740012244202 177.7414704176791 239
1740012244225 177.70569645214087 240
1740012244247 177.66993039547765 241
1740012244270 177.63417224586928 242
1740012244297 177.59842200149595 243
1740012244320 177.5626796605383 244
1740012244342 177.52694522117744 245
1740012244369 177.4912186815949 246
1740012244392 177.45550003997252 247
1740012244417 177.41978929449272 248
1740012244444 177.38408644333828 249
1740012244468 177.3483914846924 250
1740012244493 177.31270441673877 251
1740012244516 177.27702523766138 252
1740012244539 177.24135394564482 253
1740012244562 177.20569053887394 254
1740012244586 177.17003501553413 255
1740012244609 177.1343873738112 256
1740012244632 177.09874761189127 257
1740012244654 177.06311572796105 258
1740012244677 177.02749172020756 259
1740012244701 176.9918755868183 260
1740012244724 176.95626732598123 261
1740012244746 176.92066693588464 262
1740012244769 176.88507441471734 263
1740012244793 176.84948976066843 264
1740012244816 176.8139129719276 265
1740012244839 176.77834404668494 266
1740012244861 176.7427829831308 267
1740012244887 176.7072297794562 268
1740012244911 176.67168443385242 269
1740012244935 176.6361469445112 270
1740012244958 176.6006173096247 271
1740012244981 176.56509552738552 272
1740012245006 176.52958159598677 273
1740012245028 176.49407551362182 274
1740012245051 176.45857727848454 275
1740012245074 176.4230868887693 276
1740012245101 176.38760434267073 277
1740012245124 176.3521296383841 278
1740012245148 176.31666277410488 279
1740012245171 176.28120374802916 280
1740012245195 176.2457525583533 281
1740012245218 176.21030920327422 282
1740012245240 176.17487368098912 283
1740012245262 176.13944598969576 284
1740012245286 176.1040261275922 285
1740012245311 176.06861409287703 286
1740012245333 176.03320988374924 287
1740012245356 175.99781349840816 288
1740012245379 175.9624249350537 289
1740012245403 175.92704419188604 290
1740012245425 175.8916712671059 291
1740012245448 175.8563061589143 292
1740012245472 175.8209488655128 293
1740012245504 175.78559938510332 294
1740012245526 175.75025771588824 295
1740012245549 175.71492385607036 296
1740012245571 175.67959780385283 297
1740012245597 175.64427955743935 298
1740012245626 175.6089691150339 299
1740012245653 175.573666474841 300
1740012245681 175.53837163506552 301
1740012245708 175.50308459391277 302
1740012245731 175.46780534958862 303
1740012245754 175.4325339002991 304
1740012245777 175.39727024425082 305
1740012245800 175.3620143796508 306
1740012245825 175.32676630470652 307
1740012245848 175.29152601762578 308
1740012245870 175.2562935166168 309
1740012245893 175.2210687998884 310
1740012245923 175.18585186564965 311
1740012245945 175.15064271211006 312
1740012245967 175.11544133747967 313
1740012245989 175.08024773996877 314
1740012246016 175.0450619177882 315
1740012246040 175.0098838691492 316
1740012246062 174.97471359226338 317
1740012246085 174.93955108534288 318
1740012246152 174.9043963466001 319
1740012246177 174.86924937424803 320
1740012246200 174.83411016649993 321
1740012246223 174.7989787215696 322
1740012246247 174.76385503767116 323
1740012246270 174.72873911301926 324
1740012246292 174.69363094582891 325
1740012246314 174.65853053431547 326
1740012246337 174.62343787669485 327
1740012246360 174.58835297118327 328
1740012246383 174.55327581599752 329
1740012246410 174.51820640935463 330
1740012246433 174.48314474947213 331
1740012246460 174.44809083456798 332
1740012246485 174.41304466286059 333
1740012246509 174.3780062325687 334
1740012246533 174.34297554191156 335
1740012246557 174.3079525891087 336
1740012246580 174.2729373723803 337
1740012246603 174.2379298899467 338
1740012246625 174.20293014002894 339
1740012246648 174.16793812084813 340
1740012246672 174.13295383062618 341
1740012246694 174.09797726758507 342
1740012246717 174.06300842994742 343
1740012246740 174.02804731593625 344
1740012246763 173.99309392377486 345
1740012246786 173.9581482516872 346
1740012246808 173.92321029789736 347
1740012246831 173.88828006063002 348
1740012246855 173.85335753811032 349
1740012246879 173.8184427285637 350
1740012246902 173.783535630216 351
1740012246925 173.74863624129364 352
1740012246949 173.71374456002331 353
1740012246975 173.67886058463216 354
1740012246997 173.64398431334777 355
1740012247019 173.6091157443981 356
1740012247041 173.5742548760116 357
1740012247069 173.5394017064171 358
1740012247099 173.50455623384377 359
1740012247139 173.46971845652132 360
1740012247166 173.43488837267984 361
1740012247196 173.40006598054973 362
1740012247223 173.36525127836197 363
1740012247256 173.33044426434785 364
1740012247286 173.29564493673917 365
1740012247319 173.26085329376798 366
1740012247347 173.2260693336669 367
1740012247377 173.191293054669 368
1740012247408 173.15652445500754 369
1740012247442 173.1217635329164 370
1740012247468 173.08701028662983 371
1740012247493 173.05226471438246 372
1740012247520 173.01752681440934 373
1740012247546 172.982796584946 374
1740012247574 172.94807402422825 375
1740012247597 172.91335913049244 376
1740012247621 172.8786519019753 377
1740012247645 172.84395233691401 378
1740012247672 172.80926043354606 379
1740012247698 172.77457619010949 380
1740012247723 172.7398996048426 381
1740012247746 172.7052306759842 382
1740012247771 172.67056940177358 383
1740012247794 172.6359157804503 384
1740012247817 172.6012698102544 385
1740012247842 172.56663148942636 386
1740012247872 172.53200081620707 387
1740012247899 172.49737778883775 388
1740012247924 172.4627624055601 389
1740012247947 172.42815466461636 390
1740012247972 172.3935545642489 391
1740012247999 172.35896210270073 392
1740012248023 172.32437727821517 393
1740012248047 172.28980008903602 394
1740012248071 172.25523053340743 395
1740012248098 172.220668609574 396
1740012248123 172.18611431578077 397
1740012248146 172.1515676502731 398
1740012248170 172.11702861129683 399
1740012248198 172.08249719709823 400
1740012248222 172.04797340592398 401
1740012248245 172.01345723602108 402
1740012248269 171.97894868563705 403
1740012248296 171.94444775301977 404
1740012248328 171.9099544364176 405
1740012248354 171.87546873407913 406
1740012248379 171.8409906442536 407
1740012248405 171.80652016519053 408
1740012248431 171.77205729513983 409
1740012248458 171.73760203235193 410
1740012248482 171.7031543750776 411
1740012248506 171.66871432156796 412
1740012248532 171.6342818700747 413
1740012248556 171.59985701884975 414
1740012248581 171.56543976614557 415
1740012248611 171.53103011021503 416
1740012248639 171.49662804931128 417
1740012248663 171.4622335816881 418
1740012248687 171.42784670559945 419
1740012248711 171.39346741929987 420
1740012248739 171.3590957210442 421
1740012248764 171.3247316090878 422
1740012248792 171.29037508168636 423
1740012248821 171.25602613709597 424
1740012248847 171.22168477357317 425
1740012248873 171.1873509893749 426
1740012248897 171.15302478275854 427
1740012248925 171.1187061519818 428
1740012248952 171.0843950953029 429
1740012248976 171.05009161098036 430
1740012249000 171.01579569727326 431
1740012249026 170.9815073524409 432
1740012249050 170.9472265747432 433
1740012249074 170.91295336244028 434
1740012249102 170.87868771379283 435
1740012249132 170.84442962706183 436
1740012249168 170.8101791005088 437
1740012249193 170.77593613239554 438
1740012249217 170.7417007209843 439
1740012249241 170.70747286453783 440
1740012249266 170.67325256131915 441
1740012249290 170.63903980959176 442
1740012249314 170.60483460761958 443
1740012249337 170.57063695366688 444
1740012249363 170.5364468459984 445
1740012249386 170.50226428287928 446
1740012249410 170.468089262575 447
1740012249433 170.43392178335156 448
1740012249461 170.3997618434753 449
1740012249486 170.36560944121294 450
1740012249510 170.3314645748317 451
1740012249535 170.29732724259907 452
1740012249561 170.2631974427831 453
1740012249587 170.22907517365215 454
1740012249611 170.19496043347505 455
1740012249637 170.16085322052092 456
1740012249662 170.12675353305946 457
1740012249687 170.09266136936063 458
1740012249711 170.05857672769486 459
1740012249735 170.02449960633297 460
1740012249759 169.99043000354624 461
1740012249789 169.9563679176063 462
1740012249813 169.92231334678513 463
1740012249837 169.88826628935527 464
1740012249860 169.85422674358958 465
1740012249887 169.82019470776132 466
1740012249912 169.7861701801441 467
1740012249937 169.7521531590121 468
1740012249961 169.71814364263975 469
1740012249985 169.6841416293019 470
1740012250010 169.65014711727395 471
1740012250033 169.61616010483158 472
1740012250060 169.58218059025086 473
1740012250086 169.54820857180835 474
1740012250117 169.5142440477809 475
1740012250188 169.4802870164459 476
1740012250215 169.44633747608108 477
1740012250239 169.41239542496456 478
1740012250265 169.3784608613749 479
1740012250291 169.344533783591 480
1740012250319 169.31061418989228 481
1740012250345 169.27670207855846 482
1740012250377 169.2427974478697 483
1740012250408 169.20890029610658 484
1740012250431 169.17501062155006 485
1740012250455 169.1411284224815 486
1740012250487 169.10725369718273 487
1740012250515 169.07338644393593 488
1740012250541 169.03952666102361 489
1740012250565 169.00567434672882 490
1740012250593 168.97182949933497 491
1740012250619 168.93799211712584 492
1740012250642 168.9041621983856 493
1740012250667 168.8703397413989 494
1740012250692 168.83652474445077 495
1740012250716 168.80271720582658 496
1740012250740 168.76891712381214 497
1740012250763 168.73512449669371 498
1740012250788 168.70133932275792 499
