1739996022129 68.74389547271727 0
1739996022150 27.150792627330897 1
1739996022168 11.259280330121745 2
1739996022187 4.770007032328746 3
1739996022205 1.8027406826574472 4
1739996022221 0.9952116875064326 5
1739996022240 0.4031622858891553 6
1739996022257 0.1962520732614678 7
1739996022274 0.17778126589799384 8
1739996022291 0.17022619914548717 9
1739996022307 0.12317551505200945 10
1739996022324 0.19366959383296162 11
1739996022342 0.09799352554427958 12
1739996022358 0.08607215969979329 13
1739996022375 0.11323102968049183 14
1739996022392 0.11071115046142087 15
1739996022408 0.07275880586512175 16
1739996022425 0.12458086526760047 17
1739996022447 0.14751070068511715 18
1739996022464 0.0978831579006577 19
1739996022482 0.08032489123674974 20
1739996022499 0.09487232862676384 21
1739996022517 0.13646291500062205 22
1739996022534 0.12199767138919045 23
1739996022551 0.09629905132086532 24
1739996022568 0.10752610541224293 25
1739996022585 0.13174195308776604 26
1739996022601 0.05740517232923639 27
1739996022619 0.09931914998966365 28
1739996022636 0.09369983501156286 29
1739996022652 0.0803054041087027 30
1739996022670 0.18021183476149788 31
1739996022687 0.11318516001163596 32
1739996022703 0.1417164706697855 33
1739996022720 0.09624354859437323 34
1739996022737 0.11649421239837772 35
1739996022753 0.12346698506091242 36
1739996022770 0.1031856906689323 37
1739996022786 0.11000648208155096 38
1739996022805 0.19870423281034996 39
1739996022822 0.13376906375315387 40
1739996022838 0.10974575363730274 41
1739996022855 0.14215131742725487 42
1739996022872 0.09437631398370307 43
1739996022888 0.10667963020081588 44
