1740012833201 172.54313077748859 0
1740012833230 164.35780198821348 1
1740012833257 154.94793195664897 2
1740012833285 156.21236959903314 3
1740012833310 152.3963479115278 4
1740012833337 148.1657561358021 5
1740012833363 148.90525844963025 6
1740012833388 143.00293520651735 7
1740012833416 138.55024789223782 8
1740012833440 144.28617969490773 9
1740012833465 135.91227210236153 10
1740012833496 132.1759190044136 11
1740012833523 134.25732192609397 12
1740012833552 129.12380439086235 13
1740012833578 133.13389352327525 14
1740012833604 124.2183232978474 15
1740012833629 123.55510105388284 16
1740012833653 121.05181626429561 17
1740012833680 119.336757011944 18
1740012833706 121.09807794277737 19
1740012833730 118.86577876831731 20
1740012833754 114.40988958683761 21
1740012833782 115.19312374176894 22
1740012833806 112.67771990798835 23
1740012833830 107.6982809307921 24
1740012833856 109.47128470565644 25
1740012833884 104.48729023018356 26
1740012833908 105.4347712026217 27
1740012833932 102.83797278801975 28
1740012833960 98.8867886795804 29
1740012833985 95.98070204365102 30
1740012834009 96.31573518497996 31
1740012834034 96.86543216588008 32
1740012834062 94.07251271317642 33
1740012834089 92.18029953132685 34
1740012834113 92.34085463873535 35
1740012834139 86.32873479104359 36
1740012834164 87.3566787024448 37
1740012834189 84.26410053812414 38
1740012834213 82.65060784900378 39
1740012834239 80.44294479227786 40
1740012834263 83.57086130377719 41
1740012834289 81.80726985075509 42
1740012834313 79.81305391058265 43
1740012834341 79.30392408654602 44
1740012834367 81.52554713587048 45
1740012834392 77.44476440636447 46
1740012834423 75.01171854019509 47
1740012834451 70.85853066400283 48
1740012834476 72.92046737462216 49
1740012834500 72.05792748715999 50
1740012834528 70.72251839089874 51
1740012834553 69.49193764438316 52
1740012834578 66.31258216967969 53
1740012834603 65.9878792993713 54
1740012834628 65.21214342485996 55
1740012834652 64.48346175377729 56
1740012834676 63.157987359853635 57
1740012834703 64.20991407519311 58
1740012834728 59.878374987156896 59
1740012834752 61.28167361889848 60
1740012834777 57.39170818182999 61
1740012834806 57.338212579699956 62
1740012834830 59.92886939539412 63
1740012834855 56.636416672074645 64
1740012834883 56.278969071613055 65
1740012834908 54.978463875377194 66
1740012834932 55.60445968870416 67
1740012834956 51.76937240807011 68
1740012834982 52.26430152076096 69
1740012835007 52.520042427623494 70
1740012835031 50.61729214316259 71
1740012835057 50.720632927386994 72
1740012835090 51.507631385718376 73
1740012835138 49.26771574928881 74
1740012835164 47.54947231587343 75
1740012835188 46.14344518581088 76
1740012835213 46.36471605024408 77
1740012835237 46.6545971153351 78
1740012835263 48.16571886011367 79
1740012835288 44.406057902388575 80
1740012835314 44.035543856454936 81
1740012835344 44.76309895247784 82
1740012835369 42.125108239518475 83
1740012835393 40.968468626379064 84
1740012835417 41.31632040815934 85
1740012835441 41.812832638242426 86
1740012835465 40.81914948414831 87
1740012835489 38.81281436404977 88
1740012835514 40.1560892727067 89
1740012835540 38.67775042912152 90
1740012835564 36.634946461909266 91
1740012835589 37.95456068888914 92
1740012835618 36.13998957330498 93
1740012835642 37.36960535249533 94
1740012835665 37.10694912482207 95
1740012835690 37.023948051269606 96
1740012835720 34.005886338384286 97
1740012835744 34.96489244619187 98
1740012835768 35.150640763622086 99
1740012835796 33.44994262209326 100
1740012835858 33.01731345949431 101
1740012835886 31.963792999133958 102
1740012835911 31.529044782244227 103
1740012835936 31.770830039275154 104
1740012835960 30.091011350327285 105
1740012835984 31.423377504642012 106
1740012836009 31.025760074340642 107
1740012836034 29.930829492962943 108
1740012836058 28.500854592583188 109
1740012836085 29.007015432937088 110
1740012836110 28.710348364733655 111
1740012836135 28.07165604676714 112
1740012836158 28.760085564558864 113
1740012836183 27.142963895323835 114
1740012836209 28.06988214892502 115
1740012836233 27.915396359664534 116
1740012836258 26.675109973842105 117
1740012836284 28.135150272367294 118
1740012836310 27.12634909910624 119
1740012836337 25.654495789147344 120
1740012836363 25.373139056847545 121
1740012836391 25.737573625093404 122
1740012836415 24.85591109361865 123
1740012836440 24.583310443585606 124
1740012836465 24.7221815532134 125
1740012836492 24.33414545653487 126
1740012836516 24.486996040418582 127
1740012836542 22.911885947059393 128
1740012836571 22.839092263096887 129
1740012836596 22.221039451692018 130
1740012836621 22.18528210688282 131
1740012836647 23.302553432348653 132
1740012836675 22.353846627037676 133
1740012836699 22.524526412740727 134
1740012836723 21.257885647366358 135
1740012836750 22.07364074856195 136
1740012836775 22.34010919985691 137
1740012836799 20.995651354010118 138
1740012836824 20.74784426734549 139
1740012836849 20.290774144923898 140
1740012836874 21.062508073988813 141
1740012836898 20.52931040592804 142
1740012836923 19.191800790766838 143
1740012836949 19.68445581657205 144
1740012836973 18.316240460396568 145
1740012836997 19.758756540836217 146
1740012837027 19.56731674639968 147
1740012837051 18.702720896009495 148
1740012837077 18.44520545289599 149
1740012837104 18.61352038613756 150
1740012837137 18.793763838758174 151
1740012837161 17.868257791112065 152
1740012837185 17.856284602024292 153
1740012837210 17.419937510041944 154
1740012837234 17.982112640674657 155
1740012837259 17.29838336493629 156
1740012837283 18.567344221202983 157
1740012837310 16.27152290656199 158
1740012837335 15.536598864522022 159
1740012837360 17.64129085645756 160
1740012837390 16.672773181335973 161
1740012837415 16.537244457619746 162
1740012837439 15.537870895179351 163
1740012837463 16.03255118918904 164
1740012837491 15.232627271269802 165
1740012837515 15.19497475675382 166
1740012837540 16.02846285603133 167
1740012837565 15.503444884572996 168
1740012837590 14.828387505550022 169
1740012837615 15.787482170954412 170
1740012837639 14.789078558155623 171
1740012837664 15.123937423618026 172
1740012837688 14.874911769538482 173
1740012837712 14.531601443334651 174
1740012837738 14.28532285374914 175
1740012837765 14.05909365103747 176
1740012837789 14.823236345870784 177
1740012837814 13.48931172996106 178
1740012837842 13.882007443787327 179
1740012837868 13.86550209234497 180
1740012837891 13.390829755151858 181
1740012837916 14.000078358264036 182
1740012837941 13.333227358441622 183
1740012837965 13.284430708010452 184
1740012837989 12.862726175123749 185
1740012838014 13.159332962300642 186
1740012838039 13.25548369077155 187
1740012838063 12.631629817088891 188
1740012838091 13.152325897157594 189
1740012838116 12.332736902661956 190
1740012838140 12.121417779904593 191
1740012838164 12.299731602819268 192
1740012838190 12.8892880556904 193
1740012838217 12.542786403616219 194
1740012838241 11.974557340038375 195
1740012838265 12.060792044892862 196
1740012838293 12.029097636954912 197
1740012838321 11.755567101184488 198
1740012838347 12.008924315443265 199
1740012838371 12.020794853382553 200
1740012838396 11.989346511655405 201
1740012838422 10.928483179336197 202
1740012838447 11.630974012870107 203
1740012838474 11.060506278904201 204
1740012838501 11.601739860872398 205
1740012838525 11.028081136797367 206
1740012838550 10.893771701317593 207
1740012838577 11.27241362756163 208
1740012838602 10.509651944599854 209
1740012838626 10.508998655458536 210
1740012838652 10.533815689645422 211
1740012838676 10.787448951057204 212
1740012838700 10.383541164327053 213
1740012838723 9.749759802196548 214
1740012838749 10.201512671729388 215
1740012838773 10.159015766638309 216
1740012838797 10.016314643159907 217
1740012838822 10.670629985770827 218
1740012838852 10.159700461869019 219
1740012838876 10.340237451697135 220
1740012838899 10.058754799471727 221
1740012838928 10.893927081590158 222
1740012838953 9.668218018721547 223
1740012838977 10.65149312114704 224
1740012839001 9.770592447552193 225
1740012839028 9.738787144680803 226
1740012839053 9.416927803858112 227
1740012839079 9.667447007082512 228
1740012839104 9.584944506282062 229
1740012839129 9.170572157394389 230
1740012839154 9.413862761736537 231
1740012839183 9.166767639811638 232
1740012839212 8.959594975728596 233
1740012839236 9.46546729105064 234
1740012839261 9.198249886185506 235
1740012839287 9.21820769668135 236
1740012839312 9.088932273946044 237
1740012839338 9.097410372615187 238
1740012839364 8.971677396754515 239
1740012839389 8.752471254836712 240
1740012839413 9.351938844813038 241
1740012839437 8.495324158241623 242
1740012839464 9.147190694971094 243
1740012839491 8.836657903222854 244
1740012839515 8.531833170831854 245
1740012839540 8.818153235284383 246
1740012839569 9.160558259793975 247
1740012839595 8.619002862815584 248
1740012839619 8.692742839021191 249
1740012839643 8.738535967518336 250
1740012839668 8.949274062304758 251
1740012839692 9.008893162601932 252
1740012839717 8.545426496102818 253
1740012839741 8.03962718059069 254
1740012839767 8.142912818483317 255
1740012839791 8.315586985528853 256
1740012839815 8.221958711004307 257
1740012839841 7.85571661377717 258
1740012839866 8.226642649356807 259
1740012839891 8.311428410131903 260
1740012839916 7.95994155641002 261
1740012839945 7.908479465079385 262
1740012839969 8.047708722158998 263
1740012839993 7.911465915787963 264
1740012840021 7.772525123273706 265
1740012840045 8.144337460979493 266
1740012840072 7.898657548680477 267
1740012840096 7.673518673487735 268
1740012840123 7.666419761991401 269
1740012840147 8.066884824407243 270
1740012840171 7.914470404664946 271
1740012840200 7.905296360530193 272
1740012840225 7.212168320296204 273
1740012840258 7.007386359807698 274
1740012840285 7.573926269609331 275
1740012840315 7.464723783173885 276
1740012840348 7.246535094400084 277
1740012840377 7.178470111542654 278
1740012840408 7.660023488006502 279
1740012840437 7.267738388177215 280
1740012840465 6.972996384566153 281
1740012840493 7.3055563097550955 282
1740012840521 7.891379052105238 283
1740012840549 7.303543213618346 284
1740012840575 8.065437987864964 285
1740012840607 7.280733602728728 286
1740012840633 7.3345900970734395 287
1740012840658 6.920263173005402 288
1740012840682 6.950940704067426 289
1740012840710 7.4357084958465745 290
1740012840735 7.100324957059107 291
1740012840759 6.890325544428373 292
1740012840784 7.010819265848173 293
1740012840810 6.563819250344065 294
1740012840835 7.279930881426123 295
1740012840859 6.614189616132242 296
1740012840885 6.5112539433522345 297
1740012840909 6.930952743751182 298
1740012840933 7.06112554641752 299
1740012840957 6.936659454806755 300
1740012840985 6.73511029936133 301
1740012841009 6.803006261698214 302
1740012841033 6.993517445466502 303
1740012841061 6.550484535039322 304
1740012841089 7.112449237988049 305
1740012841113 6.6578273327032695 306
1740012841138 6.592639615663116 307
1740012841164 6.697721917495433 308
1740012841189 6.852506707422638 309
1740012841219 6.67192797383001 310
1740012841245 6.63518273346501 311
1740012841271 6.409562536534988 312
1740012841295 6.497903195065048 313
1740012841319 6.62416320649593 314
1740012841351 6.0699222166490765 315
1740012841375 6.79778850921101 316
1740012841400 6.3401816655624925 317
1740012841426 6.505882735942037 318
1740012841451 6.8426422026437015 319
1740012841475 6.3724466407583575 320
1740012841500 6.462413150739415 321
1740012841525 5.962412926023001 322
1740012841551 5.946149965543277 323
1740012841580 6.435852149450026 324
1740012841612 6.293312055350087 325
1740012841644 6.68391361486754 326
1740012841671 6.18113821018542 327
1740012841697 6.063342694312681 328
1740012841723 6.314087482056564 329
1740012841748 5.779802463686349 330
1740012841773 6.14275319941519 331
1740012841798 6.30142866303115 332
1740012841825 6.2924331670801195 333
1740012841849 6.042394182424532 334
1740012841875 6.249354672832011 335
1740012841903 6.384362013951758 336
1740012841929 6.343780901881107 337
1740012841954 6.409024637261415 338
1740012841979 6.189044614734547 339
1740012842007 5.4375639687050565 340
1740012842033 6.519716264840476 341
1740012842058 6.382763160117425 342
1740012842139 5.7412397540367595 343
1740012842186 5.977081475735913 344
1740012842211 5.868726626009433 345
1740012842236 5.918282515114221 346
1740012842265 5.7160861893768535 347
1740012842290 5.992377810438264 348
1740012842314 5.913871814893544 349
1740012842340 6.214242324310689 350
1740012842366 5.648137657226983 351
1740012842392 6.1391790276294 352
1740012842416 5.805638481220491 353
1740012842444 5.769546794590173 354
1740012842468 5.548436242845758 355
1740012842493 5.974403013614526 356
1740012842520 5.57288007832051 357
1740012842548 5.7597731037879045 358
1740012842574 6.435774267551585 359
1740012842601 5.86841276501318 360
1740012842629 5.927091549275878 361
1740012842654 5.807649389347096 362
1740012842681 5.656887200584896 363
1740012842706 5.452530297091532 364
1740012842736 6.202623282389048 365
1740012842761 5.18393516695448 366
1740012842787 5.6006463441370675 367
1740012842814 5.577858045849588 368
1740012842841 5.593477950495229 369
1740012842866 6.180744639701172 370
1740012842890 5.340369199733774 371
1740012842916 5.470428439247309 372
1740012842941 5.843777066632269 373
1740012842965 5.79854665851402 374
1740012842990 5.461367604481357 375
1740012843016 5.906132880499543 376
1740012843041 5.467578097770236 377
1740012843068 5.869442404709519 378
1740012843099 4.969072369821852 379
1740012843124 5.513781890021845 380
1740012843149 5.707388204390172 381
1740012843175 5.752671355809417 382
1740012843200 5.457401929255222 383
1740012843224 5.005747420660455 384
1740012843256 5.197029780504149 385
1740012843286 5.671383881071187 386
1740012843310 5.85603017828807 387
1740012843336 5.451530211215712 388
1740012843366 5.693174188266807 389
1740012843392 5.376782127085541 390
1740012843417 5.735694472256743 391
1740012843442 5.948791288986585 392
1740012843470 5.65810234634671 393
1740012843496 5.985791058412226 394
1740012843520 5.590835638859716 395
1740012843546 5.77902906110139 396
1740012843574 5.547518678206342 397
1740012843599 5.138227229957617 398
1740012843625 5.676424651001222 399
1740012843654 5.116479356616872 400
1740012843678 5.30880980047233 401
1740012843702 5.35210555523428 402
1740012843727 5.750286976644962 403
1740012843751 5.272549659113451 404
1740012843776 5.808257584954874 405
1740012843800 4.859812380083911 406
1740012843824 5.001685577246317 407
1740012843850 5.286292715107424 408
1740012843874 5.340746776305895 409
1740012843899 5.417593460848938 410
1740012843927 5.635610756708992 411
1740012843952 5.119204685420926 412
1740012843977 5.565879150201351 413
1740012844004 5.611491673673461 414
1740012844035 5.250234114193289 415
1740012844062 5.142023300924766 416
1740012844088 5.485967461908559 417
1740012844114 5.161413964300514 418
1740012844139 5.263810785213914 419
1740012844163 5.244366849976848 420
1740012844192 5.809903182064737 421
1740012844224 5.769184150854686 422
1740012844255 5.349925417123614 423
1740012844284 5.335230824793383 424
1740012844311 5.378724909534229 425
1740012844337 5.575219800710201 426
1740012844363 5.227562383711882 427
1740012844391 5.067718946980242 428
1740012844424 5.584789559921633 429
1740012844452 5.240329338356775 430
1740012844477 5.275051976680881 431
1740012844502 5.306426314901011 432
1740012844527 5.57609398878631 433
1740012844552 5.207404063500964 434
1740012844579 5.176597388562499 435
1740012844605 4.934451189991074 436
1740012844630 4.919344746855353 437
1740012844654 5.146839628636357 438
1740012844686 4.735009078731387 439
1740012844712 5.184670988483265 440
1740012844737 5.141817047401047 441
1740012844761 5.168666148365251 442
1740012844790 4.923957626128931 443
1740012844814 4.926820691512735 444
1740012844840 4.947943872748732 445
1740012844864 5.14771252314361 446
1740012844890 5.090326929735254 447
1740012844913 5.063610508121712 448
1740012844939 5.300083326808777 449
1740012844964 5.5828206504706515 450
1740012844990 5.439674202070439 451
1740012845014 5.453221613518096 452
1740012845040 5.078834577403467 453
1740012845069 5.368495542005387 454
1740012845094 5.054851077896762 455
1740012845118 5.343937872919917 456
1740012845147 5.305519785088886 457
1740012845171 5.429261084874133 458
1740012845195 4.926332314321396 459
1740012845219 4.9893711940578775 460
1740012845249 4.952292007955251 461
1740012845280 4.938874016869254 462
1740012845311 5.197559952924868 463
1740012845342 4.796644278277245 464
1740012845368 5.099191608197863 465
1740012845395 5.1342805975245005 466
1740012845422 5.603918867669928 467
1740012845453 4.800117970713198 468
1740012845477 5.485721842289023 469
1740012845501 4.8883269453316105 470
1740012845527 5.193248433932512 471
1740012845552 5.606614401505385 472
1740012845577 5.545112906579558 473
1740012845601 4.750333193389963 474
1740012845628 5.195074894034199 475
1740012845652 4.508353686572505 476
1740012845676 4.776573124268282 477
1740012845703 4.65495177614367 478
1740012845732 5.133521010019104 479
1740012845756 4.964429998621378 480
1740012845780 5.428690890750103 481
1740012845806 5.0200188669278125 482
1740012845831 5.51685287056847 483
1740012845855 5.353905722342604 484
1740012845880 5.020140851233062 485
1740012845905 4.968334715845655 486
1740012845929 4.992539105354354 487
1740012845954 4.572665833775502 488
1740012845979 5.008386230339621 489
1740012846004 5.163090734932609 490
1740012846028 5.300320840151885 491
1740012846052 4.825095062412311 492
1740012846080 4.296312298072915 493
1740012846104 5.00247461425699 494
1740012846128 4.87485746323182 495
1740012846153 5.03200888370657 496
1740012846181 4.991903433392759 497
1740012846205 4.880284265426841 498
1740012846229 4.710631529275156 499
