1740002511142 6.079890315325765 0
1740002511230 5.05409582135975 1
1740002511314 9.434810410412751 2
1740002511394 9.795744410549961 3
1740002511476 6.138795601170409 4
1740002511554 4.987455166852648 5
1740002511632 2.507896479793413 6
1740002511710 5.438862335391868 7
1740002511789 3.848933066970381 8
1740002511869 3.0891570635104677 9
1740002511946 5.607219029567317 10
1740002512025 4.333664277886751 11
1740002512102 2.749595337646121 12
1740002512180 7.324843477274799 13
1740002512260 3.6850006246132447 14
1740002512340 3.413601670788706 15
1740002512417 4.365722317183768 16
1740002512494 4.984981834763972 17
1740002512572 4.302515118926439 18
1740002512651 4.181326135442025 19
1740002512729 3.9463241132096725 20
1740002512808 5.578557862331657 21
1740002512927 4.440550946123625 22
1740002513012 5.379456502960459 23
1740002513091 3.87856423632508 24
1740002513170 5.469203475124902 25
1740002513251 4.554112207220946 26
1740002513331 4.589902879239656 27
1740002513410 4.86910394612215 28
1740002513490 3.368856473836902 29
1740002513567 5.197914907691776 30
1740002513647 2.417361460959901 31
1740002513724 3.485002880507422 32
1740002513803 2.8557221542266094 33
1740002513884 3.7766984637913783 34
1740002513961 5.379883573349754 35
1740002514039 2.543826902250264 36
1740002514115 5.096429250945255 37
1740002514196 5.039255217087409 38
1740002514276 4.5402388069788815 39
1740002514354 4.399928905393497 40
1740002514432 6.003582688381732 41
1740002514510 3.5060962250923047 42
1740002514588 5.7631213681598865 43
1740002514666 5.024842788991565 44
1740002514744 2.9357565119670666 45
1740002514820 7.034512418294229 46
1740002514901 2.635582867206289 47
1740002514979 4.6106686014959575 48
1740002515056 2.1835163103059494 49
1740002515133 3.155854830300012 50
1740002515211 4.359450288793828 51
1740002515295 7.948376726453901 52
1740002515373 4.1542893903352 53
1740002515452 6.740385712875286 54
1740002515531 4.7530410987114635 55
1740002515612 4.824489863294475 56
1740002515693 4.133168960579759 57
1740002515771 5.5707469244480405 58
1740002515854 3.099867669275856 59
1740002515931 4.8331822567120994 60
1740002516012 5.200630731151243 61
1740002516092 3.799202879245889 62
1740002516171 5.859500509531123 63
1740002516250 3.790428213891193 64
1740002516337 4.568913911352291 65
1740002516416 2.026113844221951 66
1740002516494 5.341858676207597 67
1740002516602 5.897113889214516 68
1740002516681 7.0091544654965805 69
1740002516764 4.521068805424902 70
1740002516848 5.0606128918201945 71
1740002516927 3.359873387381274 72
1740002517005 5.6420658046704935 73
1740002517084 4.82563965983194 74
1740002517161 6.6716930086399175 75
1740002517240 3.0650430108393247 76
1740002517322 6.386907726837564 77
1740002517401 3.0218090663717216 78
1740002517479 5.181342554566222 79
1740002517557 6.064164885590846 80
1740002517636 8.965843799637303 81
1740002517716 5.636881259380079 82
1740002517794 4.315724700993472 83
1740002517873 4.8891553190280135 84
1740002517951 4.888171566613486 85
1740002518028 6.3388867543071425 86
1740002518106 4.2138572265425305 87
1740002518185 5.3235206260792625 88
1740002518266 3.4894548073665823 89
1740002518346 4.727405621528159 90
1740002518425 3.1149550567442286 91
1740002518502 3.220786080953667 92
1740002518578 6.155865557725964 93
1740002518657 2.147234875859336 94
1740002518734 4.57127358601067 95
1740002518813 5.9937294608851595 96
1740002518896 3.3454463147678646 97
1740002518973 6.489229525536015 98
1740002519056 3.9350853632435396 99
1740002519133 5.776229485681895 100
1740002519211 5.8667946477909885 101
1740002519287 4.309673199114817 102
1740002519368 3.0553788473532952 103
1740002519445 6.7997639664988885 104
1740002519522 5.791559864269673 105
1740002519601 5.246383150495911 106
1740002519678 7.989328272472321 107
1740002519771 4.286762590800895 108
1740002519853 5.963632137814421 109
1740002519935 5.337130665818903 110
1740002520012 3.6544452511706864 111
1740002520089 1.9423652828710183 112
1740002520167 4.843882512676595 113
1740002520244 5.218057002915918 114
1740002520324 3.5335764571196795 115
1740002520402 1.7062086422337128 116
1740002520481 4.795663964016173 117
1740002520558 4.755883479822181 118
1740002520635 2.890717430580149 119
1740002520712 5.0747067402692645 120
1740002520791 5.143289376323694 121
1740002520873 3.05610755538463 122
1740002520949 4.108992114788325 123
1740002521027 4.244599040600931 124
1740002521103 6.396051590163834 125
1740002521180 4.8227459046912315 126
1740002521256 6.472799154085996 127
1740002521336 4.253680268724808 128
1740002521462 4.294252431595336 129
1740002521542 6.449121603283733 130
1740002521619 5.704781685053358 131
1740002521697 2.6538883153076767 132
1740002521775 5.409065770211896 133
1740002521856 5.28955783517873 134
1740002521933 4.826495703118723 135
1740002522010 4.829093063573224 136
1740002522088 3.839010920551265 137
1740002522166 2.9477280357811897 138
1740002522245 4.567124588563193 139
1740002522322 5.9704636426901265 140
1740002522399 4.823388522429036 141
1740002522478 8.424543259578336 142
1740002522556 3.0968192864097834 143
1740002522635 5.26172380456218 144
1740002522714 6.037639835754622 145
1740002522791 6.202997516887607 146
1740002522871 4.922117130992455 147
1740002522949 3.501700112800496 148
1740002523025 4.249900819294943 149
1740002523104 6.454434423759551 150
1740002523181 4.298822254712338 151
1740002523260 3.2592361798286538 152
1740002523337 4.351730075931958 153
1740002523415 6.311272862071842 154
1740002523494 4.374558811780269 155
1740002523573 3.313105584801043 156
1740002523651 5.524112895993607 157
1740002523730 6.908199475728199 158
1740002523807 5.486529691033085 159
1740002523890 4.610807964180352 160
1740002523968 3.7967410888616016 161
1740002524045 4.7296384521626464 162
1740002524124 5.300283641787279 163
1740002524203 4.802432778554283 164
1740002524285 4.651445014072132 165
1740002524367 5.078192558898613 166
1740002524446 5.724972703628427 167
1740002524525 3.295542863159569 168
1740002524607 4.38458520990882 169
1740002524685 3.000669069150635 170
1740002524763 5.715097868058801 171
1740002524844 4.517405126407423 172
1740002524921 4.541017041993729 173
1740002524999 5.417641731677648 174
1740002525076 6.207353856463531 175
1740002525152 2.047432179780248 176
1740002525230 7.495957048473165 177
1740002525312 2.973676612594914 178
1740002525391 7.361074708458266 179
1740002525474 4.08827801980249 180
1740002525550 7.1309719193546455 181
1740002525628 4.894916239859778 182
1740002525706 4.471185069038056 183
1740002525783 3.03152096032948 184
1740002525864 3.6927431894521905 185
1740002525942 2.897852348148562 186
1740002526018 5.334534761232149 187
1740002526095 3.2606924369816386 188
1740002526172 6.168747153955763 189
1740002526250 8.948513021341906 190
1740002526328 7.749323809719383 191
1740002526405 2.1207978586033396 192
1740002526482 5.526605592413784 193
1740002526560 2.2073230171451854 194
1740002526639 3.9837851635089954 195
1740002526720 5.65483026269213 196
1740002526799 6.278594446184724 197
1740002526915 3.7648548047254864 198
1740002527012 7.896583322501074 199
1740002527109 10.332072508225036 200
1740002527222 3.803665542609056 201
1740002527329 9.742856961548368 202
1740002527431 2.898814535147221 203
1740002527529 3.299749419901119 204
1740002527624 4.96725617446566 205
1740002527717 4.288683753936914 206
1740002527814 3.1158720051111417 207
1740002527911 2.2817853102434418 208
1740002528102 5.763304182837795 209
1740002528269 6.419363554832887 210
1740002528375 5.174848863560248 211
1740002528466 3.904729760668495 212
1740002528549 6.455014406206681 213
1740002528635 6.450809659015798 214
1740002528721 3.8386961374676303 215
1740002528812 4.525210216718472 216
1740002528901 7.978777520154764 217
1740002528985 4.456728659184875 218
1740002529068 4.258276122620994 219
1740002529154 6.264683002779089 220
1740002529238 4.973308178505374 221
1740002529323 4.099273820051546 222
1740002529409 3.4806129767511615 223
1740002529492 4.841683100800288 224
1740002529580 4.993524716171235 225
1740002529663 4.455068622935392 226
1740002529746 3.0129604075602296 227
1740002529848 3.2413466101126835 228
1740002529942 7.49882102822874 229
1740002530029 7.099578180862903 230
1740002530115 3.5205023953665755 231
1740002530200 5.5101817671017725 232
1740002530284 6.2319888367467655 233
1740002530370 4.792389269688745 234
1740002530456 5.600882803760232 235
1740002530542 3.730136299526176 236
1740002530628 5.044247917366079 237
1740002530712 3.876046996156032 238
1740002530798 5.137343389033234 239
1740002530886 2.5444156398244733 240
1740002530969 4.446108028715006 241
1740002531052 2.2276746095308413 242
1740002531137 5.253899338318693 243
1740002531221 4.907405601250144 244
1740002531306 3.7230792588275836 245
1740002531393 5.460411704983908 246
1740002531479 5.8881035140064615 247
1740002531569 7.613546312973514 248
1740002531655 4.968397118095326 249
1740002531739 4.946686997422575 250
1740002531824 3.337219316152717 251
1740002531912 5.007575727678446 252
1740002531995 4.376165233156666 253
1740002532079 3.942883489137398 254
1740002532155 4.16723652247782 255
1740002532234 3.945033870001777 256
1740002532312 3.30700902477572 257
1740002532390 5.042843459593981 258
1740002532469 5.183744673945369 259
1740002532546 4.775081147393651 260
1740002532624 4.454279492138435 261
1740002532703 5.228560069054303 262
1740002532780 3.9591774948941487 263
1740002532862 3.712854816897244 264
1740002532941 4.265491983251955 265
1740002533019 4.384138514550692 266
1740002533095 3.7609159370158443 267
1740002533173 3.827548549344934 268
1740002533250 4.602118876438318 269
1740002533330 6.162097676291594 270
1740002533406 6.331919137227245 271
1740002533482 2.0976501868354718 272
1740002533561 4.872501270882208 273
1740002533646 5.6116534526611455 274
1740002533723 5.531433023031572 275
1740002533801 6.5812265094608575 276
1740002533882 4.098843292511682 277
1740002533959 3.3197624148433005 278
1740002534037 2.6502046767078538 279
1740002534114 6.738750937977607 280
1740002534193 2.455330589232712 281
1740002534270 2.600936275392028 282
1740002534349 5.0540433130916655 283
1740002534427 6.831673570588545 284
1740002534507 0.783237962568847 285
1740002534584 5.353921756371865 286
1740002534662 1.2277561301134488 287
1740002534741 5.572304512323978 288
1740002534821 3.6546636977882283 289
1740002534971 6.860688005513077 290
1740002535052 6.211654677574002 291
1740002535138 3.6520697300190914 292
1740002535219 5.106821798996403 293
1740002535300 5.30059462802689 294
1740002535387 3.4355306502032077 295
1740002535475 5.530566862190008 296
1740002535565 7.439082996043694 297
1740002535657 5.0529613927876795 298
1740002535736 6.725454830567195 299
1740002535816 3.9789061489143545 300
1740002535894 5.600252255717937 301
1740002535972 4.440495079825272 302
1740002536050 3.778633599885762 303
1740002536128 7.598587740883004 304
1740002536205 5.1050998281305935 305
1740002536283 5.743922920818642 306
1740002536362 1.6959772774720623 307
1740002536439 4.58645644195236 308
1740002536516 5.988943942231016 309
1740002536595 4.079430835309474 310
1740002536673 5.834095331956355 311
1740002536749 4.742583087282929 312
1740002536827 6.159716835710133 313
1740002536907 2.4737501507209827 314
1740002536983 5.221737876617911 315
1740002537060 3.8877512062829185 316
1740002537155 5.509126296800751 317
1740002537235 5.422378986148387 318
1740002537312 6.069651587605943 319
1740002537391 4.726293781945977 320
1740002537468 5.443864636020556 321
1740002537545 5.283058724567906 322
1740002537624 5.4827560119457965 323
1740002537711 6.513080542563504 324
1740002537790 7.377790706716117 325
1740002537873 6.50868086849645 326
1740002537951 4.330136498814313 327
1740002538036 3.5054803050668726 328
1740002538117 3.9155644422983564 329
1740002538196 5.664205042811974 330
1740002538275 3.46109900730939 331
1740002538354 3.4074465986364144 332
1740002538434 4.189879860002483 333
1740002538511 5.582773440158136 334
1740002538591 4.197474780105318 335
1740002538670 2.703335316513653 336
1740002538747 4.495749157066176 337
1740002538824 4.8733132820507 338
1740002538907 4.5362960905726695 339
1740002538985 6.364036313326493 340
1740002539063 5.17755063420679 341
1740002539141 5.381773800378459 342
1740002539223 6.7117910216048795 343
1740002539301 5.531664693468103 344
1740002539379 6.342662219306944 345
1740002539456 7.505284529772678 346
1740002539531 4.918185349362415 347
1740002539619 3.9387677582667093 348
1740002539700 6.458615094850454 349
1740002539785 6.567192883760012 350
1740002539869 3.841186266907802 351
1740002539973 4.278412875776645 352
1740002540056 3.670756918399032 353
1740002540136 4.54097371693682 354
1740002540214 1.3036553593951283 355
1740002540291 5.925402067730692 356
1740002540369 2.5991514509907145 357
1740002540446 5.40546727706959 358
1740002540522 2.873890339852535 359
1740002540601 1.6496904676167194 360
1740002540681 4.370036032711079 361
1740002540758 3.0227067965445524 362
1740002540843 7.479360424796611 363
1740002540927 6.775492906735031 364
1740002541005 5.541429431528828 365
1740002541083 5.256105397672625 366
1740002541159 1.3935514713266393 367
1740002541238 4.922914922198781 368
1740002541318 8.972802709008205 369
1740002541395 6.6959180803199745 370
1740002541471 3.7013980646255917 371
1740002541547 4.897452505218426 372
1740002541626 6.5348694674795995 373
1740002541706 6.014641555069757 374
1740002541788 4.762000288168001 375
1740002541869 5.021736043948081 376
1740002541946 5.258170321490733 377
1740002542023 1.6212239097628485 378
1740002542101 5.493592803496146 379
1740002542178 4.296026692336715 380
1740002542257 4.272151109425158 381
1740002542337 4.187461900834346 382
1740002542414 3.941290890056837 383
1740002542493 3.2677715370623166 384
1740002542575 3.9825956406146754 385
1740002542660 5.549895405181773 386
1740002542742 3.4808908208420237 387
1740002542818 6.619733568811164 388
1740002542907 5.1260433366966005 389
1740002542986 6.926586699282923 390
1740002543063 5.781679355402303 391
1740002543139 6.211903036602714 392
1740002543218 4.115681315721876 393
1740002543297 5.20440866064934 394
1740002543377 4.050642106734886 395
1740002543455 4.012099974141595 396
1740002543531 5.738169814761451 397
1740002543609 5.0729222585794655 398
1740002543688 5.3552235995354565 399
1740002543766 4.294601592100475 400
1740002543855 4.39360247853729 401
1740002543936 6.681244147738728 402
1740002544012 9.34665920623462 403
1740002544089 4.884633493402373 404
1740002544166 6.09361952496509 405
1740002544242 9.58340099049027 406
1740002544321 3.1414702099534093 407
1740002544400 4.869346637714942 408
1740002544477 2.7217222083352923 409
1740002544555 3.0831057323155715 410
1740002544633 4.571652899324782 411
1740002544715 5.749997667353972 412
1740002544792 4.870148001874783 413
1740002544872 4.562573875678199 414
1740002544952 6.082552471963561 415
1740002545029 7.248241022995184 416
1740002545109 5.317174187740984 417
1740002545189 4.113231809331056 418
1740002545268 3.1822953682099597 419
1740002545390 4.110029333930833 420
1740002545469 4.520282507428526 421
1740002545546 4.415544753177536 422
1740002545625 4.86052420159441 423
1740002545702 6.23243514695997 424
1740002545780 7.646682274697163 425
1740002545866 7.279206253940705 426
1740002545942 3.0033737671019507 427
1740002546019 6.795369684858933 428
1740002546096 5.4870682503564705 429
1740002546173 5.9727226447503705 430
1740002546251 7.12693422737784 431
1740002546330 10.21910296775192 432
1740002546409 6.298684195629098 433
1740002546486 7.001180332515988 434
1740002546565 3.9937039522815123 435
1740002546645 8.79953005293269 436
1740002546721 2.303695927820351 437
1740002546799 4.54040725828553 438
1740002546882 10.114803114099196 439
1740002546958 4.219111914467957 440
1740002547035 5.502626748123086 441
1740002547113 4.730957872507031 442
1740002547190 6.690896917212113 443
1740002547267 4.583493702712095 444
1740002547346 5.323229329398023 445
1740002547426 2.9657422197030745 446
1740002547503 6.850108764598971 447
1740002547581 4.7243209624402125 448
1740002547659 5.0235188247788525 449
1740002547736 6.0357100655981775 450
1740002547817 4.1520484393078245 451
1740002547902 6.184260834813531 452
1740002547982 4.900572867596019 453
1740002548060 2.5187984710682385 454
1740002548139 3.821869942587494 455
1740002548218 6.210779983488175 456
1740002548299 4.812635327924016 457
1740002548378 4.4301407466974 458
1740002548456 3.912364130891805 459
1740002548533 4.20304501391277 460
1740002548613 3.987199373696595 461
1740002548691 4.6781578459180935 462
1740002548769 6.792946658852605 463
1740002548853 8.40038209867373 464
1740002548931 4.410096594227387 465
1740002549009 4.339166478762641 466
1740002549089 3.686494006275976 467
1740002549165 3.5288362487142932 468
1740002549243 4.23500934464012 469
1740002549320 4.550087448896984 470
1740002549398 5.795570987427284 471
1740002549476 4.915118238169733 472
1740002549556 3.514812002982958 473
1740002549636 3.6218607478146354 474
1740002549712 4.87450105058996 475
1740002549789 3.99387555459911 476
1740002549868 4.978307410899059 477
1740002549950 6.375161724620025 478
1740002550035 3.556768681923708 479
1740002550119 4.717448455452535 480
1740002550198 4.0762818941206636 481
1740002550275 5.965277473111902 482
1740002550357 5.671755902252995 483
1740002550437 4.6515531006484645 484
1740002550514 5.768083868904898 485
1740002550593 5.46302274066674 486
1740002550672 4.210961575875365 487
1740002550752 6.377304862623967 488
1740002550835 4.363364778014009 489
1740002550915 7.065980265084618 490
1740002550993 3.3999428788551715 491
1740002551070 2.7110276680486023 492
1740002551148 4.431032416085286 493
1740002551225 5.467728100750088 494
1740002551303 6.061415453225173 495
1740002551381 3.8764371797491424 496
1740002551459 4.160652062872951 497
1740002551536 8.045013910649304 498
1740002551616 2.9064901624976676 499
