1740002123401 71.46139353640181 0
1740002123424 35.26129215223245 1
1740002123444 18.997642832593655 2
1740002123464 11.024571451194245 3
1740002123484 8.996091994109484 4
1740002123503 6.912593065822647 5
1740002123522 6.1735022799126344 6
1740002123545 5.658323967001876 7
1740002123564 5.125343064208841 8
1740002123591 5.1366510873304385 9
1740002123615 5.203451050622519 10
1740002123643 4.9882261496222435 11
1740002123673 4.79347496243837 12
1740002123704 5.162174513150799 13
1740002123734 4.9197933394035775 14
1740002123767 4.995246695805386 15
1740002123796 5.081571149610761 16
1740002123825 4.5565161793096545 17
1740002123856 4.73492198796599 18
1740002123886 5.033490996788617 19
1740002123914 5.005025534606183 20
1740002123940 5.04410600286816 21
1740002123966 4.461785180385324 22
1740002123990 4.583486587548671 23
1740002124011 4.676021155505198 24
1740002124031 4.943889991190445 25
1740002124049 4.795131340074823 26
1740002124068 4.648622681574717 27
1740002124086 4.888014053857268 28
1740002124104 4.658074109253666 29
1740002124123 4.815148673915909 30
1740002124140 4.809021772166529 31
1740002124158 4.435841386341411 32
1740002124177 5.114936177917508 33
1740002124195 4.973809192617367 34
1740002124215 5.076875814408076 35
1740002124236 4.581252915531003 36
1740002124256 4.685734277303404 37
1740002124279 4.51176925887128 38
1740002124299 5.430286570158904 39
1740002124326 4.769741672325017 40
1740002124346 4.364223015334391 41
1740002124371 4.619065980270095 42
1740002124391 4.61846315723109 43
1740002124413 4.7270515616642514 44
1740002124435 4.408409227337066 45
1740002124455 5.0074158372257775 46
1740002124477 4.6425811740541985 47
1740002124498 4.56264378786247 48
1740002124517 4.693666128870156 49
1740002124539 5.096500424720859 50
1740002124559 4.387324874200301 51
1740002124578 4.521170241142655 52
1740002124597 5.086413902756792 53
1740002124617 4.681299077930888 54
1740002124636 4.710885494717111 55
1740002124655 4.879484487194835 56
1740002124678 4.631213975549002 57
1740002124698 4.686722238575955 58
1740002124719 4.558862304983734 59
1740002124738 4.743927027661763 60
1740002124759 4.985031514642166 61
1740002124781 4.713543815748491 62
1740002124858 4.955814151634803 63
1740002124883 4.605311432446391 64
1740002124905 4.822169932955272 65
1740002124925 4.497259572660558 66
1740002124946 5.075558508491238 67
1740002124966 4.734379592102108 68
1740002124986 4.732607407846353 69
1740002125007 4.823865299023264 70
1740002125029 4.937656489875104 71
1740002125050 4.916481115752774 72
1740002125069 4.739210770434893 73
1740002125088 4.664677695289664 74
1740002125108 5.101225858424457 75
1740002125127 4.687212250955753 76
1740002125147 4.963639372340023 77
1740002125166 4.983304022227683 78
1740002125185 4.5655993229903045 79
1740002125205 4.57515140974091 80
1740002125226 5.0499953907291 81
1740002125247 4.978733241511117 82
1740002125267 4.800951808247593 83
1740002125286 4.974807114473366 84
1740002125306 4.905205573998891 85
1740002125326 4.924153858787995 86
1740002125345 4.873658123127996 87
1740002125365 4.960905340887575 88
1740002125383 4.423956008727439 89
1740002125403 4.673356980461372 90
1740002125423 4.7891118259608625 91
1740002125443 4.61695746934169 92
1740002125462 4.673253170712607 93
1740002125482 4.490828493107303 94
1740002125501 4.748892815589009 95
1740002125519 4.58642071698638 96
1740002125542 4.650792553911043 97
1740002125563 4.756205648179749 98
1740002125584 4.9602557470501365 99
1740002125604 4.8772293831233196 100
1740002125626 5.228757392741037 101
1740002125645 4.617144540363587 102
1740002125664 4.886543993324779 103
1740002125683 4.440027445219234 104
1740002125702 4.823614073346804 105
1740002125722 4.306123264368353 106
1740002125741 5.057997349944328 107
1740002125764 4.690321576907432 108
1740002125786 4.682537305213393 109
1740002125829 4.888194195992778 110
1740002125849 4.900446889723383 111
1740002125869 4.822088305524174 112
1740002125890 4.901352394493723 113
1740002125911 4.967866255171011 114
1740002125933 4.669262830943971 115
1740002125953 4.956135673836852 116
1740002125975 4.423011625363178 117
1740002125995 4.745298308377379 118
1740002126014 4.893130873833261 119
1740002126034 4.6495109127053755 120
1740002126054 5.096852815430642 121
1740002126076 5.096895432700611 122
1740002126095 5.128581205920751 123
1740002126115 4.786154472955014 124
1740002126134 4.698348777526482 125
1740002126153 4.598908508966779 126
1740002126173 4.814843946090701 127
1740002126192 4.906084049467585 128
1740002126212 4.924611331652219 129
1740002126231 5.322104258182693 130
1740002126251 4.588310679987213 131
1740002126271 5.0418937902471965 132
1740002126291 4.776725655587377 133
1740002126310 5.026209921148293 134
1740002126330 5.243372981395941 135
1740002126350 4.9529238871509085 136
1740002126370 4.447934423987712 137
1740002126389 4.607415090467432 138
1740002126408 4.766478619547551 139
1740002126428 5.029468999963325 140
1740002126448 4.702343913490642 141
1740002126467 4.665011678473603 142
1740002126487 4.544344577349097 143
1740002126506 4.899171873581372 144
1740002126530 4.725721475536332 145
1740002126551 4.839094191857186 146
1740002126572 4.864856773723741 147
1740002126592 4.787110313151492 148
1740002126613 4.998383094035785 149
1740002126632 5.134220413570746 150
1740002126652 5.06425759177129 151
1740002126672 5.092407259731994 152
1740002126691 4.929249735221309 153
1740002126710 4.574803811780843 154
1740002126730 5.008638890949588 155
1740002126751 5.04224708548298 156
1740002126771 4.726837988977148 157
1740002126791 4.946600279960732 158
1740002126810 4.609710934800138 159
1740002126829 4.3438165694188635 160
1740002126851 4.89120267617553 161
1740002126871 4.512978579630725 162
1740002126890 4.813991012826236 163
1740002126909 4.758560399715557 164
1740002126929 4.936376320137474 165
1740002126948 4.911535266843774 166
1740002126968 4.845766020987343 167
1740002126988 5.232024813361168 168
1740002127007 4.664510477957377 169
1740002127027 4.852791304113518 170
1740002127047 4.885738677651953 171
1740002127066 4.353066723613045 172
1740002127087 4.904513259280035 173
1740002127107 4.830466069861677 174
1740002127127 4.381575513226332 175
1740002127147 4.943867693940282 176
1740002127166 4.374896225098857 177
1740002127185 4.786968915420278 178
1740002127204 4.834272743501199 179
1740002127224 5.115281629440115 180
1740002127244 5.090906963493994 181
1740002127264 5.15919388961915 182
1740002127283 4.805829481474944 183
1740002127303 4.861571330258244 184
1740002127323 4.952485681417019 185
1740002127342 4.600967714954917 186
1740002127361 4.621002782229108 187
1740002127380 5.236356724588136 188
1740002127399 4.94531097368892 189
1740002127419 4.946409502924952 190
1740002127438 4.604729232957987 191
1740002127457 5.00797236344343 192
1740002127478 4.764075693022682 193
1740002127497 5.109793004247453 194
1740002127517 5.045698339140963 195
1740002127536 4.586154217329129 196
1740002127558 4.730004621110135 197
1740002127577 4.511915706011475 198
1740002127596 5.172764159654156 199
1740002127615 4.764983802439772 200
1740002127634 4.4081513982110465 201
1740002127654 4.926312911268528 202
1740002127673 4.807476747620067 203
1740002127693 5.071928524341652 204
1740002127712 4.6731714746521025 205
1740002127733 5.032681366105667 206
1740002127754 5.262881780266734 207
1740002127773 4.598114326193202 208
1740002127792 4.910174063120711 209
1740002127811 4.413569268013396 210
1740002127830 5.03421345674194 211
1740002127849 4.718243728773144 212
1740002127870 4.494702078491091 213
1740002127889 5.049361309739985 214
1740002127909 4.6340180999528195 215
1740002127931 5.502254893890048 216
1740002127951 4.911537149186796 217
1740002127973 4.715511409309032 218
1740002127993 4.55954457258724 219
1740002128012 4.773675804997073 220
1740002128032 4.952460538587392 221
1740002128051 4.701034749977264 222
1740002128108 4.555911434421805 223
1740002128128 4.854946607291964 224
1740002128149 4.735093373954991 225
1740002128169 4.649647998986686 226
1740002128190 4.531427303675815 227
1740002128210 4.692261211631556 228
1740002128234 4.878567130527027 229
1740002128253 4.857076723780148 230
1740002128274 4.744954704989094 231
1740002128293 4.800120676483159 232
1740002128312 4.867832623578793 233
1740002128332 4.711433445820882 234
1740002128351 4.744870975764448 235
1740002128371 5.158287480496362 236
1740002128390 4.610004581431056 237
1740002128410 4.743940583316032 238
1740002128429 4.741168494039128 239
1740002128449 4.749322639939493 240
1740002128468 4.99243784638171 241
1740002128487 4.778656189719931 242
1740002128507 4.765752492254676 243
1740002128526 4.312878751860409 244
1740002128548 4.644053745858664 245
1740002128571 4.958986305740969 246
1740002128591 4.766070098673056 247
1740002128610 4.753604792666915 248
1740002128630 4.607187641900638 249
1740002128649 4.775309466339222 250
1740002128669 4.927085799720942 251
1740002128688 5.2739798811634735 252
1740002128707 4.977260310818156 253
1740002128726 4.6094633087505725 254
1740002128745 4.486131096484407 255
1740002128767 4.967615402588368 256
1740002128786 5.104721650055454 257
1740002128807 4.882887333336038 258
1740002128826 4.649268261531858 259
1740002128845 4.756693680860904 260
1740002128865 4.669374076330007 261
1740002128885 4.832433276145622 262
1740002128904 4.470239034779113 263
1740002128923 4.707747024170497 264
1740002128942 5.0346702919773625 265
1740002128961 5.318558204856012 266
1740002128981 5.030430528437242 267
1740002129001 4.702042769986208 268
1740002129021 4.714495100931018 269
1740002129040 5.048731093336514 270
1740002129060 4.740059792536457 271
1740002129079 4.766168547768668 272
1740002129098 4.4857128032876625 273
1740002129121 4.885615967176769 274
1740002129141 4.68808094803777 275
1740002129161 5.370427701199335 276
1740002129182 4.877041717107887 277
1740002129201 4.925047786229811 278
1740002129222 4.805026124167384 279
1740002129242 4.570481346891595 280
1740002129261 4.873655028557766 281
1740002129281 4.531118337315201 282
1740002129300 4.878021620050139 283
1740002129319 4.908585484501666 284
1740002129338 4.709243020731732 285
1740002129358 4.867027288334642 286
1740002129377 4.886206833852549 287
1740002129397 4.732102877571473 288
1740002129416 4.728501579690717 289
1740002129436 4.802527422409238 290
1740002129455 4.630865798984432 291
1740002129475 4.760881623292165 292
1740002129494 4.809835258071042 293
1740002129513 4.728726821048602 294
1740002129533 4.766217840653762 295
1740002129555 4.50540941803541 296
1740002129573 4.688509950491871 297
1740002129592 4.966779823115989 298
1740002129611 4.906425597900762 299
1740002129630 4.895004341047613 300
1740002129648 5.1672507688212574 301
1740002129668 4.927138522198124 302
1740002129687 4.760721279956731 303
1740002129707 4.551373364110345 304
1740002129726 4.663454919792375 305
1740002129745 4.951593264852519 306
1740002129787 4.735225787616477 307
1740002129877 4.5076736473080325 308
1740002129900 4.605988763768627 309
1740002129919 4.903340638682228 310
1740002129939 4.512781282109613 311
1740002129958 4.479032002387153 312
1740002129977 4.928493781730525 313
1740002129997 4.84322908303496 314
1740002130017 4.67720219593726 315
