1739969399324 2.5155684070991366 0
1739969399414 1.1686622547980128 1
1739969399503 2.678931182950512 2
1739969399593 0.06408449997407521 3
1739969399714 1.712159216899108 4
1739969399799 0.17640921263675638 5
1739969399882 0.5454844633673869 6
1739969399965 1.4621678935116147 7
1739969400070 0.0808591679655153 8
1739969400161 0.014652032563086148 9
1739969400244 0.33265826663981624 10
1739969400330 0.5328298168528698 11
1739969400413 0.048702130158938844 12
1739969400500 0.03076646965560184 13
1739969400587 0.00021392456054814175 14
1739969400683 0.6486725505572714 15
1739969400772 0.6538487468483506 16
1739969400858 0.09830206582039829 17
1739969400941 0.6790402002561758 18
1739969401023 0.2515461119714888 19
1739969401108 0.07059233849280055 20
1739969401192 0.11110315941044961 21
1739969401275 0.22615443433659058 22
1739969401358 0.4850102908258649 23
1739969401438 0.16128287387015444 24
1739969401521 0.20297148717110672 25
1739969401606 0.07224204259448723 26
1739969401691 0.32802785932319634 27
1739969401783 0.2537036112944921 28
1739969401866 0.6404091681246439 29
1739969401949 0.07945038133026783 30
1739969402031 0.13398256082874713 31
1739969402115 0.2591216878892298 32
1739969402197 0.34848418566027206 33
1739969402280 0.160255993397332 34
1739969402365 0.05986193176864078 35
1739969402449 0.5330787636288119 36
1739969402534 0.07301967519040356 37
1739969402619 0.06104409184950692 38
1739969402704 0.24086467567802863 39
1739969402788 0.17433561223211397 40
1739969402870 0.07274528547067097 41
1739969402955 0.020248529575464663 42
1739969403036 0.4041697657264543 43
1739969403115 0.07019322909602456 44
1739969403191 0.026073128356869844 45
1739969403266 0.0013838339345747497 46
1739969403350 0.10599830588020934 47
1739969403424 0.409061244653169 48
1739969403500 0.034306804980536044 49
1739969403603 0.004531905382281055 50
1739969403686 0.07302612313579529 51
1739969403765 0.26579111491313007 52
1739969404184 0.04841697341397661 53
1739969404278 0.24157088561431989 54
1739969404356 0.5893550030165733 55
1739969404432 0.04469704714705597 56
1739969404508 0.09555557431616965 57
1739969404581 0.5450616196848475 58
1739969404656 0.028824452048733965 59
1739969404753 0.10969606602144764 60
1739969404827 0.005664615098252296 61
1739969404901 0.03767438476231685 62
1739969404982 0.10480969984442688 63
1739969405054 0.429087576692581 64
1739969405133 0.20858992628725234 65
1739969405209 0.07450598940479558 66
1739969405288 0.20221812095680908 67
1739969405376 0.4407641586709655 68
1739969405450 0.22381403232444577 69
1739969405535 0.8053450118372567 70
1739969405618 0.01493316440141362 71
1739969405695 0.07212548405368523 72
1739969405771 0.2509314430566913 73
1739969405841 0.01239283158673781 74
1739969405921 0.6682607541778235 75
1739969405995 0.05385644234721364 76
1739969406100 0.30818761129231487 77
1739969406180 0.3599685973427757 78
1739969406257 0.46326265646750986 79
1739969406362 0.00013876675652242738 80
1739969406446 0.005770366432791545 81
1739969406624 0.026016455919563548 82
1739969406784 0.12900730302804686 83
1739969406969 1.1094033600734101e-07 84
1739969407060 0.1677339575824526 85
1739969407150 0.020967642521380808 86
1739969407299 0.35528777126924704 87
1739969407381 0.4935867310798856 88
1739969407466 0.04367229850746832 89
1739969407552 0.05918606121377753 90
1739969407634 0.07024326797141614 91
1739969407720 0.15201782312401618 92
1739969407803 0.17920723178823786 93
1739969407887 0.13246519051152633 94
1739969407970 0.22877224249766115 95
1739969408050 0.06206598145057421 96
1739969408137 0.07029271570037672 97
1739969408221 0.07116911388841682 98
1739969408300 0.7356302131898961 99
1739969408380 0.399069255518695 100
1739969408470 0.30839890090140915 101
1739969408549 0.011597803754719959 102
1739969408668 0.005351064671700535 103
1739969408749 0.21496620823530246 104
1739969408831 0.05838361029452444 105
1739969408916 0.28942835346342566 106
1739969408998 0.03317554625231407 107
1739969409087 0.38319512712914194 108
1739969409167 0.06690284587299053 109
1739969409244 0.4289602125029539 110
1739969409329 0.01613057026318239 111
1739969409411 0.03779351532235257 112
1739969409491 0.6284756110245432 113
1739969409574 0.044265745510847936 114
1739969409658 0.006487846062496853 115
1739969409738 0.08882563679398 116
1739969409815 0.0010988424619060816 117
1739969409893 0.5579451805371062 118
1739969409999 0.0691481567890104 119
1739969410082 0.0008362994492519572 120
1739969410165 0.48733890570470634 121
1739969410244 0.2654408078593041 122
1739969410319 0.4326496078505392 123
1739969410401 0.239247479237711 124
1739969410479 0.13452202589837026 125
1739969410560 0.0024760935040620854 126
1739969410642 0.44236133921637233 127
1739969410717 0.17724796032780324 128
1739969410799 0.13979463124356054 129
1739969410885 0.5678564981900017 130
1739969410966 0.6966215474597485 131
1739969411045 0.3140766511757688 132
1739969411131 0.01131757097774974 133
1739969411208 0.19060477501650702 134
1739969411290 0.2291004246668524 135
1739969411372 0.15463847628939736 136
1739969411452 0.010536702409963418 137
1739969411540 0.4123917001648265 138
1739969411626 0.1672832160532946 139
1739969411709 0.008688514953773594 140
1739969411793 0.13303188897089754 141
1739969411871 0.40505875284089327 142
1739969411955 0.4039172642428182 143
1739969412037 0.5845768121858795 144
1739969412121 0.043127712151910365 145
1739969412199 0.08770623640174934 146
1739969412284 0.34718050809081497 147
1739969412370 0.8325728628047426 148
1739969412451 0.011273324405187458 149
1739969412537 0.01053288059739419 150
1739969412622 0.057753311209176796 151
1739969412699 0.23913037473612217 152
1739969412781 0.5758664499970834 153
1739969412863 0.8068676670886253 154
1739969412940 0.1518518866259175 155
1739969413024 0.03799569344145503 156
1739969413119 0.1686704473149383 157
1739969413198 0.2279211620845488 158
1739969413281 0.6544871239240949 159
1739969413363 0.1646074031895271 160
1739969413442 0.35409392934716505 161
1739969413522 0.037828656407311124 162
1739969413603 0.19045638400021267 163
1739969413686 0.40760628665903437 164
1739969413778 0.49740652069793767 165
1739969413866 0.4710252089481752 166
1739969413952 0.07047570024872928 167
1739969414032 0.052632288330975045 168
1739969414118 0.03365290548855062 169
1739969414202 0.4042387945455746 170
1739969414279 0.005844754119860948 171
1739969414360 0.0011474886786093893 172
1739969414449 0.444350277489077 173
1739969414529 0.27460135588056206 174
1739969414616 0.039402462740312755 175
1739969414695 0.14088626845397587 176
1739969414770 0.012708517736761672 177
1739969414848 0.2539540700513643 178
1739969414934 0.08173252794889212 179
1739969415015 0.03267344271573847 180
1739969415112 0.1427295365555849 181
1739969415195 0.5232158568698232 182
1739969415276 0.04407082367447212 183
1739969415355 0.061884102955320014 184
1739969415429 0.5009168297338432 185
1739969415510 0.15032265168489603 186
1739969415592 0.36459572796156464 187
1739969415669 0.0217574300655342 188
1739969415750 0.1709354273840953 189
1739969415830 0.18350785480541446 190
1739969415912 0.018740100044390397 191
1739969415991 0.14356429540404017 192
1739969416074 0.018748918418227144 193
1739969416151 0.5351345207271374 194
1739969416232 0.33581171231494417 195
1739969416317 0.8271143771952343 196
1739969416406 0.02341590278783348 197
1739969416484 0.08818963845586443 198
1739969416574 0.06846039952057766 199
1739969416675 0.3999365431171801 200
1739969416752 0.24393555120985969 201
1739969416828 0.3087248074630594 202
1739969416914 0.23278411299446658 203
1739969416993 0.27919134458931744 204
1739969417070 0.11604495542718979 205
1739969417157 0.06076611916116245 206
1739969417247 0.13700336400141336 207
1739969417328 0.04337601788344983 208
1739969417408 0.049768245243708285 209
1739969417490 0.1992418710727636 210
1739969417575 0.7240202939562514 211
1739969417654 0.5508368667229437 212
1739969417733 0.3299901820790361 213
1739969417815 0.4719356948433507 214
1739969417893 0.043292065761995666 215
1739969417972 0.38490592255446104 216
1739969418052 0.25834891438828506 217
1739969418147 0.01584396027570797 218
1739969418229 0.04924004158008603 219
1739969418308 0.09141375586167738 220
1739969418388 0.42151145720232536 221
1739969418465 0.013554860145366233 222
1739969418543 0.23712906975281256 223
1739969418651 0.1752948023674274 224
1739969418730 0.011473278691426171 225
1739969418807 0.7089921224482773 226
1739969418883 0.10654901913298652 227
1739969418962 0.10732137897802466 228
1739969419041 0.36509080744957845 229
1739969419123 0.375716646876993 230
1739969419199 0.019817594828771958 231
1739969419284 0.4104223668958381 232
1739969419366 0.10417478727869925 233
1739969419450 0.3216021549509568 234
1739969419531 0.10922774963991548 235
1739969419610 0.1722220980147232 236
1739969419687 0.5343376123988164 237
1739969419764 0.11230220999167907 238
1739969419853 0.0013428540778811498 239
1739969419932 0.5481798120124843 240
1739969420013 0.06154513836462778 241
1739969420096 0.15004888330474847 242
1739969420174 0.10374594134765522 243
1739969420257 0.13448494591341892 244
1739969420344 0.01883047731366733 245
1739969420423 0.11453968927862931 246
1739969420528 0.06430814361154814 247
1739969420624 0.0015428481501168327 248
1739969420704 0.4746103853942805 249
1739969420783 0.22657661646011582 250
1739969420867 0.1629976371491553 251
1739969420949 5.3053472632223826e-05 252
1739969421032 0.012981431424827345 253
1739969421114 0.09802361070503558 254
1739969421202 0.11002204489388147 255
1739969421330 0.03436453542178191 256
1739969421409 0.11038949482275646 257
1739969421487 0.7522153862872862 258
1739969421571 0.18199839224966657 259
1739969421675 0.04840143654151986 260
1739969421754 0.6104456306686997 261
1739969421836 0.18436670128331772 262
1739969421913 0.2366308267417948 263
1739969421993 0.1791770045257303 264
1739969422080 0.04625507450836292 265
1739969422159 0.21672084958599683 266
1739969422238 0.02180446037254064 267
1739969422317 0.026263485437880065 268
1739969422397 0.04254102805777061 269
1739969422482 0.0068308976322714295 270
1739969422569 0.280335015335018 271
1739969422649 0.10596905647410228 272
1739969422730 0.4089100617167682 273
1739969422811 0.07976121990849963 274
1739969422891 0.6575818822734182 275
1739969422967 0.6620744089234518 276
1739969423046 0.594558849630685 277
1739969423125 0.04484428568012057 278
1739969423202 0.2199102400706568 279
1739969423276 0.08910350919401124 280
1739969423356 0.4042014451752403 281
1739969423439 0.0053002212214872425 282
1739969423524 0.2769560601375328 283
1739969423606 0.5180052210938174 284
1739969423684 0.2762361972721423 285
1739969423759 0.2520705807874205 286
1739969423839 0.7871203861528444 287
1739969423916 0.3385299281475795 288
1739969424002 0.00034960740614015497 289
1739969424086 0.23878747422504815 290
1739969424165 0.08185220468522825 291
1739969424239 0.002212634409598823 292
1739969424318 0.020815977973801806 293
1739969424400 0.4435901772754068 294
1739969424484 0.14318905869289417 295
1739969424567 0.23857100714038224 296
1739969424648 0.32008807998344274 297
1739969424735 0.00745078810888894 298
1739969424821 0.005031429533938755 299
1739969424899 0.07664964095323579 300
1739969424973 0.23551921018069738 301
1739969425050 0.22680238457585553 302
1739969425139 0.21031170348997463 303
1739969425223 0.25111556708777505 304
1739969425305 0.009497011275450846 305
1739969425386 0.0003131467820956573 306
1739969425467 0.33582741389488063 307
1739969425550 0.13955018377698059 308
1739969425636 0.005951337572956404 309
1739969425720 0.7976047919791169 310
1739969425803 0.003933011520390931 311
1739969425882 0.376995529596448 312
1739969425962 0.570899769701455 313
1739969426044 0.03490984118930497 314
1739969426189 0.06811816297266189 315
1739969426271 0.2529806543802121 316
1739969426355 0.6351512613079229 317
1739969426439 0.45966080621601013 318
1739969426521 0.0012891436521646241 319
1739969426605 0.29798118548179586 320
1739969426687 0.003466307255893408 321
1739969426787 0.24471939659145428 322
1739969426868 0.10076010406655483 323
1739969426950 0.11453566065279629 324
1739969427033 0.6502882061566418 325
1739969427116 0.31005848916616424 326
1739969427199 0.06242446237872011 327
1739969427278 0.15927643448041456 328
1739969427359 0.22442395077019783 329
1739969427431 1.4599349527410124 330
1739969427505 0.03949343636027593 331
1739969427578 0.10461508246908334 332
1739969427650 0.540012405554947 333
1739969427724 0.22509878142369255 334
1739969427796 0.4064592597219972 335
1739969427869 0.2097907366041482 336
1739969427953 0.055236324288362795 337
1739969428063 0.8153235921580371 338
1739969428150 0.163864532313477 339
1739969428220 0.4396661401547633 340
1739969428292 0.12351690855343815 341
1739969428373 0.11912432274052365 342
1739969428454 0.0061979608935137575 343
1739969428536 0.31249229627755243 344
1739969428639 0.06595000671551911 345
1739969428721 0.0981990037194985 346
1739969428806 0.13139471241066347 347
1739969428891 3.016564585597239 348
1739969428977 0.08276201155931405 349
1739969429061 0.15332882480435223 350
1739969429156 0.08039058465757803 351
1739969429236 0.20382769823034363 352
1739969429310 0.2604499283547496 353
1739969429382 0.06361757314445819 354
1739969429458 0.470951231019184 355
1739969429545 0.010655726970309592 356
1739969429630 0.09458974918804879 357
1739969429785 0.2163092019253765 358
1739969429872 0.45392231130818267 359
1739969429950 0.20227584169526466 360
1739969430030 1.1255695920207454 361
1739969430110 0.050109814879341685 362
1739969430183 0.1081879501689484 363
1739969430264 0.3963615460853552 364
1739969430347 2.6831881603418288e-08 365
1739969430431 0.010445980682741622 366
1739969430520 0.47470989008129344 367
1739969430603 0.31187626244324906 368
1739969430686 0.2330417632509932 369
1739969430773 0.10458496733508012 370
1739969430876 0.007977951641296091 371
1739969430961 0.0677407837464254 372
1739969431046 0.18272862350446212 373
1739969431138 0.10479358878192307 374
1739969431224 0.17353991992249918 375
1739969431307 0.003883122275252046 376
1739969431393 0.1337819908668697 377
1739969431471 0.1948582628155491 378
1739969431558 0.1460624826192659 379
1739969431634 0.20830625195532027 380
1739969431709 0.7343712864040683 381
1739969431793 0.39267671115468616 382
1739969431867 0.34779560161727563 383
1739969431943 0.5984608026501699 384
1739969432026 4.733792586694851e-06 385
1739969432110 0.4895608447908849 386
1739969432202 0.18282010326193063 387
1739969432286 0.056626957843122584 388
1739969432373 0.3787041238420517 389
1739969432458 0.27985830158550506 390
1739969432539 0.011704601775246055 391
1739969432624 0.024815831792106384 392
1739969432707 0.5059030762648257 393
1739969432782 0.4800982071481583 394
1739969432865 0.002984483964472151 395
1739969432940 0.015743269743087606 396
1739969433023 0.27883807827386536 397
1739969433108 0.21880551090881964 398
1739969433193 0.21035882515700505 399
1739969433276 0.1442584627645328 400
1739969433389 0.0011544539808017815 401
1739969433473 0.09670465265336416 402
1739969433554 0.06775456645496093 403
1739969433633 0.24454945066049555 404
1739969433706 0.2370496156712481 405
1739969433786 0.019651362439253302 406
1739969433861 0.16463540310165656 407
1739969433935 0.8296845572772459 408
1739969434021 0.1462130450512819 409
1739969434119 0.26981642800007416 410
1739969434209 0.027728294852788632 411
1739969434299 0.0756442337933247 412
1739969434385 0.048837771285966225 413
1739969434468 0.22464029861129622 414
1739969434553 0.9036688444219657 415
1739969434636 0.0016974114645092624 416
1739969434721 0.06867347448813511 417
1739969434808 0.4933236135778909 418
1739969434892 0.00041727689166727263 419
1739969434976 0.25594793877781385 420
1739969435067 0.3367094655915822 421
1739969435152 0.03526633054374702 422
1739969435236 0.0008197287856536602 423
1739969435319 0.0787079545597773 424
1739969435402 0.21467145930396284 425
1739969435486 0.3274513019556698 426
1739969435568 0.08444922110763584 427
1739969435649 0.13225912911935947 428
1739969435729 0.22435873514743981 429
1739969435811 0.1584699856415825 430
1739969435892 0.831183337720527 431
1739969435972 0.01633100563009788 432
1739969436052 1.424680403823746 433
1739969436137 0.037705377212121846 434
1739969436217 0.12928904213569067 435
1739969436299 0.08449843869752369 436
1739969436379 0.171519463423291 437
1739969436459 0.41836813283736746 438
1739969436540 0.2823998616135111 439
1739969436684 0.21880177794303332 440
1739969436765 2.0578995309932795e-05 441
1739969436844 0.03117071565591026 442
1739969436925 0.6440744254228229 443
1739969437004 0.03692352510599832 444
1739969437085 0.21073548544000298 445
1739969437167 0.05364923942657594 446
1739969437246 0.14469019041192233 447
1739969437350 0.1297630568941611 448
1739969437433 0.24867020031680995 449
1739969437515 0.14077724124282587 450
1739969437596 0.21083177333277145 451
1739969437677 7.61860351687126e-05 452
1739969437758 0.46427456017331975 453
1739969437839 0.03405022032510167 454
1739969437920 0.024118092090898643 455
1739969438002 0.4844074497569304 456
1739969438087 0.028890131399975774 457
1739969438174 0.3089734280310125 458
1739969438255 0.03504306256598191 459
1739969438340 0.09356743729081662 460
1739969438423 0.6132845971799591 461
1739969438506 0.013172222328143714 462
1739969438590 0.015397733977216436 463
1739969438674 0.09488084027180023 464
1739969438755 0.1553634695491866 465
1739969438839 0.20375607370602383 466
1739969438923 0.017284985832198035 467
1739969439005 0.03977479117237719 468
1739969439126 0.3245429058013182 469
1739969439209 0.3440651464481989 470
1739969439293 0.010738438529645112 471
1739969439376 0.02607888935953814 472
1739969439460 0.5608164960173466 473
1739969439543 0.42389612945338967 474
1739969439625 0.6482066665631196 475
1739969439709 0.24350106355911816 476
1739969439791 0.06560845666752986 477
1739969439882 0.01855985177135346 478
1739969439965 0.40810137827396775 479
1739969440048 0.4653228269173653 480
1739969440135 0.598190218974401 481
1739969440219 0.3007707131886904 482
1739969440302 0.03492962721327196 483
1739969440383 0.13938609806857466 484
1739969440466 0.019647553085530005 485
1739969440548 0.07200708641530192 486
1739969440631 0.26949029491653037 487
1739969440714 0.18753780747377172 488
1739969440800 0.5912400662685117 489
1739969440884 0.29572208272914546 490
1739969440961 0.008537876702906858 491
1739969441039 0.24195839474922545 492
1739969441125 0.0034926985876562637 493
1739969441210 0.45999128637392933 494
1739969441287 0.11773214772657016 495
1739969441363 0.24809900011239922 496
1739969441439 0.04095261263759386 497
1739969441522 0.024811466162402648 498
1739969441604 0.23526797842347388 499
