1739988324410 6.319322751761542 0
1739988324496 6.453239195325732 1
1739988324573 7.06890412357154 2
1739988324647 6.5528739898660735 3
1739988324727 5.820954246956951 4
1739988324807 7.041625051039939 5
1739988324883 6.610366696570616 6
1739988324956 6.932127476289065 7
1739988325035 6.967497670527689 8
1739988325110 5.526896293303954 9
1739988325190 6.41016643803634 10
1739988325278 6.725885934106528 11
1739988325361 5.351851571005225 12
1739988325470 6.532693958913386 13
1739988325605 6.807731867098974 14
1739988325692 6.896232929074922 15
1739988325781 7.9317819537004155 16
1739988325859 6.908638460166687 17
1739988325938 6.176881970897073 18
1739988326043 6.592031137449283 19
1739988326126 6.461397422084764 20
1739988326229 6.69344043041607 21
1739988326372 6.5358861282165535 22
1739988326460 6.701615243863448 23
1739988326549 6.292574052861731 24
1739988326840 6.842315393937306 25
1739988326988 6.362592241283861 26
1739988327087 6.841921681587512 27
1739988327171 6.18906254643719 28
1739988327262 6.439046230288697 29
1739988327344 6.742872424217247 30
1739988327425 6.336400894497317 31
1739988327522 7.41857829066489 32
1739988327605 6.954898386574036 33
1739988327691 7.4231386749401524 34
1739988327778 6.856017397028376 35
1739988327859 7.247464458525178 36
1739988327940 7.222373130797413 37
1739988328027 6.949568261649444 38
1739988328126 6.403638706897033 39
1739988328205 6.353165305304457 40
1739988328289 6.137571774322777 41
1739988328370 6.536003062226777 42
1739988328446 6.722592671746402 43
1739988328529 6.471648110713714 44
1739988328600 6.61685185885312 45
1739988328670 6.628027009184544 46
1739988328751 7.073693065730185 47
1739988328833 6.681836352253534 48
1739988328906 6.343207391342894 49
1739988328979 6.629601534574048 50
1739988329056 5.767767168851125 51
1739988329128 6.719778979466697 52
1739988329198 6.736319243443529 53
1739988329275 6.819353965398758 54
1739988329346 6.969402446485365 55
1739988329422 7.02214047739862 56
1739988329498 7.782374476597263 57
1739988329572 7.038273173917084 58
1739988329643 6.459967295333823 59
1739988329716 6.213270931866204 60
1739988329797 7.079797654417172 61
1739988329879 6.2795004042338425 62
1739988329960 6.55117022351631 63
1739988330051 6.875638711247122 64
1739988330135 6.440337988564465 65
1739988330214 6.388466237432871 66
1739988330295 6.697878473340337 67
1739988330369 6.288851997371825 68
1739988330441 6.7585356724088435 69
1739988330518 6.851811059793024 70
1739988330589 6.97483625966733 71
1739988330659 6.021615769065675 72
1739988330730 6.874990804406819 73
1739988330816 6.727809515595542 74
1739988330888 6.487678053669298 75
1739988330958 6.564901590785382 76
1739988331040 6.216172223531444 77
1739988331110 6.714885835753066 78
1739988331181 6.2357102308530425 79
1739988331260 6.146882386240917 80
1739988331333 6.228826355619475 81
1739988331409 6.383090441239922 82
1739988331501 6.246352775347353 83
1739988331589 6.83805850974023 84
1739988331667 6.694964900386042 85
1739988331747 6.563965607399158 86
1739988331831 6.756689999460732 87
1739988331909 6.800527248943311 88
1739988331981 6.626562735144186 89
1739988332060 6.300027669083217 90
1739988332131 5.923412915357812 91
1739988332203 6.33315415335753 92
1739988332286 7.051533381673741 93
1739988332358 8.344134659258984 94
1739988332431 6.721201033385357 95
1739988332558 6.480194942681835 96
1739988332628 6.445156114892376 97
1739988332702 6.439227023076769 98
1739988332786 6.735284208475326 99
1739988332861 6.7878891422144365 100
1739988332934 8.059480519346465 101
1739988333024 6.175056616703518 102
1739988333102 6.850043345937955 103
1739988333186 6.53508038198854 104
1739988333276 6.856788463542049 105
1739988333356 7.754357982313027 106
1739988333437 6.274259010941387 107
1739988333524 6.498741620213987 108
