1740011649137 3.8779246156475584 0
1740011649240 0.005418922908011086 1
1740011649353 0.13771419515497774 2
1740011649461 0.5305369376612427 3
1740011649559 0.38045519846159503 4
1740011649674 0.4096815963372781 5
1740011649780 1.0901300017732465 6
1740011649878 0.20546611531357303 7
1740011649973 0.18360896954629818 8
1740011650071 0.4455245477246026 9
1740011650181 0.40361320972381465 10
1740011650280 0.29972156920368576 11
1740011650382 0.22900104832928725 12
1740011650487 0.5726879150060601 13
1740011650588 0.04027410645532626 14
1740011650688 0.026913375947734294 15
1740011650790 0.13263946322439302 16
1740011650887 0.05862353976914141 17
1740011651012 0.71126668255321 18
1740011651120 0.5587701355581669 19
1740011651305 0.3019665055329999 20
1740011651413 1.036296341541543 21
1740011651517 1.2892584034403662 22
1740011651622 0.2712368051171419 23
1740011651724 0.6367997599191519 24
1740011651828 0.2509271391818661 25
1740011651933 0.40526166782062917 26
1740011652038 0.14560336356650477 27
1740011652140 1.4614687962324795 28
1740011652236 0.7778405443084301 29
1740011652398 0.3397961058557645 30
1740011652498 1.1785116451374853 31
1740011652599 1.1054561427509848 32
1740011652695 0.38528317213507 33
1740011652792 0.9624524103757374 34
1740011652892 0.8265310210466981 35
1740011652989 0.15128307120297474 36
1740011653092 0.01537185431117267 37
1740011653254 1.4244306599447067 38
1740011653350 0.306880293670515 39
1740011653464 0.16169147298772457 40
1740011653577 0.4996081170681953 41
1740011653688 0.3921077427991453 42
1740011653796 1.3225516801740527 43
1740011653900 0.8615214452873026 44
1740011653998 0.30972156046930016 45
1740011654099 1.704023924619704 46
1740011654200 0.0003129043541571437 47
1740011654296 0.053460806316411875 48
1740011654394 1.2468098217278516 49
1740011654492 0.3617135345406571 50
1740011654591 0.587190594717259 51
1740011654689 1.328376702832563 52
1740011654786 0.9945114722717409 53
1740011654883 1.33121260088752 54
1740011654980 0.23611994092008784 55
1740011655079 0.9665129986898858 56
1740011655177 0.05409951795565917 57
1740011655275 0.2781963465842569 58
1740011655369 0.25966771929051796 59
1740011655475 0.40710791149199926 60
1740011655571 0.4215027601992304 61
1740011655667 0.33643493136581826 62
1740011655762 1.194794375646434 63
1740011655860 0.17146506001525508 64
1740011655961 0.12740437421877288 65
1740011656058 0.5561910817903731 66
1740011656158 0.7937929345787021 67
1740011656255 0.9422988790275831 68
1740011656348 0.6978816800396974 69
1740011656445 0.004324307519299688 70
1740011656551 0.6515311249319801 71
1740011656647 0.38592964363375715 72
1740011656743 0.8527373205222051 73
1740011656840 1.3433681843722651 74
1740011656938 0.2626513219208231 75
1740011657041 0.5486919179221362 76
1740011657137 0.01889259925995868 77
1740011657234 0.0022482251972111475 78
1740011657329 0.2127767442684093 79
1740011657423 0.12055100535756734 80
1740011657522 2.343675785252374 81
1740011657623 0.4881615350086006 82
1740011657719 0.2807981214012598 83
1740011657813 0.01008649469560572 84
1740011657909 0.45549775678507926 85
1740011658010 0.5046929781005569 86
1740011658111 0.37613019560280875 87
1740011658214 0.06185798314172953 88
1740011658310 0.24459924365173613 89
1740011658404 0.07134877502512897 90
1740011658500 1.3122477067437996 91
1740011658602 0.5801529510974809 92
1740011658697 0.7335684806171406 93
1740011658793 1.4280181626846233 94
1740011658889 0.4154432025709189 95
1740011658985 0.31770326802180665 96
1740011659083 1.01953774355475 97
1740011659183 0.5953015397578598 98
1740011659283 0.4837416574521308 99
1740011659381 0.586182740223807 100
1740011659481 1.6805605181168488 101
1740011659579 0.15943832318884785 102
1740011659679 0.1398747227035928 103
1740011659789 0.29733704489164664 104
1740011659892 0.3688420166642826 105
1740011659995 0.15537965673996984 106
1740011660100 0.5177568223070994 107
1740011660203 0.3455922739393304 108
1740011660301 0.887709414031884 109
1740011660397 0.040923709888152325 110
1740011660494 0.5584831427694795 111
1740011660595 0.04502023965769531 112
1740011660697 0.4943072903270502 113
1740011660794 0.0968583830701601 114
1740011660890 0.7933738014065541 115
1740011660989 1.0694254909241623 116
1740011661088 0.0032851449534788677 117
1740011661185 0.04807738879092538 118
1740011661284 0.7999507950457864 119
1740011661381 0.37517027628364624 120
1740011661479 0.193689427347004 121
1740011661577 0.30663614499598896 122
1740011661673 0.04265210382805486 123
1740011661774 0.33249589679877867 124
1740011661872 0.37884023739462785 125
1740011661973 0.2819137535230769 126
1740011662075 0.25325994518042116 127
1740011662176 0.4197695584902971 128
1740011662272 0.0016444492086651477 129
1740011662369 0.08203142953067641 130
1740011662467 2.074644912525032 131
1740011662566 0.02691229560808664 132
1740011662662 0.7395027390785068 133
1740011662764 0.20101820726110986 134
1740011662860 1.2638509519073338 135
1740011662958 1.0806386570603534 136
1740011663052 0.6780019027040413 137
1740011663152 0.5305400541035213 138
1740011663249 0.01613023602652596 139
1740011663344 0.6102180885406356 140
1740011663440 0.16097484235225118 141
1740011663537 0.4816421937257193 142
1740011663636 0.2756023434692668 143
1740011663736 0.10079149393098837 144
1740011663835 0.3533929125213223 145
1740011663933 1.109244057441439 146
1740011664037 0.44330477026083986 147
1740011664137 1.1515373765621468 148
1740011664234 0.28487110496467527 149
1740011664330 0.01777166554431681 150
1740011664426 1.0331316887636628 151
1740011664522 0.74775079374176 152
1740011664618 0.4708457160022044 153
1740011664711 0.271005472300537 154
1740011664806 0.19387001269809356 155
1740011664901 0.48731975840599184 156
1740011664996 0.7136690943281991 157
1740011665093 0.53341592554437 158
1740011665192 0.7225281586363568 159
1740011665288 0.4287422026680066 160
1740011665382 0.44697114421107964 161
1740011665479 1.9365211550395038 162
1740011665575 0.8928399793175483 163
1740011665672 0.333500812295969 164
1740011665766 1.267066446172768 165
1740011665863 1.883002514893864 166
1740011665959 0.1500588354483735 167
1740011666066 0.3738074844809336 168
1740011666166 1.68248726718262 169
1740011666262 0.3326862633651102 170
1740011666360 0.31832510540565595 171
1740011666455 0.05313022257080474 172
1740011666553 1.051933570318014 173
1740011666651 0.9173280389782599 174
1740011666746 0.7164508611136893 175
1740011666841 0.17208621681426742 176
1740011666943 0.22836855696074349 177
1740011667040 0.7181482551574434 178
1740011667144 0.279434513660924 179
1740011667240 1.0505058272180485 180
1740011667341 0.8291093976393946 181
1740011667442 0.27234840372657915 182
1740011667541 0.10621567344019676 183
1740011667638 0.9799182001429421 184
1740011667735 0.13782439381878842 185
1740011667832 0.4074934882254306 186
1740011667929 0.5954190415470673 187
1740011668026 0.4147595498317453 188
1740011668134 0.07731795376370096 189
1740011668234 1.1743507818218957 190
1740011668335 1.1100013354968639 191
1740011668434 0.7179664280551836 192
1740011668532 0.20300400982617475 193
1740011668631 0.03742584731921748 194
1740011668728 0.3488573574699776 195
1740011668825 0.0793218695315995 196
1740011668923 0.5406522704091425 197
1740011669019 0.7956971357696826 198
1740011669115 0.573521815667292 199
1740011669208 0.7886568283145508 200
1740011669303 1.033970583226772 201
1740011669398 0.45004258451819457 202
1740011669497 0.1439898286621506 203
1740011669594 0.355270144579809 204
1740011669691 0.44454843199058874 205
1740011669786 0.9127607147426285 206
1740011669896 0.25801672466288794 207
1740011669998 0.1873524527937314 208
1740011670097 0.5529352972217414 209
1740011670197 0.3131647862222881 210
1740011670293 0.5996174876695398 211
1740011670387 0.2035392680893133 212
1740011670481 0.10555113764381441 213
1740011670576 0.2074092772615404 214
1740011670671 0.3002879700817297 215
1740011670766 0.08595086120834043 216
1740011670860 0.5206669356503936 217
1740011670958 0.05305190034126187 218
1740011671054 0.6794015525883109 219
1740011671150 0.10645900559417394 220
1740011671245 0.22445461409451958 221
1740011671339 0.5830890118488097 222
1740011671433 0.7759296558326776 223
1740011671532 0.12941675155316743 224
1740011671627 0.20320864042776887 225
1740011671727 0.39705775484093303 226
1740011671824 0.12379482877705972 227
1740011671920 0.0561328193102347 228
1740011672015 0.11156859926589986 229
1740011672114 1.655831290840668 230
1740011672212 0.19023237161739173 231
1740011672307 1.1543285582077978 232
1740011672401 0.9824028237549788 233
1740011672497 0.42499277911242145 234
1740011672594 0.14048576895195639 235
1740011672689 0.1854915253357093 236
1740011672784 0.4407937958462034 237
1740011672880 1.4096744770293068 238
1740011672977 1.4128357542973389 239
1740011673079 0.9239542053041675 240
1740011673188 0.2233047849332259 241
1740011673296 0.9843591250787688 242
1740011673396 0.9257402735765224 243
1740011673494 0.20617680877233294 244
1740011673591 0.3278537719176845 245
1740011673690 0.6933873102463967 246
1740011673786 1.473052246762304 247
1740011673879 0.21566105983146946 248
1740011673975 0.7821915875891176 249
1740011674070 0.15867471907295566 250
1740011674170 0.45757502071117695 251
1740011674276 0.4982468640232029 252
1740011674377 0.1000937218769156 253
1740011674475 0.13167335117065776 254
1740011674571 0.05574336690348696 255
1740011674666 0.5550397647782396 256
1740011674764 0.08695314247511797 257
1740011674865 0.4070229155381625 258
1740011674966 0.5177012174715574 259
1740011675070 0.1518529262339443 260
1740011675223 0.8139673463036892 261
1740011675318 0.9805879856132739 262
1740011675414 2.1297643335533074 263
1740011675513 0.1723354099655506 264
1740011675608 0.04113401132066063 265
1740011675702 0.33573295293418015 266
1740011675797 1.2231773470651843 267
1740011675894 0.43128573007588994 268
1740011675991 0.15769426879505008 269
1740011676092 0.37033745010519054 270
1740011676264 0.1026667600807923 271
1740011676361 0.059548372723388886 272
1740011676458 0.1459736978900579 273
1740011676556 0.35046448031256056 274
1740011676656 0.5497370774387929 275
1740011676753 0.027793980826516126 276
1740011676851 0.42040984356811506 277
1740011676948 0.43654124547001133 278
1740011677042 0.1927957879761628 279
1740011677140 0.3690529897546988 280
1740011677234 0.6766455762896504 281
1740011677329 0.7672225089793663 282
1740011677424 0.2989141569330247 283
1740011677521 0.7203688253918138 284
1740011677616 0.6250193643949067 285
1740011677711 0.6187918595560866 286
1740011677807 0.3863027750348884 287
1740011677905 1.2419847657317866 288
1740011678000 0.5869584810647974 289
1740011678098 2.083537480858211 290
1740011678196 0.1016419048945421 291
1740011678297 0.7284245892392304 292
1740011678397 0.3290839886725129 293
1740011678492 0.4908353173847536 294
1740011678588 1.7320833037975223 295
1740011678683 0.8514249508368109 296
1740011678782 0.8197572366443875 297
1740011678878 1.2973458114648786 298
1740011678973 0.10109351936480215 299
1740011679070 0.3969696697745698 300
1740011679172 0.5211845683300634 301
1740011679267 1.187066679294999 302
1740011679362 0.2846944891470825 303
1740011679459 0.005936360685772683 304
1740011679554 0.5168236447235289 305
1740011679706 0.2021603736917914 306
1740011679808 0.2039905990785075 307
1740011679902 1.3101837859781424 308
1740011680011 1.658784805906777 309
1740011680116 1.6157919231765099 310
1740011680214 0.8196900186113476 311
1740011680317 0.3019398582312342 312
1740011680416 0.38021842689186386 313
1740011680513 0.1455410308352255 314
1740011680612 2.1119148662562264 315
1740011680709 0.4793212846691476 316
1740011680805 0.8077524380296809 317
1740011680900 0.31026444512597323 318
1740011681001 2.165360311641916 319
1740011681102 0.15564354007611694 320
1740011681202 0.6787738242138683 321
1740011681297 0.6842230757275677 322
1740011681394 0.5808831667753084 323
1740011681492 0.9001971911804195 324
1740011681591 0.11154900207497458 325
1740011681687 0.24179738468786066 326
1740011681782 0.4438195873912577 327
1740011681880 0.37219613187288714 328
1740011681976 0.19546218504950896 329
1740011682071 0.7005137314176239 330
1740011682173 0.21540383139053496 331
1740011682269 0.4916816554997634 332
1740011682369 0.14415799004579877 333
1740011682466 0.5610973536024059 334
1740011682560 0.22936484349882155 335
1740011682655 0.039623954394506083 336
1740011682755 0.0025036855743629043 337
1740011682919 1.5724101775020947 338
1740011683015 0.7072254263818936 339
1740011683114 1.0504840966791327 340
1740011683208 0.9056670159440635 341
1740011683302 0.6198092605344863 342
1740011683397 0.7081809058289065 343
1740011683492 0.29462998186880557 344
