1740013645902 182.35011293286124 0
1740013645928 182.12109328511218 1
1740013645957 181.93760677304982 2
1740013645984 181.75429596095 3
1740013646008 181.5711878054814 4
1740013646034 181.38828205722547 5
1740013646064 181.20557848336512 6
1740013646089 181.02307685134735 7
1740013646113 180.84077692889264 8
1740013646136 180.6586784839947 9
1740013646161 180.47678128492012 10
1740013646186 180.29508510020807 11
1740013646209 180.11358969866984 12
1740013646239 179.9322948493888 13
1740013646265 179.75120032171972 14
1740013646290 179.5703058852888 15
1740013646314 179.38961130999294 16
1740013646339 179.2091163659999 17
1740013646363 179.02882082374757 18
1740013646386 178.84872445394387 19
1740013646410 178.66882702756638 20
1740013646435 178.48912831586193 21
1740013646458 178.30962809034642 22
1740013646481 178.1303261228044 23
1740013646504 177.95122218528883 24
1740013646532 177.77231605012065 25
1740013646557 177.59360748988857 26
1740013646581 177.4150962774487 27
1740013646605 177.2367821859242 28
1740013646630 177.0586649887051 29
1740013646653 176.88074445944775 30
1740013646678 176.70302037207472 31
1740013646704 176.5254925007744 32
1740013646732 176.34816062000058 33
1740013646755 176.17102450447246 34
1740013646779 175.99408392917383 35
1740013646802 175.8173386693533 36
1740013646826 175.64078850052348 37
1740013646849 175.4644331984611 38
1740013646872 175.28827253920645 39
1740013646900 175.11230629906296 40
1740013646925 174.9365342545973 41
1740013646949 174.7609561826386 42
1740013646972 174.58557186027852 43
1740013647001 174.41038106487065 44
1740013647024 174.23538357403032 45
1740013647047 174.06057916563438 46
1740013647072 173.88596761782063 47
1740013647102 173.71154870898786 48
1740013647185 173.53732221779515 49
1740013647214 173.36328792316198 50
1740013647240 173.18944560426755 51
1740013647264 173.01579504055064 52
1740013647288 172.84233601170928 53
1740013647313 172.66906829770053 54
1740013647339 172.49599167874 55
1740013647363 172.32310593530167 56
1740013647386 172.1504108481175 57
1740013647410 171.97790619817718 58
1740013647434 171.80559176672787 59
1740013647456 171.63346733527374 60
1740013647480 171.4615326855758 61
1740013647506 171.28978759965153 62
1740013647532 171.1182318597746 63
1740013647561 170.94686524847464 64
1740013647584 170.77568754853667 65
1740013647614 170.6046985430012 66
1740013647640 170.43389801516355 67
1740013647664 170.2632857485737 68
1740013647688 170.09286152703615 69
1740013647712 169.92262513460926 70
1740013647737 169.75257635560527 71
1740013647760 169.5827149745899 72
1740013647785 169.41304077638185 73
1740013647810 169.24355354605285 74
1740013647833 169.07425306892713 75
1740013647858 168.9051391305811 76
1740013647885 168.73621151684324 77
1740013647909 168.56747001379352 78
1740013647933 168.39891440776344 79
1740013647956 168.2305444853354 80
1740013647981 168.06236003334266 81
1740013648005 167.89436083886883 82
1740013648028 167.72654668924778 83
1740013648052 167.55891737206323 84
1740013648081 167.39147267514832 85
1740013648105 167.22421238658566 86
1740013648128 167.05713629470665 87
1740013648152 166.89024418809146 88
1740013648176 166.72353585556863 89
1740013648199 166.55701108621477 90
1740013648222 166.39066966935417 91
1740013648247 166.22451139455882 92
1740013648275 166.0585360516478 93
1740013648298 165.89274343068698 94
1740013648322 165.72713332198896 95
1740013648345 165.5617055161127 96
1740013648369 165.39645980386308 97
1740013648392 165.23139597629074 98
1740013648416 165.06651382469178 99
1740013648442 164.9018131406074 100
1740013648467 164.73729371582365 101
1740013648490 164.57295534237124 102
1740013648515 164.40879781252502 103
1740013648541 164.2448209188039 104
1740013648566 164.08102445397046 105
1740013648589 163.91740821103062 106
1740013648612 163.75397198323353 107
1740013648639 163.59071556407113 108
1740013648662 163.4276387472778 109
1740013648686 163.26474132683018 110
1740013648711 163.10202309694697 111
1740013648737 162.9394838520885 112
1740013648762 162.77712338695636 113
1740013648786 162.61494149649346 114
1740013648811 162.45293797588323 115
1740013648836 162.2911126205499 116
1740013648859 162.12946522615778 117
1740013648882 161.96799558861107 118
1740013648908 161.80670350405381 119
1740013648932 161.64558876886926 120
1740013648955 161.48465117967993 121
1740013648978 161.3238905333469 122
1740013649005 161.16330662697004 123
1740013649028 161.00289925788732 124
1740013649052 160.84266822367462 125
1740013649077 160.6826133221456 126
1740013649101 160.52273435135132 127
1740013649124 160.36303110957982 128
1740013649147 160.20350339535608 129
1740013649173 160.0441510074416 130
1740013649199 159.8849737448341 131
1740013649223 159.72597140676734 132
1740013649246 159.5671437927108 133
1740013649270 159.40849070236928 134
1740013649294 159.25001193568283 135
1740013649318 159.0917072928263 136
1740013649341 158.9335765742091 137
1740013649367 158.77561958047502 138
1740013649392 158.61783611250186 139
1740013649416 158.46022597140112 140
1740013649439 158.3027889585178 141
1740013649464 158.14552487543008 142
1740013649488 157.98843352394903 143
1740013649511 157.83151470611847 144
1740013649534 157.67476822421438 145
1740013649570 157.51819388074506 146
1740013649601 157.3617914784504 147
1740013649629 157.205560820302 148
1740013649657 157.0495017095026 149
1740013649685 156.89361394948597 150
1740013649708 156.73789734391656 151
1740013649732 156.58235169668924 152
1740013649756 156.42697681192914 153
1740013649780 156.2717724939912 154
1740013649805 156.11673854745993 155
1740013649829 155.96187477714923 156
1740013649854 155.80718098810212 157
1740013649877 155.6526569855903 158
1740013649900 155.49830257511405 159
1740013649924 155.34411756240192 160
1740013649952 155.1901017534104 161
1740013649975 155.03625495432368 162
1740013649999 154.88257697155348 163
1740013650023 154.72906761173857 164
1740013650047 154.57572668174464 165
1740013650072 154.42255398866408 166
1740013650098 154.2695493398155 167
1740013650123 154.1167125427438 168
1740013650150 153.9640434052195 169
1740013650173 153.81154173523882 170
1740013650196 153.65920734102315 171
1740013650220 153.50704003101893 172
1740013650244 153.3550396138974 173
1740013650268 153.20320589855416 174
1740013650291 153.05153869410918 175
1740013650317 152.9000378099063 176
1740013650341 152.74870305551298 177
1740013650364 152.59753424072014 178
1740013650387 152.44653117554196 179
1740013650411 152.29569367021534 180
1740013650434 152.14502153519985 181
1740013650458 151.99451458117738 182
1740013650481 151.84417261905205 183
1740013650508 151.69399545994966 184
1740013650532 151.54398291521764 185
1740013650555 151.39413479642468 186
1740013650580 151.24445091536055 187
1740013650606 151.0949310840357 188
1740013650630 150.94557511468125 189
1740013650654 150.7963828197484 190
1740013650678 150.64735401190845 191
1740013650702 150.49848850405237 192
1740013650725 150.3497861092906 193
1740013650749 150.2012466409528 194
1740013650775 150.05286991258757 195
1740013650799 149.9046557379622 196
1740013650824 149.75660393106233 197
1740013650849 149.60871430609183 198
1740013650875 149.4609866774725 199
1740013650899 149.3134208598437 200
1740013650922 149.16601666806224 201
1740013650946 149.01877391720205 202
1740013650972 148.8716924225539 203
1740013650995 148.72477199962515 204
1740013651019 148.5780124641396 205
1740013651043 148.43141363203705 206
1740013651072 148.28497531947318 207
1740013651097 148.1386973428193 208
1740013651120 147.99257951866198 209
1740013651144 147.84662166380286 210
1740013651168 147.70082359525847 211
1740013651192 147.55518513025976 212
1740013651214 147.40970608625219 213
1740013651242 147.26438628089502 214
1740013651267 147.11922553206153 215
1740013651290 146.97422365783842 216
1740013651314 146.82938047652567 217
1740013651339 146.6846958066364 218
1740013651362 146.5401694668964 219
1740013651385 146.395801276244 220
1740013651408 146.25159105382988 221
1740013651438 146.10753861901665 222
1740013651461 145.96364379137881 223
1740013651484 145.81990639070224 224
1740013651507 145.6763262369842 225
1740013651531 145.5329031504329 226
1740013651556 145.38963695146737 227
1740013651579 145.24652746071706 228
1740013651607 145.10357449902182 229
1740013651637 144.96077788743145 230
1740013651660 144.8181374472054 231
1740013651685 144.67565299981288 232
1740013651709 144.5333243669322 233
1740013651732 144.39115137045073 234
1740013651756 144.24913383246457 235
1740013651779 144.10727157527842 236
1740013651806 143.9655644214052 237
1740013651830 143.82401219356586 238
1740013651854 143.6826147146892 239
1740013651880 143.54137180791147 240
1740013651909 143.40028329657622 241
1740013651933 143.25934900423408 242
1740013651956 143.1185687546424 243
1740013651979 142.97794237176524 244
1740013652004 142.8374696797727 245
1740013652027 142.6971505030412 246
1740013652050 142.55698466615289 247
1740013652079 142.41697199389537 248
1740013652106 142.27711231126173 249
1740013652132 142.13740544345004 250
1740013652156 141.99785121586322 251
1740013652180 141.85844945410886 252
1740013652203 141.71919998399878 253
1740013652227 141.58010263154904 254
1740013652250 141.4411572229794 255
1740013652278 141.30236358471345 256
1740013652303 141.16372154337793 257
1740013652326 141.02523092580296 258
1740013652350 140.88689155902136 259
1740013652374 140.74870327026872 260
1740013652397 140.610665886983 261
1740013652421 140.47277923680434 262
1740013652445 140.33504314757488 263
1740013652470 140.1974574473383 264
1740013652493 140.06002196433997 265
1740013652516 139.9227365270262 266
1740013652540 139.78560096404453 267
1740013652567 139.64861510424308 268
1740013652590 139.51177877667055 269
1740013652614 139.37509181057587 270
1740013652641 139.23855403540804 271
1740013652665 139.1021652808157 272
1740013652691 138.96592537664722 273
1740013652715 138.82983415295024 274
1740013652744 138.6938914399714 275
1740013652769 138.5580970681562 276
1740013652793 138.42245086814884 277
1740013652816 138.28695267079178 278
1740013652842 138.15160230712564 279
1740013652866 138.016399608389 280
1740013652889 137.88134440601794 281
1740013652913 137.74643653164622 282
1740013652946 137.61167581710453 283
1740013652969 137.47706209442066 284
1740013652992 137.34259519581914 285
1740013653015 137.2082749537209 286
1740013653039 137.07410120074323 287
1740013653062 136.94007376969935 288
1740013653089 136.80619249359833 289
1740013653114 136.67245720564475 290
1740013653140 136.53886773923855 291
1740013653163 136.40542392797482 292
1740013653187 136.2721256056434 293
1740013653211 136.13897260622883 294
1740013653235 136.00596476391001 295
1740013653258 135.87310191306008 296
1740013653281 135.74038388824604 297
1740013653306 135.60781052422865 298
1740013653329 135.4753816559621 299
1740013653353 135.3430971185939 300
1740013653376 135.2109567474645 301
1740013653403 135.0789603781072 302
1740013653426 134.94710784624783 303
1740013653449 134.81539898780454 304
1740013653473 134.68383363888768 305
1740013653498 134.5524116357993 306
1740013653522 134.42113281503327 307
1740013653545 134.28999701327473 308
1740013653571 134.15900406740013 309
1740013653597 134.0281538144769 310
1740013653621 133.89744609176307 311
1740013653651 133.76688073670735 312
1740013653679 133.63645758694855 313
1740013653704 133.50617648031576 314
1740013653727 133.37603725482768 315
1740013653750 133.24603974869282 316
1740013653774 133.11618380030893 317
1740013653798 132.986469248263 318
1740013653822 132.85689593133088 319
1740013653846 132.7274636884772 320
1740013653873 132.59817235885512 321
1740013653896 132.46902178180594 322
1740013653919 132.340011796859 323
1740013653942 132.2111422437316 324
1740013653969 132.08241296232848 325
1740013653994 131.95382379274184 326
1740013654017 131.82537457525103 327
1740013654041 131.69706515032226 328
1740013654064 131.56889535860847 329
1740013654089 131.44086504094912 330
1740013654113 131.3129740383699 331
1740013654142 131.18522219208256 332
1740013654167 131.05760934348456 333
1740013654190 130.93013533415916 334
1740013654213 130.8028000058748 335
1740013654239 130.67560320058524 336
1740013654262 130.54854476042902 337
1740013654286 130.4216245277295 338
1740013654309 130.2948423449946 339
1740013654334 130.1681980549163 340
1740013654358 130.04169150037092 341
1740013654381 129.91532252441834 342
1740013654407 129.78909097030225 343
1740013654433 129.6629966814498 344
1740013654456 129.5370395014711 345
1740013654480 129.41121927415938 346
1740013654503 129.2855358434907 347
1740013654527 129.15998905362343 348
1740013654550 129.03457874889847 349
1740013654574 128.9093047738387 350
1740013654602 128.78416697314898 351
1740013654627 128.65916519171574 352
1740013654650 128.53429927460698 353
1740013654673 128.40956906707186 354
1740013654697 128.28497441454053 355
1740013654722 128.1605151626241 356
1740013654749 128.0361911571141 357
1740013654777 127.91200224398258 358
1740013654806 127.78794826938167 359
1740013654832 127.6640290796435 360
1740013654857 127.54024452127992 361
1740013654884 127.41659444098231 362
1740013654909 127.29307868562137 363
1740013654935 127.16969710224694 364
1740013654959 127.04644953808763 365
1740013654988 126.92333584055085 366
1740013655013 126.80035585722239 367
1740013655037 126.6775094358664 368
1740013655062 126.55479642442492 369
1740013655094 126.43221667101794 370
1740013655119 126.30977002394303 371
1740013655146 126.18745633167514 372
1740013655171 126.06527544286648 373
1740013655196 125.94322720634618 374
1740013655220 125.82131147112018 375
1740013655243 125.69952808637096 376
1740013655268 125.57787690145742 377
1740013655293 125.45635776591453 378
1740013655316 125.33497052945332 379
1740013655340 125.21371504196036 380
1740013655367 125.09259115349789 381
1740013655391 124.97159871430344 382
1740013655414 124.85073757478959 383
1740013655438 124.73000758554387 384
1740013655462 124.60940859732852 385
1740013655485 124.48894046108022 386
1740013655509 124.36860302790988 387
1740013655534 124.24839614910259 388
1740013655562 124.12831967611719 389
1740013655585 124.00837346058631 390
1740013655609 123.88855735431589 391
1740013655635 123.76887120928517 392
1740013655659 123.64931487764646 393
1740013655688 123.5298882117249 394
1740013655711 123.41059106401819 395
1740013655735 123.29142328719657 396
1740013655759 123.17238473410232 397
1740013655782 123.05347525774994 398
1740013655806 122.93469471132556 399
1740013655834 122.81604294818712 400
1740013655857 122.69751982186375 401
1740013655881 122.57912518605588 402
1740013655906 122.46085889463495 403
1740013655933 122.34272080164317 404
1740013655955 122.22471076129334 405
1740013655979 122.10682862796865 406
1740013656005 121.9890742562225 407
1740013656032 121.87144750077823 408
1740013656058 121.75394821652903 409
1740013656089 121.63657625853759 410
1740013656118 121.51933148203601 411
1740013656211 121.4022137424256 412
1740013656238 121.28522289527663 413
1740013656266 121.16835879632815 414
1740013656293 121.05162130148777 415
1740013656317 120.9350102668315 416
1740013656340 120.8185255486035 417
1740013656364 120.70216700321599 418
1740013656387 120.58593448724884 419
1740013656411 120.4698278574496 420
1740013656434 120.35384697073317 421
1740013656464 120.23799168418162 422
1740013656487 120.12226185504403 423
1740013656511 120.00665734073631 424
1740013656535 119.89117799884082 425
1740013656560 119.77582368710644 426
1740013656583 119.66059426344822 427
1740013656607 119.54548958594714 428
1740013656631 119.43050951285004 429
1740013656654 119.3156539025694 430
1740013656677 119.200922613683 431
1740013656700 119.0863155049339 432
1740013656728 118.97183243523018 433
1740013656753 118.85747326364472 434
1740013656776 118.74323784941505 435
1740013656801 118.62912605194306 436
1740013656826 118.51513773079492 437
1740013656850 118.40127274570091 438
1740013656873 118.287530956555 439
1740013656897 118.17391222341492 440
1740013656925 118.06041640650183 441
1740013656951 117.94704336620016 442
1740013656974 117.83379296305739 443
1740013656998 117.72066505778385 444
1740013657023 117.6076595112526 445
1740013657047 117.49477618449922 446
1740013657072 117.38201493872147 447
1740013657101 117.26937563527932 448
1740013657127 117.15685813569459 449
1740013657152 117.04446230165085 450
1740013657176 116.93218799499323 451
1740013657203 116.82003507772811 452
1740013657229 116.70800341202305 453
1740013657252 116.5960928602066 454
1740013657276 116.48430328476803 455
1740013657301 116.37263454835723 456
1740013657390 116.2610865137844 457
1740013657417 116.14965904402001 458
1740013657443 116.03835200219449 459
1740013657466 115.92716525159804 460
1740013657491 115.81609865568055 461
1740013657517 115.70515207805137 462
1740013657545 115.59432538247897 463
1740013657571 115.483618432891 464
1740013657596 115.37303109337391 465
1740013657619 115.26256322817282 466
1740013657643 115.15221470169142 467
1740013657667 115.0419853784916 468
1740013657693 114.93187512329342 469
1740013657724 114.82188380097489 470
1740013657748 114.71201127657167 471
1740013657772 114.60225741527711 472
1740013657798 114.49262208244176 473
1740013657823 114.38310514357352 474
1740013657847 114.27370646433712 475
1740013657871 114.16442591055424 476
1740013657897 114.05526334820308 477
1740013657921 113.94621864341835 478
1740013657945 113.83729166249095 479
1740013657968 113.72848227186786 480
1740013657995 113.61979033815196 481
1740013658018 113.5112157281018 482
1740013658041 113.40275830863146 483
1740013658065 113.29441794681034 484
1740013658092 113.18619450986299 485
1740013658116 113.0780878651689 486
1740013658140 112.97009788026232 487
1740013658169 112.86222442283216 488
1740013658199 112.75446736072162 489
1740013658222 112.64682656192825 490
1740013658245 112.53930189460361 491
1740013658269 112.43189322705302 492
1740013658293 112.32460042773563 493
1740013658317 112.21742336526394 494
1740013658342 112.11036190840387 495
1740013658368 112.00341592607445 496
1740013658392 111.89658528734759 497
1740013658416 111.78986986144805 498
1740013658439 111.68326951775312 499
