1740006464594 27.27711299344099 0
1740006464624 4.353639967328908 1
1740006464647 0.7735803124016392 2
1740006464677 0.2857863179398346 3
1740006464703 0.12379448542442939 4
1740006464729 0.10162280950987033 5
1740006464755 0.09890469091832678 6
1740006464778 0.1272934205175585 7
1740006464802 0.18438062499571128 8
1740006464828 0.11675730522457775 9
1740006464850 0.11235958912118002 10
1740006464877 0.12773570664691403 11
1740006464902 0.0768766203712766 12
1740006464928 0.11127517623143461 13
1740006464950 0.10292464593346365 14
1740006464972 0.12551989771826105 15
1740006464994 0.11716439269948507 16
1740006465020 0.13034136552527428 17
1740006465042 0.11864518435507154 18
1740006465065 0.1624953218978433 19
1740006465087 0.0947473662008607 20
1740006465109 0.14676483006147498 21
1740006465134 0.07926028962830303 22
1740006465158 0.08245261364350263 23
1740006465181 0.13297566470729102 24
1740006465202 0.12431924163392744 25
1740006465224 0.08687730875497308 26
1740006465250 0.09784965030865528 27
1740006465272 0.141500250053692 28
1740006465293 0.10799802384293665 29
1740006465315 0.0821823976678816 30
1740006465341 0.07548598856936614 31
1740006465366 0.1643009666941189 32
