1739999679399 1.387651977736633 0
1739999679487 0.48834095827027946 1
1739999679573 1.340027617739448 2
1739999679660 1.5345431133009093 3
1739999679793 0.12414799470061501 4
1739999679880 0.25963441495211864 5
1739999679971 0.2502460155938637 6
1739999680062 0.09998492230617814 7
1739999680146 1.65075942520907 8
1739999680233 0.21234907774417155 9
1739999680319 0.42153882071317317 10
1739999680405 0.9547374032832324 11
1739999680493 0.013233391620169543 12
1739999680581 0.8572672031178389 13
1739999680670 0.4915958497421013 14
1739999680756 0.06418652769408562 15
1739999680851 0.330114563984748 16
1739999680936 1.0255846928868106 17
1739999681019 0.48767812601155347 18
1739999681103 0.20330901175890062 19
1739999681189 0.5264046788437632 20
1739999681273 0.5686755823655517 21
1739999681360 0.2844815038644313 22
1739999681445 0.27622813214663217 23
1739999681533 0.2850581266531135 24
1739999681620 1.0722298112043225 25
1739999681705 0.31231139960545223 26
1739999681795 0.09490311380613127 27
1739999681880 0.02687148811681038 28
1739999681964 0.376328222110618 29
1739999682049 0.43563876136370455 30
1739999682143 0.470200371429781 31
1739999682239 1.2013498762905317 32
1739999682325 0.5306878839033268 33
1739999682408 0.1983439853454633 34
1739999682492 0.829900352511909 35
1739999682579 0.3642509678117056 36
1739999682665 0.5173183101368253 37
1739999682763 0.42811554210366004 38
1739999682863 0.34364921586506697 39
1739999682949 1.1352966681020504 40
1739999683035 0.7738509660706255 41
1739999683120 0.0894945944892698 42
1739999683206 2.5577075402735945 43
1739999683293 0.3660823832701735 44
1739999683378 0.8628491818787882 45
1739999683462 1.697180034028364 46
1739999683549 0.28879418839864396 47
1739999683634 0.748564610048013 48
1739999683719 0.598002098810271 49
1739999683804 0.02946883149769207 50
1739999683888 0.950593163561746 51
1739999683973 0.22754797181275868 52
1739999684058 0.39225790039249064 53
1739999684145 0.17308601858164152 54
1739999684230 0.23349091186383955 55
1739999684317 0.7027601923968041 56
1739999684404 0.960499152753 57
1739999684488 1.324568902751525 58
1739999684573 0.5045163663310704 59
1739999684657 0.35036038076490617 60
1739999684749 0.013013866922314094 61
1739999684857 0.26362413296977244 62
1739999684955 0.012638994197656942 63
1739999685042 0.5158588336614767 64
1739999685128 0.2731066312031477 65
1739999685214 0.03927005480608559 66
1739999685299 0.1949018575326328 67
1739999685383 0.16722769495136225 68
1739999685468 0.7491803264550755 69
1739999685554 0.3255130071815826 70
1739999685640 0.6435556369593677 71
1739999685724 1.027664658962838 72
1739999685810 0.40550763222851466 73
1739999685893 0.01780069719280167 74
1739999685980 0.029457871920170436 75
1739999686066 1.567885903652721 76
1739999686152 0.08159435613255966 77
1739999686239 0.20592653080905227 78
1739999686324 0.22159695292550366 79
1739999686410 0.4407329804862985 80
1739999686497 0.12017214906184735 81
1739999686583 0.12231039237977409 82
1739999686667 0.6365337845243418 83
1739999686753 0.041860940909616326 84
1739999686839 0.4245608617419494 85
1739999686930 0.9738124323939275 86
1739999687015 0.14086040485718065 87
1739999687101 0.08597375455986177 88
1739999687185 0.2906997844352675 89
1739999687270 0.07692312036526619 90
1739999687355 0.46865763872360605 91
1739999687439 0.1411318736136034 92
1739999687527 0.30796240008528264 93
1739999687611 0.5485115201853511 94
1739999687697 0.15295694342172364 95
1739999687785 0.7600584756729654 96
1739999687871 0.6873730743556834 97
1739999687957 0.23748960864209825 98
1739999688040 0.9754838899183778 99
1739999688127 0.008506500718577049 100
1739999688213 1.8801048272735341 101
1739999688297 0.3372236813571886 102
1739999688383 0.9115114455623746 103
1739999688467 0.652460994939367 104
1739999688553 1.3902439161517819 105
1739999688637 0.48470891118629267 106
1739999688722 0.03133280280159953 107
1739999688813 0.2990137616332755 108
1739999688898 0.25687192116957536 109
1739999688987 0.23966539838360443 110
1739999689074 0.5897734042561826 111
1739999689159 0.43384520047768355 112
1739999689246 0.000365232129171333 113
1739999689332 1.4275678393763664 114
1739999689417 0.5399296706927302 115
1739999689504 1.6269545887723815 116
1739999689589 0.6349342132154538 117
1739999689673 0.6393044659527785 118
1739999689763 0.3737386112758454 119
1739999689850 0.5762774480456754 120
1739999689935 0.3311864296985057 121
1739999690021 0.13924824438795613 122
1739999690106 0.7202892344568258 123
1739999690193 0.10871353445369868 124
1739999690280 0.7106610335190504 125
1739999690365 0.12755521549888163 126
1739999690449 0.9886799660589082 127
1739999690533 1.5319750578105868 128
1739999690618 0.8257045025732342 129
1739999690703 0.456021674631769 130
1739999690790 0.05878633727609582 131
1739999690875 0.28623724480692264 132
1739999690961 0.03666533608871693 133
1739999691053 0.32206154345144433 134
1739999691139 0.16667030610737318 135
1739999691225 0.24925366513175884 136
1739999691311 0.019790786416305828 137
1739999691395 0.6167452294340232 138
1739999691481 0.43483521013533605 139
1739999691571 1.1905233830849902 140
1739999691656 1.2655979703903184 141
1739999691743 0.35555453737907855 142
1739999691831 0.08657276325902732 143
1739999691915 0.5475811146115988 144
1739999692000 0.17134307493574844 145
1739999692084 0.04945900608318759 146
1739999692169 0.5517883518342427 147
1739999692270 0.07527923128679183 148
1739999692358 0.9734151044957361 149
1739999692445 0.6943855007185088 150
1739999692531 0.17716870444094865 151
1739999692616 0.5846073626404222 152
1739999692701 0.5824868485254528 153
1739999692788 1.4689110371985719 154
1739999692872 0.021161075410083344 155
1739999692955 0.684792077868775 156
1739999693046 0.9050433483895556 157
1739999693129 1.1172266155175978 158
1739999693218 1.4185096843657705 159
1739999693304 0.491981075337213 160
1739999693389 0.13989711940157978 161
1739999693474 0.1033546759579986 162
1739999693559 0.25228863500481746 163
1739999693645 0.21709577637037625 164
1739999693730 0.3892451743008256 165
1739999693818 0.23074141162214357 166
1739999693904 0.19084813759018282 167
1739999693988 0.13455907545222306 168
1739999694076 0.14518987764971572 169
1739999694161 3.243894675991717 170
1739999694248 0.6835517728645972 171
1739999694393 0.1174137863574699 172
1739999694480 0.1432257592714108 173
1739999694568 0.007448025165425943 174
1739999694653 0.6329474382107305 175
1739999694739 0.3256324514092709 176
1739999694827 0.5806714723153223 177
1739999694910 0.21516949904474295 178
1739999694993 0.3515852683831053 179
1739999695082 0.17582496587448976 180
1739999695168 0.41743050181317176 181
1739999695253 1.0937819319375235 182
1739999695342 0.462227876518523 183
1739999695427 0.2910387087340754 184
1739999695513 0.008414797235446787 185
1739999695598 0.06795240529251856 186
1739999695683 0.03341560539144736 187
1739999695770 0.6395883556530875 188
1739999695855 0.09162153197449008 189
1739999695939 0.5118157102035201 190
1739999696023 0.4900266770917827 191
1739999696109 0.7256950734323687 192
1739999696193 0.010132141502234729 193
1739999696278 0.3043259663354261 194
1739999696365 0.3782290260905601 195
1739999696451 0.0191568882985498 196
1739999696535 0.8079809453712137 197
1739999696622 0.4070230275336962 198
1739999696708 0.6143459704564685 199
1739999696795 0.12881348249079672 200
1739999696880 0.7364947166861179 201
1739999696966 0.6929335794412705 202
1739999697050 1.2628057916175592 203
1739999697142 0.4639861236849564 204
1739999697227 1.2910312442842056 205
1739999697315 0.6487515967073167 206
1739999697400 0.806156758336173 207
1739999697486 0.0922922393607962 208
1739999697574 0.5845368619773501 209
1739999697660 0.5076554196702551 210
1739999697747 0.7791068142791886 211
1739999697834 0.6506350859723787 212
1739999697917 0.0006196996407379658 213
1739999698002 4.823446020146591e-05 214
1739999698086 0.16965708684040273 215
1739999698172 0.9510962512930526 216
1739999698257 0.3096701590659277 217
1739999698342 0.33833942801374844 218
1739999698426 0.31651655554398167 219
1739999698512 0.6662149467990669 220
1739999698597 0.8418161462980557 221
1739999698682 1.5082173963653758 222
1739999698770 0.342303203084054 223
1739999698855 0.162990329370317 224
1739999698938 0.5327595735241388 225
1739999699025 0.18681419101637334 226
1739999699114 0.1704265384753115 227
1739999699207 1.1227282338806415 228
1739999699293 1.122910689597925 229
1739999699378 0.29621789466618237 230
1739999699498 0.8733849073647139 231
1739999699586 0.8366495439445772 232
1739999699670 0.1656404429374102 233
1739999699765 0.1590202734362683 234
1739999699857 0.18669715682577073 235
1739999699943 0.7375601211205821 236
1739999700029 2.1233388624423757 237
1739999700117 0.6865725136406837 238
1739999700202 0.123965239675004 239
1739999700288 0.5824634196385703 240
1739999700374 0.06405615313857389 241
1739999700465 0.02794954312879626 242
1739999700566 0.5144048942171469 243
1739999700660 0.37930275584689327 244
1739999700756 0.056101173297970736 245
1739999700906 0.6095033483623481 246
1739999700992 0.8674238415313951 247
1739999701075 0.19808132573221474 248
1739999701166 0.7751048988037541 249
1739999701253 0.11165804255984707 250
1739999701338 0.18605634705295956 251
1739999701422 0.05900766471963926 252
1739999701509 1.1940179436597815 253
1739999701595 1.504708884513553 254
1739999701683 1.0493526439246785 255
1739999701769 0.2807412319949134 256
1739999701854 0.38993603601349486 257
1739999701937 0.6859083317595477 258
1739999702022 0.7114971387342481 259
1739999702110 0.42031224386527205 260
1739999702195 0.6014162516214631 261
1739999702280 0.48779533597590363 262
1739999702380 1.093748382134224 263
1739999702464 0.17014245548599458 264
1739999702549 0.43442683163685647 265
1739999702633 0.046048039171832415 266
1739999702721 0.4196707447007785 267
1739999702809 1.0202847552447658 268
1739999702893 0.48230637891026157 269
1739999702977 0.6448502706073236 270
1739999703061 0.6878951817166331 271
1739999703146 1.029639600909021 272
1739999703239 0.3632646935484064 273
1739999703325 0.948570007558014 274
1739999703410 0.6189035224962791 275
1739999703494 0.12537284250431843 276
1739999703581 0.7835550536601189 277
1739999703666 0.4451718808604434 278
1739999703756 0.6154480950885928 279
1739999703841 0.2146154958092696 280
1739999703924 0.07677867445788829 281
1739999704010 0.19440171605823486 282
1739999704093 0.8152753593102234 283
1739999704180 0.7044369986111527 284
1739999704267 1.3569633592234223 285
1739999704351 0.19837839989556236 286
1739999704434 0.01763663353096206 287
1739999704522 0.17695737141753837 288
1739999704608 0.5614385271060122 289
1739999704694 0.05158048675424638 290
1739999704782 0.6642589421866673 291
1739999704867 1.1075010082201802 292
1739999704950 0.6348475987624964 293
1739999705033 0.5551947519216849 294
1739999705120 0.00035080170417547615 295
1739999705206 1.0724311012824461 296
1739999705299 0.10328937173309416 297
1739999705383 0.4728847244935334 298
1739999705467 0.002356341072630947 299
1739999705554 2.088960307065088 300
1739999705640 0.15393585888353184 301
1739999705726 0.27324630304581204 302
1739999705818 0.3066584930385965 303
1739999705910 0.77946152013863 304
1739999706004 0.01381485078986427 305
1739999706106 0.2583554181142856 306
1739999706190 0.26137077775284534 307
1739999706276 1.530299917929633 308
1739999706361 0.4345372222407164 309
1739999706444 0.11667742023123127 310
1739999706530 0.9188061339850557 311
1739999706618 0.4473204723989875 312
1739999706702 1.6458684331261242 313
1739999706838 0.3065405831818564 314
1739999706948 0.22910280290429383 315
1739999707055 0.5872370210542611 316
1739999707152 0.47188655404032265 317
1739999707250 0.9154780205728952 318
1739999707349 0.23212820330854167 319
1739999707446 0.8593834723303642 320
1739999707540 2.2064690283581765 321
1739999707630 0.2042419704089172 322
1739999707725 0.13790913075844533 323
1739999707817 0.2688690750563371 324
1739999707921 0.2887160741618188 325
1739999708013 0.954937352813977 326
1739999708117 1.312193571967229 327
1739999708216 0.5372739544473089 328
1739999708312 0.16412660551539981 329
1739999708408 0.8566110660793881 330
1739999708502 0.8789917566898031 331
1739999708599 0.3081333102062806 332
1739999708695 1.326772804507668 333
1739999708786 0.7184627719758638 334
1739999708878 0.3621652299434307 335
1739999708970 0.00011314463369923926 336
1739999709061 0.050583189353723926 337
1739999709154 0.7617462820997779 338
1739999709248 0.4960593451848819 339
1739999709345 1.4185346075079894 340
1739999709437 0.2816646415476249 341
1739999709533 0.05076931631126697 342
1739999709625 0.6960816077211543 343
1739999709717 1.4151981337368962 344
1739999709811 0.2037294652298742 345
1739999709902 0.2916858834237199 346
1739999710002 0.2766039399590769 347
1739999710094 0.6945804444454884 348
1739999710179 0.1044756433126499 349
1739999710264 0.15000899878474735 350
1739999710351 0.033795018165157294 351
1739999710437 0.32290220654000035 352
1739999710527 0.024644211743045825 353
1739999710612 0.32983570665366113 354
1739999710698 0.308651890964328 355
1739999710782 0.826373766171189 356
1739999710865 0.9186754038392012 357
1739999710949 0.7153996497635114 358
1739999711038 0.003067724020598223 359
1739999711123 0.3145631403351657 360
1739999711205 0.26861320727051496 361
1739999711290 0.37685402608275165 362
1739999711383 0.3345150692290577 363
1739999711467 1.739162935077985 364
1739999711555 0.4106404328255621 365
1739999711639 1.7978795616033438 366
1739999711724 0.8952278496845265 367
1739999711815 0.24189522906311148 368
1739999711901 0.005710179626904314 369
1739999711987 0.7947443272728395 370
1739999712074 0.19863809437045366 371
1739999712159 0.13268005218489862 372
1739999712243 1.0259930482730084 373
1739999712328 0.4560315410888798 374
1739999712417 0.23827546857584367 375
1739999712516 0.24569258867734486 376
1739999712603 0.29814353060428145 377
1739999712690 0.402636399046074 378
1739999712782 0.3554506226757235 379
1739999712868 0.06345855347092737 380
1739999712953 0.3191094645810388 381
1739999713037 1.6095384815862275 382
1739999713126 0.11807287044940956 383
1739999713213 0.11951539857018989 384
1739999713298 0.45038316908323356 385
1739999713387 1.9241096823735906 386
1739999713472 1.4827092482347695 387
1739999713561 0.6211837461205807 388
1739999713645 0.3450454719236564 389
1739999713730 0.26070432327917265 390
1739999713820 0.1866500428332649 391
1739999713907 0.4750085743814354 392
1739999713990 0.45754022809708284 393
1739999714075 0.21836777500756804 394
1739999714161 0.7182280121255394 395
1739999714248 0.8829391153022454 396
1739999714334 0.6992694201590058 397
1739999714420 0.007019688975030796 398
1739999714507 0.8063161592185518 399
1739999714591 0.862211181626304 400
1739999714676 0.17459341321902713 401
1739999714765 0.3757970940660987 402
1739999714857 0.013542253879911302 403
1739999714954 0.19783668548326708 404
1739999715038 0.5471608196742754 405
1739999715122 1.503065205519518 406
1739999715211 0.22015685538553695 407
1739999715297 0.22219586788931137 408
1739999715382 0.4650346728529307 409
1739999715472 0.08980460138562416 410
1739999715562 0.23970196297216453 411
1739999715646 0.9053015363827892 412
1739999715732 0.0696580055666825 413
1739999715820 0.2506048769899548 414
1739999715906 0.3233484938581441 415
1739999715990 0.1640775206754148 416
1739999716074 0.5660513455521361 417
1739999716162 0.24241124150822058 418
1739999716248 0.8134495076973279 419
1739999716333 1.4578884634508076 420
1739999716417 0.45297821639706554 421
1739999716500 0.9125694620925884 422
1739999716588 0.7983619897719275 423
1739999716673 0.15209304540413168 424
1739999716757 0.16678210258547496 425
1739999716840 1.8912279678820212 426
1739999716925 0.4469665154034549 427
1739999717008 0.888855795667151 428
1739999717091 1.073907828114492 429
1739999717178 0.4264113213812496 430
1739999717266 0.8865176276523882 431
1739999717352 1.322186104864027 432
1739999717438 0.8014548676073677 433
1739999717531 0.5337740942035565 434
1739999717616 3.133985377732049 435
1739999717701 0.15444776365727148 436
1739999717791 0.19780219969039836 437
1739999717879 0.00034073170756369556 438
1739999717964 0.2834339723359509 439
1739999718050 0.21527125876026526 440
1739999718134 0.12749971839212912 441
1739999718220 0.3637586216842584 442
1739999718308 0.06286841470457147 443
1739999718393 0.15968664209472283 444
1739999718477 0.6410424308608309 445
1739999718564 0.6344497900230238 446
1739999718649 0.65498644837964 447
1739999718733 0.10933750427148158 448
1739999718820 0.16354811240672615 449
1739999718905 0.04205685268086572 450
1739999718989 1.2243327893369214 451
1739999719072 0.32828727239938316 452
1739999719158 1.897820115189749 453
1739999719246 0.13484136634754107 454
1739999719333 0.31830352058013966 455
1739999719417 0.9016109792384116 456
1739999719506 0.4475292151907456 457
1739999719591 0.9116430753094802 458
1739999719676 0.036866594584698285 459
1739999719763 0.7560613141482222 460
1739999719851 1.0165059339985854 461
1739999719936 0.6029428489826385 462
1739999720020 0.5173126865674736 463
1739999720104 0.44646395121648175 464
1739999720189 0.7510847503405593 465
1739999720275 0.026874990209618442 466
1739999720360 0.972909711677075 467
1739999720444 1.2873049696827823 468
1739999720535 0.769497515262213 469
1739999720619 0.506496151256317 470
1739999720704 0.15237170924860602 471
1739999720792 2.5533387968558956 472
1739999720878 0.30286171155534924 473
1739999720962 0.8216914691074145 474
1739999721048 0.33833454048643197 475
1739999721135 0.014965822683287215 476
1739999721219 0.78528073709432 477
1739999721304 0.12806314175854333 478
1739999721390 0.14469429866791053 479
1739999721474 1.3339043191521456 480
1739999721564 2.269238242729716 481
1739999721649 0.6136989109264396 482
1739999721733 0.3051611938456431 483
1739999721821 1.4682191069439765e-05 484
1739999721907 0.2121082258500076 485
1739999721995 0.6763624824233572 486
1739999722079 0.6327530787377429 487
1739999722165 0.8934233877674226 488
1739999722250 0.11041702860638497 489
1739999722338 0.9749124756200204 490
1739999722425 0.7335665504133586 491
1739999722513 0.23530157107848987 492
1739999722609 0.28739050662741406 493
1739999722697 0.8547593702763914 494
1739999722786 0.6573383915053619 495
1739999722871 0.19456594323731835 496
1739999722956 0.5593634428509777 497
1739999723042 0.06668359297234984 498
1739999723126 0.3931956090206357 499
