1739967221639 6.572596048032255 0
1739967221722 7.222385215183802 1
1739967221790 6.763470522299328 2
1739967221855 6.9156726824533195 3
1739967221923 5.874108161610878 4
1739967221989 6.9477571293592835 5
1739967222054 6.437469920191369 6
1739967222118 7.138468017498697 7
1739967222179 7.143838255170636 8
1739967222253 6.793698225830013 9
1739967222324 6.0941748968810066 10
1739967222390 5.475181374593688 11
1739967222459 6.1396481249635215 12
1739967222523 6.346749623372774 13
1739967222588 5.585992344877128 14
1739967222654 6.5187870014057125 15
1739967222755 6.7100124737307505 16
1739967222908 6.739818752934741 17
1739967222973 6.4256142520025765 18
1739967223037 7.089624694336048 19
1739967223100 6.380182438885375 20
1739967223167 6.571478730190328 21
1739967223232 7.097614759838377 22
1739967223305 6.972304714811122 23
1739967223373 6.920780522453737 24
1739967223442 6.553208198555352 25
1739967223506 7.016093605125299 26
1739967223576 7.145260970981066 27
1739967223641 6.4972306512581826 28
1739967223705 6.5431755107615075 29
1739967223773 7.673816025398867 30
1739967223837 6.317496265587862 31
1739967223899 6.902220243770967 32
1739967223966 6.346440333572168 33
1739967224031 5.658004324762094 34
1739967224096 6.959416427011567 35
1739967224160 6.210921617443993 36
1739967224224 6.951489708967869 37
1739967224288 7.809949267045943 38
1739967224354 6.230810165021953 39
1739967224418 7.059605219140043 40
1739967224484 7.2637080681438135 41
1739967224547 7.787358664927215 42
1739967224611 5.694240481739184 43
1739967224674 5.770466104004484 44
1739967224739 6.621588772829466 45
1739967224814 6.694103741457314 46
1739967224880 6.592754729741692 47
1739967224954 7.543227912240195 48
1739967225020 5.214361419673566 49
1739967225085 5.013850671054337 50
1739967225149 5.817583671796001 51
1739967225213 7.1146065677414745 52
1739967225278 7.0084464859524225 53
1739967225343 7.236331051379859 54
1739967225408 7.547081838534229 55
1739967225471 6.386593352373081 56
1739967225540 6.358076224614875 57
1739967225602 7.9621487789052745 58
1739967225666 7.118816306585562 59
1739967225731 5.814463192873782 60
1739967225795 7.724961796558732 61
1739967225859 6.8285337178391625 62
1739967225922 6.185321341369565 63
1739967225988 6.091293052781234 64
1739967226054 6.2300953113939395 65
1739967226117 7.917180849775637 66
1739967226181 5.763337590749178 67
1739967226246 7.517356903632916 68
1739967226312 6.289972852407533 69
1739967226377 9.722526181596823 70
1739967226443 7.079006897577851 71
1739967226511 5.825564372111133 72
1739967226586 6.879482144301448 73
1739967226649 6.450703938799252 74
1739967226714 7.806502018789412 75
1739967226782 6.95668161093211 76
1739967226850 5.228848312713379 77
1739967226915 6.352423243937101 78
1739967226979 6.557944260177814 79
1739967227045 7.125654942584597 80
1739967227111 6.6065982685403855 81
1739967227175 7.304182411316039 82
1739967227239 5.544811751059426 83
1739967227306 6.2867346523313214 84
1739967227372 6.422855437148121 85
1739967227437 7.566923147647613 86
1739967227502 7.634811248444801 87
1739967227617 6.294345537895309 88
1739967227695 6.411482593268584 89
1739967227771 8.978936336249417 90
1739967227842 6.560084978251933 91
1739967227912 6.008671297745528 92
1739967227977 5.169468835793745 93
1739967228042 7.0448538918858485 94
1739967228107 6.892339822324615 95
1739967228171 7.069471814031976 96
1739967228240 6.2209008418931795 97
1739967228308 6.483204601707862 98
1739967228377 6.420606971527312 99
1739967228441 6.170884730820146 100
1739967228506 5.764609730580304 101
1739967228573 5.91324271103541 102
1739967228637 5.629938065433606 103
1739967228701 6.509471425006382 104
1739967228767 7.4337094667370165 105
1739967228832 5.526442305641805 106
1739967228903 6.303632400265619 107
1739967228967 6.446318045548252 108
1739967229031 6.438650845453252 109
1739967229097 7.232362902948388 110
1739967229161 7.722422229167111 111
1739967229234 6.253598324224122 112
1739967229305 7.272860388080526 113
1739967229368 7.288717208724601 114
1739967229433 6.594707225088205 115
1739967229500 6.844284408442987 116
1739967229569 7.243014606086609 117
1739967229634 6.117069477257025 118
1739967229697 6.779239533244597 119
1739967229766 6.095969119316499 120
1739967229830 8.642362018095456 121
1739967229894 6.631279565707534 122
1739967229956 6.878919874854736 123
1739967230022 6.350619825009564 124
1739967230085 7.073819168650447 125
1739967230149 6.617045120016279 126
1739967230213 6.67567102492994 127
1739967230277 8.20424559517528 128
1739967230345 6.457655510010022 129
1739967230410 6.720311692443275 130
1739967230474 5.800685963396804 131
1739967230543 6.31648434280727 132
1739967230610 9.758088578946586 133
1739967230690 6.666198251862408 134
1739967230757 6.253204066990688 135
1739967230820 6.563903002822878 136
1739967230885 6.273910859295196 137
1739967230952 6.580884550032041 138
1739967231016 5.32809094903757 139
1739967231081 6.625285186565677 140
1739967231148 6.6387072017501385 141
1739967231211 6.685046558307968 142
1739967231275 6.1450126325843675 143
1739967231342 6.859762309917297 144
1739967231409 6.36374785876017 145
1739967231473 6.274509033707098 146
1739967231542 6.807163323422237 147
1739967231610 6.537379460009546 148
1739967231673 6.996076447115033 149
1739967231737 7.332570781834867 150
1739967231800 6.722023584117307 151
1739967231864 5.884567511876674 152
1739967231929 5.323954029419713 153
1739967231992 7.292603919977862 154
1739967232059 6.991991923975322 155
1739967232123 7.347114945483505 156
1739967232186 7.272304375291445 157
1739967232251 7.095589546403774 158
1739967232316 6.6843783691321805 159
1739967232379 6.212470865973556 160
1739967232446 7.472350642448848 161
1739967232510 6.205713459512983 162
1739967232580 6.429812421313439 163
1739967232644 6.992644436029343 164
1739967232707 6.63301800788489 165
1739967232771 6.290632230444038 166
1739967232836 7.774944762216661 167
1739967232899 6.084645232684427 168
1739967232968 5.931884728333191 169
1739967233033 6.409856269788313 170
1739967233096 5.801454251580006 171
1739967233159 7.4207154115744265 172
1739967233224 7.960262588283548 173
1739967233289 6.630745501175721 174
1739967233353 6.436473816207825 175
1739967233419 6.860268964036748 176
1739967233484 7.706234297235366 177
1739967233555 5.845857948773056 178
1739967233618 5.12056565612623 179
1739967233685 7.4982014629240545 180
1739967233751 5.763231166551798 181
1739967233814 8.679128700229585 182
1739967233879 6.52552251459141 183
1739967233944 8.275049908323984 184
1739967234009 8.531786611431112 185
1739967234075 6.584863328052902 186
1739967234138 6.563744356554674 187
1739967234201 6.329313231733026 188
1739967234268 5.993314796658008 189
1739967234332 5.951296738425789 190
1739967234395 6.950640473011031 191
1739967234461 7.414647195131798 192
1739967234527 5.875691625678772 193
1739967234593 6.220019846903298 194
1739967234656 6.443129763923801 195
1739967234721 6.54773128008096 196
1739967234787 7.212852653433299 197
1739967234851 6.034495499579983 198
1739967234914 6.462439475691515 199
1739967234983 6.519581343293878 200
1739967235049 6.720995473782903 201
1739967235111 6.476095486960489 202
1739967235174 6.221764936237647 203
1739967235239 6.247866714163372 204
1739967235303 6.372915253362254 205
1739967235367 7.322489752358287 206
1739967235432 6.123575202183407 207
1739967235497 6.593789758735141 208
1739967235566 6.280675704085354 209
1739967235630 6.362643878214923 210
1739967235698 5.993156284221629 211
1739967235762 5.667571294794931 212
1739967235826 5.893953584389055 213
1739967235890 6.3288991118736035 214
1739967235955 6.241732626062523 215
1739967236019 6.588714783082831 216
1739967236085 6.003770635786205 217
1739967236150 5.820122078294997 218
1739967236214 5.823105039936654 219
1739967236280 6.813109256262841 220
1739967236347 6.2751918645293285 221
1739967236414 7.0277283410058935 222
1739967236478 6.500930124408132 223
1739967236544 6.157335645992376 224
1739967236614 6.367870991950285 225
1739967236679 5.858160610569825 226
1739967236743 7.454400530665516 227
1739967236809 8.391254433878718 228
1739967236873 6.8651389822875695 229
1739967236936 5.29202811114931 230
1739967237007 6.795102425812701 231
1739967237072 6.85571657751123 232
1739967237134 6.397727513569809 233
1739967237198 6.305201836467429 234
1739967237263 5.6022002239236315 235
1739967237328 6.6091114354167955 236
1739967237394 6.3168792962309706 237
1739967237458 5.80112885456652 238
1739967237522 6.957444238228293 239
1739967237593 6.573762268808649 240
1739967237657 5.9062103670212585 241
1739967237721 5.879660956021821 242
1739967237786 6.829627431109617 243
1739967237849 7.076838777796617 244
1739967237913 7.319456707247891 245
1739967237977 7.386723449139384 246
1739967238042 6.393937509576347 247
1739967238105 7.089228513934059 248
1739967238168 6.495915582219792 249
1739967238233 6.551070186321923 250
1739967238297 5.704392954318165 251
1739967238361 6.335773075307478 252
1739967238428 6.780441840941738 253
1739967238492 7.748488425160453 254
1739967238559 6.669091510625494 255
1739967238665 6.027679333467678 256
1739967238733 6.087603300289327 257
1739967238799 6.524843390788026 258
1739967238862 6.048434829074858 259
1739967238927 6.691377422779619 260
1739967238992 6.533891700485793 261
1739967239063 6.6845545876296475 262
1739967239131 6.47077671772556 263
1739967239196 5.784453158051 264
1739967239259 6.28636403777168 265
1739967239334 6.211627444694167 266
1739967239405 6.773503687644666 267
1739967239467 6.379417902106379 268
1739967239532 6.129121141184096 269
1739967239598 6.4264328463429 270
1739967239662 6.706503393941224 271
1739967239727 6.170383315553493 272
1739967239792 6.15289638168979 273
1739967239854 6.697644342417454 274
1739967239919 6.1726848396503335 275
1739967239982 6.65580876050561 276
1739967240049 7.496297784019009 277
1739967240113 6.197672974449677 278
1739967240175 7.60084282647568 279
1739967240243 5.691528523928792 280
1739967240309 6.1734508178288845 281
1739967240373 6.63444404234649 282
1739967240438 5.717784978730002 283
1739967240503 7.206315431998193 284
1739967240573 7.137531090194806 285
1739967240639 7.700489285836177 286
1739967240703 6.287464176819385 287
1739967240766 7.508201497770061 288
1739967240830 7.094945692538431 289
1739967240893 6.010948890159622 290
1739967240959 5.060148122075337 291
1739967241024 6.903668362619269 292
1739967241093 7.1057811068649785 293
1739967241159 5.994617990249838 294
1739967241222 6.062569364342388 295
1739967241285 7.680546906759817 296
1739967241351 8.335810439043778 297
1739967241416 6.244197159967702 298
1739967241480 6.798892209387129 299
1739967241550 7.115298477495573 300
1739967241615 5.602287914662811 301
1739967241678 5.347334270119942 302
1739967241743 6.451300403476749 303
1739967241805 6.66860223416305 304
1739967241869 4.712677701613358 305
1739967241933 6.5730311085669575 306
1739967241997 6.868611629380189 307
1739967242062 5.914283254454687 308
1739967242129 5.989419339214166 309
1739967242192 6.500424041699719 310
1739967242258 5.685115005280425 311
1739967242323 6.329690125848227 312
1739967242388 6.06187780664757 313
1739967242455 6.3970321900322045 314
1739967242522 6.64370680498061 315
1739967242590 6.774976658894728 316
1739967242655 6.8120743788804115 317
1739967242719 7.037971236743996 318
1739967242783 6.674255230715516 319
1739967242848 7.3926859213386855 320
1739967242912 6.957947886886449 321
1739967242978 7.287915917318559 322
1739967243045 6.21934018379932 323
1739967243115 6.550006713452264 324
1739967243182 6.834826114566752 325
1739967243248 7.499394348562849 326
1739967243312 7.014762636914483 327
1739967243376 6.807808324601653 328
