1740006456758 27.82695053772702 0
1740006456786 4.9112479928571675 1
1740006456812 0.7465240096101948 2
1740006456838 0.2240376152888167 3
1740006456860 0.1446572509585338 4
1740006456884 0.08008302375063234 5
1740006456909 0.09721964591788633 6
1740006456937 0.15537089172734825 7
1740006456959 0.13044043620139195 8
1740006456982 0.13169556898881693 9
1740006457003 0.08808938047584032 10
1740006457025 0.10942008449916875 11
1740006457050 0.10926339019170063 12
1740006457076 0.17125620428579827 13
1740006457099 0.08440575809090273 14
1740006457125 0.11624410189673234 15
1740006457149 0.0875087859957575 16
1740006457174 0.07042607514890417 17
1740006457196 0.1420439985477619 18
1740006457220 0.08915878018067969 19
1740006457243 0.1594441971306423 20
1740006457268 0.1058430249905634 21
1740006457290 0.08523713778533054 22
1740006457312 0.15013411976817195 23
1740006457333 0.10913749294361526 24
1740006457357 0.08482732529171413 25
1740006457382 0.1084570332809952 26
1740006457408 0.06234588059669287 27
1740006457434 0.0884362684396242 28
1740006457456 0.12383553637817128 29
1740006457478 0.1344078509469443 30
1740006457502 0.09930972692041622 31
1740006457526 0.12234106906797726 32
1740006457548 0.09747522167002262 33
1740006457569 0.13875647669050553 34
1740006457591 0.07058124371021066 35
1740006457614 0.18083282284409777 36
1740006457639 0.0958671859427506 37
1740006457663 0.1707095472726928 38
1740006457684 0.08802837081540532 39
1740006457706 0.08147085521250558 40
1740006457729 0.12629702529967957 41
1740006457753 0.11651460160601426 42
1740006457774 0.08050301089929558 43
1740006457795 0.0695919752394271 44
1740006457817 0.07585001072270145 45
1740006457839 0.12969358550301885 46
1740006457867 0.15853968252084452 47
1740006457892 0.07814086877861798 48
1740006457917 0.14801992319599308 49
1740006457941 0.144764956439272 50
1740006457968 0.10595380662612428 51
1740006457995 0.1357465087769113 52
1740006458018 0.09723563140274598 53
1740006458040 0.130675840649607 54
1740006458062 0.10441605954734132 55
1740006458085 0.1161000081417428 56
1740006458110 0.12486544222902059 57
1740006458133 0.10925381306549387 58
1740006458157 0.09038907271076958 59
1740006458180 0.11786489344254479 60
1740006458201 0.10314368990163679 61
1740006458227 0.1006920315987182 62
1740006458250 0.0637695032410674 63
1740006458272 0.09763547340040377 64
1740006458294 0.07814825004981571 65
1740006458316 0.1022299797026727 66
1740006458342 0.09256699320280488 67
1740006458365 0.08949626763949606 68
1740006458388 0.10588702076403869 69
1740006458409 0.14352544788409508 70
1740006458432 0.09816318647582153 71
1740006458454 0.09552540901288384 72
1740006458479 0.11617692729395868 73
1740006458501 0.10918009364176032 74
1740006458522 0.10739181811665659 75
1740006458543 0.13933246349944206 76
1740006458566 0.10587618867353982 77
1740006458592 0.11389344762824716 78
1740006458615 0.14240066413664598 79
1740006458636 0.1388268428498917 80
1740006458659 0.09265443818898894 81
1740006458681 0.1063870862678795 82
1740006458705 0.08420462799083407 83
1740006458729 0.09046405427394684 84
1740006458751 0.08048360877548522 85
1740006458772 0.14900168784370812 86
1740006458794 0.07309482980959266 87
1740006458816 0.09784867212895962 88
1740006458841 0.12489221607410776 89
1740006458908 0.19556609420789528 90
1740006458955 0.16169681522150448 91
1740006458980 0.09255652015913227 92
1740006459003 0.06919905263826409 93
1740006459029 0.17231510509664044 94
1740006459052 0.08322113232001595 95
1740006459073 0.0875137692307707 96
1740006459095 0.057280359704060035 97
1740006459117 0.09615332496243886 98
1740006459143 0.091970312626669 99
1740006459166 0.1356519737425035 100
1740006459188 0.13192955863722566 101
1740006459211 0.09626107048388456 102
1740006459233 0.16153925091629293 103
1740006459258 0.14188446129335153 104
1740006459281 0.11484277288133556 105
1740006459302 0.09687318209446628 106
1740006459325 0.20308760017429056 107
1740006459348 0.1030690038943569 108
1740006459372 0.11243976779711456 109
1740006459394 0.09887583955852952 110
1740006459416 0.11326768851865339 111
1740006459440 0.08973455663108806 112
1740006459469 0.07705666227260842 113
1740006459492 0.10598333715051014 114
1740006459514 0.12277639108664427 115
1740006459536 0.10205786077652086 116
1740006459558 0.12071945908913964 117
1740006459582 0.18666551014323665 118
1740006459606 0.09437697423447651 119
1740006459630 0.11362124321105455 120
1740006459652 0.06219116023359987 121
1740006459674 0.09340653239434579 122
1740006459695 0.1265943850092065 123
1740006459718 0.09457349600310352 124
1740006459743 0.10786789710160763 125
1740006459765 0.11329163796071076 126
1740006459787 0.11668174856223343 127
1740006459809 0.1104829260024368 128
1740006459832 0.11355501163189227 129
1740006459858 0.12049807981480708 130
1740006459881 0.1422444605339802 131
1740006459902 0.10716792832107955 132
1740006459925 0.1314910377108404 133
1740006459949 0.09015268681334479 134
1740006459975 0.0781093762206288 135
1740006459998 0.11077060342049296 136
1740006460021 0.1587622764705288 137
1740006460044 0.10141887155774741 138
1740006460069 0.12139041352111792 139
1740006460096 0.1592448008028638 140
1740006460147 0.10024014215151522 141
1740006460174 0.11219065662007836 142
1740006460199 0.08800054040349767 143
1740006460226 0.12901415140938324 144
1740006460250 0.07360825369146427 145
1740006460272 0.14123080765119078 146
1740006460299 0.13469125051703995 147
1740006460322 0.16608086921143558 148
1740006460345 0.10199146714357456 149
1740006460366 0.11386860082209906 150
