1739966328591 6.303015719556049 0
1739966328679 6.774706455723819 1
1739966328756 6.140819292014077 2
1739966328828 6.103937104202216 3
1739966328901 6.790418863167731 4
1739966328972 7.0662451283427 5
1739966329044 6.486797543234968 6
1739966329112 6.24840067962446 7
1739966329181 6.613098286328915 8
1739966329252 6.486830235579048 9
1739966329321 6.403736532643379 10
1739966329391 6.498217369589237 11
1739966329465 6.746564959240357 12
1739966329543 7.011473283301318 13
1739966329613 7.777492238788327 14
1739966329684 5.281990816160699 15
1739966329762 7.333819694275747 16
1739966329838 6.461234445179208 17
1739966329908 6.930497034700521 18
1739966329982 6.401152888680298 19
1739966330053 6.635410565431576 20
1739966330163 6.675386244379536 21
1739966330237 5.83876533844236 22
1739966330306 6.456302589073959 23
1739966330377 6.572183457847947 24
1739966330447 7.408220833695005 25
1739966330519 6.636183474102461 26
1739966330598 6.567924543792533 27
1739966330684 7.929910843722066 28
1739966330755 6.087734062631874 29
1739966330825 6.436067103569899 30
1739966330896 5.9771967387058735 31
1739966330965 7.335582327399361 32
1739966331036 6.526046486519315 33
1739966331105 6.705696978823722 34
1739966331176 5.913806160631748 35
1739966331247 6.334296310557602 36
1739966331316 6.618635942517735 37
1739966331386 6.64189767926839 38
1739966331456 6.389656172797375 39
1739966331529 6.103467009943693 40
1739966331597 6.514250193970094 41
1739966331668 6.281082614815268 42
1739966331738 7.168532113959194 43
1739966331807 6.180762790061847 44
1739966331882 6.6553455829635215 45
1739966331952 6.556767579656225 46
1739966332026 8.16365168292774 47
1739966332095 6.956279787301202 48
1739966332168 5.863540394358289 49
1739966332238 6.593863344573255 50
1739966332308 6.380983491050204 51
1739966332377 6.3599767471488775 52
1739966332446 7.438401768592118 53
1739966332518 6.354299848590706 54
1739966332588 7.273827539432895 55
1739966332659 6.383550537862883 56
1739966332730 6.450851319909846 57
1739966332798 6.661010759401107 58
1739966332868 7.34040719956967 59
1739966332937 7.595014165998462 60
1739966333008 6.416271976572668 61
1739966333079 6.276298098771007 62
1739966333149 8.389972243975418 63
1739966333219 5.970840167993438 64
1739966333292 6.391857774962322 65
1739966333366 6.38527284455589 66
1739966333436 7.287698534248222 67
1739966333506 7.082674831999872 68
1739966333579 6.323986456849486 69
1739966333649 6.532906733555901 70
1739966333721 6.2995599165212735 71
1739966333790 6.224627781549429 72
1739966333861 7.254014656885396 73
1739966333932 6.571561103068979 74
1739966334010 6.562026341193124 75
1739966334081 7.210568875625015 76
1739966334149 6.870677352789898 77
1739966334218 7.4765024479202 78
1739966334289 6.289638606183297 79
1739966334358 6.447148400575086 80
1739966334429 6.591474609978694 81
1739966334500 6.13105252670884 82
1739966334573 6.472184540078656 83
1739966334641 6.537141750432493 84
1739966334710 6.902667391896123 85
1739966334780 6.144477472606498 86
1739966334850 7.172211627593818 87
1739966334920 7.668922115721957 88
1739966334991 6.0969944245884555 89
1739966335062 7.090147027008191 90
1739966335133 6.6895172295094145 91
1739966335202 6.618415337732846 92
1739966335272 6.5613269926347195 93
1739966335342 6.090074310189058 94
1739966335410 6.900620870474717 95
1739966335481 6.556168202649362 96
1739966335555 6.168656789548753 97
1739966335624 6.116228964742459 98
1739966335693 7.32577337203288 99
1739966335765 7.4045310176500925 100
1739966335834 7.278334277531563 101
1739966335903 7.031035710362342 102
1739966335974 6.250460150956702 103
1739966336049 6.157529691752731 104
1739966336118 5.963073742766765 105
1739966336189 6.621864034906466 106
1739966336257 7.083161253440512 107
1739966336329 6.230664880062293 108
1739966336400 7.442953685977339 109
1739966336469 6.869367650564158 110
1739966336541 6.642167017650388 111
1739966336611 6.6883710683595465 112
1739966336682 6.375303127555111 113
1739966336752 6.39797437724828 114
1739966336823 6.311289729117986 115
1739966336894 6.426610506486627 116
1739966336964 8.76779799771498 117
1739966337035 6.871590038250386 118
1739966337104 7.514240353098105 119
1739966337176 7.411449674410745 120
1739966337247 6.68553369462853 121
1739966337317 6.560626172520016 122
1739966337386 7.2992808726786444 123
1739966337456 7.2077267488921395 124
1739966337530 6.027786557262201 125
1739966337599 6.215473258226154 126
1739966337667 6.726077922475951 127
1739966337736 7.39285331099158 128
1739966337818 7.393385650633207 129
1739966337888 7.137318306213287 130
1739966337958 7.115743283343832 131
1739966338030 5.987491578312416 132
1739966338106 6.27845356842785 133
1739966338176 6.908104553705921 134
1739966338246 6.364915145885723 135
1739966338315 6.590335972270986 136
1739966338384 6.632740675188542 137
1739966338453 6.549275792755417 138
1739966338529 6.725163750315451 139
1739966338598 6.380357542744202 140
1739966338671 6.6354945206453735 141
1739966338741 6.487129160461524 142
1739966338811 6.289091065721187 143
1739966338882 7.43818680652443 144
1739966338953 6.689197219673597 145
1739966339028 7.357854340720457 146
1739966339128 6.256377232319843 147
1739966339198 6.342767638358874 148
1739966339275 6.796435387880497 149
1739966339346 6.149880629131168 150
1739966339414 6.829528087783785 151
1739966339488 6.237018641846005 152
1739966339563 6.63670620443234 153
1739966339635 6.690853653311109 154
1739966339703 6.395414533329372 155
1739966339773 6.58257024833674 156
1739966339845 6.3439115363092515 157
1739966339914 6.172583957225421 158
1739966339987 6.6212368520661355 159
1739966340060 6.1215281791886165 160
1739966340136 7.469639400891413 161
1739966340206 7.067296574549021 162
1739966340277 6.647486548409574 163
1739966340346 6.302720878814601 164
1739966340415 7.295800754946862 165
1739966340488 6.46482029634343 166
1739966340563 6.65954874551861 167
1739966340634 7.235378251404081 168
1739966340706 6.47637656994742 169
1739966340784 6.477359942942821 170
1739966340855 7.252423403620914 171
1739966340923 6.283490491862688 172
1739966340994 5.856896316642815 173
1739966341067 7.524590353548474 174
1739966341138 6.371412955995981 175
1739966341207 6.3805242367100155 176
1739966341279 6.381658656111644 177
1739966341348 6.542421994773343 178
1739966341417 7.209442250831483 179
1739966341488 6.620880478885436 180
1739966341561 6.442026722113813 181
1739966341630 6.5461599992133195 182
1739966341701 6.5461352659306495 183
1739966341773 6.083511629377615 184
1739966341845 7.326480859563141 185
1739966341913 7.288593818791132 186
1739966341983 5.724626468133027 187
1739966342056 6.168476414099852 188
1739966342130 5.8670516891755105 189
1739966342203 6.512332207641713 190
1739966342272 6.0668921834069724 191
1739966342344 7.016870799616252 192
1739966342413 5.014944808291325 193
1739966342483 6.446340923111658 194
1739966342558 5.932093720972197 195
1739966342627 6.525040021333091 196
1739966342696 6.075223023081343 197
1739966342768 6.4708102795442946 198
1739966342838 6.7610221677087345 199
1739966342906 6.397444502606831 200
1739966342979 5.987946627777713 201
1739966343050 6.44707081825053 202
1739966343118 6.239024820264321 203
1739966343189 6.2455982631772455 204
1739966343264 6.375365721342538 205
1739966343333 6.9857295741840915 206
1739966343402 6.104628335269711 207
1739966343473 6.266358819145157 208
1739966343546 6.216516736280975 209
1739966343614 6.212577873228431 210
1739966343684 6.323114039046194 211
1739966343754 6.458900867820462 212
1739966343825 6.737215618983227 213
1739966344049 6.450957345541177 214
1739966344141 5.7903874116745495 215
1739966344215 7.106459792426809 216
1739966344285 6.733467388099859 217
1739966344355 7.1626527750868645 218
1739966344425 6.711527313164468 219
1739966344497 6.779038469525243 220
1739966344574 6.464864213518939 221
1739966344651 6.445681109320177 222
1739966344726 6.4966513178781495 223
1739966344797 6.008531610512838 224
1739966344927 6.291813126942806 225
1739966345014 6.96141340137875 226
1739966345093 6.7072818210591985 227
1739966345174 6.410175495451052 228
1739966345287 6.450978616462235 229
1739966345473 6.963535475289112 230
1739966345650 6.861484244640679 231
1739966345719 6.908254755410747 232
1739966345790 6.566965068928278 233
1739966345859 7.183228338847582 234
1739966345929 6.884101433221691 235
1739966346000 6.6757806266996615 236
1739966346072 6.740499753245159 237
1739966346140 7.261683241868732 238
1739966346218 7.6414819056562795 239
1739966346288 6.166267462963759 240
1739966346357 6.247206659094975 241
1739966346425 5.990115392596655 242
1739966346495 6.699101115504297 243
1739966346572 6.566584808354374 244
1739966346642 6.684107350166529 245
1739966346711 6.405572210327986 246
1739966346781 6.888624123236159 247
1739966346852 6.322328492254799 248
1739966346921 6.765815295546926 249
1739966346993 6.319252242149665 250
1739966347069 6.600371490878782 251
1739966347139 6.500791989798543 252
1739966347219 7.5888881830242205 253
1739966347289 6.181066036495918 254
1739966347360 6.601255806154792 255
1739966347430 6.563700570792059 256
1739966347501 6.515586817986967 257
1739966347575 6.292648744524067 258
1739966347645 6.887254411662553 259
1739966347715 6.687744101714519 260
1739966347790 6.277405536943594 261
1739966347858 7.105923792502962 262
1739966347927 7.101549646949454 263
1739966347996 6.55709049304259 264
1739966348069 6.3133376557803755 265
1739966348141 5.119554314577042 266
1739966348211 6.63622664728664 267
1739966348284 6.893431468474205 268
1739966348354 6.661655332632116 269
1739966348423 6.163624495765444 270
1739966348498 6.323813813722906 271
1739966348573 6.352711021916049 272
1739966348641 6.305133327134458 273
1739966348711 6.739750252181213 274
1739966348780 7.400037355551869 275
1739966348851 6.71395028615694 276
1739966348923 6.935470870134688 277
1739966348994 5.619667558225642 278
1739966349067 6.475274066555514 279
1739966349139 6.352595440985072 280
1739966349211 6.437239117330625 281
1739966349280 6.379603404681863 282
1739966349348 7.309140292138019 283
1739966349418 6.325747164741884 284
1739966349493 6.497569986249492 285
1739966349573 6.282569212133309 286
1739966349643 6.834558814777266 287
1739966349714 6.350634463605836 288
1739966349788 6.358464334261508 289
1739966349857 6.5743354635852 290
1739966349930 6.387007101754732 291
1739966349999 6.844218949802331 292
