1740011878677 0.9853141401052853 0
1740011878780 0.340156278185426 1
1740011878880 0.16812568825504137 2
1740011878989 0.17507082610784983 3
1740011879094 0.00021470703828813418 4
1740011879192 0.9884424100913803 5
1740011879294 1.3941750691318442 6
1740011879398 0.07289675960809897 7
1740011879496 1.3752994186095384 8
1740011879596 1.527042887626624 9
1740011879697 1.106363991897929 10
1740011879799 0.30212016567128547 11
1740011879900 1.117182779749599 12
1740011880011 0.3127620868961568 13
1740011880117 0.011710246179950257 14
1740011880240 0.1823313764242371 15
1740011880386 0.33919382353928396 16
1740011880485 2.6121471689917524 17
1740011880586 0.46739950385541007 18
1740011880685 1.5245526286049726 19
1740011880788 0.33548780109622695 20
1740011880892 0.14683368404975153 21
1740011880991 0.33081189701096936 22
1740011881092 1.0273816489490863 23
1740011881196 0.9899760016863264 24
1740011881296 0.7541531041059053 25
1740011881394 0.5763537330506545 26
1740011881501 0.581033160945065 27
1740011881607 0.13981271601455345 28
1740011881707 0.13056130810164462 29
1740011881807 1.4271136471246493 30
1740011881911 0.6837496875326716 31
1740011882016 0.0002050051334594519 32
1740011882135 0.5490019757913777 33
1740011882242 0.8138768425295853 34
1740011882349 0.22182546733254302 35
1740011882452 1.0513463072555553 36
1740011882560 0.0015535963469479888 37
1740011882663 0.9042743631433815 38
1740011882768 0.6001086508514987 39
1740011882873 0.5109487889172313 40
1740011882975 0.5898329007670411 41
1740011883076 2.7162274406648828 42
1740011883179 0.8779468913584426 43
1740011883284 0.5137970398427464 44
1740011883390 0.5125262025868678 45
1740011883495 0.18146984549515163 46
1740011883596 0.08864369217938124 47
1740011883700 0.5967132129059477 48
1740011883804 0.06634991244226517 49
1740011883904 0.316494642318764 50
1740011884005 0.3312772862068362 51
1740011884114 0.38067480838922646 52
1740011884267 0.9558018227023103 53
1740011884366 0.5052811294851063 54
1740011884467 0.29254175387534626 55
1740011884571 0.38894668823566275 56
1740011884673 0.0881882881305686 57
1740011884773 0.5654048950567732 58
1740011884873 0.9692553968316312 59
1740011884975 0.3217463873407261 60
1740011885078 0.2356317267068547 61
1740011885178 0.48029283041931353 62
1740011885279 0.718674861784864 63
1740011885382 0.8762159225509794 64
1740011885485 0.36871977376340953 65
1740011885588 0.20439427048360959 66
1740011885689 0.1820246278471407 67
1740011885793 0.892558809280117 68
1740011885894 0.4001987581461279 69
1740011885992 0.18873036287115522 70
1740011886096 0.2812948310740496 71
1740011886201 0.3332135711530776 72
1740011886301 0.6275332736257342 73
1740011886399 0.9831502196658218 74
1740011886503 0.3521791504789094 75
1740011886605 0.3654424530908432 76
1740011886702 0.040047986469869 77
1740011886803 0.3174362771508725 78
1740011886918 1.7010284966124882 79
1740011887063 0.23510019251307768 80
1740011887537 0.0019220980699235365 81
1740011887750 0.5842755163991233 82
1740011887892 0.1008513288338672 83
1740011888011 0.501047687098351 84
1740011888126 0.02184029962811257 85
1740011888257 0.3040268827320956 86
1740011888402 0.3029178535250288 87
1740011888507 0.7180385002009414 88
1740011888618 0.001330152967655484 89
1740011888718 0.4026553470559042 90
1740011888821 0.5054767233420993 91
1740011888926 0.7986211436949135 92
1740011889033 0.4633099731896164 93
1740011889135 1.5424474145595242 94
1740011889327 0.34851859051549927 95
1740011889434 0.28314813198099414 96
1740011889534 0.5410585356900134 97
1740011889644 0.3932348121756617 98
1740011889749 0.1936145533708702 99
1740011889852 0.06436888661357672 100
1740011889956 0.16788951179528233 101
1740011890061 0.9696797740655672 102
1740011890178 0.6008777901439051 103
1740011890285 0.7394810318999055 104
1740011890386 0.4942278960950884 105
1740011890489 0.3593571219554322 106
1740011890592 0.7628586374892575 107
1740011890700 1.3335648486158118 108
1740011890802 1.2817677736948567 109
1740011890909 0.8740601159297281 110
1740011891010 0.7157319034211768 111
1740011891115 0.3716807380715188 112
1740011891218 0.6290468896069433 113
1740011891321 1.5959677430890322 114
1740011891431 0.4094990868166963 115
1740011891535 0.677222213668785 116
1740011891642 1.1354744309202947 117
1740011891747 0.17789783402868442 118
1740011891851 0.004578080567412684 119
1740011891955 0.3342330547278112 120
1740011892058 0.42059536306251094 121
1740011892179 0.7297942101489282 122
1740011892285 0.7898763377223897 123
1740011892389 0.40451240532141447 124
1740011892494 1.07327675842602 125
1740011892596 0.36571192837527416 126
1740011892699 1.412939780283273 127
1740011892808 0.1632817460078343 128
1740011892909 0.8753684451528014 129
1740011893013 0.34711045235904375 130
1740011893122 0.4699018692846223 131
1740011893224 0.7751893397725894 132
1740011893323 0.6840300824225065 133
1740011893427 0.28556558360087386 134
1740011893533 0.5873066450340142 135
1740011893641 0.06714899176519083 136
1740011893743 0.8921563034973157 137
1740011893848 0.2829916284520971 138
1740011893954 0.2187240093422563 139
1740011894054 0.39037380966939605 140
1740011894156 0.16790700912642864 141
1740011894266 0.6804752106064651 142
1740011894368 0.15673497566087116 143
1740011894469 0.0652431295251445 144
1740011894571 1.5689087103118047 145
1740011894774 0.18902494578094858 146
1740011894879 0.5085339652423435 147
1740011894983 0.09379999479103754 148
1740011895094 0.9391786103522353 149
1740011895194 1.4363640427130115 150
1740011895296 1.1569386507487123 151
1740011895402 1.3476858061523975 152
1740011895503 0.8783326868330319 153
1740011895617 0.18307876075680637 154
1740011895723 0.6775372493873221 155
1740011895837 1.629953025634555 156
1740011895943 0.1975839488276458 157
1740011896044 0.4963240607702126 158
1740011896156 0.4730696429777998 159
1740011896261 1.4510216069697628 160
1740011896366 0.155845715634764 161
1740011896468 0.7923521150450503 162
1740011896572 0.2284141880450883 163
1740011896681 1.3561677780865922 164
1740011896784 1.0792517402982624 165
1740011896885 0.6532977610698326 166
1740011896989 0.1543944445658527 167
1740011897109 0.6583697123872043 168
1740011897293 1.67697671190894 169
1740011897402 0.7787149155091984 170
1740011897509 0.7923173239354073 171
1740011897613 1.2131120087015437 172
1740011897720 0.006550050219248611 173
1740011897821 1.3301567365216738 174
1740011897926 0.8641390657395394 175
1740011898035 1.2895546363086094 176
1740011898148 0.20909625927596337 177
1740011898255 0.8436339082735286 178
1740011898359 0.06336695931221366 179
1740011898463 0.5996430444864014 180
1740011898566 0.17690846079620345 181
1740011898670 0.936226896520705 182
1740011898775 0.7749957251935016 183
1740011898894 0.08320287693100845 184
1740011898998 0.7049377881531392 185
1740011899100 1.9221505133479624 186
1740011899203 1.7008311726660417 187
1740011899306 1.2118484798745552 188
1740011899408 0.4377978760360517 189
1740011899513 0.1259257484689894 190
1740011899618 0.5554997666099735 191
1740011899717 0.21848368367892013 192
1740011899819 0.6492133494243356 193
1740011899923 0.7298854546429462 194
1740011900031 0.6189180176283199 195
1740011900142 0.21055014445225606 196
1740011900250 0.8976088718129696 197
1740011900359 0.13368981083938677 198
1740011900460 0.36480118539954703 199
1740011900560 0.9037290570820184 200
1740011900668 0.054019213984114606 201
1740011900769 0.7204269123352747 202
1740011900875 0.39284404541300466 203
1740011900976 0.5519233871707195 204
1740011901086 0.882021036908443 205
1740011901190 0.1043075077169778 206
1740011901293 0.1300577389590038 207
1740011901396 1.709936224763578 208
1740011901500 0.047218895831784236 209
1740011901604 0.9915875742800623 210
1740011901707 0.056475770285022486 211
1740011901813 0.913332508324718 212
1740011901921 1.0734645697159093 213
1740011902020 0.19253485968824882 214
1740011902131 0.12152240394636678 215
1740011902243 0.011664379080220716 216
1740011902355 0.33529016791193594 217
1740011902456 0.36726728164488537 218
1740011902682 0.4725534831511945 219
1740011902791 0.10635972742400317 220
1740011902901 0.8901463688992974 221
1740011903055 1.7201210452226143 222
1740011903158 0.12828526599828768 223
1740011903286 0.9432772247100398 224
1740011903398 0.3318205123939542 225
1740011903503 1.9000797890175232 226
1740011903614 0.06242945591886505 227
1740011903717 0.7224792108593029 228
1740011903818 0.005039304532997158 229
1740011903926 0.6994501181201239 230
1740011904035 1.1424739451068848 231
1740011904141 0.3409087830037907 232
1740011904252 0.01370139346298131 233
1740011904351 0.9839424173955218 234
1740011904457 0.23762929456173829 235
1740011904559 0.3495950386043417 236
1740011904664 0.3112157817185404 237
1740011904765 0.8723873694511227 238
1740011904874 0.1765384800896071 239
1740011904975 0.7709611747201568 240
1740011905079 0.07984973252297264 241
1740011905188 0.3358164887530584 242
1740011905290 0.41945472569662756 243
1740011905401 1.2948407907516872 244
1740011905508 2.002254044774131 245
1740011905617 0.5276841191126495 246
1740011905719 0.07446000584194087 247
1740011905822 0.049807032315155875 248
1740011905929 0.9512454916048307 249
1740011906033 0.35337572958156194 250
1740011906134 0.16015444549480057 251
1740011906237 0.5390795384040741 252
1740011906347 0.5171400959828927 253
1740011906461 0.18745198383558273 254
1740011906577 0.8908578810453758 255
1740011906692 0.18271640012730384 256
1740011906810 0.06452266942167112 257
1740011906928 0.3055464161027638 258
1740011907044 0.48531666050540034 259
1740011907162 0.48035432534374306 260
1740011907275 1.5137398444958612 261
1740011907387 1.3652607272555193 262
1740011907498 0.05388600568225663 263
1740011907615 0.8253355531187833 264
1740011907728 0.19515984056883093 265
1740011907843 0.33574169173033164 266
1740011907954 0.23461959668141244 267
1740011908071 0.640125531401765 268
1740011908183 1.4174920398168753 269
1740011908286 0.213150472851265 270
1740011908392 0.48237073929304225 271
1740011908495 0.035806174831444784 272
1740011908596 0.9790635909467688 273
1740011908705 0.3782843957200358 274
1740011908805 0.6301845766469399 275
1740011908905 1.3665184920535933 276
1740011909014 1.8489687747475634 277
1740011909116 0.16974612222786262 278
1740011909216 0.36301622133995476 279
1740011909316 0.40281344620528653 280
1740011909418 0.007229144357094428 281
1740011909522 0.08074517901691669 282
1740011909625 0.6193798634362635 283
1740011909730 1.2172309893980682 284
1740011909828 0.4505575323074387 285
1740011909934 0.2302292135426602 286
1740011910038 1.0882443384812224 287
1740011910156 0.4328894701868051 288
1740011910271 0.48648589778408746 289
1740011910374 0.9305087347965302 290
1740011910484 0.05388637471596374 291
1740011910584 0.3492283462444211 292
1740011910688 0.5717028261857474 293
1740011910791 1.2633710557283118 294
1740011910893 0.6256354605531227 295
1740011910990 0.5396517232801367 296
1740011911100 0.4742649238504136 297
1740011911202 1.582717361279104 298
1740011911304 0.2778061607083928 299
1740011911409 0.28459787897134864 300
1740011911513 0.5461133651670997 301
1740011911621 0.8886560324243842 302
1740011911724 0.07495141187095415 303
1740011911829 0.2272796951777138 304
1740011911938 0.886139959918348 305
1740011912041 0.15210121488601447 306
1740011912146 1.0109548559545556 307
1740011912252 0.16307762019478367 308
1740011912357 0.2359107169392634 309
1740011912471 0.38054056309769446 310
1740011912575 0.03427261206344863 311
1740011912681 0.1607044297390668 312
1740011912782 0.8339328373295527 313
1740011912886 1.0241469734980027 314
1740011912991 0.003757184449042058 315
1740011913093 0.7811259842350381 316
1740011913201 0.4671451238753714 317
1740011913305 0.1091156173490324 318
1740011913404 0.48537883972779056 319
1740011913506 1.1594968774077827 320
1740011913609 0.14742530281095015 321
1740011913713 0.5111972144607903 322
1740011913812 0.44709991635110125 323
1740011913913 0.21269436064082312 324
1740011914017 0.07707547166879561 325
1740011914123 1.0110022485238936 326
1740011914221 0.7235178698636539 327
1740011914324 1.4674652148823413 328
1740011914424 0.3994177193618929 329
1740011914572 0.8531181988724531 330
1740011914678 0.00832169113800654 331
1740011914779 1.4434611576091858 332
1740011914879 0.6613018384078989 333
1740011915018 0.5190826054646226 334
1740011915130 0.23688562428537563 335
1740011915237 0.10729638782985776 336
1740011915351 0.5446747798835544 337
1740011915453 0.7975328324341235 338
1740011915552 0.5500001331354805 339
1740011915655 0.15818867543349174 340
1740011915756 0.6449238044935839 341
1740011915856 0.6183511033329111 342
1740011915957 0.045079263964900695 343
1740011916058 0.3820415350215445 344
1740011916160 0.2968833968975529 345
1740011916258 0.6515152392508324 346
1740011916361 1.4528998942866405 347
1740011916459 0.9035713921597024 348
1740011916563 1.151985160054715 349
1740011916674 0.04255947072722783 350
1740011916773 0.8453031585045198 351
1740011916875 0.49539050324061734 352
1740011916982 1.1275943577638745 353
1740011917084 0.9620442113425735 354
1740011917189 0.2554831440117985 355
1740011917291 0.25409493732084554 356
1740011917393 0.032173830771063304 357
1740011917493 0.6228093024903829 358
1740011917597 0.44659355902723763 359
1740011917701 0.001839334897970057 360
1740011917808 0.0016660099941151322 361
1740011917914 1.3902641296909637 362
1740011918022 1.4315448641223274 363
1740011918129 0.5951297420699388 364
1740011918234 0.7410512341475666 365
1740011918348 1.178264724122376 366
1740011918454 0.6779491132218782 367
1740011918562 0.5527002320643375 368
1740011918664 0.1931889078915254 369
1740011918769 1.4628890530593477 370
1740011918869 0.15592376506949582 371
1740011918971 1.2693742232113154 372
1740011919076 1.0253431929780692 373
1740011919180 0.06140605958573742 374
1740011919302 0.6098763838255092 375
1740011919402 0.7173778391499003 376
1740011919503 0.15697228388650056 377
1740011919605 0.5287501680052809 378
1740011919707 1.186911034889641 379
1740011919807 0.26961273328937896 380
1740011919911 0.4736853008021187 381
1740011920009 0.40374809423859453 382
1740011920116 0.3508357703067539 383
1740011920268 1.1154800309003157 384
1740011920383 1.4657636589939395e-05 385
1740011920483 0.7498585528173887 386
1740011920584 2.8063289731694656 387
1740011920692 0.10166863666376615 388
1740011920790 0.8555930959581504 389
1740011920896 0.3850169164790088 390
1740011920999 0.23111990587213735 391
1740011921102 0.24902953411970885 392
1740011921209 0.004666920303568103 393
1740011921314 0.38473925953119864 394
1740011921421 0.780167917279536 395
1740011921525 1.8382820549014975 396
1740011921630 0.3595955724773191 397
1740011921733 0.03405251293579396 398
1740011921837 0.9438833004812113 399
1740011921940 0.24457254762995784 400
1740011922040 0.7067086348805962 401
1740011922148 0.07806223129448767 402
1740011922247 0.37228587906105953 403
1740011922346 0.6294815282685411 404
1740011922456 0.5624570712844662 405
1740011922562 0.46255299874361044 406
1740011922665 0.2768621146205323 407
1740011922772 0.5553316117504822 408
1740011922876 1.7254878636747042 409
1740011922984 1.095818256131464 410
1740011923086 0.12614119416297595 411
1740011923237 0.24545969750669622 412
1740011923336 0.26371005711203843 413
1740011923437 0.4742490011404585 414
1740011923540 0.20470134902906878 415
1740011923642 0.440139888808941 416
1740011923745 0.040931390089877326 417
1740011923844 0.715675014914465 418
1740011923951 1.5022685237833513 419
1740011924052 0.6404045247128778 420
1740011924150 0.5491000393704717 421
1740011924251 0.2493301338839929 422
1740011924350 1.2083553395711695 423
1740011924450 0.5177348509347434 424
1740011924552 0.004690858622781112 425
1740011924654 0.33611848714816844 426
1740011924765 0.8212186832320069 427
1740011924870 1.3648063506754067 428
1740011924975 0.5550633125820736 429
1740011925077 0.487548865877625 430
1740011925181 0.09391734075157773 431
1740011925283 0.46659363494493045 432
1740011925384 0.5085273045346638 433
1740011925484 0.00011375560397936744 434
1740011925590 0.3475300345380584 435
1740011925746 1.087413914052106 436
1740011925846 0.39339962215443847 437
1740011925945 0.2539145362362676 438
1740011926052 1.6480441449575889 439
1740011926154 0.19974191172329783 440
1740011926254 0.3677053506879669 441
1740011926356 0.5214032993056164 442
1740011926454 0.27412107384349155 443
1740011926555 0.2018233527563107 444
1740011926661 0.4770864820185933 445
1740011926767 0.10682924924984727 446
1740011926873 0.4004866658926255 447
1740011926973 1.25502907900756 448
1740011927075 0.8444050560722688 449
1740011927195 0.8270889340220635 450
1740011927293 1.1364141575152782 451
1740011927394 0.29118729729319187 452
1740011927495 0.4632924233102358 453
1740011927593 0.4165845997487863 454
1740011927694 0.6682366284563993 455
1740011927797 0.16730095032333644 456
1740011927899 2.1154511486980594 457
1740011927997 1.236997152322743 458
1740011928102 1.1411654452527038 459
1740011928207 0.260152750908481 460
1740011928306 0.7730226109031327 461
1740011928409 0.33784748642009765 462
1740011928508 0.784115598966072 463
1740011928607 0.5779576660518791 464
1740011928712 0.39874850038181725 465
1740011928815 3.2454554206147517 466
1740011928922 0.8443967887385617 467
1740011929023 0.7152522607286413 468
1740011929128 0.23863958140649547 469
1740011929237 0.19131208248288575 470
1740011929339 0.516031865050791 471
1740011929439 0.0639461220034478 472
1740011929537 1.3107702403352237 473
1740011929643 1.7895775096951414 474
1740011929745 0.030574089436740587 475
1740011929843 1.0856847451717737 476
1740011929948 0.9714384359621054 477
1740011930048 0.33237677304289004 478
1740011930147 0.12269408423467555 479
1740011930249 0.052931219359413695 480
1740011930349 0.766518195261178 481
1740011930449 0.08747066896981831 482
1740011930553 0.9207507076315901 483
1740011930656 0.8258420130325423 484
1740011930756 0.8725695809405491 485
1740011930860 0.6280098394064594 486
1740011930959 0.4988292415000608 487
1740011931058 0.2188184766689089 488
1740011931161 0.42271282133513444 489
1740011931262 0.9729397809766805 490
1740011931360 0.0987176358191487 491
1740011931465 0.13017899458882534 492
1740011931566 0.019417807313081688 493
1740011931669 0.3786939513074752 494
1740011931769 0.12792926704295596 495
1740011931874 0.16380216777659898 496
1740011931975 1.1586699081483645 497
1740011932072 0.2901501955882597 498
1740011932176 0.13044906529693415 499
