1739995452844 0.12192723433194785 0
1739995452933 0.0002028480972623245 1
1739995453019 0.1474583726657609 2
1739995453105 0.08239614661547641 3
1739995453192 0.0007464766909677566 4
1739995453277 0.025219936912800497 5
1739995453363 0.16660614197580378 6
1739995453449 0.0005682388629279422 7
1739995453534 0.005351452288942871 8
1739995453621 0.06532400795008338 9
1739995453708 0.004870060428395435 10
1739995453793 0.21270848417570276 11
1739995453880 0.07401837377906423 12
1739995453968 0.055308646122609426 13
1739995454096 0.001808234016276893 14
1739995454182 0.18647375223219717 15
1739995454268 0.05869567263239718 16
1739995454355 0.04606957520719722 17
1739995454439 0.010010969514841279 18
1739995454522 0.04171347176036111 19
1739995454606 0.0029108267247886332 20
1739995454690 0.0031508515246331803 21
1739995454774 0.030948286179283212 22
1739995454859 0.1415888617258738 23
1739995454944 0.12143134168838896 24
1739995455027 0.017118856133519846 25
1739995455110 0.03463135744446259 26
1739995455194 0.1334266236925137 27
1739995455277 0.08098208204180236 28
1739995455361 0.0018391196820530488 29
1739995455446 0.2874343920084708 30
1739995455528 0.18437514425479168 31
1739995455613 0.04784743594912148 32
1739995455697 0.03742069676990095 33
1739995455794 0.03660988204927848 34
1739995455928 2.955943619513535e-05 35
1739995456049 0.0007523612269167922 36
1739995456144 0.006204895794367093 37
1739995456283 0.002628391220821651 38
1739995456409 0.00468492037080301 39
1739995456499 0.002044200160917345 40
1739995456584 0.025227261535716815 41
1739995456668 0.15359007920501616 42
1739995456753 0.10821185472582011 43
1739995456842 0.36156487003951754 44
1739995456927 0.012198274700125685 45
1739995457012 0.06965427402383162 46
1739995457095 0.05912300374988658 47
1739995457180 0.038210913867619496 48
1739995457262 0.14466403218073307 49
1739995457347 0.007533349865553064 50
1739995457431 0.0898783156740505 51
1739995457515 0.0058229785833566776 52
1739995457599 0.03234645178103809 53
1739995457683 0.03833608082244691 54
1739995457769 0.027419574979785623 55
1739995457859 1.0133404755536684 56
1739995457943 0.07804704787179557 57
1739995458027 0.11542781773800494 58
1739995458112 0.0058973924742858706 59
1739995458199 0.03948070023481568 60
1739995458285 0.22046462544315337 61
1739995458371 0.22352922683546303 62
1739995458455 0.04414399752086087 63
1739995458554 0.004671856552396515 64
1739995458709 0.185648473979285 65
1739995458807 0.11423016834695336 66
1739995458903 0.037762556614143926 67
1739995458993 0.00016808532095040343 68
1739995459083 0.028458903989964084 69
1739995459171 0.04281345983466413 70
1739995459257 0.05052556189887384 71
1739995459346 0.10361321669454432 72
1739995459436 0.20909163912227732 73
1739995459524 0.2622525388480294 74
1739995459613 0.17592889190667418 75
1739995459701 0.08882932544167509 76
1739995459789 0.3735385025207898 77
1739995459877 0.03839153641599773 78
1739995459960 0.034480084236802516 79
1739995460046 0.037498677667385176 80
1739995460132 2.873784904459501e-05 81
1739995460219 0.04944485223093086 82
1739995460305 0.101782856257219 83
1739995460389 0.00048009073829172264 84
1739995460474 0.007092823800676738 85
1739995460559 0.08081106264571812 86
1739995460643 0.008958164345701772 87
1739995460728 0.035490727150047446 88
1739995460813 0.0010190428855173961 89
1739995460901 0.13894734886933735 90
1739995460991 0.05417792930406875 91
1739995461079 0.04506189609617615 92
1739995461166 0.00585537609641504 93
1739995461252 0.14157333852440077 94
1739995461339 0.007131495388296088 95
1739995461426 0.13092170305694273 96
1739995461514 0.2010577036148673 97
1739995461604 0.006702427179198071 98
1739995461691 0.0010204689482921166 99
1739995461779 0.004371771803376976 100
1739995461865 0.27441178177227477 101
1739995461950 0.035408971062989736 102
1739995462039 0.18429922566129 103
1739995462130 0.003469516459369344 104
1739995462217 0.0005361847370212499 105
1739995462305 0.1708271761449584 106
1739995462405 0.0033426328736517233 107
1739995462500 0.9787403596375388 108
1739995462608 0.004369266448253901 109
1739995462719 0.03983927271993872 110
1739995462808 0.10929421119447444 111
1739995462897 0.10614429487565799 112
1739995462984 0.002497380040983028 113
1739995463069 0.005955776585475135 114
1739995463156 0.12016483613973672 115
1739995463255 1.7183529987341058e-06 116
1739995463384 0.024018575857300894 117
1739995463469 0.026074655292168434 118
1739995463552 0.029090383239833578 119
1739995463638 0.06070671600489374 120
1739995463728 0.13026087546708665 121
1739995463816 0.12409335343725185 122
1739995463907 1.0876352661248299 123
1739995463992 0.014875292645228647 124
1739995464141 0.009443973032900087 125
1739995464228 0.18300911127123515 126
1739995464318 0.0003930380186475134 127
1739995464404 0.36108133287040944 128
1739995464490 0.20226039671939217 129
1739995464577 0.8283744008832694 130
1739995464662 0.5123311362256483 131
1739995464750 0.02993636154472626 132
1739995464841 0.10667228808195933 133
1739995464930 0.01691241176989512 134
1739995465017 0.009025230135300152 135
1739995465102 0.04681809904273178 136
1739995465188 0.23314486374274218 137
1739995465274 0.10720547442552057 138
1739995465359 0.006046247238072529 139
1739995465445 0.18918299393070193 140
1739995465531 0.7863439285323126 141
1739995465618 0.12998547201323568 142
1739995465703 0.23545670800866692 143
1739995465791 0.07304016314280985 144
1739995465877 0.012269588952933681 145
1739995465962 0.3620477327823031 146
1739995466047 0.037082091462155735 147
1739995466132 0.03832797347789131 148
1739995466216 0.0006352542967396961 149
1739995466301 0.1936669900791436 150
1739995466388 0.002563767189488102 151
1739995466475 0.25523505330780427 152
1739995466562 0.13116112719299486 153
1739995466649 0.005218095733573371 154
1739995466735 0.09452723064491994 155
1739995466824 0.033514058996059144 156
1739995466916 0.04852720208938338 157
1739995467004 4.2487662680869755e-05 158
1739995467092 0.00046404473572395647 159
1739995467179 0.01761853374355095 160
1739995467266 0.00533815548656072 161
1739995467355 0.4664826842961205 162
1739995467442 0.020416879804325775 163
1739995467528 0.19184361755543683 164
1739995467617 0.0003359668051304917 165
1739995467708 0.6039331109803255 166
1739995467796 0.06804694911565809 167
1739995467890 0.0032012812508843717 168
1739995467983 0.09905776748363694 169
1739995468075 0.00012360009956114475 170
1739995468164 0.06450367244748607 171
1739995468253 0.06253524731478095 172
1739995468342 0.3628769395358804 173
1739995468433 0.29783483963502705 174
1739995468521 0.07966754396701885 175
1739995468617 0.6133329471201355 176
1739995468708 0.016025396657933812 177
1739995468800 0.0012457388337194662 178
1739995468890 0.05009005209099885 179
1739995468980 0.026268124928024186 180
1739995469068 0.004558912208641657 181
1739995469158 0.0008485262582832059 182
1739995469245 0.02512483014711728 183
1739995469332 0.3052578938149825 184
1739995469420 0.20378332828699633 185
1739995469507 0.01866227159189989 186
1739995469598 0.02895248408962409 187
1739995469685 0.004548694840116045 188
1739995469772 0.0021958397731567224 189
1739995469862 7.910441293501715e-05 190
1739995469950 0.08816874099297485 191
1739995470038 0.09349692905732779 192
1739995470125 0.054600449592809824 193
1739995470212 1.1045015882121243 194
1739995470298 0.7245141612293167 195
1739995470396 1.4636929396487246 196
1739995470486 0.14833806655695048 197
1739995470573 0.5312134572011991 198
1739995470662 0.0031684665674800183 199
1739995470749 0.026862159588551152 200
1739995470836 0.3382932978155772 201
1739995470925 0.002541736324016142 202
1739995471012 0.013617742097585988 203
1739995471098 0.0014338717843627648 204
1739995471187 0.0735747855777622 205
1739995471273 0.004466033911308202 206
1739995471361 0.00844850921163629 207
1739995471448 0.03526593387974189 208
1739995471534 0.0815340889285299 209
1739995471621 0.9400854143615444 210
1739995471708 1.2922387744761614e-06 211
1739995471796 0.003731284925244493 212
1739995471885 0.009548692661780508 213
1739995471973 0.19989872377637996 214
1739995472062 0.24285644083267216 215
1739995472151 0.38240519039299337 216
1739995472238 0.03533987810298219 217
1739995472326 0.15412114489606416 218
1739995472412 0.015368344443321134 219
1739995472498 0.13680588904314567 220
1739995472586 0.11120127272921641 221
1739995472676 0.11855850433199833 222
1739995472762 0.20565008198798293 223
1739995472856 0.10579490068294041 224
1739995472946 0.0053344513533182545 225
1739995473033 0.312778076777112 226
1739995473122 0.0004266350334655584 227
1739995473211 0.00016973177660917303 228
1739995473297 0.02957783912277437 229
1739995473385 0.1776360539392358 230
1739995473472 0.14330665053228692 231
1739995473559 0.05652242501396149 232
1739995473646 0.2069579823690125 233
1739995473736 0.15407518817169166 234
1739995473823 0.003999667177860326 235
1739995473911 0.03663677982884522 236
1739995474002 1.0255796028634703 237
1739995474092 0.041748255503665246 238
1739995474180 0.015804157878003735 239
1739995474269 0.43224550024458325 240
1739995474357 0.062171191842008366 241
1739995474446 0.001183609463997458 242
1739995474534 0.0041650662120796015 243
1739995474622 0.1012532778833869 244
1739995474722 0.3334099493741363 245
1739995474811 0.0033586151709154993 246
1739995474899 0.036188407021166685 247
1739995474986 0.03619075447573832 248
1739995475073 0.8593348407262302 249
1739995475161 0.1033123557514526 250
1739995475249 0.0004831830636783828 251
1739995475391 0.02988825668120113 252
1739995475478 0.29532237537527906 253
1739995475564 0.08398861929572998 254
1739995475651 0.10750518182995238 255
1739995475738 0.11443920459924797 256
1739995475826 0.011723969673239092 257
1739995475916 0.08004658697702913 258
1739995476003 0.009496244881816376 259
1739995476090 0.014462376806318594 260
1739995476178 0.023320496732990463 261
1739995476266 0.10018378300147553 262
1739995476353 0.009681502151622667 263
1739995476439 0.014223379652675072 264
1739995476525 0.003836338988493237 265
1739995476613 0.025944629171096863 266
1739995476700 0.09298783013450902 267
1739995476788 0.040212585103796404 268
1739995476882 0.01689373384851605 269
1739995476972 0.03612472721252871 270
1739995477062 0.005564257382312512 271
1739995477181 0.07258584522923857 272
1739995477268 4.719814574373069e-06 273
1739995477356 0.06411652722809119 274
1739995477443 0.07591149746875235 275
1739995477534 0.00765604441301946 276
1739995477621 0.045161153063957675 277
1739995477719 0.02670281438222091 278
1739995477807 0.01756366407062121 279
1739995477897 0.0014738885406886876 280
1739995477983 0.041315139014947634 281
1739995478071 0.145235369398648 282
1739995478161 0.035896781143867657 283
1739995478255 0.020419519954773653 284
1739995478342 0.06888211576011692 285
1739995478430 4.5419689957888055e-06 286
1739995478518 4.563517568788569e-06 287
1739995478607 0.0003671073811194925 288
1739995478695 0.10194684911002556 289
1739995478783 0.05713346137383048 290
1739995478871 0.03355218240793293 291
1739995478959 0.0048357500433353585 292
1739995479046 0.04200645177109501 293
1739995479133 0.0012999630369616654 294
1739995479222 0.018516921229034963 295
1739995479310 0.21505870850994005 296
1739995479399 7.896554808075275e-05 297
1739995479486 0.037489534898397736 298
1739995479573 4.0397773078108385e-05 299
1739995479662 0.3063336985530142 300
1739995479750 0.013195808610978101 301
1739995479839 0.3130272391748588 302
1739995479927 0.11675061612508536 303
1739995480015 0.03762482521896384 304
1739995480101 0.47897420471702384 305
1739995480201 0.1401184577467422 306
1739995480290 0.166847730834111 307
1739995480378 0.00924075487349106 308
1739995480466 0.04506059647536212 309
1739995480566 0.003813760931941348 310
1739995480656 0.3322919911816193 311
1739995480744 0.0314610124413865 312
1739995480831 0.3032042680645766 313
1739995480920 0.15371806006722438 314
1739995481006 0.019117860280263133 315
1739995481093 0.20759272772968598 316
1739995481180 0.024046432436162078 317
1739995481268 0.13571751137257854 318
1739995481359 0.03643424056909285 319
1739995481451 0.12972719741100425 320
1739995481540 0.08344600943964135 321
1739995481632 0.015108605234215892 322
1739995481718 0.0007614345839946339 323
1739995481804 0.07921474612518901 324
1739995481894 0.0017463939516718621 325
1739995481982 0.0034293101063765006 326
1739995482070 3.1118540053497687 327
1739995482158 0.03165482995931091 328
1739995482244 0.27872683749499355 329
1739995482331 0.06754315703219521 330
1739995482426 0.05010854486278837 331
1739995482558 0.3747408047933706 332
1739995482653 0.5172876458177843 333
1739995482801 0.024080403877628442 334
1739995482892 0.12215026719607061 335
1739995482983 0.05694275531113549 336
1739995483072 1.324879894337729 337
1739995483159 0.05944129641013472 338
1739995483245 0.02829069576527432 339
1739995483334 0.20218205349313761 340
1739995483421 0.07627899027336064 341
1739995483520 0.0015546744163207026 342
1739995483609 0.1232499841676258 343
1739995483701 0.5970626631215021 344
1739995483789 0.004446050322848063 345
1739995483877 0.6419551932234187 346
1739995483971 0.015196620263494748 347
1739995484061 0.004383158437179985 348
1739995484148 0.05600799375796184 349
1739995484239 0.03547980033472175 350
1739995484325 0.12283950291991136 351
1739995484414 0.005785393893255118 352
1739995484505 0.003000991091088949 353
1739995484606 0.06165587179353494 354
1739995484712 0.022048941594548246 355
1739995484809 0.06913739990311771 356
1739995484919 0.004758643292251258 357
1739995485010 0.040682729798591 358
1739995485097 0.1229697450161585 359
1739995485186 0.3957648160306545 360
1739995485278 0.017900728855557112 361
1739995485367 0.011038080077635508 362
1739995485507 4.6423625344716815e-08 363
1739995485628 0.5903395195462993 364
1739995485722 0.001699694363911199 365
1739995485813 0.00891539782879162 366
1739995485902 0.002103233057077469 367
1739995485991 0.05537544700934378 368
1739995486079 0.17572001509923355 369
1739995486168 0.013881341019085761 370
1739995486258 5.977009948950087e-05 371
1739995486346 0.014726678950270668 372
1739995486433 8.26656516060206e-06 373
1739995486519 0.002330805362074399 374
1739995486607 0.04217858180602739 375
1739995486695 0.09073144616413871 376
1739995486783 0.11798766321863599 377
1739995486871 8.731867544208552e-05 378
1739995486959 0.034810505710764356 379
1739995487047 0.09781263987819246 380
1739995487135 0.11431629441813422 381
1739995487225 0.0003315036723560031 382
1739995487312 0.03981191111295842 383
1739995487400 0.03568514416891047 384
1739995487487 0.01637674981553072 385
1739995487573 0.14075030868046123 386
1739995487662 0.12032589621671859 387
1739995487751 0.0023654741020299555 388
1739995487840 0.2540670028368131 389
1739995487927 0.010298164700526224 390
1739995488015 0.3097325116347187 391
1739995488103 0.02570975977184944 392
1739995488191 0.029376275716858805 393
1739995488280 0.0006264829168201549 394
1739995488367 0.07731470522836248 395
1739995488455 0.1340604485154694 396
1739995488543 0.005461499024435606 397
1739995488637 0.014738075018786899 398
1739995488725 0.022967320562139664 399
1739995488814 0.0007870028453525663 400
1739995488901 1.0483976561385189 401
1739995488987 2.2244420142431886e-06 402
1739995489075 0.044346273814856854 403
1739995489161 0.37997412431542377 404
1739995489249 0.02100275832488214 405
1739995489338 3.699322949542169e-07 406
1739995489429 0.22783966991732849 407
1739995489589 0.001505379281499369 408
1739995489677 0.05349449059917279 409
1739995489766 0.18330818088082976 410
1739995489858 0.02611205177761572 411
1739995489945 0.058997566903383265 412
1739995490031 0.006531681327816446 413
1739995490118 0.02932495066438367 414
1739995490205 0.0002184222580621775 415
1739995490295 0.0007890470360222595 416
1739995490385 0.03890102249705911 417
1739995490474 0.45579016435802383 418
1739995490563 0.006067216308705353 419
1739995490652 0.04627966476194509 420
1739995490740 0.038105587623472534 421
1739995490831 0.00039570983350289605 422
1739995490930 0.0010978451837220706 423
1739995491018 0.058919109936765815 424
1739995491107 0.018292438274093843 425
1739995491196 0.7445162215248884 426
1739995491286 0.009005967958841708 427
1739995491374 0.008792142592890607 428
1739995491460 0.0064678896378226915 429
1739995491549 0.011871220164264302 430
1739995491636 0.09133375559779872 431
1739995491723 0.11494827303712853 432
1739995491810 0.004317980291148282 433
1739995491897 0.02149655046598804 434
1739995491984 0.08103359482958009 435
1739995492071 0.00016071060707088 436
1739995492159 0.07348402328551663 437
1739995492246 0.05041832768544527 438
1739995492336 0.035013350663384624 439
1739995492421 0.05894857655056421 440
1739995492508 0.04389230008698209 441
1739995492616 0.12157132522232222 442
1739995492728 0.03447907663422712 443
1739995492831 0.001451469028924467 444
1739995492917 0.001538441312677763 445
1739995493005 0.02028630215671358 446
1739995493093 0.3051033334298845 447
1739995493204 0.7881397716953868 448
1739995493304 0.03867300714248426 449
1739995493398 0.020895042914025212 450
1739995493485 0.15237213637604127 451
1739995493572 0.31903062474175803 452
1739995493663 0.1558733659295004 453
1739995493756 0.010690840224182693 454
1739995493999 0.018524014572221442 455
1739995494115 0.00746605578978777 456
1739995494218 0.2214082620041312 457
1739995494314 0.15129674888758757 458
1739995494413 0.14597859336551422 459
1739995494503 0.07806490488170373 460
1739995494612 0.05653738956395439 461
1739995494722 0.5528290335071273 462
1739995494812 0.6187645331956323 463
1739995494901 0.036241681920205625 464
1739995495038 0.7725790512208973 465
1739995495128 0.4831212970162641 466
1739995495214 0.08008390587520804 467
1739995495303 0.014719244199551614 468
1739995495392 0.2005066697715925 469
1739995495481 0.11243728486047826 470
1739995495572 0.013539385230328433 471
1739995495685 0.12964957774690433 472
1739995495776 0.15986682055410503 473
1739995495888 0.0015612551480999675 474
1739995495997 0.014929246444830527 475
1739995496086 0.6270808655506827 476
1739995496174 0.019084154836869902 477
1739995496264 0.029488883547179906 478
1739995496355 0.02116628166062107 479
1739995496448 0.13184661010503776 480
1739995496543 0.00028443218303523236 481
1739995496664 0.09023894040651592 482
1739995496754 0.028275641351436447 483
1739995496846 0.001980057260388672 484
1739995496961 0.003949389947900449 485
1739995497051 0.00034441765929080833 486
1739995497141 0.025222659534993405 487
1739995497233 0.004142926636120181 488
1739995497323 0.00023359204009524765 489
1739995497417 9.490099801826804e-06 490
1739995497509 0.000946566644461003 491
1739995497600 0.019237565619669435 492
1739995497691 0.19368425188278843 493
1739995497785 0.09299724078316689 494
1739995497887 0.2614462855893385 495
1739995497980 0.0019719052674976706 496
1739995498070 0.10597541282405303 497
1739995498160 0.0029347204320279196 498
1739995498251 0.00040691726390109696 499
