1740008431501 9.467317963918983e-05 0
1740008431590 0.010966736418492124 1
1740008431676 0.14434184231380215 2
1740008431761 0.12860685503389435 3
1740008431853 0.09944226278606456 4
1740008431938 0.05790828412753926 5
1740008432029 0.005165207888544591 6
1740008432118 0.002279754469167435 7
1740008432202 0.015127065608555984 8
1740008432287 0.08660667240755061 9
1740008432369 0.0005324597744461475 10
1740008432451 0.002242623004608414 11
1740008432537 0.0837196556762256 12
1740008432628 0.001080281203407002 13
1740008432722 0.0394550024687048 14
1740008432810 0.0006822134321955179 15
1740008432895 0.2039276864188014 16
1740008432978 0.13603671260587571 17
1740008433067 0.030419487095398264 18
1740008433221 0.1514907867529059 19
1740008433305 0.14258602851369873 20
1740008433387 0.008630588184864257 21
1740008433471 0.004750508026385148 22
1740008433613 0.003065960998767733 23
1740008433700 0.2605077846391048 24
1740008433791 0.008460257893632075 25
1740008433874 0.003190560595827119 26
1740008433959 0.03026439186432124 27
1740008434047 7.422037643655595e-05 28
1740008434133 0.026177829075713154 29
1740008434220 0.3488987955844746 30
1740008434308 0.12355597133204463 31
1740008434394 0.07398257916202777 32
1740008434479 0.03807914992265499 33
1740008434564 0.6120582562760724 34
1740008434647 0.0832422669639235 35
1740008434737 0.00012917578289974862 36
1740008434820 0.1370394149097818 37
1740008434905 0.08777151018984013 38
1740008434986 0.01944182097432937 39
1740008435072 0.005599196023598478 40
1740008435157 0.39080954934708184 41
1740008435242 0.07126782354976773 42
1740008435327 0.002581463444972345 43
1740008435409 0.14349917025443143 44
1740008435493 0.00422320279988032 45
1740008435578 0.028291980317364986 46
1740008435662 0.07778984712375818 47
1740008435744 0.07398235934236427 48
1740008435828 0.028691164951103822 49
1740008435912 0.000732852265227437 50
1740008435996 0.9143033871994577 51
1740008436082 0.0022455134574471533 52
1740008436165 0.008100122467955672 53
1740008436252 0.06173975326202298 54
1740008436355 0.00028474867230812793 55
1740008436451 0.02777640184095812 56
1740008436536 0.10644861633680391 57
1740008436620 6.5851818028829504e-06 58
1740008436705 0.11890077232700295 59
1740008436793 0.03294992659957662 60
1740008436880 0.009063478518262722 61
1740008436964 0.06964973970360727 62
1740008437050 0.15122316020720597 63
1740008437135 0.0005549088772949364 64
1740008437221 0.2710162408818689 65
1740008437304 0.01308558885165139 66
1740008437389 0.13919667162690877 67
1740008437471 0.024069157629026845 68
1740008437558 0.07717082895858936 69
1740008437655 0.2788928171835649 70
1740008437740 0.010786611738640694 71
1740008437827 0.06280710176672666 72
1740008437919 0.03591416059871645 73
1740008438003 0.00012699020215969258 74
1740008438091 0.011447091699495647 75
1740008438176 0.008437942391739306 76
1740008438260 0.7123834148926284 77
1740008438344 0.2998534761047774 78
1740008438428 0.0019181107741861694 79
1740008438516 0.20854107238884875 80
1740008438600 0.002888441073769086 81
1740008438686 0.017587925993574772 82
1740008438773 0.005466031092939101 83
1740008438858 0.020769008910783968 84
1740008438943 0.011061055759254338 85
1740008439025 0.000132631680910984 86
1740008439110 0.05813317611561003 87
1740008439196 0.030306034470982977 88
1740008439281 0.13402616719947374 89
1740008439366 0.046709965446109954 90
1740008439453 0.018959741831175624 91
1740008439539 0.17192695199604488 92
1740008439623 0.35761012419295846 93
1740008439708 0.006139317399142052 94
1740008439797 0.009233842641217996 95
1740008439881 0.02960053204102251 96
1740008439971 0.049030942736241936 97
1740008440056 0.14896114630149362 98
1740008440139 2.6002420275117216e-08 99
1740008440226 0.031102411545402667 100
1740008440318 0.03377074687984133 101
1740008440402 0.0023319876661364813 102
1740008440487 0.08759367899175538 103
1740008440572 0.033855607070424835 104
1740008440655 0.1826602016484651 105
1740008440738 0.011346838704957249 106
1740008440829 0.0058287739556859616 107
1740008440912 0.05567339705480725 108
1740008440994 0.09995611481339409 109
1740008441086 0.001469478762870284 110
1740008441172 0.00026604722568917513 111
1740008441258 0.07485981274331409 112
1740008441342 0.3839770356430286 113
1740008441430 0.008323851314792461 114
1740008441516 0.019958052366231407 115
1740008441599 0.1075225357455917 116
1740008441682 0.149474974119322 117
1740008441768 0.09208351461874896 118
1740008441868 0.27209809527629975 119
1740008441963 0.0283892386889219 120
1740008442056 0.0308132726654094 121
1740008442148 0.23909265722727152 122
1740008442236 0.008762482472567593 123
1740008442330 0.03578040881717018 124
1740008442418 0.1495438787124085 125
1740008442556 0.03647398564634015 126
1740008442659 0.15032780956571026 127
1740008442759 0.21636286120450612 128
1740008442856 0.0996867094467124 129
1740008442951 0.05163400393667956 130
1740008443047 0.042115967594475515 131
1740008443147 0.2752603242759297 132
1740008443260 0.600048606003584 133
1740008443369 0.012054716143540664 134
1740008443472 0.06227944774535914 135
1740008443581 0.09485038572056396 136
1740008443679 0.2047786408358158 137
1740008443766 0.022391617725161378 138
1740008443853 0.17077915617327444 139
1740008443945 0.002489989218625598 140
1740008444036 0.17802452157489967 141
1740008444179 0.023185312560078015 142
1740008444268 0.012508537682683417 143
1740008444357 0.4800154625264692 144
1740008444445 0.005607278867186049 145
1740008444535 0.02647265304109576 146
1740008444626 0.007475886608204347 147
1740008444727 0.01080106269763615 148
1740008444816 0.006617302337239958 149
1740008444910 0.0912018308220093 150
1740008445008 0.0732091516507818 151
1740008445101 0.14027674647133373 152
1740008445193 0.2878405294870766 153
1740008445280 0.004367878760435318 154
1740008445366 0.0011205586498097607 155
1740008445457 0.0006148096521856826 156
1740008445549 0.1504143227108705 157
1740008445636 0.10609328987706317 158
1740008445729 0.3480003526680959 159
1740008445819 0.14484703764999993 160
1740008445908 0.0058974647520384635 161
1740008445994 0.2237338067180198 162
1740008446082 0.014849608918670465 163
1740008446169 0.018103469848218964 164
1740008446256 0.017308334282577637 165
1740008446340 0.3458214362706715 166
1740008446426 0.026507641515048835 167
1740008446516 0.048702333144584935 168
1740008446604 0.16568022635872426 169
1740008446692 0.05410454348779151 170
1740008446784 0.37858162240653964 171
1740008446868 0.10521713351302574 172
1740008446959 0.1746119107875159 173
1740008447046 0.04136359194793072 174
1740008447130 0.057187634013802294 175
1740008447218 0.08952941566071956 176
1740008447302 0.03314194788730423 177
1740008447390 0.2638895347215389 178
1740008447474 0.0008122811371504016 179
1740008447561 0.012243466466819657 180
1740008447650 0.16817977421275948 181
1740008447752 0.014245353190879242 182
1740008447839 0.024260549546563218 183
1740008447923 0.000588588306326287 184
1740008448007 0.07087198644481463 185
1740008448093 0.006369358097002404 186
1740008448177 0.8695786144132991 187
1740008448261 0.01029549416027667 188
1740008448345 0.023509980103422735 189
1740008448430 0.13743545428237383 190
1740008448514 1.1300603169691867 191
1740008448598 0.3947433803825961 192
1740008448682 1.0091218709764906e-05 193
1740008448767 0.003203882980553227 194
1740008448852 0.01194782081011619 195
1740008448938 0.015040062565751553 196
1740008449022 0.20914453248847173 197
1740008449107 0.05615646834833482 198
1740008449188 0.003436597848760834 199
1740008449271 0.000925468001074027 200
1740008449354 0.5570221440706381 201
1740008449438 0.014607405945135217 202
1740008449521 0.012658611511781902 203
1740008449606 0.052170745747642557 204
1740008449691 6.183076619561915e-07 205
1740008449775 0.00039214093966842366 206
1740008449862 9.508328101979603e-05 207
1740008449947 0.003783939463339456 208
1740008450032 0.967670131963163 209
1740008450195 0.029875045209556746 210
1740008450278 0.9128211050179321 211
1740008450361 0.0009610039317143109 212
1740008450446 0.030261778913945808 213
1740008450532 0.10741575470863138 214
1740008450672 0.012641756402394462 215
1740008450755 0.020897886483196314 216
1740008450845 7.5551554692412335e-06 217
1740008450930 0.04322905687258673 218
1740008451018 0.004203176249575142 219
1740008451104 0.11250040925323405 220
1740008451188 0.04366650265038465 221
1740008451272 0.12703594183468714 222
1740008451356 0.04488596592642542 223
1740008451439 0.0007304287075622171 224
1740008451522 0.09695257533773567 225
1740008451606 0.18912333363371958 226
1740008451690 0.0068328122958846525 227
1740008451774 0.20262058936682953 228
1740008451859 0.00013414245839222423 229
1740008451943 0.2252830980043742 230
1740008452025 0.3892347994908721 231
1740008452109 0.02221547105235378 232
1740008452191 0.1323656909538542 233
1740008452275 0.10661978349489667 234
1740008452359 3.20127805607679e-06 235
1740008452444 0.0016175045533787145 236
1740008452527 0.07731944890579968 237
1740008452611 0.2951058865544964 238
1740008452695 0.12245014023858156 239
1740008452784 0.030803969578247787 240
1740008452876 0.13947430807991834 241
1740008452974 0.0010784424468443243 242
1740008453070 0.19722221803949985 243
1740008453156 0.02651193218568629 244
1740008453242 0.4588013787795055 245
1740008453328 0.024156079637926205 246
1740008453411 0.05918283259624387 247
1740008453497 0.019169239583017653 248
1740008453583 0.0072038236751219625 249
1740008453667 0.0036536582553612315 250
1740008453751 0.21093021276950844 251
1740008453836 0.011495297113603026 252
1740008453920 0.8386839892532689 253
1740008454010 0.014576854140965842 254
1740008454099 0.8967382623387219 255
1740008454182 0.09232079555356677 256
1740008454265 0.0013881118633604032 257
1740008454350 0.0019377839775484716 258
1740008454437 0.0437725267892194 259
1740008454522 0.09097976342636431 260
1740008454605 0.01193131250316844 261
1740008454687 0.1668235205247892 262
1740008454771 0.2602418236096892 263
1740008454855 0.17182707594381116 264
1740008454939 0.05582491008998374 265
1740008455066 0.20851565119734985 266
1740008455162 0.10347206496300293 267
1740008455246 0.6482171191152565 268
1740008455329 0.040988913043461195 269
1740008455415 0.0027188807064219135 270
1740008455500 0.001659110509746466 271
1740008455583 0.016194863874059794 272
1740008455668 0.13156012530485317 273
1740008455750 0.11599281103056927 274
1740008455833 0.002464918757318112 275
1740008455915 0.010273664607455775 276
1740008455998 0.01695585263951177 277
1740008456085 0.03713756919389225 278
1740008456171 0.07152368603608589 279
1740008456254 0.040004206471924604 280
1740008456337 0.000835678634600734 281
1740008456419 0.12047415911025314 282
1740008456503 0.03986138868604814 283
1740008456591 0.000663423914707904 284
1740008456674 0.0019841127991644058 285
1740008456757 0.045912244337948195 286
1740008456843 0.0647544523910524 287
1740008456932 1.209984107141389 288
1740008457014 0.012807700612998244 289
1740008457098 0.00917211923694162 290
1740008457191 0.16056418816194412 291
1740008457276 0.12062551524030687 292
1740008457358 0.042723886870350405 293
1740008457442 0.2977871366343772 294
1740008457528 0.000171377040424687 295
1740008457615 0.019597800073283593 296
1740008457699 0.46373616126619077 297
1740008457789 0.23143180441117084 298
1740008457882 0.005613268450460933 299
1740008457967 0.03382786623500043 300
1740008458053 0.08965946354074185 301
1740008458136 0.0012998269246325231 302
1740008458219 0.03304251544591066 303
1740008458303 0.0011405489042269948 304
1740008458385 0.07933108101054988 305
1740008458468 0.0480084629201289 306
1740008458552 0.10047201371362863 307
1740008458638 0.0799067446170266 308
1740008458722 0.05249584380391949 309
1740008458805 0.07661412082960482 310
1740008458888 0.00036790222696445 311
1740008458971 0.07924968432956249 312
1740008459059 0.011876808611625113 313
1740008459143 0.005229289623256334 314
1740008459231 0.1681930070945899 315
1740008459315 0.02771124364292469 316
1740008459398 0.12322214205955515 317
1740008459481 0.4189475352424508 318
1740008459565 0.04735781754646955 319
1740008459648 0.041103225392751325 320
1740008459736 0.31678132944046655 321
1740008459820 0.05947038415528742 322
1740008459905 0.1193228797649361 323
1740008459989 0.04028269039291718 324
1740008460078 0.0701335828683711 325
1740008460167 0.05086407863582905 326
1740008460256 0.04772553535255535 327
1740008460351 0.030226513241041843 328
1740008460434 0.03229188522596929 329
1740008460517 0.02042315723914488 330
1740008460604 1.0327404600853747 331
1740008460690 0.014613072310293476 332
1740008460773 0.06462769365965648 333
1740008460856 0.017455598729784583 334
1740008460941 0.005886865686980386 335
1740008461028 0.25220409642846875 336
1740008461118 0.0002146284917065453 337
1740008461203 0.0008022675677382021 338
1740008461288 0.7318914363428899 339
1740008461374 0.0015222195853232822 340
1740008461458 0.0016235344028814169 341
1740008461541 0.055743216600561765 342
1740008461625 0.08199341242479927 343
1740008461709 0.24250487765473233 344
1740008461792 0.2721330560820306 345
1740008461877 0.0001909426610449522 346
1740008461961 0.08256003071405711 347
1740008462047 0.0012458986838120524 348
1740008462133 0.0013770137047088213 349
1740008462216 0.04633903976479626 350
1740008462299 0.029978026614340438 351
1740008462383 0.0029243788512857334 352
1740008462467 0.07564904257172098 353
1740008462551 0.20807864790583516 354
1740008462634 0.00497672993385395 355
1740008462718 0.034473435491300185 356
1740008462801 0.027661629591311312 357
1740008462885 0.06780156519412218 358
1740008462968 0.10155872154535509 359
1740008463053 0.10399199020256375 360
1740008463137 0.02637003721876469 361
1740008463219 0.0859960421897647 362
1740008463311 4.847862108439408e-05 363
1740008463394 0.08685745963281549 364
1740008463480 0.0027117709583372707 365
1740008463564 0.03607233519473562 366
1740008463646 0.3894335715887544 367
1740008463730 0.039168420913558204 368
1740008463814 0.2630815262414133 369
1740008463898 0.4594174816335916 370
1740008463985 0.05384683229708728 371
1740008464070 0.044668654959626256 372
1740008464154 0.0021246386673305574 373
1740008464239 0.1773697437592996 374
1740008464326 0.05307532620991757 375
1740008464411 0.0007341309933701817 376
1740008464496 0.1948630941608721 377
1740008464583 0.03574335548911237 378
1740008464666 0.10569903588619461 379
1740008464750 0.06836044235479061 380
1740008464837 0.0006337693571811475 381
1740008464922 0.10176402063651062 382
1740008465005 0.07608703826327458 383
1740008465091 0.0702624100728987 384
1740008465174 0.0017444234495108564 385
1740008465257 0.03190959475795207 386
1740008465347 0.019550284765914305 387
1740008465430 0.16353247809464483 388
1740008465515 0.00100996538503396 389
1740008465599 0.012478483279448399 390
1740008465682 0.07514220311907485 391
1740008465764 0.025807854244325093 392
1740008465851 0.06481824918363847 393
1740008465936 0.0013187363998811202 394
1740008466019 0.04925347902443138 395
1740008466106 0.11586919356619099 396
1740008466190 0.05786290687541131 397
1740008466274 0.03766041945787857 398
1740008466358 0.024362761029350942 399
1740008466440 1.018203944317954 400
1740008466523 0.3989300001361028 401
1740008466607 0.001854304907496583 402
1740008466690 0.12484451164873785 403
1740008466773 0.0056914076903939025 404
1740008466857 0.4213336066687611 405
1740008466941 0.0006738513344370925 406
1740008467040 0.01211124404759266 407
1740008467161 0.0031358911031235874 408
1740008467261 0.03468094635560244 409
1740008467360 0.035539646084821394 410
1740008467457 0.027497439214120605 411
1740008467553 0.026337867838256254 412
1740008467651 0.1250985872490427 413
1740008467747 0.03673712476934715 414
1740008467843 0.0015599419204923566 415
1740008467952 0.021054657033314945 416
1740008468049 0.5917644368835363 417
1740008468145 0.00015256804682154033 418
1740008468235 0.42483129675015624 419
1740008468336 0.009217739122306383 420
1740008468426 0.004599572857493949 421
1740008468521 0.0010747001297041665 422
1740008468632 0.04746799334887615 423
1740008468723 0.015453027962295383 424
1740008468814 0.16966427472971365 425
1740008468909 0.15189064811197697 426
1740008469002 0.3198125193572821 427
1740008469093 0.02423362277046523 428
1740008469184 0.029295798832209213 429
1740008469276 0.030878151226238194 430
1740008469373 0.09441793414661064 431
1740008469466 0.20756130647260532 432
1740008469557 0.03903477965212411 433
1740008469651 0.03287209487761204 434
1740008469744 0.033748990973067446 435
1740008469833 0.30542633675924813 436
1740008469924 0.37189780413113654 437
1740008470017 0.0001772901252703964 438
1740008470113 0.11950507417435675 439
1740008470204 0.0014486493678478418 440
1740008470299 0.01862677983900165 441
1740008470391 0.016846712507445818 442
1740008470480 2.379471718286347 443
1740008470576 0.2066894955779948 444
1740008470671 0.00042670584667647474 445
1740008470762 0.007257378993231301 446
1740008470851 0.0633883873447203 447
1740008470947 0.39429772694084014 448
1740008471072 0.1745480656728273 449
1740008471168 0.0006411747374757557 450
1740008471265 0.06282454056660015 451
1740008471355 0.19800943086962974 452
1740008471454 0.013349878830688236 453
1740008471550 0.11460352891848409 454
1740008471642 0.03240921713174066 455
1740008471735 0.01497778750876873 456
1740008471832 0.21209582211697137 457
1740008471926 0.002950906151290132 458
1740008472015 0.005271443242819523 459
1740008472125 0.17051555441476762 460
1740008472215 0.2055617474385802 461
1740008472307 0.02935875837643341 462
1740008472402 1.9919957830666412e-05 463
1740008472492 0.0279442182512985 464
1740008472584 0.040423018817682795 465
1740008472682 0.16681362172431338 466
1740008472789 0.007580066517517325 467
1740008472882 0.19834652372987807 468
1740008472975 0.4414125617622324 469
1740008473067 0.07310912395449778 470
1740008473158 0.11116169875602516 471
1740008473246 0.07733113278380505 472
1740008473337 0.243766870657283 473
1740008473432 0.7339018993238944 474
1740008473524 0.015725214969116847 475
1740008473617 0.12427791921087943 476
1740008473710 0.7724571201899995 477
1740008473799 0.12175404340095745 478
1740008473891 0.00016037171499362908 479
1740008473983 0.19135238809663316 480
1740008474074 0.056318685513307536 481
1740008474165 0.08253123540316683 482
1740008474255 0.047175212360662196 483
1740008474345 0.011011845671913122 484
1740008474445 0.05597300232822975 485
1740008474553 0.07666954528748668 486
1740008474655 0.010837169453602476 487
1740008474813 0.12501466580246848 488
1740008474927 0.0027675056352260033 489
1740008475037 0.028528988655072057 490
1740008475134 0.06566685971841922 491
1740008475228 0.09285976387343538 492
1740008475318 0.02826236563219894 493
1740008475415 0.08404095686676029 494
1740008475524 0.10930735199123547 495
1740008475615 0.0032467053615014532 496
1740008475704 0.056309123615216373 497
1740008475788 0.1437787431709592 498
1740008475889 0.10577136909426747 499
