1739987945206 6.553383146674706 0
1739987945237 6.623045136869039 1
1739987945264 6.585788214630228 2
1739987945295 6.601508959902261 3
1739987945326 6.505496897657417 4
1739987945358 6.653069368861877 5
1739987945391 6.481608428909883 6
1739987945423 6.5271977521903715 7
1739987945457 6.580219627944612 8
1739987945489 6.598403160722465 9
1739987945520 6.554916100462302 10
1739987945553 6.585756692037759 11
1739987945582 6.629663136868108 12
1739987945612 6.591429102072164 13
1739987945643 6.5610312923146115 14
1739987945674 6.581537835927308 15
1739987945705 6.569021939829867 16
1739987945737 6.554628069086152 17
1739987945767 6.508727897645952 18
1739987945795 6.635104139803233 19
1739987945821 6.5741982550072775 20
1739987945847 6.560328653009005 21
1739987945873 6.565529723902244 22
1739987945899 6.5369854777745795 23
1739987945929 6.5003331515218346 24
1739987945959 6.51369390861773 25
1739987945990 6.4616612482932645 26
1739987946020 6.607257007408969 27
1739987946051 6.581772714894744 28
1739987946081 6.640789265633979 29
1739987946110 6.617528334978314 30
1739987946139 6.585868056061722 31
1739987946169 6.534226964296387 32
1739987946199 6.607927375963694 33
