1739986005430 7.108844292514198 0
1739986005514 6.349553835636416 1
1739986005600 6.9892712405300745 2
1739986005685 6.505592325200195 3
1739986005772 6.512014133688422 4
1739986005856 6.399588868385215 5
1739986005940 6.563381000567817 6
1739986006023 6.803881103897842 7
1739986006107 6.587601114437136 8
1739986006189 6.755539706670696 9
1739986006275 6.381824928585472 10
1739986006358 6.112609142968678 11
1739986006441 6.546112917388996 12
1739986006525 6.593587519514639 13
1739986006626 7.105651389868073 14
1739986006737 6.967051356713225 15
1739986006833 6.757753680190257 16
1739986006917 6.077005689609099 17
1739986007001 6.659279867496129 18
1739986007083 7.032549953071848 19
1739986007166 6.353933123342396 20
1739986007249 6.699268765273779 21
1739986007332 6.564248475835213 22
1739986007415 6.773386760594473 23
1739986007499 6.569923239615775 24
1739986007583 7.240352649612313 25
1739986007665 6.510166115081049 26
1739986007755 6.610388349655966 27
1739986007840 6.378757487655375 28
1739986007923 6.399856264546703 29
1739986008007 6.5485380219173015 30
1739986008090 6.582938813133001 31
1739986008174 6.44264444445853 32
1739986008257 6.765881672897025 33
1739986008340 5.313985886001984 34
1739986008424 6.594951117480554 35
1739986008507 6.077847866568008 36
1739986008591 7.498792531696208 37
1739986008676 6.5444922581416405 38
1739986008761 6.5660016428964765 39
1739986008845 6.623178159756368 40
1739986008927 6.254966367107349 41
1739986009011 6.564275713597356 42
1739986009093 6.53178912377266 43
1739986009176 6.530826035619936 44
1739986009260 6.928398814865045 45
1739986009343 6.626217402098963 46
1739986009427 7.5687085397783 47
1739986009512 6.81123512014979 48
1739986009595 7.050084124366391 49
1739986009678 6.695674131263465 50
1739986009767 6.6287574375826415 51
