1740004670100 168.79801204511594 0
1740004670123 165.57829099341717 1
1740004670149 163.97143586603858 2
1740004670170 162.35876250649244 3
1740004670194 160.76199465629855 4
1740004670215 159.18123156850803 5
1740004670236 157.61601557433238 6
1740004670260 156.06613541733213 7
1740004670282 154.53178352091894 8
1740004670304 153.01252319033338 9
1740004670326 151.50815127748925 10
1740004670347 150.01884473529836 11
1740004670369 148.54418762821652 12
1740004670394 147.08398464250914 13
1740004670415 145.6383978727215 14
1740004670440 144.20703140620367 15
1740004670463 142.78969750000476 16
1740004670486 141.3865439859942 17
1740004670508 139.99708665329456 18
1740004670529 138.62152599279818 19
1740004670551 137.25949889234172 20
1740004670573 135.9108302832279 21
1740004670596 134.57564231993447 22
1740004670621 133.25359161001498 23
1740004670647 131.9445099599932 24
1740004670673 130.64850682984306 25
1740004670696 129.3651676317856 26
1740004670718 128.09464501749412 27
1740004670739 126.83662545588614 28
1740004670761 125.59095234041796 29
1740004670783 124.35771197382577 30
1740004670805 123.13653136549206 31
1740004670828 121.92753433673262 32
1740004670851 120.73043693946084 33
1740004670873 119.54509349218645 34
1740004670894 118.3715686604612 35
1740004670915 117.20952855495801 36
1740004670955 116.05907004226913 37
1740004671032 114.91993700291516 38
1740004671054 113.79199406686315 39
1740004671074 112.67528571428197 40
1740004671094 111.56951477570117 41
1740004671113 110.47475295425873 42
1740004671132 109.39071822588912 43
1740004671152 108.31747038731537 44
1740004671171 107.25479104911797 45
1740004671190 106.2025586613874 46
1740004671209 105.16078985919238 47
1740004671228 104.12923736967424 48
1740004671248 103.10793825274192 49
1740004671268 102.0966592320982 50
1740004671287 101.0954264057668 51
1740004671307 100.10402131522679 52
1740004671327 99.12245936145491 53
1740004671350 98.15056719804494 54
1740004671371 97.18823971515596 55
1740004671390 96.23546023043458 56
1740004671410 95.29204102143501 57
1740004671429 94.35797771749677 58
1740004671449 93.43309520580891 59
1740004671468 92.51737930020917 60
1740004671487 91.6106682268267 61
1740004671507 90.71293822870187 62
1740004671526 89.82404054356988 63
1740004671546 88.9439420968542 64
1740004671567 88.07250681654911 65
1740004671589 87.20969255899134 66
1740004671612 86.3553756270964 67
1740004671634 85.50950505206558 68
1740004671653 84.67196920230725 69
1740004671673 83.84270852333215 70
1740004671693 83.02162314542335 71
1740004671713 82.20864516341052 72
1740004671734 81.40368617154691 73
1740004671753 80.60667014462518 74
1740004671773 79.81751984858202 75
1740004671791 79.03615136452079 76
1740004671810 78.26249834329886 77
1740004671830 77.4964691944497 78
1740004671855 76.73800817241994 79
1740004671915 75.98701623313117 80
1740004671964 75.24344795862837 81
1740004671985 74.50719706508411 82
1740004672004 73.77822819140134 83
1740004672024 73.05642802383653 84
1740004672045 72.34177099257286 85
1740004672064 71.63413695981764 86
1740004672083 70.93350988653228 87
1740004672102 70.23976301283939 88
1740004672123 69.55288957496693 89
1740004672142 68.87275638907704 90
1740004672162 68.19936571605886 91
1740004672182 67.53257814245949 92
1740004672201 66.8724047080475 93
1740004672220 66.21869996038214 94
1740004672239 65.5714834770718 95
1740004672257 64.93060395365669 96
1740004672276 64.29608926920743 97
1740004672294 63.66778245061425 98
1740004672333 63.045719446615614 99
1740004672400 62.42973779527919 100
1740004672419 61.8198812877225 101
1740004672439 61.2159821495335 102
1740004672458 60.61809179134927 103
1740004672477 60.026037299192566 104
1740004672501 59.439877484714614 105
1740004672521 58.85943446391477 106
1740004672543 58.2847742352333 107
1740004672562 57.715714110869676 108
1740004672581 57.15232706603539 109
1740004672602 56.594425772089416 110
1740004672621 56.04208997513254 111
1740004672640 55.49512786543136 112
1740004672659 54.953625758159454 113
1740004672677 54.41743859281648 114
1740004672697 53.886481379543746 115
1740004672715 53.36083307547329 116
1740004672735 52.84028509561426 117
1740004672755 52.32494512484713 118
1740004672774 51.81460112120663 119
1740004672792 51.30936658652594 120
1740004672811 50.80902574729138 121
1740004672831 50.31369774618237 122
1740004672850 49.82322315389523 123
1740004672869 49.33751769012611 124
1740004672889 48.85668687007479 125
1740004672908 48.38050002709967 126
1740004672926 47.90909543056652 127
1740004672945 47.44230479262878 128
1740004672964 46.980043882237986 129
1740004672982 46.522433679084 130
1740004673001 46.069230028428976 131
1740004673019 45.620589079468665 132
1740004673042 45.17626420250842 133
1740004673060 44.73641601911446 134
1740004673079 44.300866467697766 135
1740004673098 43.86953182882986 136
1740004673117 43.442551143673434 137
1740004673136 43.01966526958493 138
1740004673154 42.60105114640513 139
1740004673172 42.18652328684382 140
1740004673191 41.77599812575213 141
1740004673209 41.36962787867357 142
1740004673228 40.96714209107707 143
1740004673247 40.56873291042764 144
1740004673267 40.174207992345615 145
1740004673285 39.78348397051437 146
1740004673304 39.396725334481076 147
1740004673323 39.01365117948497 148
1740004673341 38.63446780944769 149
1740004673361 38.25897656408272 150
1740004673381 37.887094318205364 151
1740004673402 37.518996978715776 152
1740004673420 37.154394010466824 153
1740004673440 36.793504873767645 154
1740004673459 36.43612510733414 155
1740004673477 36.08217186721874 156
1740004673495 35.73183166290445 157
1740004673514 35.3848051085824 158
1740004673532 35.04132386982687 159
1740004673550 34.70117817404553 160
1740004673569 34.364285496498034 161
1740004673587 34.03084217458756 162
1740004673606 33.7006337927637 163
1740004673626 33.37357767551886 164
1740004673647 33.04987762482036 165
1740004673667 32.72921931120293 166
1740004673686 32.41185436422457 167
1740004673705 32.09756393556649 168
1740004673724 31.78626573193325 169
1740004673742 31.478172165977416 170
1740004673762 31.172961977083386 171
1740004673781 30.870896673549396 172
1740004673800 30.571753303613896 173
1740004673819 30.27544999273132 174
1740004673842 29.982207087835338 175
1740004673864 29.691797761219828 176
1740004673903 29.40414004393993 177
1740004673923 29.119460656749187 178
1740004673941 28.837529109631305 179
1740004673960 28.558263352646073 180
1740004673983 28.281896221970843 181
1740004674009 28.008088860100735 182
1740004674033 27.737126340682295 183
1740004674056 27.4687750380229 184
1740004674076 27.20295340342754 185
1740004674095 26.93990072488589 186
1740004674113 26.679380108652516 187
1740004674133 26.421309960275714 188
1740004674157 26.165935087699463 189
1740004674180 25.912906838696767 190
1740004674202 25.662524034837006 191
1740004674223 25.414547218392382 192
1740004674243 25.1688953476935 193
1740004674262 24.92581873048333 194
1740004674282 24.685075028198348 195
1740004674301 24.446583182248727 196
1740004674320 24.21059847257805 197
1740004674339 23.976875770989082 198
1740004674358 23.74533401361974 199
1740004674377 23.516233237131082 200
1740004674396 23.28921223351049 201
1740004674416 23.0645873200036 202
1740004674434 22.842111542993642 203
1740004674453 22.621704461059778 204
1740004674472 22.403630390541174 205
1740004674491 22.187639996761725 206
1740004674509 21.973652860381044 207
1740004674528 21.761937568074867 208
1740004674547 21.55224243344283 209
1740004674566 21.344487069912937 210
1740004674585 21.13894414094392 211
1740004674603 20.93535973199819 212
1740004674622 20.73365350169236 213
1740004674642 20.534102002614734 214
1740004674660 20.33644921186468 215
1740004674679 20.14061484524046 216
1740004674698 19.946879162582455 217
1740004674716 19.75486437967436 218
1740004674735 19.56491002754541 219
1740004674753 19.376759280341002 220
1740004674773 19.190332576073672 221
1740004674791 19.00591277753979 222
1740004674811 18.823241368911653 223
1740004674833 18.642238866088153 224
1740004674854 18.46319143821117 225
1740004674873 18.285838823117036 226
1740004674891 18.1101016238278 227
1740004674910 17.936269152792473 228
1740004674930 17.764079505610013 229
1740004674949 17.59345338274667 230
1740004674968 17.424683082023225 231
1740004674987 17.25750515758233 232
1740004675005 17.091840417274245 233
1740004675023 16.927983991348217 234
1740004675042 16.76567099003831 235
1740004675062 16.60482233814569 236
1740004675080 16.445735850265624 237
1740004675099 16.28814528712017 238
1740004675117 16.131971699663847 239
1740004675138 15.977515443488139 240
1740004675162 15.824509021129096 241
1740004675191 15.672873618540807 242
1740004675223 15.522911993568783 243
1740004675255 15.374355478897058 244
1740004675287 15.227125403977443 245
1740004675318 15.081526794652818 246
1740004675347 14.9371626040248 247
1740004675379 14.79440064666149 248
1740004675410 14.652972858466004 249
1740004675439 14.512801428417418 250
1740004675466 14.374191688986679 251
1740004675492 14.23687483498577 252
1740004675516 14.100773209665686 253
1740004675536 13.966194133512039 254
1740004675555 13.832867884960308 255
1740004675574 13.700716968543603 256
1740004675593 13.570050572866597 257
1740004675612 13.440598136240078 258
1740004675630 13.312282331659976 259
1740004675649 13.185414099915302 260
1740004675670 13.059722112847695 261
1740004675693 12.935129218788166 262
1740004675711 12.811947998644799 263
1740004675730 12.689906428916979 264
1740004675751 12.568927539842006 265
1740004675770 12.449325444147194 266
1740004675790 12.330827491654189 267
1740004675811 12.213356900784033 268
1740004675832 12.097229211447353 269
1740004675857 11.982171213054919 270
1740004675880 11.8681063182024 271
1740004675908 11.755351392912749 272
1740004675930 11.64363273011836 273
1740004675958 11.532873942300819 274
1740004675982 11.42339312399279 275
1740004676008 11.314916133308234 276
1740004676031 11.207366788053275 277
1740004676053 11.101064317041873 278
1740004676075 10.995734203017182 279
1740004676096 10.891300474282689 280
1740004676118 10.788083402987453 281
1740004676139 10.685808153798288 282
1740004676159 10.584398970429598 283
1740004676185 10.484177080611989 284
1740004676210 10.384867386134708 285
1740004676231 10.286394350784061 286
1740004676254 10.189080073223831 287
1740004676276 10.09264924552507 288
1740004676296 9.9970265559608 289
1740004676318 9.902534892499453 290
1740004676340 9.808898788668824 291
1740004676362 9.716043161403622 292
1740004676384 9.624291609285104 293
1740004676405 9.533368556541957 294
1740004676427 9.443199152711914 295
1740004676448 9.354107631152772 296
1740004676469 9.265818354159926 297
1740004676490 9.178256707587941 298
1740004676512 9.091747486511236 299
1740004676532 9.00601503683058 300
1740004676554 8.920984984209667 301
1740004676575 8.836982615078847 302
1740004676596 8.753732302705652 303
1740004676618 8.671159915839583 304
1740004676641 8.589591164530189 305
1740004676663 8.508750491444808 306
1740004676687 8.428564011485532 307
1740004676707 8.349357793134873 308
1740004676728 8.270856388812296 309
1740004676750 8.192986162435096 310
1740004676771 8.116073478211433 311
1740004676793 8.03984303703103 312
1740004676814 7.96422145449031 313
1740004676838 7.8895353302249465 314
1740004676859 7.815509550724217 315
1740004676882 7.7420709857344905 316
1740004676904 7.669546412361809 317
1740004676928 7.597660938279948 318
1740004676950 7.526341689668139 319
1740004676971 7.455915565420396 320
1740004676993 7.386107928478723 321
1740004677014 7.316846163555584 322
1740004677035 7.248457237860475 323
1740004677059 7.180666802228553 324
1740004677080 7.11340250182841 325
1740004677105 7.046991320859447 326
1740004677126 6.981159229257245 327
1740004677151 6.915834134397007 328
1740004677172 6.851342988227815 329
1740004677194 6.787412109615576 330
1740004677215 6.723969669725156 331
1740004677236 6.6613425410404234 332
1740004677257 6.599257419849477 333
1740004677278 6.537642742527275 334
1740004677299 6.476825256844474 335
1740004677321 6.41653206370355 336
1740004677343 6.356691865952063 337
1740004677364 6.297631243309398 338
1740004677385 6.239077727222275 339
1740004677406 6.180960288120198 340
1740004677427 6.123605296187525 341
1740004677449 6.0667407381193375 342
1740004677470 6.010295852887744 343
1740004677491 5.954596761458508 344
1740004677513 5.8993719292891 345
1740004677534 5.844550864710671 346
1740004677555 5.790459401534182 347
1740004677577 5.736826506338169 348
1740004677598 5.683581957489449 349
1740004677620 5.631051265403925 350
1740004677642 5.578963919018445 351
1740004677664 5.527249967276543 352
1740004677685 5.476234562604592 353
1740004677711 5.425647736446696 354
1740004677735 5.375419808732809 355
1740004677757 5.325875540902175 356
1740004677778 5.276745525999076 357
1740004677799 5.227960355222298 358
1740004677819 5.179844367575647 359
1740004677846 5.132128735771985 360
1740004677909 5.084744322438119 361
1740004677941 5.038015014196926 362
1740004677965 4.991672580504471 363
1740004677989 4.945648155455403 364
1740004678036 4.900265144803851 365
1740004678089 4.855255930859831 366
1740004678112 4.810551919110226 367
1740004678134 4.766476007366097 368
1740004678155 4.722761205967602 369
1740004678176 4.679339191606492 370
1740004678199 4.6365323284470605 371
1740004678220 4.594074269129678 372
1740004678242 4.55189696125557 373
1740004678265 4.510322210967336 374
1740004678286 4.469084326597329 375
1740004678309 4.428115526256407 376
1740004678330 4.387737034978527 377
1740004678351 4.34768382932863 378
1740004678373 4.307888397426409 379
1740004678395 4.268671361358556 380
1740004678417 4.229768377638392 381
1740004678438 4.191112203796196 382
1740004678461 4.15302283834234 383
1740004678481 4.115236628655361 384
1740004678503 4.077686600983725 385
1740004678524 4.0406921108043665 386
1740004678546 4.003990206503969 387
1740004678567 3.967514182265967 388
1740004678589 3.9315827322119365 389
1740004678610 3.8959336151302755 390
1740004678631 3.8605003922685026 391
1740004678653 3.8256010791704087 392
1740004678675 3.7909741536941506 393
1740004678695 3.7565534431959886 394
1740004678717 3.722656268484105 395
1740004678738 3.6890218344522174 396
1740004678759 3.6555842335285433 397
1740004678780 3.622660076658592 398
1740004678801 3.5899893030578656 399
1740004678822 3.5575062691113515 400
1740004678845 3.525526861772521 401
1740004678866 3.4936655640979484 402
1740004678888 3.462299982099392 403
1740004678909 3.4311734707955814 404
1740004678931 3.4002214287887713 405
1740004678999 3.369755320793578 406
1740004679026 3.339519646770605 407
1740004679050 3.3094500531794946 408
1740004679072 3.2798573047235577 409
1740004679094 3.250486610893619 410
1740004679115 3.2212738668649044 411
1740004679137 3.192529125476677 412
1740004679158 3.163998311039916 413
1740004679179 3.1356175662052235 414
1740004679200 3.107696220980592 415
1740004679221 3.0799809192077974 416
1740004679242 3.052408049705809 417
1740004679263 3.0252862095320068 418
1740004679284 2.9983627662097176 419
1740004679305 2.97157435335515 420
1740004679327 2.945228825775469 421
1740004679349 2.919074278285392 422
1740004679371 2.893047587865682 423
1740004679393 2.867455858566133 424
1740004679413 2.8420479155801934 425
1740004679434 2.816760877761425 426
1740004679454 2.7919010906610047 427
1740004679475 2.767218112433876 428
1740004679497 2.7426493022580507 429
1740004679518 2.7185002401848095 430
1740004679539 2.6945212194263157 431
1740004679560 2.6706498378824413 432
1740004679581 2.647190903818133 433
1740004679604 2.623774020949196 434
1740004679624 2.6007633152096465 435
1740004679646 2.5779124836451093 436
1740004679667 2.555160123463392 437
1740004679689 2.5328065577203707 438
1740004679710 2.5106066183727687 439
1740004679733 2.4884991239012773 440
1740004679760 2.4667836691468596 441
1740004679782 2.4452157788659927 442
1740004679803 2.4237344934303002 443
1740004679824 2.40263867448075 444
1740004679850 2.381684540506189 445
1740004679871 2.360811352146776 446
1740004679895 2.3403172334972147 447
1740004679916 2.3199590972972297 448
1740004679938 2.29967642278731 449
1740004679960 2.2797665927754647 450
1740004679981 2.259987214371791 451
1740004680004 2.2402779837051807 452
1740004680025 2.220935539140987 453
1740004680048 2.2016001686287954 454
1740004680074 2.182626120473404 455
1740004680097 2.1637743360199284 456
1740004680118 2.1449854741669743 457
1740004680141 2.1265517402590355 458
1740004680162 2.1082351626362685 459
1740004680183 2.0899765993298987 460
1740004680205 2.0720675625524017 461
1740004680226 2.0542707262247824 462
1740004680247 2.036527148119879 463
1740004680268 2.019127645015541 464
1740004680290 2.0018355357493927 465
1740004680312 1.9845920761494211 466
1740004680334 1.9676873857819803 467
1740004680356 1.950885427397914 468
1740004680378 1.9341276531570233 469
1740004680399 1.9177034841324798 470
1740004680420 1.9012624920239698 471
1740004680442 1.8851502205093817 472
1740004680463 1.869133883625163 473
1740004680486 1.8531558620716746 474
1740004680507 1.8375012244153248 475
1740004680529 1.821938215033601 476
1740004680551 1.8064093931664893 477
1740004680573 1.7911991847797284 478
1740004680594 1.7760764257423705 479
1740004680616 1.7609838544928371 480
1740004680638 1.746205253661784 481
1740004680660 1.7315100490801818 482
1740004680683 1.716841156716319 483
1740004680707 1.7024817155800829 484
1740004680735 1.6880892760532242 485
1740004680760 1.6740018193101693 486
1740004680785 1.6599919354665371 487
1740004680806 1.6460034378471633 488
1740004680830 1.6323152064686197 489
1740004680855 1.618700802629763 490
1740004680878 1.6051041995385755 491
1740004680899 1.5918036918651834 492
1740004680921 1.5785733768333494 493
1740004680943 1.5653573882807874 494
1740004680965 1.5524334355914093 495
1740004680986 1.5395761500245415 496
1740004681007 1.5267298244509708 497
1740004681028 1.5141715834268468 498
1740004681050 1.5015665780280756 499
