1739986800273 5.844793225243435 0
1739986800357 7.477063317865683 1
1739986800437 7.240879372793072 2
1739986800513 6.4804692199152445 3
1739986800596 5.545517539275608 4
1739986800676 6.5378755935034185 5
1739986800751 7.190308317631198 6
1739986800832 6.296192575926059 7
1739986800906 5.765312571559366 8
1739986800981 8.188431484770271 9
1739986801056 8.140577497868499 10
1739986801133 6.400786448882601 11
1739986801209 6.5438399516147365 12
1739986801289 6.435062727248059 13
1739986801365 6.519560544818097 14
1739986801448 4.810054208985786 15
1739986801525 6.525106713205839 16
1739986801600 7.601425894469275 17
1739986801675 7.210783982766729 18
1739986801750 5.5100989453150575 19
1739986801835 6.739253650083965 20
1739986801923 2.804370783909614 21
1739986802007 6.271447508493416 22
1739986802082 4.059458411536679 23
1739986802192 6.65777129297136 24
1739986802267 7.9378225569240675 25
1739986802348 5.32058404009732 26
1739986802423 5.6993275365103075 27
1739986802498 6.0966253446157 28
1739986802574 5.917175305855727 29
1739986802666 5.986820037778867 30
1739986802743 8.563401421900597 31
1739986802820 6.8571154161038566 32
1739986802897 7.474033201074887 33
1739986802972 7.066080220499452 34
1739986803047 5.976453203328796 35
1739986803126 6.175723593149762 36
1739986803203 6.48892132233936 37
1739986803279 3.6508149299146977 38
1739986803357 7.018352074233151 39
1739986803432 5.44854481803896 40
1739986803507 7.039350625864505 41
1739986803584 6.5530330046084755 42
1739986803659 6.0953727870720655 43
1739986803734 3.6456472127262547 44
1739986803815 7.340774777223997 45
1739986803891 8.929217338100678 46
1739986803968 7.814659685482675 47
1739986804043 6.664489215048016 48
1739986804117 7.607465633757416 49
1739986804191 7.549479010524119 50
1739986804268 6.844482250722601 51
1739986804346 8.028636968739654 52
1739986804423 3.780788310125001 53
1739986804499 5.835430697387902 54
1739986804576 6.7791565201149355 55
1739986804656 5.819679367055868 56
1739986804731 6.604887875839925 57
1739986804808 7.344115613683135 58
1739986804884 6.302787413454711 59
1739986804961 6.103035642455591 60
1739986805035 7.256221479971499 61
1739986805110 6.720882110802012 62
1739986805185 8.246073992763469 63
1739986805262 8.727460462070074 64
1739986805344 7.634171302915152 65
1739986805419 7.4060676692492375 66
1739986805494 8.02509614264409 67
1739986805572 5.758742567563219 68
1739986805647 5.788876578176449 69
1739986805728 6.784332142539571 70
1739986805809 6.22361238072875 71
1739986805884 8.91936396852251 72
1739986805961 5.346113802139159 73
1739986806038 6.023512068631502 74
1739986806113 6.5383324713239706 75
1739986806194 6.45207003149108 76
1739986806273 6.277114146363509 77
1739986806357 8.470690087618447 78
1739986806433 9.700287190762502 79
1739986806511 6.554081244617297 80
1739986806589 6.070688081684385 81
1739986806666 7.94682208202295 82
1739986806749 6.038618635050757 83
1739986806832 7.10521484914896 84
1739986806911 4.382096679420957 85
1739986806987 6.769513206326025 86
1739986807063 5.765430812827851 87
1739986807143 6.4972040632489145 88
1739986807222 7.2468594582489825 89
1739986807303 6.840552413604315 90
1739986807380 6.34578861631312 91
1739986807458 9.600397011230573 92
1739986807536 4.660222513285043 93
1739986807613 6.180334796219152 94
1739986807690 8.289117925523914 95
1739986807767 7.323988695837925 96
1739986807850 6.161291251944075 97
1739986807927 5.102077242900352 98
1739986808004 4.698079211925839 99
1739986808082 7.146321376420554 100
1739986808160 6.851287307209121 101
1739986808239 5.226398813702621 102
1739986808320 5.75551067525779 103
1739986808396 8.129667322634635 104
1739986808474 6.550169569130234 105
1739986808552 6.818899592041644 106
1739986808631 7.066299101588286 107
1739986808709 6.65403424270371 108
1739986808789 5.172206058026695 109
1739986808866 4.960354885079468 110
1739986808944 5.832243657492416 111
1739986809021 5.920897679212195 112
1739986809097 6.860560440919433 113
1739986809177 7.486099672101992 114
1739986809259 6.83703528557077 115
1739986809340 6.4272158968530535 116
1739986809420 6.280075709935769 117
1739986809499 6.707645326766881 118
1739986809579 7.4600266837500495 119
1739986809658 6.78760527231892 120
1739986809740 9.503855102519765 121
1739986809824 7.969228133821889 122
1739986809905 6.084362625569128 123
1739986809986 6.677381930906756 124
1739986810068 8.362864851807023 125
1739986810145 6.126747297931914 126
1739986810224 4.906546477074185 127
1739986810305 6.2666163548145555 128
1739986810383 6.861201933117306 129
1739986810461 8.074916169561423 130
1739986810539 5.9829996190942145 131
1739986810615 6.992236302456125 132
1739986810694 9.315541666074788 133
1739986810776 6.98231726490677 134
1739986810854 7.850687824919077 135
1739986810931 6.368137652569309 136
1739986811006 7.298308504176642 137
1739986811081 6.977058690826673 138
1739986811158 8.042229910514825 139
1739986811233 6.449381220066238 140
1739986811310 5.967401725149695 141
1739986811385 7.455224842670918 142
1739986811462 6.922397006331769 143
1739986811537 6.818227820352651 144
1739986811613 5.835012692461388 145
1739986811725 6.295042010394226 146
1739986811812 7.239702925369796 147
1739986811899 7.019193685657419 148
1739986811981 6.733412383507272 149
1739986812072 4.920904197447589 150
1739986812150 6.343824727078876 151
1739986812229 6.976398708132257 152
1739986812308 4.37521500000608 153
1739986812385 7.086046924360566 154
1739986812464 7.927576868430872 155
1739986812544 6.460926046870996 156
1739986812622 6.380383181824994 157
1739986812703 7.813442365688617 158
1739986812786 4.175378393679485 159
1739986812860 7.9002738121275735 160
1739986812964 8.47255507560317 161
1739986813038 8.322332415752452 162
1739986813119 6.725093471344075 163
1739986813197 5.892388409242768 164
1739986813272 5.872789590147076 165
1739986813350 5.833691875174117 166
1739986813428 6.784348335695498 167
1739986813505 7.5790073273772425 168
1739986813591 6.185761009820797 169
1739986813665 6.121379311018742 170
1739986813741 6.576297190694083 171
1739986813818 6.5693245477375655 172
1739986813893 5.8851401018918095 173
1739986813971 6.542663165012248 174
1739986814048 6.180303137593756 175
1739986814124 6.102295484182649 176
1739986814200 6.976490454700076 177
1739986814276 5.926767640444791 178
1739986814352 6.397551635118302 179
1739986814429 7.8162184967125405 180
1739986814504 5.934277336371173 181
1739986814583 7.350091875415325 182
1739986814660 5.931873677937389 183
1739986814736 5.8307615398476615 184
1739986814822 7.687494637025355 185
1739986814900 6.94502421607816 186
1739986814977 6.51180574544191 187
1739986815059 7.286408288102836 188
1739986815137 6.120762423547798 189
1739986815217 8.634735536670608 190
1739986815296 7.197263242743623 191
1739986815375 8.940715946731851 192
1739986815450 6.500884008886385 193
1739986815529 6.826558042869135 194
1739986815614 5.5324483776609785 195
1739986815703 6.224268188976292 196
1739986815796 6.66476363273585 197
1739986815878 5.83714366457784 198
1739986815956 7.257526999243378 199
1739986816033 5.318297441223637 200
1739986816110 7.413394086699609 201
1739986816188 8.527585482224705 202
1739986816265 6.657121799245232 203
1739986816347 8.150713953456432 204
1739986816426 7.68976781192044 205
1739986816557 7.644903863349066 206
1739986816631 6.453609743505042 207
1739986816710 7.293723585060949 208
1739986816788 6.9918521773402285 209
1739986816871 5.444313063043367 210
1739986816948 6.524081778127189 211
1739986817025 5.057162036423979 212
1739986817100 7.128479248412841 213
1739986817178 6.612470899903206 214
1739986817257 6.228331399818884 215
1739986817340 6.753749326577312 216
1739986817417 4.592769115975012 217
1739986817493 6.188911861726612 218
1739986817570 6.056925381400962 219
1739986817645 6.70073297609499 220
1739986817721 6.614833956282529 221
1739986817797 6.895363671913927 222
1739986817873 6.9176856023759115 223
1739986817949 6.071362206072154 224
1739986818030 6.79249965597605 225
1739986818108 7.7112101358964305 226
1739986818184 6.394610477261827 227
1739986818262 6.383511041070661 228
1739986818349 4.600467305036763 229
1739986818424 7.823926454524323 230
1739986818502 7.504659590945851 231
1739986818580 7.133833117466382 232
1739986818657 6.667536048117604 233
1739986818734 7.705861553670946 234
1739986818817 8.532559604701866 235
1739986818902 5.872564153740267 236
1739986818979 6.1721816643894325 237
1739986819053 7.535229547867538 238
1739986819131 5.939952479548293 239
1739986819216 8.051546340984267 240
1739986819298 6.581833821880081 241
1739986819377 6.766706014457957 242
1739986819454 6.118096388153621 243
1739986819531 10.091575530203624 244
1739986819608 6.9633418980910475 245
1739986819685 6.7140295832899 246
1739986819762 7.141252887592504 247
1739986819838 5.476054805738399 248
1739986819917 6.215327268599151 249
1739986819995 6.676102904470124 250
1739986820071 7.836917958940688 251
1739986820147 7.7678756935241156 252
1739986820226 5.675574741360634 253
1739986820306 7.723442358963126 254
1739986820383 6.286075379361758 255
1739986820462 5.603912782252352 256
1739986820540 6.657817129395135 257
1739986820616 6.059452711262742 258
1739986820692 5.37361919408327 259
1739986820772 6.167163310597227 260
1739986820851 6.060593059284579 261
1739986820931 6.155497530472611 262
1739986821008 6.6004575552671865 263
1739986821084 9.559182913109513 264
1739986821168 6.5792665417902105 265
1739986821251 7.048904514531654 266
1739986821389 6.9246893581626106 267
1739986821469 7.297379220516823 268
1739986821550 4.393914668140603 269
1739986821631 4.942010326055712 270
1739986821710 7.199070796127758 271
1739986821793 7.297359934912123 272
1739986821878 6.653835107479509 273
1739986821960 7.408653444457907 274
1739986822043 5.244164588308309 275
1739986822140 6.831924395226204 276
1739986822225 4.918722914003091 277
1739986822311 6.558667116091046 278
1739986822396 6.225126530527264 279
1739986822482 7.058138207670576 280
1739986822573 7.216076252076184 281
1739986822658 5.813980230185103 282
1739986822739 7.067541673475579 283
1739986822825 5.933338179826273 284
1739986822905 6.204463058801574 285
1739986822991 7.057279491408619 286
1739986823071 6.783307961820828 287
1739986823150 5.996845554926884 288
1739986823232 6.921124698271629 289
1739986823315 6.655711348286147 290
1739986823395 6.846252294591476 291
1739986823476 6.9597494503220165 292
1739986823557 8.358732311875464 293
1739986823636 6.25772562723296 294
1739986823717 5.535350850192838 295
1739986823797 7.9176648099150295 296
1739986823879 7.156245322620715 297
1739986823961 6.3639715484480055 298
1739986824041 12.524027696426659 299
1739986824122 7.7257364745791595 300
1739986824204 6.54605006527581 301
1739986824321 7.588807023342816 302
1739986824403 7.020782874342636 303
1739986824482 5.524225739070274 304
1739986824562 8.495171014534158 305
1739986824641 5.6745793510422065 306
1739986824723 6.806654758120566 307
1739986824807 7.39428420445688 308
1739986824886 6.614036401999802 309
1739986824968 8.064061914575124 310
1739986825049 10.871698828735624 311
1739986825130 7.406094175018105 312
1739986825212 7.347003380868305 313
1739986825311 6.777795293293874 314
1739986825391 7.860135345583815 315
1739986825470 6.565952266167852 316
1739986825550 6.803173749330919 317
1739986825629 6.930487121682654 318
1739986825710 6.280551277141017 319
1739986825790 5.930131302510248 320
1739986825872 7.882868021950453 321
1739986825950 6.550686626449137 322
1739986826034 6.699389290267624 323
1739986826115 5.52903022156357 324
1739986826193 7.1238595276945995 325
1739986826272 5.438196609397258 326
1739986826352 5.8668029185683075 327
1739986826434 7.000134726190809 328
1739986826513 6.6487380952687865 329
1739986826593 7.628306491491833 330
1739986826672 6.45840550690982 331
1739986826753 6.444203283472406 332
1739986826835 6.649953225543899 333
1739986826920 5.698923356124519 334
1739986827011 7.69792068640858 335
1739986827089 8.451325213762972 336
1739986827165 7.109992537254557 337
1739986827243 6.840500736778072 338
1739986827368 3.617170196345493 339
1739986827444 7.34550304942926 340
1739986827520 7.596448989994499 341
1739986827600 6.853109277042875 342
1739986827678 7.068587880036157 343
1739986827754 6.14469355407865 344
1739986827833 5.169028876681077 345
1739986827909 6.3677805735819994 346
1739986827985 3.7411057237929928 347
1739986828064 8.043400503055071 348
1739986828139 6.1248609726090795 349
1739986828215 6.536543671609987 350
1739986828292 6.956324863281972 351
1739986828373 6.44757484005821 352
1739986828448 6.402891198229072 353
1739986828525 5.90499384203129 354
1739986828601 5.87832396553175 355
1739986828677 7.589139892655148 356
