1739976378361 6.572273277713948 0
1739976378384 6.57179406424614 1
1739976378409 6.571338518626337 2
1739976378435 6.570905422352899 3
1739976378457 6.570493620937462 4
1739976378478 6.570102020500679 5
1739976378499 6.569729584550476 6
1739976378521 6.569375330932973 7
1739976378542 6.569038328946769 8
1739976378564 6.5687176966117935 9
1739976378586 6.568412598084379 10
1739976378607 6.568122241210701 11
1739976378628 6.567845875211118 12
1739976378651 6.5675827884883695 13
1739976378675 6.567332306552969 14
