1739999206174 169.25480595599964 0
1739999206192 169.22090647151168 1
1739999206216 169.2041050868846 2
1739999206236 169.18723260954812 3
1739999206256 169.17036210290175 4
1739999206277 169.15349308922188 5
1739999206296 169.13662604192854 6
1739999206316 169.11976048725094 7
1739999206335 169.10289689859204 8
1739999206354 169.08603480219804 9
1739999206372 169.06917467145473 10
1739999206390 169.05231603262564 11
1739999206411 169.03545935907945 12
1739999206428 169.01860433495492 13
1739999206444 169.00175088108963 14
1739999206462 168.9848993920271 15
1739999206480 168.9680493939278 16
1739999206497 168.95120136026662 17
1739999206518 168.93435481721815 18
1739999206535 168.91751023824023 19
1739999206555 168.90066730741245 20
1739999206571 168.8838259455577 21
1739999206587 168.86698654729375 22
1739999206604 168.8501486386922 23
1739999206621 168.83331269331708 24
1739999206637 168.81647823725422 25
1739999206654 168.7996457440504 26
1739999206673 168.78281489772613 27
1739999206690 168.7659856190896 28
1739999206708 168.74915830283283 29
1739999206728 168.73233247493863 30
1739999206746 168.71550860906 31
1739999206761 168.69868638914681 32
1739999206778 168.68186573598973 33
1739999206793 168.6650470443691 34
1739999206810 168.64822984016195 35
1739999206825 168.63141459712736 36
1739999206841 168.6146008411565 37
1739999206857 168.59778904599122 38
1739999206872 168.58097889552238 39
1739999206888 168.564170310526 40
1739999206906 168.54736368585654 41
1739999206922 168.53055854730232 42
1739999206937 168.51375536871137 43
1739999206954 168.49695367588623 44
1739999206971 168.48015394265767 45
1739999206987 168.4633558528574 46
1739999207004 168.44655932724692 47
1739999207020 168.42976476075464 48
1739999207036 168.4129716790804 49
1739999207053 168.39618055616097 50
1739999207070 168.37939107575752 51
1739999207086 168.36260315861404 52
1739999207103 168.34581719974727 53
1739999207120 168.32903272475124 54
1739999207136 168.3122502076686 55
1739999207155 168.2954691741078 56
1739999207172 168.27869009809422 57
1739999207188 168.26191266333012 58
1739999207205 168.24513679054493 59
1739999207221 168.2283628748292 60
1739999207237 168.21159044168868 61
1739999207253 168.19481996525465 62
1739999207269 168.17805097104716 63
1739999207284 168.1612839331801 64
1739999207300 168.14451853529704 65
1739999207316 168.12775469811277 66
1739999207331 168.11099281679157 67
1739999207347 168.094232416751 68
1739999207364 168.07747397221084 69
1739999207379 168.06071716674415 70
1739999207398 168.04396192104826 71
1739999207417 168.0272086303756 72
1739999207435 168.01045682003823 73
1739999207454 167.99370696436148 74
1739999207472 167.97695858867178 75
1739999207490 167.96021216727718 76
1739999207507 167.94346738369217 77
1739999207522 167.9267241585994 78
1739999207538 167.90998288732507 79
1739999207556 167.89324309509306 80
1739999207573 167.87650525631707 81
1739999207590 167.85976889623544 82
1739999207607 167.8430344892446 83
1739999207623 167.82630171880027 84
1739999207638 167.8095705055707 85
1739999207654 167.79284124495555 86
1739999207673 167.77611346209068 87
1739999207692 167.7593876314782 88
1739999207710 167.74266343650353 89
1739999207729 167.72594079781746 90
1739999207801 167.7092201109076 91
1739999207822 167.6925009008046 92
1739999207839 167.67578364211587 93
1739999207856 167.65906785988645 94
1739999207873 167.6423540287065 95
1739999207891 167.625641831903 96
1739999207911 167.60893119011214 97
1739999207928 167.592222498895 98
1739999207946 167.57551528319436 99
1739999207963 167.55881001770578 100
1739999207980 167.54210622738643 101
1739999208000 167.52540438691457 102
1739999208018 167.50870417955866 103
1739999208036 167.49200552594036 104
1739999208052 167.4753088216942 105
1739999208071 167.45861359167512 106
1739999208087 167.44192031066672 107
1739999208103 167.4252286618674 108
1739999208118 167.40853856588143 109
1739999208134 167.39185041843103 110
1739999208151 167.37516374426605 111
1739999208166 167.3584790182755 112
1739999208181 167.3417957652236 113
1739999208197 167.32511445998182 114
1739999208213 167.30843478569028 115
1739999208230 167.29175666293864 116
1739999208245 167.2750804875225 117
1739999208261 167.258405784104 118
1739999208276 167.24173302766002 119
1739999208292 167.22506174286724 120
1739999208310 167.208392404685 121
1739999208325 167.19172469619497 122
1739999208341 167.17505853797238 123
1739999208363 167.158394325886 124
1739999208380 167.14173158451058 125
1739999208396 167.12507078891056 126
1739999208412 167.10841162209766 127
1739999208427 167.0917540046298 128
1739999208442 167.0750983324633 129
1739999208460 167.05844413006784 130
1739999208475 167.04179187261323 131
1739999208491 167.02514108458368 132
1739999208508 167.00849224113142 133
1739999208524 166.9918450252099 134
1739999208539 166.97519935736256 135
1739999208554 166.95855563361877 136
1739999208569 166.9419133783609 137
1739999208585 166.92527306684636 138
1739999208599 166.908634223472 139
1739999208614 166.89199732347765 140
1739999208629 166.8753620497585 141
1739999208645 166.8587283228437 142
1739999208660 166.84209653883553 143
1739999208677 166.8254662220291 144
1739999208694 166.80883784776927 145
1739999208716 166.79221109888138 146
1739999208755 166.77558589587713 147
1739999208774 166.7589626349464 148
1739999208793 166.74234084027947 149
1739999208810 166.72572098732613 150
1739999208827 166.70910260029126 151
1739999208843 166.69248615460722 152
1739999208858 166.67587133304124 153
1739999208874 166.65925805609058 154
1739999208890 166.64264672001804 155
1739999208906 166.62603684892665 156
1739999208922 166.60942891835373 157
1739999208937 166.592822452417 158
1739999208953 166.57621792663613 159
1739999208969 166.55961502372034 160
1739999208984 166.54301366415257 161
1739999209000 166.52641424426832 162
1739999209016 166.5098162880836 163
1739999209035 166.49322027122304 164
1739999209054 166.47662587632604 165
1739999209072 166.4600330238582 166
1739999209090 166.44344211024242 167
1739999209107 166.42685265939008 168
1739999209125 166.41026514703054 169
1739999209144 166.39367909708994 170
1739999209161 166.37709498528 171
1739999209182 166.36051249418225 172
1739999209201 166.34393154424794 173
1739999209224 166.32735253197256 174
1739999209249 166.31077498118063 175
1739999209274 166.29419936768866 176
1739999209304 166.27762537400858 177
1739999209333 166.26105292057417 178
1739999209361 166.24448240396828 179
1739999209388 166.22791334791089 180
1739999209413 166.21134622832326 181
1739999209439 166.19478056894002 182
1739999209464 166.1782168456648 183
1739999209488 166.16165474095158 184
1739999209513 166.14509417521995 185
1739999209536 166.12853554512523 186
1739999209560 166.11197837430066 187
1739999209584 166.09542313875443 188
1739999209607 166.07886936213455 189
1739999209625 166.06231752043152 190
1739999209642 166.04576729604165 191
1739999209658 166.0292186093702 192
1739999209676 166.0126718571448 193
1739999209693 165.99612656291217 194
1739999209710 165.9795832027674 195
1739999209725 165.96304145903716 196
1739999209741 165.9465012521094 197
1739999209758 165.92996297879904 198
1739999209776 165.91342616254826 199
1739999209791 165.8968912795568 200
1739999209806 165.88035785328162 201
1739999209821 165.86382635990458 202
1739999209837 165.84729648169485 203
1739999209852 165.83076813902593 204
1739999209868 165.81424172878516 205
1739999209883 165.7977167743282 206
1739999209899 165.78119375194143 207
1739999209914 165.7646721849955 208
1739999209929 165.7481525497589 209
1739999209945 165.7316345284432 210
1739999209960 165.71511804140775 211
1739999209976 165.69860348561184 212
1739999209991 165.68209038432502 213
1739999210007 165.6655792139202 214
1739999210022 165.6490696565394 215
1739999210037 165.6325616325248 216
1739999210052 165.6160555389227 217
1739999210067 165.59955089889834 218
1739999210082 165.58304818892913 219
1739999210097 165.56654693219505 220
1739999210112 165.55004760515564 221
1739999210127 165.53354988989545 222
1739999210143 165.51705370674233 223
1739999210159 165.5005594528148 224
1739999210175 165.4840666511918 225
1739999210190 165.4675757784372 226
1739999210205 165.45108635764484 227
1739999210221 165.43459886536064 228
1739999210237 165.4181129836118 229
1739999210253 165.40162863271186 230
1739999210269 165.3851462098514 231
1739999210284 165.3686652380232 232
1739999210300 165.35218619387751 233
1739999210315 165.33570875937212 234
1739999210330 165.31923285480343 235
1739999210346 165.3027588774487 236
1739999210361 165.28628635019683 237
1739999210378 165.26981574980223 238
1739999210397 165.2533465991686 239
1739999210413 165.2368793750325 240
1739999210428 165.2204137592943 241
1739999210444 165.20394967223623 242
1739999210458 165.18748751120754 243
1739999210474 165.17102679901106 244
1739999210489 165.1545680124874 245
1739999210505 165.13811067445442 246
1739999210519 165.12165526173473 247
1739999210535 165.1052014561716 248
1739999210550 165.08874917803297 249
1739999210565 165.0722988247399 250
1739999210610 165.05584991900935 251
1739999210628 165.0394029377681 252
1739999210648 165.0229575627901 253
1739999210672 165.00651371432616 254
1739999210700 164.990071789884 255
1739999210726 164.97363131207675 256
1739999210752 164.95719275793525 257
1739999210778 164.94075565008745 258
1739999210804 164.92432046554626 259
1739999210827 164.9078868860285 260
1739999210852 164.89145483177074 261
1739999210877 164.87502470035247 262
1739999210903 164.858596014301 263
1739999210928 164.84216925073318 264
1739999210950 164.82574393219127 265
1739999210972 164.80932053577413 266
1739999210993 164.7928987431415 267
1739999211014 164.77647847451578 268
1739999211030 164.760060127548 269
1739999211047 164.74364322467994 270
1739999211063 164.72722824311427 271
1739999211079 164.71081486444157 272
1739999211094 164.69440300886708 273
1739999211110 164.6779930741285 274
1739999211125 164.6615845825638 275
1739999211142 164.64517801147952 276
1739999211157 164.62877288322872 277
1739999211173 164.61236967509996 278
1739999211189 164.5959680686268 279
1739999211204 164.57956798400036 280
1739999211221 164.56316981902975 281
1739999211237 164.54677309596752 282
1739999211255 164.53037829220597 283
1739999211273 164.5139850892096 284
1739999211289 164.49759340715244 285
1739999211309 164.4812036439301 286
1739999211326 164.4648153216914 287
1739999211344 164.44842891793252 288
1739999211365 164.43204395481743 289
1739999211382 164.41566090982403 290
1739999211401 164.39927946436006 291
1739999211421 164.38289953858538 292
1739999211437 164.36652153046688 293
1739999211458 164.3501449620682 294
1739999211475 164.33377031097095 295
1739999211491 164.3173970992539 296
1739999211508 164.30102580448047 297
1739999211524 164.28465610800157 298
1739999211541 164.26828792996292 299
1739999211556 164.25192166840276 300
1739999211572 164.23555684529947 301
1739999211588 164.21919393832013 302
1739999211603 164.20283262874668 303
1739999211619 164.18647283670774 304
1739999211635 164.17011496032788 305
1739999211654 164.15375852148202 306
1739999211674 164.1374039979409 307
1739999211692 164.1210509115946 308
1739999211712 164.10469974019566 309
1739999211729 164.08835016496923 310
1739999211745 164.0720021060299 311
1739999211763 164.05565596157342 312
1739999211779 164.03931125338957 313
1739999211796 164.02296845933444 314
1739999211811 164.00662710121304 315
1739999211828 163.9902876568632 316
1739999211846 163.97394980745344 317
1739999211863 163.9576134730843 318
1739999211879 163.9412790520226 319
1739999211895 163.9249460659731 320
1739999211912 163.90861499287718 321
1739999211929 163.89228551383445 322
1739999211944 163.87595754892837 323
1739999211961 163.8596314965119 324
1739999211978 163.8433068781867 325
1739999211994 163.8269841719974 326
1739999212010 163.81066289956087 327
1739999212025 163.79434353890352 328
1739999212041 163.77802577106857 329
1739999212057 163.7617095161253 330
1739999212072 163.74539517249775 331
1739999212090 163.7290822617026 332
1739999212107 163.71277126186962 333
1739999212121 163.6964616945309 334
1739999212138 163.68015403779788 335
1739999212156 163.66384797265724 336
1739999212174 163.64754341916435 337
1739999212190 163.63124077581404 338
1739999212208 163.61493956403822 339
1739999212224 163.59864026205173 340
1739999212240 163.58234255077252 341
1739999212256 163.56604635023888 342
1739999212272 163.54975205903162 343
1739999212288 163.53345919847976 344
1739999212304 163.5171682469012 345
1739999212321 163.5008787256403 346
1739999212337 163.48459111299664 347
1739999212353 163.46830508983186 348
1739999212370 163.4520205761702 349
1739999212387 163.43573797066333 350
1739999212406 163.41945679455551 351
1739999212426 163.4031775262496 352
1739999212444 163.38689984653857 353
1739999212461 163.37062367542964 354
1739999212478 163.3543494116603 355
1739999212494 163.338076576372 356
1739999212510 163.3218056480707 357
1739999212526 163.30553614791316 358
1739999212543 163.28926855438695 359
1739999212561 163.27300254822867 360
1739999212577 163.25673804943173 361
1739999212592 163.24047545680415 362
1739999212611 163.22421429140294 363
1739999212628 163.20795503181873 364
1739999212645 163.19169719912387 365
1739999212662 163.1754412718906 366
1739999212679 163.15918693079934 367
1739999212697 163.14293409582945 368
1739999212714 163.12668316585953 369
1739999212775 163.11043366186223 370
1739999212806 163.09418606251288 371
1739999212823 163.07794004842322 372
1739999212840 163.06169553955564 373
1739999212856 163.0454529348746 374
1739999212874 163.02921175524995 375
1739999212891 163.01297247945985 376
1739999212909 162.99673462838956 377
1739999212926 162.98049868079892 378
1739999212942 162.96426431724353 379
1739999212958 162.9480314576719 380
1739999212974 162.93180050111886 381
1739999212990 162.91557096837005 382
1739999213007 162.89934333828813 383
1739999213024 162.88311713167417 384
1739999213042 162.86689282737234 385
1739999213057 162.85067010588227 386
1739999213073 162.83444888713854 387
1739999213089 162.81822957024627 388
1739999213106 162.80201167590704 389
1739999213122 162.78579568306787 390
1739999213138 162.76958127216 391
1739999213155 162.75336836310092 392
1739999213171 162.73715735508148 393
1739999213187 162.72094776870065 394
1739999213203 162.70474008300815 395
1739999213220 162.6885338186184 396
1739999213235 162.6723294545627 397
1739999213252 162.6561266712163 398
1739999213268 162.63992538848288 399
1739999213284 162.6237260056234 400
1739999213299 162.60752804315294 401
1739999213315 162.59133198020538 402
1739999213331 162.57513733731125 403
1739999213348 162.55894459358595 404
1739999213364 162.5427534293489 405
1739999213380 162.52656376448982 406
1739999213397 162.51037599833995 407
1739999213413 162.49418965133037 408
1739999213429 162.47800520267916 409
1739999213445 162.46182233263744 410
1739999213461 162.44564096107794 411
1739999213478 162.42946148741748 412
1739999213494 162.41328343198464 413
1739999213510 162.39710727410014 414
1739999213527 162.38093253410813 415
1739999213543 162.36475969131084 416
1739999213560 162.34858842590342 417
1739999213576 162.3324186577449 418
1739999213593 162.316250786322 419
1739999213609 162.30008433187962 420
1739999213626 162.28391977382248 421
1739999213643 162.2677567922776 422
1739999213660 162.251595307087 423
1739999213676 162.2354357178228 424
1739999213696 162.21927754462766 425
1739999213712 162.20312126700873 426
1739999213729 162.18696640512417 427
1739999213745 162.1708134384625 428
1739999213762 162.1546620470951 429
1739999213779 162.13851215085018 430
1739999213795 162.12236414936973 431
1739999213812 162.10621756271283 432
1739999213828 162.0900728704704 433
1739999213843 162.07392959271712 434
1739999213860 162.05778820902523 435
1739999213875 162.04164839941058 436
1739999213892 162.02551008368744 437
1739999213910 162.00937366156774 438
1739999213927 161.9932386530269 439
1739999213944 161.97710553773976 440
1739999213961 161.96097399565386 441
1739999213978 161.94484394656666 442
1739999213994 161.92871579027528 443
1739999214009 161.91258904665312 444
1739999214025 161.89646419547722 445
1739999214041 161.8803407566366 446
1739999214058 161.8642192098896 447
1739999214075 161.84809923512827 448
1739999214091 161.83198075213633 449
1739999214107 161.8158641607805 450
1739999214123 161.79974898085095 451
1739999214139 161.78363569220824 452
1739999214155 161.767523814658 453
1739999214170 161.75141382804225 454
1739999214186 161.73530541219742 455
1739999214203 161.71919848689362 456
1739999214220 161.70309345206707 457
1739999214235 161.68698982742472 458
1739999214252 161.67088809291056 459
1739999214269 161.65478792829322 460
1739999214285 161.63868925332577 461
1739999214301 161.6225924680297 462
1739999214318 161.60649709200982 463
1739999214334 161.59040360531245 464
1739999214350 161.57431152755805 465
1739999214365 161.55822133877413 466
1739999214381 161.54213271867388 467
1739999214397 161.5260455869966 468
1739999214414 161.5099603438333 469
1739999214430 161.49387650870577 470
1739999214449 161.47779456174354 471
1739999214470 161.46171418259186 472
1739999214486 161.44563529097323 473
1739999214502 161.42955828706363 474
1739999214517 161.413482690283 475
1739999214532 161.3974089808629 476
1739999214548 161.38133667823894 477
1739999214564 161.36526626262403 478
1739999214580 161.34919741360804 479
1739999214596 161.33313005089974 480
1739999214612 161.31706457474453 481
1739999214629 161.30100050447936 482
1739999214646 161.28493832041903 483
1739999214662 161.26887754191623 484
1739999214678 161.25281864926689 485
1739999214698 161.23676132200575 486
1739999214714 161.2207054798279 487
1739999214730 161.20465152304806 488
1739999214746 161.1885989709202 489
1739999214761 161.1725483038423 490
1739999214777 161.15649920128124 491
1739999214793 161.1404515829153 492
1739999214810 161.12440584914395 493
1739999214827 161.10836151911965 494
1739999214842 161.09231907334214 495
1739999214858 161.0762780309796 496
1739999214875 161.06023887251297 497
1739999214890 161.04420127735395 498
1739999214906 161.02816516516717 499
