1739968013348 6.560093629186539 0
1739968013370 6.6144971398132855 1
1739968013396 6.503145953466733 2
1739968013418 6.532807818585672 3
1739968013440 6.640039766126557 4
1739968013460 6.592406619831429 5
1739968013480 6.6526703098181645 6
1739968013501 6.55751088117687 7
1739968013524 6.576148174476282 8
1739968013547 6.602838985978231 9
1739968013569 6.497823081002133 10
1739968013593 6.584647078056375 11
1739968013616 6.584731348636007 12
1739968013639 6.562355148355333 13
1739968013665 6.675775977624943 14
1739968013689 6.535255757357116 15
1739968013711 6.591383634383952 16
1739968013731 6.579871519922663 17
1739968013750 6.664284549428398 18
1739968013770 6.5428366962039775 19
1739968013792 6.56227848496424 20
1739968013812 6.557519595973803 21
1739968013833 6.620821611533429 22
1739968013854 6.52621997486273 23
1739968013873 6.558912718361491 24
1739968013894 6.554278141037504 25
1739968013916 6.647506772850648 26
1739968013936 6.593489544510589 27
1739968013956 6.583302550134585 28
1739968013977 6.583482138887206 29
1739968014069 6.575964230980996 30
1739968014092 6.570928675133535 31
1739968014113 6.522170232911823 32
1739968014135 6.595372184442445 33
1739968014154 6.54999015483179 34
1739968014174 6.476263959393284 35
1739968014194 6.514909610010427 36
1739968014216 6.598444404227605 37
1739968014236 6.568902518078445 38
1739968014257 6.542043958589246 39
1739968014276 6.585228184428012 40
