1739988172754 7.503849589880164 0
1739988172838 6.629640480959744 1
1739988172916 6.97588203493147 2
1739988172993 7.178910490127828 3
1739988173073 7.274902827850552 4
1739988173149 6.804522950015797 5
1739988173226 7.223297376269485 6
1739988173303 6.987811794805318 7
1739988173380 6.054482038214487 8
1739988173456 5.991105245890936 9
1739988173539 4.754560201546998 10
1739988173613 6.625791272827619 11
1739988173690 8.241966691070715 12
1739988173839 7.601494154151804 13
1739988175074 5.685734026307033 14
1739988175161 6.293063536002447 15
1739988175249 6.428301439045745 16
1739988175335 9.34832727804298 17
1739988175418 5.817857184927056 18
1739988175506 6.494430213724071 19
1739988175588 5.748900848635944 20
1739988175669 4.700375752355202 21
1739988175764 7.634684245350725 22
1739988175853 6.643860684784413 23
1739988175936 6.857211029945731 24
1739988176026 7.091013894107709 25
1739988176113 8.57117896078213 26
1739988176202 6.234852775578603 27
1739988176288 7.3748169315417345 28
1739988176373 8.282712256882977 29
1739988176460 6.664655667738525 30
1739988176547 5.236637208198133 31
1739988176632 5.574564217393718 32
1739988176716 5.4724130493346825 33
1739988176803 4.166625767335853 34
1739988176883 6.485337690571059 35
1739988176975 6.742009714149274 36
1739988177061 5.902031854440234 37
1739988177142 6.573860259152871 38
1739988177226 8.36517343201561 39
1739988177316 5.089053668914587 40
1739988177397 6.152177523491637 41
1739988177478 3.835769486885738 42
1739988177569 7.3364273774900255 43
1739988177651 6.255647407908867 44
1739988177736 6.922994322213787 45
1739988177825 7.924133187482154 46
1739988177907 6.533487227948762 47
1739988177988 7.1002909493111455 48
1739988178071 6.9218387251172215 49
1739988178154 6.614470199245896 50
1739988178239 7.701269874282544 51
1739988178323 5.765408126952176 52
1739988178408 6.905222819772886 53
1739988178490 5.304129354860029 54
1739988178574 7.61070163166919 55
1739988178655 6.092741894227388 56
1739988178744 4.780255815977136 57
1739988178827 4.9605901892899125 58
1739988178908 6.292582359879878 59
1739988178989 5.248167389138103 60
1739988179072 6.181464681474736 61
1739988179153 6.669876438513382 62
1739988179237 6.1424115366556675 63
1739988179319 8.510004897767118 64
1739988179402 7.683229887981003 65
1739988179485 7.244892584764998 66
1739988179574 7.153247147403284 67
1739988179655 6.96671577315718 68
1739988179742 8.697045272398459 69
1739988179832 7.212398845513718 70
1739988179913 6.072977853853186 71
1739988179994 6.354057195791834 72
1739988180083 6.547535981701126 73
1739988180166 7.906218887988771 74
1739988180255 10.839992578463203 75
1739988180338 7.778942531906103 76
1739988180423 8.548222535426278 77
1739988180523 4.203453371526073 78
1739988180606 5.234634736882737 79
1739988180689 8.867897038694075 80
1739988180781 8.414432772492944 81
1739988180864 7.970164579116447 82
1739988180947 6.366192016755995 83
1739988181031 7.916699004989726 84
1739988181114 6.879192289633433 85
1739988181212 6.9602368966864585 86
1739988181299 7.390892342014262 87
1739988181392 7.86771143449886 88
1739988181481 6.381726845740289 89
1739988181567 7.1390076642851055 90
1739988181655 6.176200028829321 91
1739988181738 5.295033775490326 92
1739988181822 5.949309954191773 93
1739988181898 7.042481037831112 94
1739988181974 8.363634996589338 95
1739988182049 7.065149809179939 96
1739988182125 6.9678245302468875 97
1739988182200 6.1029035723766425 98
1739988182279 5.984226128946264 99
1739988182353 6.565592515039098 100
1739988182428 5.920995714379122 101
1739988182507 7.418282516344753 102
1739988182582 4.738592616444051 103
1739988182660 5.34154905152566 104
1739988182737 5.428094677542767 105
1739988182815 9.289776646395191 106
1739988182892 6.114980892276932 107
1739988182967 6.190749398368088 108
1739988183042 7.560181008616295 109
1739988183118 5.86723382747884 110
1739988183194 6.585444905907105 111
1739988183274 6.289422113344574 112
1739988183348 7.091345353922392 113
1739988183421 6.985695570917839 114
1739988183496 7.768671619431728 115
1739988183575 7.830780016089206 116
1739988183654 7.346019431730743 117
1739988183732 7.195988481812539 118
1739988183810 7.027748645702421 119
1739988183885 6.777282539159818 120
1739988183964 6.280722938233084 121
1739988184040 7.435083630224474 122
1739988184118 7.474452453368908 123
1739988184198 5.844708001493328 124
1739988184276 5.204886777119837 125
1739988184351 5.611253130578446 126
1739988184427 6.366676702761038 127
1739988184506 4.565869372700182 128
1739988184584 4.744082142963243 129
1739988184660 7.3748630896406935 130
1739988184738 6.752885186167811 131
1739988184820 8.840331641575291 132
1739988184894 6.6280476399462165 133
1739988184967 5.700554118210762 134
1739988185042 5.469712436023373 135
1739988185120 6.4475924327544245 136
1739988185197 9.81572946167303 137
1739988185273 8.206259269787445 138
1739988185347 6.136559554474741 139
1739988185421 6.800393603190659 140
1739988185496 5.603397204604172 141
1739988185572 8.485534785443424 142
1739988185649 6.784449216376298 143
1739988185734 5.678789381720725 144
1739988185809 5.774125060237463 145
1739988185884 7.280056322519134 146
1739988185958 6.360430011429629 147
1739988186031 8.543422842893916 148
1739988186110 5.8591227530158125 149
1739988186189 7.300366393815392 150
1739988186271 6.861121274944963 151
1739988186350 4.513715742874391 152
1739988186427 6.911017859410849 153
1739988186505 7.1245959624506785 154
1739988186586 4.80643896918673 155
1739988186664 6.3926800647185775 156
1739988186751 7.044864904548637 157
1739988186830 6.611334374525672 158
1739988186907 6.127622498891895 159
1739988186986 6.146624194809474 160
1739988187063 6.2102685834949165 161
1739988187140 6.687898750626311 162
1739988187222 5.221841594459038 163
1739988187302 7.234652744353108 164
1739988187379 7.206872152551768 165
1739988187460 8.178656340084551 166
1739988187540 6.8207274317256745 167
1739988187618 6.311070571282676 168
1739988187701 4.82338291156146 169
1739988187787 6.158785564429321 170
1739988187864 5.208951420289069 171
1739988187974 5.9242815067041 172
1739988188050 5.401747462177468 173
1739988188130 6.061483502506758 174
1739988188210 6.011247802176674 175
1739988188292 7.068995317920058 176
1739988188369 7.023193327811647 177
1739988188445 6.8453250553662945 178
1739988188525 6.824527154192329 179
1739988188603 8.021817002136258 180
1739988188680 4.4405284486012935 181
1739988188765 6.195651999243633 182
1739988188894 6.34790620741136 183
1739988188983 6.809679302960471 184
1739988189066 7.038450280542293 185
1739988189151 8.375771653734402 186
1739988189235 7.518184155132787 187
1739988189313 6.889368127468503 188
1739988189391 7.3263660521925145 189
1739988189468 6.8371158824049445 190
1739988189548 6.893256740178938 191
1739988189626 6.496643280302424 192
1739988189705 6.254044372038646 193
1739988189796 6.793947351902961 194
1739988189874 6.038884846525297 195
1739988189950 6.701060783817903 196
1739988190024 6.229041380128558 197
1739988190102 5.798920013861412 198
1739988190178 6.835167309525173 199
1739988190257 7.63370479582852 200
1739988190333 7.507412251351575 201
1739988190411 6.260608393789905 202
1739988190486 6.944661006969502 203
1739988190567 6.839633607833745 204
1739988190646 6.4892489877392725 205
1739988190726 6.593808903226853 206
1739988190811 6.213591944739819 207
1739988190886 6.205435130429078 208
1739988190964 7.09837137826773 209
1739988191045 8.516327508353994 210
1739988191125 5.429705113843812 211
1739988191208 3.6102649769062944 212
1739988191290 7.39806212681217 213
1739988191367 6.583675650601986 214
1739988191447 5.613925197919489 215
1739988191536 3.5531170022159078 216
1739988191614 6.4868123106336455 217
1739988191689 5.828169422990687 218
1739988191777 6.426243707709513 219
1739988191859 7.0350411753149515 220
1739988191936 5.5904350596286765 221
1739988192016 5.48539608424753 222
1739988192094 6.683316384441384 223
1739988192170 7.225492480741689 224
1739988192247 7.483884969601952 225
1739988192323 6.1684439427140525 226
1739988192397 6.364201796260422 227
1739988192472 6.625951464307279 228
1739988192552 5.561918880205889 229
1739988192628 5.464740393341587 230
1739988192706 5.267114959222389 231
1739988192781 5.738517435712784 232
1739988192855 8.350584419072602 233
1739988192929 4.094555257217098 234
1739988193004 6.553257028936045 235
1739988193079 6.41572263725618 236
1739988193156 5.9439320406635225 237
1739988193234 5.771171553827562 238
1739988193309 8.480003321970567 239
1739988193382 6.820381693504087 240
1739988193455 5.1106742930229885 241
1739988193530 6.140223618403874 242
1739988193606 6.233272960920955 243
1739988193682 6.278723194666763 244
1739988193763 5.631339269552339 245
1739988193846 7.8438218355157865 246
1739988193921 6.704369963748549 247
1739988193998 9.102326280683702 248
1739988194073 4.644277202166377 249
1739988194147 6.579041234871543 250
1739988194225 5.955505095270525 251
1739988194300 6.469665645772725 252
1739988194377 7.414964918208846 253
1739988194452 6.157326321757689 254
1739988194526 6.632344874024723 255
1739988194603 6.802757400969681 256
1739988194677 7.587533603298811 257
1739988194760 6.865548712331969 258
1739988194834 8.452336558260098 259
1739988194908 5.110263291025564 260
1739988194984 6.055487083985627 261
1739988195059 5.862942620360247 262
1739988195134 6.578857474406247 263
1739988195213 6.096500641448207 264
1739988195290 7.245080631262677 265
1739988195364 6.06852885073461 266
1739988195438 7.454549623150106 267
1739988195514 6.237496390422364 268
1739988195590 6.521533234136359 269
1739988195666 6.254794257187241 270
1739988195747 6.7465823234605145 271
1739988195822 10.88665279273461 272
1739988195903 7.632825419813 273
1739988195978 6.620248524125022 274
1739988196051 7.025104099513212 275
1739988196127 7.818882627933051 276
1739988196205 5.532963545984191 277
1739988196281 6.685384508888757 278
1739988196355 8.476374782738617 279
1739988196429 7.797906413499984 280
1739988196506 4.899834090006181 281
1739988196583 6.840994205659986 282
1739988196658 7.24626024206764 283
1739988196738 8.214658004819784 284
1739988196818 4.830870518709375 285
1739988196893 6.040046507621736 286
1739988196970 8.398636626988596 287
1739988197046 5.825573071787658 288
1739988197125 6.366480626956577 289
1739988197201 5.03615919443326 290
1739988197277 6.6149842742893945 291
1739988197352 7.151742082012883 292
1739988197425 6.445007857237969 293
1739988197500 6.745765146192329 294
1739988197577 6.786987800255542 295
1739988197653 5.332412073980064 296
1739988197735 7.06119560727871 297
1739988197811 6.445774648794213 298
1739988197889 7.123814520753051 299
1739988197962 4.550260284401929 300
1739988198036 5.855518737010624 301
1739988198111 6.723920017538686 302
1739988198187 6.331695998231859 303
1739988198265 7.276836822652313 304
1739988198342 6.243565243830059 305
1739988198418 6.9444349049777605 306
1739988198495 5.931311119652405 307
1739988198574 7.1280678675178795 308
1739988198651 6.551555132561068 309
1739988198738 5.974484525829738 310
1739988198827 6.311803157550002 311
1739988198911 8.006349942009322 312
1739988198998 6.392814239422525 313
1739988199085 5.745169515375678 314
1739988199166 6.615068445491969 315
1739988199243 7.415484514030317 316
1739988199318 5.628155258853298 317
1739988199394 5.4238891430426 318
1739988199471 6.944260985967899 319
1739988199550 7.642494645330773 320
1739988199626 5.432779429965046 321
1739988199700 3.872886741516991 322
1739988199781 10.736517347932802 323
1739988199856 6.121886522888231 324
1739988199934 3.1248130280148327 325
1739988200009 5.984395465725487 326
1739988200083 5.170778073530997 327
1739988200158 6.0372426610717564 328
1739988200235 8.20684357112213 329
1739988200311 14.252767847904906 330
1739988200387 6.117019682315761 331
1739988200462 6.9118851816704145 332
1739988200538 7.184291937262884 333
1739988200614 6.566209512215862 334
1739988200694 6.628251386862127 335
1739988200775 6.377355124732729 336
1739988200850 7.357739155073101 337
1739988200923 6.32940255137971 338
1739988200998 13.365370146894987 339
1739988201073 6.736906544790183 340
1739988201152 7.899423139350115 341
1739988201234 7.2022747780772685 342
1739988201312 8.858218030808331 343
1739988201389 6.211731096226647 344
1739988201465 7.201343815203303 345
1739988201552 5.676780721534252 346
1739988201640 5.368095019744585 347
1739988201718 8.038749588163206 348
1739988201804 4.7905818197634895 349
1739988201881 5.160739431262348 350
1739988201963 6.775828766225519 351
1739988202041 5.937992031053764 352
1739988202117 6.3792829540092955 353
1739988202199 6.488015335568848 354
1739988202276 7.9359630321581 355
1739988202353 6.323263749775771 356
1739988202428 5.791307413783363 357
1739988202506 7.124847685649375 358
1739988202586 6.505023354888112 359
1739988202664 8.09338221416298 360
1739988202746 7.434661378408203 361
1739988202826 6.807167184173529 362
1739988202902 4.953743836949594 363
1739988202978 10.867184251757664 364
1739988203056 5.7973999842261685 365
1739988203134 10.748474004587438 366
1739988203216 6.795619131117797 367
1739988203351 7.890201422263848 368
1739988203430 6.650402212340296 369
1739988203507 7.850058970187911 370
1739988203587 9.395965228071212 371
1739988203666 5.23056200218041 372
1739988203752 7.7970142599455885 373
1739988203835 5.455153616870817 374
1739988203912 8.383369457591467 375
1739988203995 7.332412576336479 376
1739988204073 6.939253361490108 377
1739988204149 7.822060795947662 378
1739988204230 6.893557765323064 379
1739988204309 6.583441761822453 380
1739988204386 7.467621160492627 381
1739988204466 6.690400175128822 382
1739988204545 6.025654556067387 383
1739988204621 6.600727011371582 384
1739988204702 7.853230201631797 385
1739988204786 7.346983826042204 386
1739988204862 1.0690072353151838 387
1739988204936 8.066434007738705 388
1739988205010 6.350199280980283 389
1739988205087 6.1472296938586855 390
1739988205166 5.600300908482345 391
1739988205246 6.669669448341712 392
1739988205322 7.591324501046573 393
1739988205398 8.136106493631686 394
1739988205476 7.625784507842986 395
1739988205555 6.155772574582962 396
1739988205633 7.645008201245488 397
1739988205712 6.323709007958845 398
1739988205797 5.873451252085756 399
1739988205874 7.461461725578712 400
1739988205950 7.632987950886435 401
1739988206031 6.112624049777536 402
1739988206108 8.145218710887155 403
1739988206188 5.122345169027898 404
1739988206266 4.4118646299818955 405
1739988206340 6.210525313668643 406
1739988206413 6.910294609431602 407
1739988206488 6.40965151307014 408
1739988206565 7.762389173467753 409
1739988206639 7.023462776758739 410
1739988206714 6.070837695915927 411
1739988206799 6.988007849999517 412
1739988206883 6.304832119843913 413
1739988206971 6.229421065881996 414
1739988207046 7.593580352971248 415
1739988207120 6.380371374043676 416
1739988207196 10.070036689894753 417
1739988207272 5.85113891664728 418
1739988207345 4.7550797386327135 419
1739988207420 4.958824543328046 420
1739988207496 6.755638736671175 421
1739988207574 3.31343828252218 422
1739988207649 6.57583227169424 423
1739988207731 7.413103359235035 424
1739988207810 6.666985290676253 425
1739988207884 6.099563537498257 426
1739988207958 5.6504525241221035 427
1739988208034 5.942112711981226 428
1739988208114 6.00752898318227 429
1739988208188 5.826248098951488 430
1739988208264 6.133385469593787 431
1739988208339 6.062478527461882 432
1739988208414 6.149492894678998 433
1739988208490 6.672961601986445 434
1739988208569 6.435173608479945 435
1739988208643 5.532552431428439 436
1739988208719 4.705869653111262 437
1739988208804 5.71781009048336 438
1739988208879 8.936721022079931 439
1739988208952 6.86885209091576 440
1739988209026 5.891273277222512 441
1739988209102 6.469092618177504 442
1739988209178 6.445279778757243 443
1739988209256 6.210666797724889 444
1739988209331 6.355473121798926 445
1739988209406 9.808691844511978 446
1739988209482 4.393779342483737 447
1739988209559 16.08140844046383 448
1739988209636 8.05895246009608 449
1739988209710 7.066948792140836 450
1739988209792 6.856797758215626 451
1739988209867 6.87620347464013 452
1739988209942 7.433836245435003 453
1739988210020 6.592692714618513 454
1739988210098 6.808464242197017 455
1739988210174 8.284504843700503 456
1739988210250 7.896692803553264 457
1739988210325 6.077780678604928 458
1739988210400 6.429155606057746 459
1739988210474 7.289562598610854 460
1739988210552 7.260735856176607 461
1739988210690 6.482906335799449 462
1739988210770 5.545975522373787 463
1739988210846 7.648219077250119 464
1739988210920 5.212053294640256 465
1739988210994 6.408387824385604 466
1739988211068 6.480007256641932 467
1739988211145 5.478512001295997 468
1739988211224 7.652325976951735 469
1739988211334 6.676254867558441 470
1739988211410 6.538527966944788 471
1739988211484 5.785945172842697 472
1739988211561 6.145157319902528 473
1739988211639 6.578929799397266 474
1739988211729 7.781113781853661 475
1739988211813 5.32062330619064 476
1739988211887 6.239715478836276 477
1739988211960 8.622215148975371 478
1739988212035 6.454279318264354 479
1739988212116 8.298321663625643 480
1739988212190 7.662120472315865 481
1739988212266 6.766607861887652 482
1739988212340 6.467623409657543 483
1739988212417 5.172727266491534 484
1739988212492 6.699772604985885 485
1739988212569 6.81782278081775 486
1739988212645 2.62122046827457 487
1739988212727 7.263337789281249 488
1739988212805 7.7388790511891745 489
1739988212879 7.437541454769802 490
1739988212953 6.2400958956049895 491
1739988213029 4.716851414427415 492
1739988213117 5.679850758245135 493
1739988213195 7.688706413834689 494
1739988213273 6.385102426860737 495
1739988213346 6.504734923563405 496
1739988213421 8.544531205915648 497
1739988213496 7.56104023403164 498
1739988213576 5.583109133121684 499
