1739975880468 4.256551727204805 0
1739975880539 11.226294051769262 1
1739975880611 16.78751515832677 2
1739975880679 6.734672748884627 3
1739975880755 4.8534060945328665 4
1739975880829 5.6091322186201396 5
1739975880896 7.736204997158889 6
1739975880965 5.0751623653918205 7
1739975881031 3.8719076972264506 8
1739975881099 6.060856691220645 9
1739975881172 6.996116509868385 10
1739975881244 9.48925973949314 11
1739975881311 7.130676370794463 12
1739975881378 7.059392101398343 13
1739975881443 5.1069430699884215 14
1739975881510 11.931039947394325 15
1739975881581 6.636888093908272 16
1739975881698 11.16751178233456 17
1739975881768 9.387090826798234 18
1739975881835 14.30704955923357 19
1739975881903 9.520567965241998 20
1739975881971 3.976488489924414 21
1739975882036 4.7152229663103915 22
1739975882103 7.411879149271471 23
1739975882170 4.80112019482252 24
1739975882237 5.2260253343504255 25
1739975882311 6.970104527714479 26
1739975882378 5.637479554525081 27
1739975882444 5.604432428902365 28
1739975882511 5.112710017196428 29
1739975882579 6.599629765828146 30
1739975882645 15.662917420605499 31
1739975882712 8.5729177706801 32
1739975882781 5.056655667907366 33
1739975882846 5.473760900080379 34
1739975882912 8.814639940171423 35
1739975882978 6.173987012544307 36
1739975883043 4.7029647847272456 37
1739975883110 8.859350444143377 38
1739975883177 2.9631045410466905 39
1739975883253 6.029915239044109 40
1739975883319 9.701673732032624 41
1739975883385 5.600473104220729 42
1739975883452 7.82833722125442 43
1739975883518 8.015182422497897 44
1739975883584 17.967568806265216 45
1739975883653 4.056787301941238 46
1739975883719 7.018062521855948 47
1739975883788 5.314025926384014 48
1739975883854 5.259767639984207 49
1739975883921 6.53780556181082 50
1739975883988 9.852334443296595 51
1739975884055 26.02995829915106 52
1739975884121 3.9958034442344537 53
1739975884188 4.863729295815851 54
1739975884258 7.786893930131735 55
1739975884328 4.745513463683556 56
1739975884394 5.165282347690803 57
1739975884461 9.57362558344104 58
1739975884528 5.769169480598602 59
1739975884595 6.2306216285856255 60
1739975884663 7.866996446397211 61
1739975884732 6.889310979622364 62
1739975884798 3.858314708666553 63
1739975884866 9.034264326749772 64
1739975884933 6.0276518389662135 65
1739975884999 5.107165731204545 66
1739975885066 2.3520679191416707 67
1739975885132 8.914929775123522 68
1739975885199 4.768327563927626 69
1739975885275 6.5340606326975905 70
1739975885341 5.741573934238457 71
1739975885407 4.053665402457478 72
1739975885480 7.195015926631809 73
1739975885549 5.032628687582734 74
1739975885619 5.746556323872448 75
1739975885688 5.342753846044293 76
1739975885758 11.949279950366382 77
1739975885831 4.753740841759197 78
1739975885900 4.010905517595086 79
1739975885967 6.057345037373129 80
1739975886041 4.820461937605223 81
1739975886114 6.921348574938691 82
1739975886183 11.721036526990217 83
1739975886254 3.271393885445661 84
1739975886322 6.798150317207495 85
1739975886388 15.837328190416084 86
1739975886455 7.092800154220817 87
1739975886522 14.881156648144511 88
1739975886587 6.5253669844234485 89
1739975886655 7.619525345034307 90
1739975886724 3.612126755217217 91
1739975886871 4.444658682472129 92
1739975886937 5.640293585793538 93
1739975887006 6.9967816845088 94
1739975887073 15.131539628755121 95
1739975887139 8.629630139793834 96
1739975887206 12.313066227552033 97
1739975887281 5.3004259595866925 98
1739975887347 11.096200924516413 99
1739975887414 7.242951261364979 100
1739975887479 6.610599496399 101
1739975887547 11.607688619208265 102
1739975887614 3.130415486244401 103
1739975887683 7.62685971957137 104
1739975887752 6.200097702593299 105
1739975887821 6.765268259649932 106
1739975887888 7.447037566584166 107
1739975887954 5.6887916615425125 108
1739975888020 4.048862112184295 109
1739975888086 5.311804763511898 110
1739975888154 6.202282563641289 111
1739975888222 8.810295761423225 112
1739975888295 8.890791831192871 113
1739975888361 4.036489672951605 114
1739975888430 6.3547129528275415 115
1739975888498 6.354135389670321 116
1739975888565 7.279109927863879 117
1739975888633 8.861387402511278 118
1739975888701 6.1425877564799976 119
1739975888774 6.001724823138069 120
1739975888840 3.906562572542895 121
1739975888906 10.094145386691242 122
1739975888974 8.989726631592491 123
1739975889040 6.5313282386797855 124
1739975889108 6.501288426546033 125
1739975889175 8.06962884462779 126
1739975889244 3.4536658983186554 127
1739975889318 8.394140347383075 128
1739975889385 5.305964631022493 129
1739975889451 4.7043098998401645 130
1739975889517 3.1976929159741108 131
1739975889588 4.10284223414165 132
1739975889655 8.183545258651838 133
1739975889725 6.820174368798979 134
1739975889793 5.784794648877582 135
1739975889859 5.636546948895469 136
1739975889925 5.8217623657715345 137
1739975889992 8.542740865950318 138
1739975890059 4.85668539128367 139
1739975890126 5.183589650694422 140
1739975890193 11.185360147166394 141
1739975890262 9.243682351473705 142
1739975890332 9.601424265313721 143
1739975890398 6.01896031866314 144
1739975890465 6.317808770415969 145
1739975890532 9.910245457627761 146
1739975890599 7.345297215348014 147
1739975890667 9.549759291088339 148
1739975890736 5.6475008369497255 149
1739975890804 8.606262852572947 150
1739975890870 6.937851779666229 151
1739975890938 7.2358542741490135 152
1739975891004 5.189845632630025 153
1739975891070 5.12864849381916 154
1739975891137 5.2916725936982845 155
1739975891205 7.288452335992586 156
1739975891275 3.6125104098825913 157
1739975891348 5.1480580558350235 158
1739975891413 2.9480674864432745 159
1739975891483 8.251272208207444 160
1739975891551 3.720603685308922 161
1739975891620 6.529840077712699 162
1739975891687 12.38856219901271 163
1739975891756 3.7120550873689084 164
1739975891822 4.38183714997275 165
1739975891887 8.03239401605712 166
1739975891954 5.803600345242916 167
1739975892020 10.817806340860281 168
1739975892087 4.661075451584258 169
1739975892153 11.359753089844196 170
1739975892219 6.075754714628595 171
1739975892288 7.455004933005534 172
1739975892356 5.4791878754747945 173
1739975892424 5.899550229497629 174
1739975892491 10.273897496520112 175
1739975892560 6.463378705837641 176
1739975892626 5.739649138965367 177
1739975892694 6.603808884464534 178
1739975892762 4.628552792311832 179
1739975892827 2.932140331010714 180
1739975892893 5.143145388663406 181
1739975892960 6.831809260714667 182
1739975893025 9.154885342038513 183
1739975893092 2.8768895417640192 184
1739975893158 3.0488341063568547 185
1739975893225 10.440328773295175 186
1739975893297 7.157577393249974 187
1739975893369 10.4935942002441 188
1739975893434 5.531680566022437 189
1739975893501 6.0048328542898 190
1739975893567 5.034636858420893 191
1739975893635 5.631030016933257 192
1739975893705 6.9728539009239014 193
1739975893775 6.109551576202063 194
1739975893881 7.736187607232502 195
1739975893947 4.50541175960703 196
1739975894013 5.1474784312957444 197
1739975894080 7.141149018502452 198
1739975894148 7.7092138546463 199
1739975894217 8.340595759892153 200
1739975894288 6.623635038899015 201
1739975894354 5.173262774018144 202
1739975894420 7.934215004410095 203
1739975894489 11.268151493249984 204
1739975894559 4.55982062375251 205
1739975894628 6.2380257053800445 206
1739975894695 7.25886319961341 207
1739975894761 11.011877544129518 208
1739975894828 5.12948242272518 209
1739975894895 4.329291890104148 210
1739975894961 5.842593322654935 211
1739975895027 6.6095428690545495 212
1739975895099 7.378982302620106 213
1739975895167 6.415268641801427 214
1739975895235 8.10449243310679 215
1739975895302 6.990821480557988 216
1739975895372 9.496198939306954 217
1739975895445 8.478549907955394 218
1739975895510 3.812234036055767 219
1739975895582 2.756916722163544 220
1739975895650 6.248078304880269 221
1739975895717 5.736837798175998 222
1739975895793 5.555098811236978 223
1739975895868 5.745186988303779 224
1739975895945 7.9004124412294665 225
1739975896015 7.247819998229692 226
1739975896083 7.03847828050171 227
1739975896160 6.134708275765038 228
1739975896232 7.635268505891135 229
1739975896308 6.012650912704355 230
1739975896378 5.837363256555764 231
1739975896444 5.030005899996487 232
1739975896511 6.049479395099289 233
1739975896579 9.277618095423266 234
1739975896645 5.344350165419122 235
1739975896712 5.468041918574017 236
1739975896782 10.64242833946291 237
1739975896848 8.59779114993385 238
1739975896915 4.557278113336938 239
1739975896982 4.401036079543251 240
1739975897049 3.9373118788205406 241
1739975897119 5.624318008446169 242
1739975897188 5.12747897853276 243
1739975897259 5.004210710841281 244
1739975897325 5.490708179083646 245
1739975897393 5.117536589138047 246
1739975897467 3.9803873275111457 247
1739975897535 6.307505792384239 248
1739975897604 5.9551954849495585 249
1739975897672 6.78833086331116 250
1739975897740 8.872475341563108 251
1739975897811 3.307272327611139 252
1739975897878 6.33472173929192 253
1739975897944 11.408966370680467 254
1739975898012 6.910860921525181 255
1739975898080 7.126015175538672 256
1739975898147 10.353540101927578 257
1739975898215 5.569822215217445 258
1739975898285 8.154323428690756 259
1739975898352 7.370760630566238 260
1739975898421 5.090147399434063 261
1739975898488 8.306617416473669 262
1739975898555 5.6950618304044625 263
1739975898624 5.283828993594134 264
1739975898694 6.661346418365534 265
1739975898761 3.670501115367766 266
1739975898828 7.7979792661001595 267
1739975898895 3.7294887150113305 268
1739975898962 6.515077566752705 269
1739975899029 9.701587189833067 270
1739975899095 4.605797648650997 271
1739975899163 3.873614395724708 272
1739975899232 2.525614545593941 273
1739975899308 7.331793799609331 274
1739975899374 5.925492901634377 275
1739975899440 10.735998451871112 276
1739975899513 6.516600070900104 277
1739975899581 4.08173415578801 278
1739975899648 4.775974487937805 279
1739975899716 5.565378521763802 280
1739975899788 4.835808010880262 281
1739975899854 13.597143224890273 282
1739975899920 5.326730230049386 283
1739975899986 6.148001690798271 284
1739975900053 7.639175471101317 285
1739975900121 6.592081655747559 286
1739975900189 5.692940604000835 287
1739975900259 13.333309129210772 288
1739975900328 7.124782296163244 289
1739975900394 6.045763606767454 290
1739975900461 2.9778013739146343 291
1739975900529 9.167848026005245 292
1739975900596 5.767644802771752 293
1739975900664 4.575152700751395 294
1739975900734 8.048200142750401 295
1739975900850 5.456491554430963 296
1739975900934 7.188862836604034 297
1739975901001 9.527621593312706 298
1739975901068 7.423895458721893 299
1739975901135 8.846818268474097 300
1739975901202 12.580962912027687 301
1739975901346 8.287691986712069 302
1739975901411 5.290377309957831 303
1739975901479 14.551825197243973 304
1739975901552 6.3836356543159365 305
1739975901619 5.62309162002405 306
1739975901685 4.363103905513322 307
1739975901752 9.08100743859382 308
1739975901820 7.430394466262573 309
1739975901886 7.858445754929789 310
1739975901954 3.999399444684285 311
1739975902023 3.9102111542493794 312
1739975902089 3.7955455229689674 313
1739975902155 4.128318455791866 314
1739975902222 8.904226476486333 315
1739975902292 1.6863988830411436 316
1739975902359 3.7264544145237033 317
1739975902425 6.65434419444418 318
1739975902492 5.179095886897524 319
1739975902561 9.93771986754968 320
1739975902627 4.901000575178822 321
1739975902695 6.780937321150797 322
1739975902764 6.018194207943631 323
1739975902831 4.322482156924793 324
1739975902897 8.86167926951265 325
1739975902964 4.921636389462013 326
1739975903030 8.329240099567187 327
1739975903096 8.518341406535376 328
1739975903162 4.425741090360535 329
1739975903229 5.481983920462403 330
1739975903302 7.676107631970078 331
1739975903370 3.2541995161045616 332
1739975903434 5.028117045223779 333
1739975903501 8.269046638697674 334
1739975903573 6.666091585500084 335
1739975903638 6.123778297686588 336
1739975903705 7.736527995025292 337
1739975903774 13.89095091368078 338
1739975903839 5.08584946760448 339
1739975903905 1.356161196192353 340
1739975903972 7.598271938194829 341
1739975904038 4.961755164850154 342
1739975904105 5.883003706224097 343
1739975904173 5.796365693851881 344
1739975904240 5.471220575459308 345
1739975904310 4.603863654987871 346
1739975904377 6.708491369145142 347
1739975904442 8.271526034925172 348
1739975904508 9.570248711564432 349
1739975904577 9.548631911244335 350
1739975904643 10.133571580200018 351
1739975904710 4.769888069407046 352
1739975904780 9.524233899872268 353
1739975904846 6.457602214805644 354
1739975904912 8.47902286409217 355
1739975904979 6.4270359961099 356
1739975905044 5.005209773025525 357
1739975905111 7.151126924835831 358
1739975905178 6.895485889892674 359
1739975905246 8.586055670609257 360
1739975905319 5.158559878808012 361
1739975905412 11.1526093968779 362
1739975905502 5.633776844905148 363
1739975905578 7.609724034111674 364
1739975905654 5.265877577510634 365
1739975905721 8.174929839686808 366
1739975905825 7.947297525244859 367
1739975905891 4.0856019315576395 368
1739975905956 9.498552107926452 369
1739975906022 7.600537856839602 370
1739975906088 6.54621109991604 371
1739975906155 7.822878964170707 372
1739975906232 6.907221948949097 373
1739975906305 5.90871599192155 374
1739975906371 2.94518035364948 375
1739975906436 4.856633840024295 376
1739975906503 6.51893767271986 377
1739975906569 7.841432637423645 378
1739975906638 7.179879529130699 379
1739975906706 4.8972442304782975 380
1739975906774 2.4655822267507324 381
1739975906841 6.2147367822481545 382
1739975906908 7.860403673964101 383
1739975906976 12.74785368120362 384
1739975907064 4.13933589225987 385
1739975907131 6.969919215073568 386
1739975907199 3.3566925846452778 387
1739975907273 11.612749544006716 388
1739975907343 10.290454587390565 389
1739975907413 6.581653881377847 390
1739975907480 6.893058238560462 391
1739975907548 9.22588975961862 392
1739975907622 5.7190951984947755 393
1739975907689 12.357749892695429 394
1739975907762 10.804401579915721 395
1739975907831 7.7428726643265495 396
1739975907899 11.54612375526677 397
1739975907967 5.5546890536643945 398
1739975908034 6.516794209268425 399
1739975908103 4.644859439563448 400
1739975908172 5.943031122410758 401
1739975908240 7.190407246886843 402
1739975908312 5.596418739534548 403
1739975908379 8.346353936852163 404
1739975908445 9.879203349400147 405
1739975908512 16.251104940784554 406
1739975908579 6.7784031615266525 407
1739975908646 8.340396979952274 408
1739975908715 4.289293626556946 409
1739975908782 7.498517326405103 410
1739975908849 8.209580542912988 411
1739975908918 4.224433513025484 412
1739975908984 6.014809943367044 413
1739975909050 10.839986917489492 414
1739975909117 6.722050095632156 415
1739975909184 4.74390463173187 416
1739975909257 7.8469113804489545 417
1739975909331 5.221501554956674 418
1739975909398 10.482469786386282 419
1739975909463 6.607753478287873 420
1739975909531 10.849844614845093 421
1739975909598 10.95858633356515 422
1739975909670 8.904148044510755 423
1739975909740 6.313498649984055 424
1739975909807 6.60256346078318 425
1739975909874 5.518922873662342 426
1739975909941 4.661748848892477 427
1739975910008 12.071501180501357 428
1739975910075 8.470365872115552 429
1739975910142 8.849287721675017 430
1739975910210 7.559012529609633 431
1739975910278 7.060429382729935 432
1739975910344 8.757497492045552 433
1739975910410 5.149842927369463 434
1739975910479 10.534925119820821 435
1739975910546 3.438914689654754 436
1739975910616 4.93858792094109 437
1739975910684 3.898956990205963 438
1739975910752 5.051840353088212 439
1739975910819 12.550540511527155 440
1739975910886 8.268001875523042 441
1739975910951 3.237087637983688 442
1739975911017 3.15679608485437 443
1739975911084 8.287687615132622 444
1739975911150 7.143700083508605 445
1739975911218 8.736265294891389 446
1739975911291 7.392649206281977 447
1739975911358 3.1776723488321963 448
1739975911425 9.609468929846704 449
1739975911491 8.606291709563534 450
1739975911559 10.537051054113618 451
1739975911627 6.475935414370163 452
1739975911700 4.443774024548173 453
1739975911767 9.654347601565613 454
1739975911832 4.731128071547199 455
1739975911898 2.888687411466019 456
1739975911964 3.0678624842734754 457
1739975912031 12.607290139249281 458
1739975912098 9.605604730927416 459
1739975912166 7.114225563356218 460
1739975912234 7.872907806947115 461
1739975912304 6.551768611675606 462
1739975912371 5.48024386211242 463
1739975912438 5.172432791709954 464
1739975912504 4.815233365376403 465
1739975912572 10.971875661798004 466
1739975912638 2.949421008509587 467
1739975912706 8.129827363030797 468
1739975912776 6.334289796353665 469
1739975912841 5.47072091747464 470
1739975912907 8.66390524377757 471
1739975912973 9.987543782576642 472
1739975913044 6.447858008785724 473
1739975913110 8.132777863227531 474
1739975913177 3.608093002313784 475
1739975913244 10.43384151099688 476
1739975913315 6.900217582689153 477
1739975913381 5.860899159758965 478
1739975913448 7.688499049837464 479
1739975913516 9.666772051772902 480
1739975913583 7.338739508860802 481
1739975913649 5.65239861368065 482
1739975913722 9.408645527066938 483
1739975913793 4.968363534037286 484
1739975913858 4.053525084710785 485
1739975913925 4.878745969893649 486
1739975913993 7.764305528043358 487
1739975914060 7.074592273708143 488
1739975914125 7.475669452833033 489
1739975914193 7.978964566019238 490
1739975914261 4.60227617979716 491
1739975914329 6.485232365124523 492
1739975914396 6.090922219266744 493
1739975914462 9.8062598558391 494
1739975914529 4.955421089313542 495
1739975914595 5.466178542410784 496
1739975914663 4.8801142259092485 497
1739975914731 7.319611827876528 498
1739975914798 5.647362012474525 499
