1739986261189 6.252025437326402 0
1739986261273 6.819210451167913 1
1739986261363 6.651305521783529 2
1739986261460 6.695809673261164 3
1739986261543 6.838578469907688 4
1739986261628 6.302139450728576 5
1739986261714 6.409116838318912 6
1739986261801 7.024997587157125 7
1739986261925 6.14809969684157 8
1739986262018 6.704245316003362 9
1739986262104 6.8117905952134805 10
1739986262189 6.414538826848728 11
1739986262277 7.324548114024557 12
1739986262362 6.752996671744212 13
1739986262450 6.622549696195431 14
1739986262531 6.287203462449893 15
1739986262611 6.737130541027764 16
1739986262692 6.329613467847216 17
1739986262775 6.592300071936492 18
1739986262855 6.45581748699473 19
1739986262985 6.683666237150051 20
1739986263063 6.774872453949234 21
1739986263139 6.691031381612615 22
1739986263217 6.224820800712655 23
1739986263297 6.577384406933029 24
1739986263378 6.502425076493045 25
1739986263457 6.688859502763753 26
1739986263533 6.098892086015487 27
1739986263610 5.672571186919157 28
1739986263686 6.586039322533784 29
1739986263766 6.427589298778215 30
1739986263846 6.394671367069466 31
1739986263927 6.229255003005111 32
1739986264006 5.708110112963341 33
1739986264081 6.614397567136402 34
1739986264157 6.575554572412855 35
1739986264234 6.506299873175065 36
1739986264313 6.7556800568865345 37
1739986264389 6.850758451139932 38
1739986264466 6.91368964438014 39
1739986264544 6.819787743473106 40
1739986264622 6.526026908705485 41
1739986264702 7.104139250938611 42
1739986264786 7.011529794125269 43
1739986264868 6.433172372802036 44
1739986264947 6.578746700892699 45
1739986265022 6.463268721125831 46
1739986265098 6.677446596606681 47
1739986265175 6.816789923788297 48
1739986265254 7.15942250510976 49
1739986265334 6.107738201419815 50
1739986265411 6.737984163533946 51
1739986265486 6.6972021361459335 52
1739986265561 6.944238873910315 53
1739986265637 7.233619397906487 54
1739986265728 6.609743830288083 55
1739986265820 6.513230929275096 56
1739986265896 6.9811534618673505 57
1739986265981 6.712626515194638 58
1739986266065 7.827201989113941 59
1739986266148 6.223343885787499 60
1739986266227 6.1097149515465095 61
1739986266308 6.422098176531739 62
1739986266399 6.149377658780495 63
1739986266476 6.478147668443633 64
1739986266554 6.3348433254481495 65
1739986266636 7.146678433716071 66
1739986266716 7.336020953675609 67
1739986266799 6.581023946234629 68
1739986266886 5.885342314625666 69
1739986266971 6.4370731134502694 70
1739986267047 6.489688827891624 71
1739986267123 6.515901646315224 72
1739986267207 6.557841768691139 73
1739986267287 6.242403806729102 74
1739986267368 6.779215420928374 75
1739986267449 6.759529331315935 76
1739986267529 6.95650003974148 77
1739986267645 6.556332776919778 78
1739986267725 5.736151799460249 79
1739986267807 7.0286018431568404 80
1739986267887 7.113180899334044 81
1739986267965 6.479604344591816 82
1739986268041 6.621077884359292 83
1739986268120 6.3516436646258 84
1739986268199 6.513249449750542 85
1739986268275 7.417823886529805 86
1739986268351 7.0819714193305145 87
1739986268427 6.393472292327425 88
1739986268502 5.580288473222805 89
1739986268578 6.855121078684236 90
1739986268654 6.688379089980934 91
1739986268732 6.636944086144414 92
1739986268813 6.422320122456517 93
1739986268888 6.745808910530303 94
1739986268963 6.421448733972126 95
1739986269038 7.758041116233981 96
1739986269112 6.343270580574804 97
1739986269187 6.048093050683918 98
1739986269263 6.5752210556084 99
1739986269340 6.676731904086743 100
1739986269414 6.492589256820192 101
1739986269489 6.5418641402058935 102
1739986269568 6.245455365918135 103
1739986269674 5.602844733485224 104
1739986269756 6.63012545965528 105
1739986269834 6.596537824296631 106
1739986269910 6.140255695407506 107
1739986269986 6.37672399145228 108
1739986270064 6.625837513348217 109
1739986270143 6.4474352134980455 110
1739986270223 7.098505592789469 111
1739986270301 5.97972684704662 112
1739986270379 6.681534897480276 113
1739986270458 6.596173481064223 114
1739986270538 6.741146773379456 115
