1739999092944 59.95429155010148 0
1739999093042 35.32285973717998 1
1739999093134 8.721264051026877 2
1739999093297 8.669523974694101 3
1739999093389 1.8530712884472929 4
1739999093482 1.952963187084545 5
1739999093575 2.555362242312202 6
1739999093665 2.2791566504497442 7
1739999093759 0.5817510288022023 8
1739999093851 0.735185218266076 9
1739999093942 0.8274129273183481 10
1739999094033 1.3007049540631141 11
1739999094133 0.9983398667767943 12
1739999094228 0.431297793226616 13
1739999094326 0.4594037477715205 14
1739999094417 0.27493023654116544 15
1739999094508 0.17361642248686512 16
1739999094600 1.1429403833969574 17
1739999094697 1.9177893687337242 18
1739999094834 0.2273627914536362 19
1739999094928 0.2616934275386769 20
1739999095018 0.0626635862242595 21
1739999095112 0.03527031235813163 22
1739999095206 1.360112778634009 23
1739999095298 0.13237679923567616 24
1739999095390 1.3478362877795418 25
1739999095482 0.44851602618486147 26
1739999095573 0.45332033087102874 27
1739999095665 0.24755435473775256 28
1739999095755 0.5822198004777341 29
1739999095873 0.6666883847284313 30
1739999095966 0.5834454561218768 31
1739999096060 0.3608627074048027 32
1739999096155 0.40290378132516136 33
1739999096248 0.47790643653987497 34
1739999096357 0.13134156672657848 35
1739999096450 0.21313083410086034 36
1739999096541 1.347059630235368 37
1739999096632 0.6951739361639917 38
1739999096727 0.021410322585588143 39
1739999096821 0.22422506825297928 40
1739999096912 0.0034013486859827734 41
1739999097008 0.28258810001686724 42
1739999097102 0.9577942930068367 43
1739999097196 0.4044509579611365 44
1739999097291 0.48323559541227123 45
1739999097389 0.2645338121126608 46
1739999097482 0.4543946805313435 47
1739999097574 0.18090677211266515 48
1739999097666 1.575030227368822 49
1739999097761 0.625555626691156 50
1739999097854 0.7142205306273907 51
1739999097945 0.5272390329713927 52
1739999098036 1.0443342063752923 53
1739999098128 0.7054042739895385 54
1739999098225 0.2805212679941166 55
1739999098318 0.5824216641553831 56
1739999098415 1.2360103318480535 57
1739999098507 1.1700747425712932 58
1739999098599 0.19917279174034438 59
1739999098694 0.1616115390969084 60
1739999098791 0.7352722056777093 61
1739999098883 0.28436191897956026 62
1739999098975 0.0008833338865204019 63
1739999099068 0.7421440448258206 64
1739999099161 0.9332986613850882 65
1739999099255 0.06018019401049424 66
1739999099349 0.06927909247242996 67
1739999099439 0.6384212269391587 68
1739999099532 0.008914682494968162 69
1739999099624 0.40873714076901413 70
1739999099720 0.0015523253283035944 71
1739999099813 1.8677394325230794 72
1739999099905 0.0849135284809679 73
1739999099997 1.0545914421338913 74
1739999100091 0.012030086419323509 75
1739999100185 0.5240289393706483 76
1739999100277 0.8438629374063621 77
1739999100375 1.7179396633881066 78
1739999100467 0.41033557311646196 79
1739999100558 0.5536082054481019 80
1739999100650 0.7689105503859601 81
1739999100744 0.20905287240087292 82
1739999100837 0.1788649290740727 83
1739999100928 0.8517694146421815 84
1739999101020 0.42191346209625646 85
1739999101112 0.337335493191153 86
1739999101205 0.03190630702906677 87
1739999101296 1.259681141502212 88
1739999101390 0.0016517933871946935 89
1739999101483 0.0002723822497777221 90
1739999101575 0.9481270741802436 91
1739999101667 0.2634873120957781 92
1739999101761 0.9178719974968444 93
1739999101851 1.3986267900283083 94
1739999101943 0.16077703073117425 95
1739999102036 0.012042358182963933 96
1739999102127 0.2770277938800128 97
1739999102218 0.017829671239540615 98
1739999102311 0.20171497850262088 99
1739999102411 0.0009067431750803487 100
1739999102504 0.9600570026384423 101
1739999102599 0.519615440330767 102
1739999102693 0.03428075304040859 103
1739999102785 0.3008480032774995 104
1739999102877 0.5118108911737452 105
1739999102969 0.11698009355139974 106
1739999103059 1.5598477590210598 107
1739999103153 1.6023772535392526 108
1739999103245 0.5391082650586106 109
1739999103337 0.6105605766771486 110
1739999103429 1.6046090804763418 111
1739999103525 0.11699604986387115 112
1739999103617 0.06924526305426074 113
1739999103711 0.3274308376143516 114
1739999103805 0.3527793286168133 115
1739999103896 0.6256462284543446 116
1739999103987 0.35190107182961616 117
1739999104081 0.15577599498068673 118
1739999104173 0.25593955335178437 119
1739999104266 0.037589307338697704 120
1739999104359 1.6497965859114025 121
1739999104455 0.17630660656102476 122
1739999104548 0.19013633442920166 123
1739999104638 0.5595201703850946 124
1739999104731 0.9782999748887493 125
1739999104825 0.667012384524145 126
1739999104921 0.2241965353947752 127
1739999105014 0.45276239928308804 128
1739999105110 0.005199468660383723 129
1739999105207 2.1054406529994525 130
1739999105298 0.40809011314359417 131
1739999105389 0.15143387056715163 132
1739999105483 0.019951718814672715 133
1739999105576 0.09296625057721582 134
1739999105668 0.11814558611175656 135
1739999105763 0.7547506574714901 136
1739999105854 1.2003142081644187 137
1739999105947 0.605492976996136 138
1739999106042 0.7961422628466189 139
1739999106135 0.6057028559841285 140
1739999106227 0.17002576301717728 141
1739999106320 0.6732875597247898 142
1739999106419 1.1174614313368647 143
1739999106523 0.24168941786998804 144
1739999106614 0.7512657562905506 145
1739999106747 0.367322042350247 146
1739999106917 0.2774367218844125 147
