1740006436960 186.87384696772432 0
1740006436983 186.49862540756627 1
1740006437003 186.12415857149162 2
1740006437026 185.75044493931432 3
1740006437047 185.37748299391555 4
1740006437071 185.0052712212374 5
1740006437093 184.6338081102768 6
1740006437115 184.2630921530793 7
1740006437136 183.89312184473295 8
1740006437157 183.52389568336213 9
1740006437177 183.1554121701213 10
1740006437197 182.78766980918908 11
1740006437217 182.42066710776197 12
1740006437237 182.05440257604832 13
1740006437257 181.68887472726223 14
1740006437282 181.32408207761742 15
1740006437302 180.96002314632133 16
1740006437326 180.5966964555689 17
1740006437349 180.23410053053644 18
1740006437370 179.87223389937603 19
1740006437391 179.51109509320895 20
1740006437411 179.15068264612017 21
1740006437431 178.790995095152 22
1740006437452 178.43203098029826 23
1740006437475 178.07378884449832 24
1740006437494 177.71626723363116 25
1740006437515 177.35946469650938 26
1740006437536 177.00337978487326 27
1740006437556 176.64801105338483 28
1740006437577 176.2933570596221 29
1740006437597 175.93941636407297 30
1740006437617 175.58618753012954 31
1740006437640 175.23366912408204 32
1740006437662 174.88185971511314 33
1740006437685 174.53075787529193 34
1740006437710 174.1803621795684 35
1740006437735 173.8306712057672 36
1740006437758 173.48168353458212 37
1740006437780 173.13339774957024 38
1740006437801 172.785812437146 39
1740006437821 172.43892618657563 40
1740006437842 172.09273758997134 41
1740006437866 171.74724524228532 42
1740006437887 171.40244774130434 43
1740006437908 171.05834368764386 44
1740006437928 170.71493168474228 45
1740006437952 170.37221033885533 46
1740006437974 170.03017825905033 47
1740006437994 169.6888340572004 48
1740006438015 169.34817634797903 49
1740006438038 169.00820374885419 50
1740006438058 168.6689148800828 51
1740006438079 168.33030836470508 52
1740006438100 167.9923828285388 53
1740006438121 167.65513690017397 54
1740006438143 167.31856921096693 55
1740006438172 166.98267839503478 56
1740006438196 166.64746308925007 57
1740006438221 166.3129219332349 58
1740006438244 165.9790535693556 59
1740006438267 165.64585664271706 60
1740006438291 165.31332980115727 61
1740006438315 164.98147169524168 62
1740006438338 164.65028097825777 63
1740006438362 164.31975630620965 64
1740006438388 163.98989633781238 65
1740006438412 163.6606997344866 66
1740006438436 163.33216516035287 67
1740006438458 163.00429128222666 68
1740006438481 162.67707676961246 69
1740006438504 162.35052029469844 70
1740006438526 162.02462053235126 71
1740006438549 161.69937616011032 72
1740006438572 161.37478585818263 73
1740006438595 161.05084830943727 74
1740006438617 160.7275621994001 75
1740006438641 160.4049262162483 76
1740006438664 160.082939050805 77
1740006438687 159.76159939653417 78
1740006438711 159.44090594953485 79
1740006438735 159.1208574085363 80
1740006438757 158.8014524748923 81
1740006438780 158.4826898525761 82
1740006438802 158.164568248175 83
1740006438826 157.84708637088508 84
1740006438849 157.53024293250596 85
1740006438879 157.21403664743556 86
1740006438963 156.8984662326647 87
1740006438993 156.5835304077721 88
1740006439018 156.26922789491894 89
1740006439040 155.9555574188438 90
1740006439062 155.64251770685732 91
1740006439084 155.330107488837 92
1740006439110 155.0183254972222 93
1740006439136 154.7071704670087 94
1740006439161 154.3966411357438 95
1740006439184 154.08673624352093 96
1740006439207 153.77745453297462 97
1740006439231 153.4687947492754 98
1740006439253 153.16075564012453 99
1740006439276 152.85333595574906 100
1740006439300 152.54653444889664 101
1740006439323 152.24034987483037 102
1740006439346 151.93478099132386 103
1740006439370 151.629826558656 104
1740006439393 151.32548533960605 105
1740006439417 151.02175609944845 106
1740006439442 150.71863760594783 107
1740006439466 150.416128629354 108
1740006439489 150.114227942397 109
1740006439511 149.81293432028187 110
1740006439534 149.51224654068386 111
1740006439558 149.2121633837433 112
1740006439580 148.91268363206075 113
1740006439603 148.6138060706919 114
1740006439627 148.3155294871427 115
1740006439651 148.01785267136432 116
1740006439674 147.72077441574837 117
1740006439697 147.42429351512172 118
1740006439721 147.12840876674184 119
1740006439744 146.83311897029168 120
1740006439766 146.538422927875 121
1740006439788 146.24431944401107 122
1740006439810 145.95080732563034 123
1740006439832 145.65788538206917 124
1740006439855 145.36555242506503 125
1740006439879 145.0738072687518 126
1740006439902 144.78264872965474 127
1740006439924 144.49207562668582 128
1740006439947 144.20208678113875 129
1740006439970 143.9126810166843 130
1740006439994 143.62385715936546 131
1740006440019 143.3356140375925 132
1740006440042 143.04795048213848 133
1740006440065 142.76086532613417 134
1740006440087 142.47435740506359 135
1740006440111 142.18842555675883 136
1740006440135 141.90306862139587 137
1740006440159 141.6182854414892 138
1740006440182 141.3340748618878 139
1740006440205 141.05043572976987 140
1740006440227 140.76736689463826 141
1740006440249 140.48486720831585 142
1740006440272 140.20293552494095 143
1740006440296 139.92157070096246 144
1740006440320 139.64077159513516 145
1740006440343 139.36053706851527 146
1740006440366 139.08086598445558 147
1740006440389 138.80175720860097 148
1740006440413 138.52320960888363 149
1740006440435 138.24522205551864 150
1740006440460 137.96779342099916 151
1740006440484 137.69092258009184 152
1740006440506 137.41460840983245 153
1740006440529 137.13884978952106 154
1740006440552 136.86364560071752 155
1740006440576 136.58899472723695 156
1740006440600 136.31489605514517 157
1740006440625 136.041348472754 158
1740006440649 135.76835087061713 159
1740006440672 135.49590214152505 160
1740006440696 135.22400118050095 161
1740006440720 134.95264688479597 162
1740006440744 134.6818381538849 163
1740006440766 134.4115738894615 164
1740006440788 134.141852995434 165
1740006440810 133.87267437792096 166
1740006440833 133.60403694524638 167
1740006440857 133.33593960793542 168
1740006440881 133.06838127871012 169
1740006440904 132.80136087248462 170
1740006440927 132.53487730636107 171
1740006440950 132.26892949962487 172
1740006440972 132.00351637374067 173
1740006440993 131.73863685234753 174
1740006441015 131.47428986125496 175
1740006441037 131.2104743284381 176
1740006441057 130.94718918403368 177
1740006441082 130.68443336033553 178
1740006441103 130.42220579179016 179
1740006441128 130.16050541499263 180
1740006441154 129.89933116868184 181
1740006441176 129.63868199373653 182
1740006441197 129.37855683317096 183
1740006441218 129.11895463213023 184
1740006441238 128.85987433788642 185
1740006441259 128.60131489983402 186
1740006441280 128.34327526948582 187
1740006441300 128.08575440046837 188
1740006441323 127.82875124851797 189
1740006441344 127.57226477147633 190
1740006441367 127.31629392928625 191
1740006441389 127.06083768398749 192
1740006441411 126.80589499971234 193
1740006441432 126.55146484268167 194
1740006441453 126.29754618120052 195
1740006441473 126.04413798565383 196
1740006441493 125.79123922850252 197
1740006441514 125.53884888427898 198
1740006441535 125.28696592958306 199
1740006441555 125.03558934307789 200
1740006441576 124.78471810548567 201
1740006441597 124.53435119958351 202
1740006441618 124.28448761019929 203
1740006441638 124.03512632420755 204
1740006441660 123.78626633052527 205
1740006441680 123.53790662010782 206
1740006441701 123.29004618594489 207
1740006441721 123.0426840230562 208
1740006441741 122.79581912848762 209
1740006441761 122.54945050130688 210
1740006441782 122.3035771425997 211
1740006441802 122.05819805546543 212
1740006441822 121.81331224501326 213
1740006441843 121.56891871835802 214
1740006441866 121.32501648461614 215
1740006441887 121.08160455490163 216
1740006441907 120.83868194232204 217
1740006441928 120.59624766197446 218
1740006441949 120.35430073094139 219
1740006441969 120.11284016828685 220
1740006441989 119.8718649950524 221
1740006442010 119.63137423425306 222
1740006442030 119.39136691087327 223
1740006442050 119.1518420518631 224
1740006442071 118.91279868613411 225
1740006442093 118.67423584455545 226
1740006442114 118.43615255994997 227
1740006442135 118.19854786709014 228
1740006442155 117.96142080269422 229
1740006442178 117.72477040542228 230
1740006442200 117.48859571587236 231
1740006442223 117.25289577657634 232
1740006442244 117.01766963199634 233
1740006442268 116.78291632852057 234
1740006442291 116.5486349144596 235
1740006442314 116.31482444004236 236
1740006442337 116.08148395741235 237
1740006442359 115.84861252062372 238
1740006442383 115.61620918563746 239
1740006442406 115.38427301031751 240
1740006442430 115.15280305442695 241
1740006442453 114.92179837962411 242
1740006442478 114.69125804945877 243
1740006442500 114.4611811293684 244
1740006442523 114.23156668667426 245
1740006442548 114.00241379057765 246
1740006442573 113.77372151215606 247
1740006442595 113.54548892435946 248
1740006442618 113.31771510200645 249
1740006442641 113.09039912178051 250
1740006442663 112.86354006222624 251
1740006442685 112.63713700374561 252
1740006442709 112.41118902859415 253
1740006442732 112.1856952208773 254
1740006442756 111.96065466654662 255
1740006442779 111.73606645339606 256
1740006442803 111.51192967105827 257
1740006442826 111.28824341100078 258
1740006442850 111.06500676652249 259
1740006442878 110.84221883274985 260
1740006442922 110.61987870663309 261
1740006442992 110.3979854869427 262
1740006443018 110.1765382742657 263
1740006443042 109.95553617100191 264
1740006443065 109.73497828136036 265
1740006443087 109.51486371135559 266
1740006443109 109.29519156880401 267
1740006443133 109.07596096332038 268
1740006443156 108.85717100631393 269
1740006443188 108.63882081098502 270
1740006443217 108.42090949232126 271
1740006443243 108.20343616709413 272
1740006443267 107.9863999538552 273
1740006443291 107.76979997293263 274
1740006443315 107.5536353464276 275
1740006443339 107.33790519821068 276
1740006443363 107.12260865391822 277
1740006443387 106.90774484094887 278
1740006443411 106.69331288846003 279
1740006443435 106.47931192736417 280
1740006443457 106.26574109032545 281
1740006443480 106.05259951175607 282
1740006443503 105.83988632781272 283
1740006443526 105.62760067639323 284
1740006443549 105.41574169713284 285
1740006443573 105.20430853140083 286
1740006443599 104.99330032229697 287
1740006443622 104.78271621464803 288
1740006443646 104.57255535500433 289
1740006443668 104.36281689163617 290
1740006443691 104.15349997453046 291
1740006443714 103.94460375538718 292
1740006443737 103.73612738761595 293
1740006443759 103.52807002633263 294
1740006443781 103.32043082835575 295
1740006443802 103.1132089522032 296
1740006443824 102.90640355808867 297
1740006443847 102.70001380791842 298
1740006443873 102.49403886528765 299
1740006443897 102.2884778954772 300
1740006443918 102.08333006545014 301
1740006443941 101.87859454384837 302
1740006443966 101.67427050098918 303
1740006443989 101.470357108862 304
1740006444012 101.26685354112485 305
1740006444035 101.06375897310112 306
1740006444059 100.86107258177606 307
1740006444082 100.65879354579363 308
1740006444104 100.45692104545293 309
1740006444128 100.25545426270499 310
1740006444153 100.05439238114941 311
1740006444178 99.85373458603105 312
1740006444200 99.65348006423663 313
1740006444223 99.45362800429152 314
1740006444247 99.25417759635634 315
1740006444270 99.0551280322237 316
1740006444293 98.85647850531498 317
1740006444316 98.6582282106769 318
1740006444339 98.46037634497827 319
1740006444362 98.26292210650686 320
1740006444385 98.06586469516591 321
1740006444408 97.86920331247109 322
1740006444431 97.67293716154703 323
1740006444453 97.47706544712428 324
1740006444477 97.28158737553588 325
1740006444499 97.08650215471425 326
1740006444522 96.89180899418795 327
1740006444544 96.69750710507836 328
1740006444567 96.50359570009662 329
1740006444590 96.31007399354027 330
1740006444613 96.11694120129015 331
1740006444639 95.9241965408071 332
1740006444663 95.73183923112897 333
1740006444686 95.53986849286717 334
1740006444708 95.34828354820374 335
1740006444731 95.15708362088795 336
1740006444753 94.96626793623335 337
1740006444776 94.77583572111446 338
1740006444798 94.58578620396372 339
1740006444821 94.39611861476824 340
1740006444845 94.2068321850668 341
1740006444869 94.01792614794657 342
1740006444892 93.82939973804007 343
1740006444915 93.64125219152206 344
1740006444938 93.4534827461064 345
1740006444962 93.26609064104291 346
1740006444986 93.07907511711431 347
1740006445010 92.89243541663318 348
1740006445033 92.70617078343874 349
1740006445056 92.52028046289385 350
1740006445079 92.33476370188195 351
1740006445101 92.149619748804 352
1740006445124 91.96484785357528 353
1740006445147 91.78044726762253 354
1740006445170 91.59641724388075 355
1740006445194 91.41275703679023 356
1740006445220 91.2294659022935 357
1740006445247 91.04654309783228 358
1740006445270 90.86398788234449 359
1740006445292 90.68179951626115 360
1740006445316 90.49997726150343 361
1740006445339 90.31852038147971 362
1740006445362 90.13742814108238 363
1740006445385 89.95669980668504 364
1740006445407 89.77633464613946 365
1740006445430 89.5963319287725 366
1740006445453 89.41669092538326 367
1740006445476 89.23741090824 368
1740006445499 89.05849115107729 369
1740006445522 88.87993092909295 370
1740006445545 88.70172951894513 371
1740006445567 88.52388619874938 372
1740006445591 88.34640024807571 373
1740006445614 88.1692709479456 374
1740006445640 87.99249758082917 375
1740006445665 87.81607943064213 376
1740006445691 87.64001578274299 377
1740006445715 87.46430592393007 378
1740006445739 87.28894914243855 379
1740006445761 87.11394472793772 380
1740006445784 86.93929197152794 381
1740006445807 86.76499016573784 382
1740006445833 86.59103860452142 383
1740006445859 86.41743658325508 384
1740006445882 86.24418339873493 385
1740006445906 86.07127834917372 386
1740006445930 85.8987207341982 387
1740006445953 85.72650985484606 388
1740006445976 85.55464501356322 389
1740006445999 85.3831255142009 390
1740006446022 85.21195066201287 391
1740006446045 85.04111976365253 392
1740006446068 84.8706321271702 393
1740006446092 84.70048706201011 394
1740006446116 84.53068387900785 395
1740006446141 84.36122189038731 396
1740006446164 84.19210040975804 397
1740006446189 84.02331875211239 398
1740006446213 83.85487623382271 399
1740006446236 83.68677217263863 400
1740006446259 83.51900588768417 401
1740006446282 83.35157669945511 402
1740006446305 83.18448392981611 403
1740006446328 83.01772690199795 404
1740006446353 82.85130494059483 405
1740006446377 82.68521737156162 406
1740006446400 82.51946352221104 407
1740006446424 82.354042721211 408
1740006446447 82.18895429858183 409
1740006446471 82.02419758569354 410
1740006446495 81.85977191526308 411
1740006446519 81.69567662135174 412
1740006446542 81.53191103936229 413
1740006446566 81.36847450603626 414
1740006446589 81.20536635945146 415
1740006446613 81.04258593901903 416
1740006446637 80.88013258548088 417
1740006446662 80.71800564090698 418
1740006446685 80.55620444869267 419
1740006446712 80.39472835355599 420
1740006446735 80.23357670153504 421
1740006446759 80.07274883998528 422
1740006446782 79.91224411757683 423
1740006446805 79.75206188429196 424
1740006446829 79.59220149142227 425
1740006446852 79.43266229156615 426
1740006446878 79.27344363862616 427
1740006446902 79.11454488780633 428
1740006446925 78.95596539560955 429
1740006446949 78.79770451983498 430
1740006446972 78.6397616195754 431
1740006446995 78.48213605521468 432
1740006447019 78.32482718842506 433
1740006447041 78.16783438216456 434
1740006447064 78.01115700067452 435
1740006447087 77.85479440947684 436
1740006447111 77.69874597537157 437
1740006447135 77.5430110664341 438
1740006447158 77.38758905201281 439
1740006447184 77.23247930272646 440
1740006447207 77.07768119046145 441
1740006447230 76.92319408836951 442
1740006447258 76.76901737086493 443
1740006447283 76.61515041362223 444
1740006447306 76.46159259357339 445
1740006447328 76.30834328890548 446
1740006447352 76.155401879058 447
1740006447375 76.00276774472057 448
1740006447397 75.85044026783008 449
1740006447420 75.6984188315685 450
1740006447443 75.54670282036015 451
1740006447466 75.39529161986925 452
1740006447491 75.24418461699747 453
1740006447514 75.09338119988138 454
1740006447536 74.94288075788998 455
1740006447559 74.79268268162222 456
1740006447582 74.64278636290449 457
1740006447606 74.49319119478817 458
1740006447629 74.34389657154712 459
1740006447652 74.19490188867528 460
1740006447675 74.04620654288414 461
1740006447697 73.89780993210036 462
1740006447721 73.74971145546318 463
1740006447745 73.6019105133222 464
1740006447768 73.45440650723468 465
1740006447795 73.30719883996332 466
1740006447824 73.16028691547363 467
1740006447853 73.01367013893173 468
1740006447881 72.86734791670172 469
1740006447906 72.72131965634337 470
1740006447929 72.57558476660971 471
1740006447952 72.43014265744456 472
1740006447975 72.28499273998023 473
1740006447999 72.140134426535 474
1740006448022 71.99556713061077 475
1740006448045 71.85129026689077 476
1740006448068 71.70730325123705 477
1740006448089 71.56360550068813 478
1740006448113 71.42019643345668 479
1740006448137 71.2770754689271 480
1740006448160 71.13424202765316 481
1740006448186 70.99169553135563 482
1740006448210 70.84943540292004 483
1740006448232 70.70746106639412 484
1740006448255 70.56577194698566 485
1740006448278 70.42436747106007 486
1740006448302 70.28324706613803 487
1740006448325 70.14241016089319 488
1740006448348 70.00185618514985 489
1740006448372 69.86158456988063 490
1740006448395 69.72159474720416 491
1740006448419 69.58188615038277 492
1740006448442 69.44245821382015 493
1740006448464 69.30331037305906 494
1740006448487 69.16444206477911 495
1740006448510 69.02585272679437 496
1740006448533 68.887541798051 497
1740006448556 68.7495087186253 498
1740006448579 68.61175292972099 499
