1739966102609 3.0350152364226424 0
1739966102674 6.603188418195059 1
1739966102743 4.807325931431913 2
1739966102814 7.264383036918915 3
1739966102881 7.669611867832438 4
1739966102948 5.296799403152678 5
1739966103018 7.413388669679338 6
1739966103084 7.720440321212276 7
1739966103146 5.749417470797375 8
1739966103212 4.086526982515873 9
1739966103277 5.78649577777688 10
1739966103339 7.163331403985656 11
1739966103404 12.956270406709267 12
1739966103468 3.424373922469731 13
1739966103537 3.9384338562178844 14
1739966103603 8.90024810345925 15
1739966103670 4.2017638475343135 16
1739966103735 10.086388085325163 17
1739966103808 3.5804175266094984 18
1739966103934 5.810779439024853 19
1739966104000 4.0527625872136825 20
1739966104067 10.665832917240063 21
1739966104133 7.953560734734309 22
1739966104203 3.828474344060844 23
1739966104267 1.9443968330874173 24
1739966104333 7.248126252565157 25
1739966104400 3.4838370693968743 26
1739966104464 9.284810613884872 27
1739966104540 4.844805648061762 28
1739966104604 7.410937929541777 29
1739966104670 5.288591021226672 30
1739966104736 4.624529115011602 31
1739966104800 7.217305177845305 32
1739966104865 16.98363085067838 33
1739966104933 2.6857309378199674 34
1739966104999 9.46549788475482 35
1739966105065 11.39757672424862 36
1739966105131 9.49943832868623 37
1739966105195 2.44944833093675 38
1739966105262 8.828644290709322 39
1739966105329 5.909401575883946 40
1739966105392 3.761317182336196 41
1739966105456 4.39934856770661 42
1739966105526 11.55108004982906 43
1739966105589 8.249406906649211 44
1739966105653 13.54452769390492 45
1739966105719 5.713873587371018 46
1739966105783 4.265144569607016 47
1739966105846 4.949774074586697 48
1739966105911 9.749969485513343 49
1739966105975 5.791440440352258 50
1739966106044 7.221705651243272 51
1739966106108 7.915601013672341 52
1739966106174 1.7597462414623966 53
1739966106244 3.669584211494456 54
1739966106308 17.789629864214326 55
1739966106370 5.519370323625376 56
1739966106434 6.960378711713118 57
1739966106503 7.449132321385516 58
1739966106571 2.3649270492397316 59
1739966106638 10.899846663651783 60
1739966106704 7.294722536129646 61
1739966106769 6.726419690541823 62
1739966106838 9.561539046471122 63
1739966106901 8.263305738493248 64
1739966106966 5.37853344059765 65
1739966107031 5.632912161895376 66
1739966107124 5.963725033192495 67
1739966107192 7.936842778194027 68
1739966107257 3.205835515489537 69
1739966107322 6.1789744225013274 70
1739966107386 7.191957801260946 71
1739966107454 4.009316651445133 72
1739966107522 8.60768985303389 73
1739966107588 6.713582780022095 74
1739966107653 5.840188320624824 75
1739966107717 5.926657768516814 76
1739966107780 8.506501765091496 77
1739966107851 9.465032004485222 78
1739966107915 4.291889241961924 79
1739966107979 9.12617283067329 80
1739966108045 5.032912281254903 81
1739966108109 1.871520441919901 82
1739966108173 12.882815669547115 83
1739966108241 8.70118699328044 84
1739966108308 6.444682636448602 85
1739966108372 6.898918281060544 86
1739966108441 8.554651020699955 87
1739966108513 6.017059800504687 88
1739966108581 11.699765539540133 89
1739966108645 8.379295709308849 90
1739966108710 11.019013168272322 91
1739966108773 9.47326501415857 92
1739966108837 7.129477524052464 93
1739966108902 8.19274880058847 94
1739966108971 5.915148582888107 95
1739966109037 8.10332494857979 96
1739966109103 4.815342796721066 97
1739966109168 6.021364984931863 98
1739966109233 5.073335794384284 99
1739966109296 7.623435064861547 100
1739966109361 4.675763107472287 101
1739966109424 7.109966888508715 102
1739966109490 8.446715963936693 103
1739966109562 9.46616169137162 104
1739966109627 4.323733919275069 105
1739966109691 4.297234636551848 106
1739966109756 5.571363055462653 107
1739966109820 7.653685500174438 108
1739966109886 6.276788797046412 109
1739966109950 12.237907874105813 110
1739966110071 6.058678428756676 111
1739966110136 5.090579694093606 112
1739966110200 6.19417839878 113
1739966110272 7.747112873897966 114
1739966110339 10.934121279716496 115
1739966110403 8.946392550926484 116
1739966110467 3.957799229594483 117
1739966110537 10.210846129876735 118
1739966110600 5.669481230091624 119
1739966110664 8.969801419325455 120
1739966110729 6.793847763430381 121
1739966110794 7.120115375238442 122
1739966110859 4.450379034661409 123
1739966110921 4.115818351746173 124
1739966110993 8.156594494665338 125
1739966111060 1.8723446759925628 126
1739966111122 5.020845795206599 127
1739966111187 5.02014848702736 128
1739966111251 5.770822348972515 129
1739966111315 6.32611482455331 130
1739966111379 7.0958733674807855 131
1739966111443 6.782974241753835 132
1739966111509 9.187120519540972 133
1739966111577 6.064104698900112 134
1739966111641 7.927255258025074 135
1739966111707 4.543099294803842 136
1739966111771 6.218066590728076 137
1739966111836 3.501951680973211 138
1739966111902 14.126850941029755 139
1739966111967 7.40222192588057 140
1739966112033 5.783099340671318 141
1739966112100 6.4345681622232425 142
1739966112164 4.94756278742242 143
1739966112228 5.015574282008448 144
1739966112299 3.146884196329974 145
1739966112367 6.097291256390945 146
1739966112432 7.773061642635853 147
1739966112499 7.310298896081507 148
1739966112569 5.611211272995353 149
1739966112635 4.439295716785684 150
1739966112699 9.769056756656278 151
1739966112764 5.474342671028868 152
1739966112828 5.578800715256076 153
1739966112891 8.127352674669233 154
1739966112956 8.109651542845734 155
1739966113025 7.957633951311956 156
1739966113089 4.800423348366799 157
1739966113155 5.184460646391303 158
1739966113222 7.990204763693401 159
1739966113288 7.909550420599599 160
1739966113351 9.28939587908829 161
1739966113417 10.600213064612667 162
1739966113482 8.661479616206238 163
1739966113547 3.0984511307277156 164
1739966113655 6.202222526089691 165
1739966113722 5.804976673028673 166
1739966113788 3.2571428158137024 167
1739966113851 5.898659247637364 168
1739966113916 13.887228760304236 169
1739966113981 6.459654433790506 170
1739966114046 7.017726359488205 171
1739966114112 10.979602542725758 172
1739966114178 5.618736489811315 173
1739966114242 6.8548866672635835 174
1739966114309 7.3563968113673415 175
1739966114379 3.9760308769055777 176
1739966114443 3.7644966406435914 177
1739966114509 14.683996902871343 178
1739966114574 8.394708906413134 179
1739966114639 4.417710314858408 180
1739966114704 5.645585759837163 181
1739966114766 7.709768049709596 182
1739966114832 6.825676384247687 183
1739966114896 8.370132606043553 184
1739966114960 6.75553790283947 185
1739966115029 3.5401246066322964 186
1739966115095 5.482823144603277 187
1739966115160 5.512516853627653 188
1739966115229 3.419537135836203 189
1739966115294 7.204853757092497 190
1739966115357 6.023868593808377 191
1739966115425 6.922193613018009 192
1739966115489 7.474349606076533 193
1739966115556 4.333973655357281 194
1739966115624 9.472044333889453 195
1739966115690 5.52017138180355 196
1739966115757 6.931764209799786 197
1739966115826 9.810718108243325 198
1739966115891 7.271446059675927 199
1739966115954 5.326980222719935 200
1739966116021 8.777826244218023 201
1739966116085 8.199187927460406 202
1739966116149 13.94547200298617 203
1739966116213 5.866132130817954 204
1739966116276 10.869965775825737 205
1739966116343 4.320818766532781 206
1739966116411 7.429755881023024 207
1739966116474 6.543132293847324 208
1739966116546 9.400655531414662 209
1739966116610 3.755456157851826 210
1739966116673 6.163528880540491 211
1739966116740 8.599973168377119 212
1739966116805 9.263098962894802 213
1739966116869 12.726807912805382 214
1739966116935 8.409253825728817 215
1739966117002 5.7447528436101605 216
1739966117071 5.870268593784075 217
1739966117137 1.3630007241835642 218
1739966117201 2.626101907579427 219
1739966117267 8.2266220724286 220
1739966117336 14.133002359611629 221
1739966117399 5.76246286186171 222
1739966117461 10.026142440263834 223
1739966117533 6.388566125354791 224
1739966117597 6.884179578359859 225
1739966117665 7.388232304882473 226
1739966117738 8.383274369239304 227
1739966117803 8.820211054599937 228
1739966117869 4.83496527683948 229
1739966117934 5.645045466869473 230
1739966118000 3.962046527816139 231
1739966118066 4.710158288408923 232
1739966118130 2.6644376137367853 233
1739966118194 9.631095675740584 234
1739966118266 7.1367442035069075 235
1739966118331 6.224301737939219 236
1739966118397 8.755568358520389 237
1739966118464 17.167808929444778 238
1739966118537 9.496220790765378 239
1739966118609 4.883667702243091 240
1739966118676 6.86137003813804 241
1739966118741 8.859761841117683 242
1739966118805 6.241650532194423 243
1739966118871 7.401060949439971 244
1739966118937 7.2486945182450215 245
1739966119004 6.702472194020733 246
1739966119071 5.83904813654477 247
1739966119141 9.122437616306652 248
1739966119205 2.2531878631595412 249
1739966119273 10.686611002570327 250
1739966119337 2.1547676196928225 251
1739966119399 4.098808482804297 252
1739966119465 4.888844171458604 253
1739966119536 4.1161398895318495 254
1739966119600 5.41941362767077 255
1739966119668 6.652866916596485 256
1739966119732 4.215569844266199 257
1739966119795 7.354262026640561 258
1739966119860 5.05971109401568 259
1739966119924 6.973264533326532 260
1739966119989 9.908130969425672 261
1739966120055 6.524019341021903 262
1739966120119 7.381623519933261 263
1739966120186 8.557274932572097 264
1739966120251 11.341146740295352 265
1739966120314 6.552063715325056 266
1739966120380 8.709995779486782 267
1739966120451 7.8148818148787695 268
1739966120521 9.801547270119803 269
1739966120594 5.028070467338076 270
1739966120674 13.005623728819575 271
1739966120738 8.389437545727866 272
1739966120800 2.9782612278364526 273
1739966120867 13.03423206148412 274
1739966120932 7.470820835088793 275
1739966120994 7.187869956746252 276
1739966121061 6.24980857812339 277
1739966121125 11.727861816034595 278
1739966121190 5.080474541986488 279
1739966121255 4.498734956902741 280
1739966121320 5.456632256883145 281
1739966121386 7.336786572666588 282
1739966121451 7.326125316526963 283
1739966121519 8.649626402564486 284
1739966121586 4.826033368459903 285
1739966121650 4.293325947661809 286
1739966121714 5.472977316966804 287
1739966121779 6.811834980230174 288
1739966121843 6.358635154385074 289
1739966121908 10.234389410770856 290
1739966121973 6.972747408090586 291
1739966122038 10.633147203373323 292
1739966122105 7.480484681196785 293
1739966122171 5.7196331715341024 294
1739966122235 7.57095891750977 295
1739966122302 7.6340085651666065 296
1739966122366 4.026809657035276 297
1739966122430 4.04622510951463 298
1739966122504 8.440670351795902 299
1739966122576 6.142109320646534 300
1739966122789 8.489827988642652 301
1739966122867 5.084328505880159 302
1739966122932 7.1972589946684336 303
1739966122999 5.084736883008707 304
1739966123065 8.586921247629085 305
1739966123129 14.825565499245688 306
1739966123196 7.943800061051533 307
1739966123259 6.661054807637242 308
1739966123323 11.469961967219913 309
1739966123387 5.565113891933929 310
1739966123450 5.95792162465174 311
1739966123522 3.976677909936017 312
1739966123592 8.334292181463496 313
1739966123655 9.418447675541815 314
1739966123721 5.814362657902226 315
1739966123786 6.265495010315378 316
1739966123849 5.7789312285087 317
1739966123917 1.9077629543039356 318
1739966123981 3.6355039472053376 319
1739966124048 7.946333053908901 320
1739966124113 10.030099189387371 321
1739966124179 4.565043750562549 322
1739966124243 5.498916007993403 323
1739966124308 7.217864609911568 324
1739966124373 11.385363585512561 325
1739966124437 6.701044513430205 326
1739966124506 8.384724193832575 327
1739966124573 2.001664012019863 328
1739966124636 8.780659341402338 329
1739966124701 9.246899268462785 330
1739966124765 1.2594100072518999 331
1739966124829 7.324736772670483 332
1739966124894 6.166934792986962 333
1739966124958 7.162220873273117 334
1739966125024 8.432480064255483 335
1739966125088 3.417888415429304 336
1739966125150 5.301104803168449 337
1739966125216 6.16615365519219 338
1739966125279 5.587580687070083 339
1739966125342 4.825012014610461 340
1739966125405 4.8189388480428095 341
1739966125469 5.239224954012518 342
1739966125542 3.884430393215449 343
1739966125606 4.479796870972209 344
1739966125671 1.4469998562714501 345
1739966125737 5.477568478349454 346
1739966125802 8.418174446390378 347
1739966125903 10.739163709301861 348
1739966125968 9.266586437568439 349
1739966126037 5.386340653663446 350
1739966126103 6.530597095291819 351
1739966126172 5.801635407032629 352
1739966126237 5.359352181092808 353
1739966126302 7.459572808958984 354
1739966126368 5.157269703572867 355
1739966126435 2.971723727333854 356
1739966126500 8.693237542790591 357
1739966126568 7.916856670485619 358
1739966126637 3.965000143206068 359
1739966126702 4.9165038559159004 360
1739966126767 9.67384767409377 361
1739966126834 7.044452621762567 362
1739966126897 7.091720979220719 363
1739966126962 5.8246144539120275 364
1739966127030 7.178128865432253 365
1739966127094 10.399965596348189 366
1739966127158 5.289638306859517 367
1739966127228 5.3505998489768425 368
1739966127292 3.2614196309305212 369
1739966127357 7.6846783112258485 370
1739966127421 7.257493327703987 371
1739966127484 9.905990824984409 372
1739966127552 8.24455597229527 373
1739966127617 6.394415138396486 374
1739966127679 3.828381788242946 375
1739966127745 4.521390211823404 376
1739966127809 5.637223753116566 377
1739966127873 4.868327077708119 378
1739966127938 5.389026948938859 379
1739966128004 5.294037600835447 380
1739966128069 13.844907666436749 381
1739966128134 8.31832942443989 382
1739966128201 5.578774289827175 383
1739966128266 4.371862119545332 384
1739966128329 4.320907227321938 385
1739966128392 11.031769182275532 386
1739966128459 8.886325009203379 387
1739966128532 9.060144063439287 388
1739966128600 9.147649858478305 389
1739966128674 3.463740192362816 390
1739966128743 7.049897328552162 391
1739966128808 7.187017222812173 392
1739966128871 10.587467589691169 393
1739966128938 9.860892048432929 394
1739966129005 6.5865318390700605 395
1739966129076 9.663589593929625 396
1739966129141 7.129643011461588 397
1739966129206 1.3017024414428697 398
1739966129271 6.889831724330268 399
1739966129335 4.833891978168208 400
1739966129398 10.059767093765434 401
1739966129464 9.592250332298683 402
1739966129531 7.412581511108108 403
1739966129595 5.375308123581308 404
1739966129661 9.078594038419443 405
1739966129727 7.718169440626848 406
1739966129792 7.14857414395917 407
1739966129859 10.187964591650159 408
1739966129923 5.829686428415707 409
1739966129986 1.1059696401312316 410
1739966130054 8.115041887944933 411
1739966130118 3.1081310834654166 412
1739966130185 4.634286460961057 413
1739966130250 3.7852348524005923 414
1739966130314 11.623079252054657 415
1739966130380 15.409153701962534 416
1739966130443 7.4476507974098345 417
1739966130508 7.794709835543415 418
1739966130580 8.194249537734322 419
1739966130649 7.635095695084833 420
1739966130712 5.966462017373164 421
1739966130780 9.46999428663768 422
1739966130845 8.379343971867323 423
1739966130908 6.748121474516516 424
1739966130976 4.954853034133675 425
1739966131042 3.821174146152184 426
1739966131105 3.949222519871893 427
1739966131174 1.862100415665293 428
1739966131237 5.7802064969685985 429
1739966131301 7.155585901136382 430
1739966131407 11.708088941447022 431
1739966131475 5.958412452042705 432
1739966131542 5.610298113250418 433
1739966131605 6.184097386530947 434
1739966131670 7.029569310537194 435
1739966131734 7.782807741375426 436
1739966131800 6.148417771295725 437
1739966131863 7.071017657776842 438
1739966131927 5.723896682308636 439
1739966131991 3.8813577362419296 440
1739966132058 5.454720928244388 441
1739966132122 6.423133310499414 442
1739966132190 5.278444156110661 443
1739966132256 5.709922575466032 444
1739966132322 23.173251065673192 445
1739966132387 6.1495199749837095 446
1739966132450 11.24532307100263 447
1739966132518 12.342677066178368 448
1739966132586 6.4489796949431035 449
1739966132657 4.148982726423819 450
1739966132721 5.237974834396989 451
1739966132786 4.250175321982074 452
1739966132851 9.713238083193158 453
1739966132915 10.28418698696238 454
1739966132982 5.444373765622701 455
1739966133048 0.9682264967576967 456
1739966133111 4.235164561883359 457
1739966133176 6.968361886160763 458
1739966133240 5.2957221066435824 459
1739966133307 4.197151522686603 460
1739966133372 7.050884396137566 461
1739966133436 10.357299543606283 462
1739966133503 10.146962614052368 463
1739966133571 8.818793412673628 464
1739966133637 8.135227987411229 465
1739966133703 5.476942657157368 466
1739966133768 14.055883478677972 467
1739966133834 10.742786307071391 468
1739966133898 4.456115044792116 469
1739966133965 4.614255336583976 470
1739966134039 4.266731325660076 471
1739966134106 6.429177105791309 472
1739966134172 9.004103488546008 473
1739966134236 7.558022267539953 474
1739966134300 4.512657943983004 475
1739966134366 5.090213786680827 476
1739966134431 8.569096040369777 477
1739966134498 5.478117565521856 478
1739966134567 5.903154542152325 479
1739966134631 3.074499026754486 480
1739966134704 10.076917302482261 481
1739966134768 8.563794037469412 482
1739966134831 8.804634610995056 483
1739966134894 6.751825689208246 484
1739966134960 5.748107725203731 485
1739966135028 4.567835769518098 486
1739966135093 2.8912603521117757 487
1739966135157 8.718782261383957 488
1739966135224 8.227574019783166 489
1739966135287 4.8594479196964 490
1739966135354 5.951839936798637 491
1739966135418 5.904892874408038 492
1739966135484 5.844086832052155 493
1739966135549 7.121066329019335 494
1739966135613 11.408358811444812 495
1739966135677 8.547833888970876 496
1739966135741 11.008041511212294 497
1739966135805 6.7496535108764455 498
1739966135869 6.287592255329451 499
