1740015481749 168.81788247382886 0
1740015481774 165.4604848748937 1
1740015481804 162.1975514448927 2
1740015481833 158.99928782198168 3
1740015481858 155.86440943365622 4
1740015481885 152.7916572572744 5
1740015481914 149.77952167641908 6
1740015481941 146.82735699209172 7
1740015481966 143.9336891992351 8
1740015481990 141.0973565066421 9
1740015482015 138.31722022843192 10
1740015482042 135.59216432410417 11
1740015482067 132.9208501924363 12
1740015482095 130.30270620408163 13
1740015482120 127.73642541743145 14
1740015482148 125.22097797100446 15
1740015482173 122.75535448228928 16
1740015482199 120.33834456625857 17
1740015482224 117.96943051222807 18
1740015482249 115.64743068984706 19
1740015482274 113.3714136516913 20
1740015482302 111.14026386903663 21
1740015482328 108.95350064848019 22
1740015482352 106.81003513933821 23
1740015482377 104.70900780573615 24
1740015482406 102.64939030320076 25
1740015482430 100.63073677197167 26
1740015482454 98.65204363454318 27
1740015482484 96.71251770901533 28
1740015482510 94.81121074802797 29
1740015482538 92.94770972867386 30
1740015482567 91.1210894113665 31
1740015482592 89.33061784048802 32
1740015482618 87.57542031990131 33
1740015482643 85.85511483583154 34
1740015482669 84.16884808004909 35
1740015482699 82.51579853231843 36
1740015482724 80.895602276578 37
1740015482752 79.30745810080107 38
1740015482777 77.75059438407634 39
1740015482809 76.22466457462448 40
1740015482834 74.72891634541172 41
1740015482860 73.26262488745935 42
1740015482886 71.8254603286712 43
1740015482913 70.41671620084553 44
1740015482940 69.03571159806626 45
1740015482964 67.68213268840923 46
1740015482993 66.35531601099113 47
1740015483019 65.05462182254432 48
1740015483044 63.77975173342628 49
1740015483068 62.530082603385544 50
1740015483095 61.3050132703438 51
1740015483119 60.10426022745972 52
1740015483148 58.92714415035759 53
1740015483236 57.77338572236702 54
1740015483271 56.64242621036935 55
1740015483296 55.53372601153077 56
1740015483321 54.44702003761408 57
1740015483347 53.381702499276194 58
1740015483372 52.337512087173586 59
1740015483397 51.31394793962273 60
1740015483422 50.31052574127962 61
1740015483447 49.326997829838 62
1740015483471 48.36282414915072 63
1740015483495 47.41776044973974 64
1740015483519 46.49135782254388 65
1740015483549 45.583181562074586 66
1740015483577 44.69300054745354 67
1740015483601 43.820333388268104 68
1740015483629 42.964952049380685 69
1740015483658 42.126454215851616 70
1740015483682 41.304449653871025 71
1740015483707 40.49872299269597 72
1740015483732 39.70884510871833 73
1740015483757 38.93460342339875 74
1740015483781 38.175591333319495 75
1740015483805 37.431599025002676 76
1740015483833 36.70224144465503 77
1740015483859 35.9873115188564 78
1740015483883 35.28648211896789 79
1740015483907 34.59943467661359 80
1740015483935 33.92597429479134 81
1740015483960 33.26575777303217 82
1740015483984 32.61859269916047 83
1740015484009 31.984154508606448 84
1740015484034 31.362253260413492 85
1740015484058 30.752582207293795 86
1740015484083 30.15495386710006 87
1740015484109 29.569078522872697 88
1740015484138 28.994771139920775 89
1740015484162 28.431758275164448 90
1740015484187 27.879857330941697 91
1740015484214 27.33882831655766 92
1740015484241 26.808435605060215 93
1740015484265 26.288508346278782 94
1740015484290 25.778802647608725 95
1740015484315 25.27914987225 96
1740015484340 24.789320176942596 97
1740015484364 24.309147135552166 98
1740015484389 23.838414316400094 99
1740015484417 23.376957501607198 100
1740015484441 22.924573058301323 101
1740015484466 22.48109897466039 102
1740015484492 22.046343827914683 103
1740015484520 21.620147810238002 104
1740015484545 21.202331143445836 105
1740015484571 20.792736221714343 106
1740015484604 20.39119436826096 107
1740015484631 19.99755017727517 108
1740015484657 19.61164555170521 109
1740015484682 19.233327283711425 110
1740015484707 18.86244735502115 111
1740015484731 18.498854753617284 112
1740015484756 18.142411059009895 113
1740015484780 17.79296745270256 114
1740015484811 17.450394650210374 115
1740015484835 17.11454602405907 116
1740015484860 16.785300982499393 117
1740015484885 16.462515086345324 118
1740015484910 16.146076011137495 119
1740015484935 15.835841502973965 120
1740015484959 15.53170709640297 121
1740015484986 15.233532719501364 122
1740015485012 14.941221374069508 123
1740015485036 14.654635166529273 124
1740015485061 14.373684190090927 125
1740015485088 14.098232725534908 126
1740015485114 13.82819759696081 127
1740015485139 13.563445255147522 128
1740015485163 13.303898909314649 129
1740015485188 13.049427175487647 130
1740015485212 12.799959316438292 131
1740015485237 12.55536610827947 132
1740015485261 12.315582549438563 133
1740015485292 12.080500726239903 134
1740015485316 11.85000418949481 135
1740015485340 11.624044088339952 136
1740015485365 11.402488563455977 137
1740015485392 11.185293560211756 138
1740015485416 10.972329556196168 139
1740015485440 10.763557024465683 140
1740015485465 10.558848767079255 141
1740015485490 10.358169527599104 142
1740015485515 10.161394419811039 143
1740015485539 9.968492211534667 144
1740015485565 9.7793403152282 145
1740015485591 9.59391128724027 146
1740015485616 9.412084825331469 147
1740015485642 9.233837048772171 148
1740015485670 9.0590499269369 149
1740015485694 8.887702926147359 150
1740015485718 8.719706846730908 151
1740015485743 8.554964887663381 152
1740015485769 8.393469265661176 153
1740015485794 8.235099556419131 154
1740015485818 8.0798506230725 155
1740015485845 7.927604460780891 156
1740015485875 7.778358399882612 157
1740015485900 7.631996834559648 158
1740015485924 7.488519391160642 159
1740015485949 7.347812842282312 160
1740015485974 7.209878946804322 161
1740015485998 7.0746068349656035 162
1740015486022 6.942000242112609 163
1740015486049 6.811950635190437 164
1740015486074 6.68446357707574 165
1740015486098 6.559463005275401 166
1740015486122 6.436865841577747 167
1740015486153 6.316688239689376 168
1740015486178 6.198819404650471 169
1740015486202 6.0832767736090725 170
1740015486226 5.969952012082064 171
1740015486252 5.858863719957745 172
1740015486277 5.749905996272789 173
1740015486302 5.6430984887635685 174
1740015486328 5.538337703033038 175
1740015486355 5.435644225352342 176
1740015486380 5.334916940942021 177
1740015486405 5.2361772706518925 178
1740015486432 5.139358347216005 179
1740015486458 5.04438666828346 180
1740015486483 4.951292836514432 181
1740015486508 4.859973557094059 182
1740015486533 4.770459828303221 183
1740015486558 4.682650839005827 184
1740015486582 4.596577901670879 185
1740015486610 4.51214265662279 186
1740015486642 4.4293766533933026 187
1740015486668 4.348183951716973 188
1740015486693 4.268596265194022 189
1740015486720 4.1905529611704155 190
1740015486749 4.1139870366358515 191
1740015486773 4.038938436561779 192
1740015486797 3.9653091187136904 193
1740015486824 3.893138825508529 194
1740015486850 3.8223320215923473 195
1740015486875 3.7529281924009745 196
1740015486900 3.684834272848766 197
1740015486926 3.6180894402309574 198
1740015486951 3.5526030634370467 199
1740015486976 3.4884139635906237 200
1740015487000 3.4254339075798117 201
1740015487030 3.3637013153204975 202
1740015487054 3.303162799497024 203
1740015487078 3.2437587772939067 204
1740015487103 3.1855351019803564 205
1740015487146 3.1284013685899246 206
1740015487181 3.072402727762255 207
1740015487208 3.017451247407 208
1740015487236 2.9635913454035987 209
1740015487266 2.910737522640329 210
1740015487293 2.8589334364110224 211
1740015487318 2.8080959811400907 212
1740015487346 2.7582680279118827 213
1740015487373 2.709368825694532 214
1740015487399 2.661440435840874 215
1740015487425 2.614435826549056 216
1740015487453 2.5683018715924355 217
1740015487479 2.5230874912441346 218
1740015487503 2.4787096415295875 219
1740015487528 2.4352161816649613 220
1740015487556 2.3925264875616885 221
1740015487580 2.350687345885229 222
1740015487605 2.309620510087051 223
1740015487635 2.2693716843381377 224
1740015487669 2.2298649578579326 225
1740015487696 2.191144943853228 226
1740015487723 2.153168769606251 227
1740015487758 2.115887546177025 228
1740015487786 2.079352350667348 229
1740015487811 2.0434849209600214 230
1740015487836 2.008335026905176 231
1740015487867 1.973826798704772 232
1740015487893 1.9400087004931488 233
1740015487919 1.906807210186116 234
1740015487945 1.8742694887571398 235
1740015487972 1.8423243179121775 236
1740015487997 1.8110175589813104 237
1740015488023 1.780280254208061 238
1740015488051 1.7501569697050443 239
1740015488078 1.720580965661656 240
1740015488106 1.6915955182555247 241
1740015488135 1.6631641709312799 242
1740015488165 1.6352444151361087 243
1740015488193 1.6078857169014955 244
1740015488228 1.5810186874159011 245
1740015488259 1.5546913183232014 246
1740015488286 1.528836493097961 247
1740015488313 1.5035007423004378 248
1740015488339 1.4786191766294265 249
1740015488367 1.4542368793652927 250
1740015488396 1.430291144125386 251
1740015488423 1.4068256211768682 252
1740015488449 1.3837797434934112 253
1740015488477 1.3611957430235089 254
1740015488503 1.3390414481064923 255
1740015488530 1.317278608887823 256
1740015488556 1.2959554712883399 257
1740015488582 1.2750086190267826 258
1740015488608 1.2544847170158593 259
1740015488635 1.2343225398923074 260
1740015488670 1.2145671928994886 261
1740015488700 1.1951595959006502 262
1740015488727 1.1761433159479309 263
1740015488754 1.1574613732651067 264
1740015488787 1.1391558183074906 265
1740015488818 1.1211717276038955 266
1740015488847 1.1035496567016214 267
1740015488872 1.0862366951748295 268
1740015488903 1.0692719254252125 269
1740015488929 1.0526044075940753 270
1740015488954 1.0362717727537853 271
1740015488980 1.0202478259620151 272
1740015489006 1.004500157309385 273
1740015489031 0.9890723748521494 274
1740015489058 0.97391027243944 275
1740015489086 0.959055860376506 276
1740015489112 0.9444569587156291 277
1740015489139 0.9301540072757413 278
1740015489166 0.916096807856412 279
1740015489192 0.9023242568829247 280
1740015489219 0.8887880943013734 281
1740015489244 0.875525700053536 282
1740015489269 0.8624907094698705 283
1740015489306 0.8497190127264622 284
1740015489334 0.8371660985984613 285
1740015489361 0.8248663940125989 286
1740015489390 0.8127772000557771 287
1740015489424 0.8009315067117 288
1740015489450 0.7893080680074389 289
1740015489476 0.7778792792391018 290
1740015489506 0.7666841367911961 291
1740015489536 0.7556762858295073 292
1740015489564 0.7448931495170075 293
1740015489593 0.7342902458572433 294
1740015489627 0.7239034557051017 295
1740015489654 0.7136901268879388 296
1740015489680 0.7036846284756803 297
1740015489708 0.6938460959785718 298
1740015489738 0.6842074168129959 299
1740015489763 0.6747294728864792 300
1740015489790 0.6654436997005138 301
1740015489825 0.656312685112294 302
1740015489854 0.6473664420536368 303
1740015489879 0.638569224704819 304
1740015489905 0.6299496523793591 305
1740015489932 0.6214736067585401 306
1740015489957 0.6131683420950235 307
1740015489982 0.6050013295373271 308
1740015490006 0.5969984864409702 309
1740015490033 0.5891288361604274 310
1740015490058 0.5814169869245064 311
1740015490082 0.5738483085023592 312
1740015490110 0.5664015416543842 313
1740015490142 0.5591074950853843 314
1740015490167 0.5519309026635111 315
1740015490192 0.544901130604482 316
1740015490221 0.537984538790232 317
1740015490249 0.531209082749174 318
1740015490276 0.5245427090795762 319
1740015490302 0.5180119938870139 320
1740015490331 0.5115864320270553 321
1740015490356 0.5052912509154085 322
1740015490382 0.4990974560265191 323
1740015490413 0.4930289562936104 324
1740015490444 0.4870582309748011 325
1740015490472 0.48120790020856385 326
1740015490497 0.4754518809877263 327
1740015490524 0.4698115338300903 328
1740015490550 0.4642621781838489 329
1740015490578 0.4588239436126129 330
1740015490603 0.4534735174940015 331
1740015490630 0.4482298266023814 332
1740015490656 0.4430708924563993 333
1740015490685 0.43801446671070243 334
1740015490714 0.43303987195859517 335
1740015490743 0.4281637119152526 336
1740015490768 0.4233665778891386 337
1740015490794 0.41866395235306464 338
1740015490822 0.4140376636632222 339
1740015490857 0.40950209927018977 340
1740015490884 0.40504029358802285 341
1740015490909 0.4006655647944058 342
1740015490936 0.3963621230347916 343
1740015490961 0.3921422424986842 344
1740015490987 0.38799127938602035 345
1740015491012 0.38392048872439133 346
1740015491038 0.3799240579221562 347
1740015491064 0.3759890940410207 348
1740015491089 0.37213348189090034 349
1740015491114 0.36833730520773544 350
1740015491149 0.36461728866750726 351
1740015491175 0.3609547614735907 352
1740015491201 0.3573653168388413 353
1740015491226 0.35383149719086127 354
1740015491255 0.3503677923703829 355
1740015491281 0.34695792651157537 356
1740015491306 0.34361531360448516 357
1740015491332 0.34032482868164265 358
1740015491359 0.33709883684439135 359
1740015491384 0.33392333390915424 360
1740015491409 0.3308096625010532 361
1740015491437 0.3277449097843304 362
1740015491462 0.3247394217806818 363
1740015491487 0.321781348229492 364
1740015491512 0.3188800638918303 365
1740015491543 0.3160247529582831 366
1740015491568 0.3132238437516322 367
1740015491593 0.31046752742416506 368
1740015491650 0.3077633101716483 369
1740015491739 0.30510236323901785 370
1740015491765 0.30249129450450635 371
1740015491790 0.2999222290434287 372
1740015491817 0.2974008997332902 373
1740015491845 0.2949203598109505 374
1740015491871 0.2924854899863117 375
1740015491899 0.29009024656933247 376
1740015491926 0.2877386804606108 377
1740015491952 0.2854256265223958 378
1740015491978 0.2831543277381664 379
1740015492003 0.28092047355684163 380
1740015492032 0.278726520479437 381
1740015492057 0.2765689891189224 382
1740015492082 0.2744495704794394 383
1740015492112 0.2723655934464905 384
1740015492148 0.27031800407218115 385
1740015492176 0.26830491714250243 386
1740015492202 0.2663265538697956 387
1740015492231 0.26438179307660215 388
1740015492289 0.2624701508232756 389
1740015492315 0.2605912486019562 390
1740015492339 0.25874391659221646 391
1740015492372 0.2569284980749729 392
1740015492399 0.2551431562114659 393
1740015492427 0.25338893566607207 394
1740015492452 0.25166335104306736 395
1740015492484 0.249968128450099 396
1740015492512 0.24830015200232497 397
1740015492538 0.24666180976544458 398
1740015492566 0.24504937304725619 399
1740015492594 0.24346587283135124 400
1740015492620 0.24190698492114798 401
1740015492646 0.2403763646133163 402
1740015492677 0.2388691091382868 403
1740015492704 0.2373894799268637 404
1740015492732 0.23593201220337182 405
1740015492757 0.23450155577039014 406
1740015492784 0.23309210005546033 407
1740015492811 0.2317090658780973 408
1740015492837 0.23034591272766247 409
1740015492864 0.22900861548442392 410
1740015492891 0.22769011921416477 411
1740015492920 0.22639693629169796 412
1740015492948 0.22512151253645313 413
1740015492976 0.22387088163307584 414
1740015493007 0.22263700500097133 415
1740015493033 0.2214274218231129 416
1740015493058 0.22023362364071472 417
1740015493089 0.21906363968865988 418
1740015493119 0.21790850583358293 419
1740015493146 0.2167767262730212 420
1740015493175 0.21565889509058517 421
1740015493205 0.21456397670660907 422
1740015493231 0.21348213700725044 423
1740015493256 0.21242278623759397 424
1740015493284 0.21137567537188437 425
1740015493311 0.21035064641629678 426
1740015493337 0.20933704842453238 427
1740015493363 0.2083451414273251 428
1740015493392 0.20736388526077743 429
1740015493417 0.20640394456367808 430
1740015493444 0.20545390237470998 431
1740015493470 0.2045248148372874 432
1740015493498 0.20360490033563738 433
1740015493524 0.20270559372065808 434
1740015493549 0.20181476059332243 435
1740015493578 0.20094420201450364 436
1740015493609 0.20008144240672326 437
1740015493635 0.1992386368364541 438
1740015493661 0.1984029798914258 439
1740015493687 0.19758696872610826 440
1740015493714 0.19677747918113406 441
1740015493739 0.19598733886191302 442
1740015493764 0.19520311569878054 443
1740015493791 0.19443795638548683 444
1740015493816 0.19368693095885833 445
1740015493841 0.19293687605970208 446
1740015493866 0.19220950931793307 447
1740015493898 0.19148266285032778 448
1740015493924 0.19077814505556098 449
1740015493950 0.1900737145216321 450
1740015493979 0.18939126536861178 451
1740015494011 0.18870848709819354 452
1740015494037 0.1880473546041167 453
1740015494062 0.18738549266660817 454
1740015494088 0.1867449521037292 455
1740015494113 0.18610329726186253 456
1740015494142 0.18548265013117476 457
1740015494167 0.18486051883507204 458
1740015494194 0.1842590918794862 459
1740015494219 0.18365582529943217 460
1740015494244 0.18307296955489552 461
1740015494269 0.18248793265131819 462
1740015494302 0.18192302253441267 463
1740015494327 0.18135560316363028 464
1740015494353 0.1808080355942203 465
1740015494380 0.1802576436485561 466
1740015494408 0.17972683720613178 467
1740015494433 0.17919290378706387 468
1740015494459 0.17867829789946202 469
1740015494485 0.1781602745225242 470
1740015494511 0.17766132868577136 471
1740015494536 0.17715868651596609 472
1740015494561 0.176674879544038 473
1740015494588 0.17618710866057996 474
1740015494615 0.17571793796391072 475
1740015494641 0.17524454665316294 476
1740015494667 0.17478952754478544 477
1740015494699 0.17433004162028715 478
1740015494724 0.17388870664853978 479
1740015494751 0.17344266879707826 480
1740015494784 0.17301456710383856 481
1740015494814 0.17259481465493334 482
1740015494842 0.17216594472083951 483
1740015494868 0.17175873449450701 484
1740015494895 0.17134229565698697 485
1740015494921 0.17094721674129557 486
1740015494946 0.17054280434414756 487
1740015494971 0.17015946033471913 488
1740015494998 0.1697666839962694 489
1740015495025 0.1693946924582402 490
1740015495049 0.1690131755420777 491
1740015495074 0.16865216749259135 492
1740015495101 0.1682815465984913 493
1740015495129 0.16793116600893282 494
1740015495155 0.16757109048319185 495
1740015495182 0.16723099380039627 496
1740015495211 0.16688112526482293 497
1740015495235 0.16655098095052032 498
1740015495260 0.16621099284936153 499
