1740018985285 3.0880149271629977 0
1740018985378 0.020734976348821692 1
1740018985467 0.34814179299368436 2
1740018985560 0.08702520824750283 3
1740018985653 0.007736580850537184 4
1740018985742 0.02458836374386375 5
1740018985835 0.015100660250543066 6
1740018985924 0.9662252485021497 7
1740018986011 0.1330135723974851 8
1740018986098 0.09728465510172189 9
1740018986188 0.05016658894341895 10
1740018986277 0.0003611847223274765 11
1740018986364 0.001211314750430928 12
1740018986456 0.001301029958887238 13
1740018986546 0.02418889619741825 14
1740018986634 0.023282298038084254 15
1740018986720 0.05163301650998945 16
1740018986808 0.2841606008449449 17
1740018986896 0.6708752392946242 18
1740018986986 0.0044359456965611145 19
1740018987074 0.1377485111368703 20
1740018987207 0.10077197595014896 21
1740018987328 1.3636576987251243 22
1740018987417 0.03703969815827356 23
1740018987506 0.0008182747324095444 24
1740018987595 0.0033657399420761124 25
1740018987685 0.0005151407993440657 26
1740018987774 0.009902298962060966 27
1740018987868 0.0072428590911117864 28
1740018987956 0.005741835135159738 29
1740018988042 0.14668017168077757 30
1740018988129 0.5450274108411091 31
1740018988220 0.21554294707044014 32
1740018988308 0.7769588419508722 33
1740018988397 0.005117994033494357 34
1740018988485 0.08360156435961758 35
1740018988575 0.2729378377435785 36
1740018988667 0.12657215174338374 37
1740018988759 0.14178331400840696 38
1740018988847 0.5495564708256299 39
1740018988937 0.010534876043480437 40
1740018989023 0.1058561717484292 41
1740018989110 0.29140351430458256 42
1740018989202 0.054705660877975376 43
1740018989293 0.033252176787174785 44
1740018989382 0.0030555779641555244 45
1740018989471 0.3168197438101376 46
1740018989558 0.04198119025392091 47
1740018989647 0.03880328471721307 48
1740018989736 0.8213822478391583 49
1740018989828 0.10255217014124256 50
1740018989919 0.4806473620479797 51
1740018990006 0.007422687935965204 52
1740018990094 0.007238801991540937 53
1740018990186 0.00997046429857739 54
1740018990274 0.01087644079144881 55
1740018990361 0.0424669819307655 56
1740018990449 0.00013496747071217792 57
1740018990538 0.023218065224875118 58
1740018990627 0.12084182645726307 59
1740018990717 0.07308048874430255 60
1740018990805 0.033017061127328245 61
1740018990894 0.0021714447260550245 62
1740018990981 0.016350169232584328 63
1740018991068 0.14511106886418243 64
1740018991158 0.11393509838373038 65
1740018991247 0.16299974723042449 66
1740018991339 5.310888859956454e-05 67
1740018991427 0.2783098372420804 68
1740018991514 0.3958110368642593 69
1740018991603 0.08667478454844221 70
1740018991693 0.2957966954399479 71
1740018991783 0.270840947790391 72
1740018991875 0.11374618646577452 73
1740018991966 9.02083390438506e-05 74
1740018992054 0.11408802398567376 75
1740018992143 8.75908276383237e-07 76
1740018992232 0.28179804211342463 77
1740018992327 0.006349346072428843 78
1740018992428 0.1526818735912803 79
1740018992517 0.02617198286346166 80
1740018992607 0.42435804828234697 81
1740018992694 0.033851426789755446 82
1740018992783 0.0014697424253674056 83
1740018992872 0.1773368940636399 84
1740018992961 0.2611030294151438 85
1740018993048 0.047456105627102035 86
1740018993137 5.958279358354005e-05 87
1740018993229 0.09110135392147309 88
1740018993320 0.0007704128526391343 89
1740018993407 0.011315178609973886 90
1740018993495 0.21590544118935584 91
1740018993584 0.0032005636968119866 92
1740018993674 0.06542290442026147 93
1740018993762 0.9354357225372757 94
1740018993851 0.1511354169693803 95
1740018993946 0.23607740665753166 96
1740018994034 0.2819594296601983 97
1740018994122 0.014853808837624442 98
1740018994213 0.24251431581013605 99
1740018994300 0.17676957317940992 100
1740018994389 0.002454306643248304 101
1740018994477 0.014229944930572506 102
1740018994564 0.2901588104429528 103
1740018994653 0.08094359186451239 104
1740018994817 0.05001659452494473 105
1740018994905 0.056284992062291636 106
1740018994994 6.250767460585377e-06 107
1740018995083 0.05201545389460863 108
1740018995175 0.25079789103084066 109
1740018995264 0.032471411648877485 110
1740018995351 0.09403183627842171 111
1740018995439 0.0008367873487972313 112
1740018995526 0.1379616935410589 113
1740018995615 0.29231315018346476 114
1740018995704 0.28213379095210855 115
1740018995792 0.02163326633884018 116
1740018995880 0.015009198440510218 117
1740018995974 0.1962925918648231 118
1740018996063 0.26965569656508653 119
1740018996153 0.12047139701794166 120
1740018996300 0.061301408194155096 121
1740018996389 0.0002494980110742639 122
1740018996479 0.006585341462317349 123
1740018996566 0.011563694223912293 124
1740018996656 0.06177228294054968 125
1740018996745 0.09571234734846104 126
1740018996836 0.6332065808469034 127
1740018996925 0.04577077988568224 128
1740018997016 0.048855906102565155 129
1740018997104 0.29791051013909503 130
1740018997196 0.0029494084633528398 131
1740018997285 0.10232102829228487 132
1740018997372 0.11840460078856305 133
1740018997461 0.6166459104836055 134
1740018997550 0.10162154545075947 135
1740018997638 0.10765272265412291 136
1740018997729 0.020422028428536413 137
1740018997818 0.028166533083643096 138
1740018997907 0.01024199298901359 139
1740018998002 0.034401505993902015 140
1740018998092 0.09769620084397868 141
1740018998181 0.0267476103918646 142
1740018998271 0.049334346889182756 143
1740018998358 0.04504643029870283 144
1740018998447 0.11207797223953396 145
1740018998537 0.03037152710648035 146
1740018998626 0.190055242052109 147
1740018998714 0.0033295469398509064 148
1740018998801 0.664913970342116 149
1740018998890 0.0008905523419803471 150
1740018998980 0.013073983477478773 151
1740018999068 0.013388776054825417 152
1740018999157 0.07901315600853304 153
1740018999248 0.04914176120592791 154
1740018999334 0.10554035567743383 155
1740018999421 0.5769352436632776 156
1740018999509 0.0019484248881441659 157
1740018999598 0.0034091882640579973 158
1740018999687 0.019521283102768152 159
1740018999775 0.00067918948840907 160
1740018999867 0.1773212116062822 161
1740018999955 0.02709071083323728 162
1740019000052 0.2578228857371208 163
1740019000140 0.2234792719856107 164
1740019000231 0.04218678859535817 165
1740019000319 0.6400368237753007 166
1740019000422 3.3565072872492016e-06 167
1740019000513 0.033783361381724455 168
1740019000601 0.017017103739150084 169
1740019000689 0.0833661586619233 170
1740019000776 0.32125931695245313 171
1740019000863 0.1549064591905626 172
1740019000951 0.050509606655588346 173
1740019001040 0.009023802518930068 174
1740019001128 1.21829629782539 175
1740019001220 0.006352103844024105 176
1740019001308 0.07400592853432017 177
1740019001399 0.5704336704540507 178
1740019001487 1.2662085365492706 179
1740019001575 0.024165245609693468 180
1740019001665 0.0265770843388876 181
1740019001754 0.3144379278610719 182
1740019001842 0.19359119410617812 183
1740019001931 0.206582880169768 184
1740019002021 0.37884522367228984 185
1740019002116 0.03656481011809834 186
1740019002212 0.059898402574807 187
1740019002300 0.06021667018218297 188
1740019002389 0.015424391782508769 189
