1740006593813 164.836539237242 0
1740006593839 157.32736856739103 1
1740006593863 157.82857321447048 2
1740006593887 157.7338665007574 3
1740006593909 153.06119030799385 4
1740006593932 148.32949074926086 5
1740006593960 147.20646178377757 6
1740006593982 147.52904915162318 7
1740006594004 147.46859462645045 8
1740006594026 145.48487939618988 9
1740006594048 139.04093878483368 10
1740006594070 134.7762315809966 11
1740006594092 138.84676044162566 12
1740006594116 136.4984711219454 13
1740006594140 126.65675335809794 14
1740006594163 121.81429597344908 15
1740006594186 126.58016227159771 16
1740006594208 125.43844532775562 17
1740006594230 119.28592603216354 18
1740006594253 121.07486606440557 19
1740006594275 114.34117673518244 20
1740006594296 115.40811135719635 21
1740006594318 114.42521158117242 22
1740006594341 110.40870785930551 23
1740006594363 108.53055351784509 24
1740006594387 106.60441786961383 25
1740006594409 105.4817493334248 26
1740006594431 106.64365690077634 27
1740006594452 105.59405864833762 28
1740006594474 99.78489245599577 29
1740006594496 95.6836740786123 30
1740006594517 98.61918254800354 31
1740006594539 91.07143162168985 32
1740006594561 88.97567098378538 33
1740006594583 90.54361233392225 34
1740006594606 87.4725928142593 35
1740006594632 88.89812007653967 36
1740006594654 84.83379818906631 37
1740006594676 83.80388477574111 38
1740006594698 83.38670432906686 39
1740006594720 80.80812946877015 40
1740006594742 78.65684169087776 41
1740006594763 78.55958896436891 42
1740006594785 73.90117169257223 43
1740006594807 74.5639941649613 44
1740006594829 76.16696714632573 45
1740006594851 75.70471364125757 46
1740006594875 69.54445327185182 47
1740006594898 70.58188722462404 48
1740006594922 67.96498957513649 49
1740006594943 68.33626354333605 50
1740006594966 65.70842435705727 51
1740006594987 64.27123267636851 52
1740006595010 64.55622713167496 53
1740006595035 63.29202171202503 54
1740006595057 61.32524250166834 55
1740006595081 61.48745635388217 56
1740006595102 58.84579522081298 57
1740006595125 59.35902606366268 58
1740006595146 57.918631390654504 59
1740006595168 56.3384604641249 60
1740006595190 55.97261512718131 61
1740006595212 55.33389152838974 62
1740006595234 53.797062637747814 63
1740006595258 52.90294339329763 64
1740006595280 51.3239726276354 65
1740006595301 50.61203655180045 66
1740006595323 50.552025609190956 67
1740006595345 48.886990151439 68
1740006595367 48.780443178674936 69
1740006595390 46.232679428600015 70
1740006595411 46.54116992064871 71
1740006595433 47.28614404875042 72
1740006595454 43.78090937388336 73
1740006595476 44.34893594089252 74
1740006595499 43.07725680655175 75
1740006595520 42.95140202515372 76
1740006595542 40.49411530789356 77
1740006595564 40.5134110408165 78
1740006595585 40.150738317912484 79
1740006595607 39.26131464896759 80
1740006595630 40.45727484472004 81
1740006595653 38.352430024519165 82
1740006595676 36.1348952857166 83
1740006595698 36.519465898861554 84
1740006595719 37.015306562069284 85
1740006595741 36.258596384942926 86
1740006595762 34.71109762424845 87
1740006595784 32.901835795790085 88
1740006595806 33.732425416061965 89
1740006595828 33.13376837524801 90
1740006595850 32.4288322472549 91
1740006595874 30.780934449645763 92
1740006595899 31.480590528657633 93
1740006595944 30.12853533357321 94
1740006595967 30.539567934182525 95
1740006595991 29.7285149330823 96
1740006596013 29.389014426556344 97
1740006596035 29.275824709371324 98
1740006596057 28.145079264418065 99
1740006596079 27.122844361444237 100
1740006596101 27.650232441430163 101
1740006596123 26.491629963122715 102
1740006596145 26.12387142056191 103
1740006596167 25.168551041368275 104
1740006596188 24.763700817502578 105
1740006596209 25.635191477835324 106
1740006596231 23.923102649611074 107
1740006596254 23.464698649327755 108
1740006596275 23.768058943042075 109
1740006596297 22.998251365634943 110
1740006596319 22.6956941780113 111
1740006596341 22.152846894652125 112
1740006596362 21.72345447191937 113
1740006596385 21.226868603020982 114
1740006596407 20.713977495841338 115
1740006596429 20.992397159048117 116
1740006596451 19.8196861931808 117
1740006596475 20.84007024544216 118
1740006596498 19.31159930145651 119
1740006596520 19.279793713497 120
1740006596543 17.735039569286688 121
1740006596565 18.21577387152825 122
1740006596586 17.821914058045135 123
1740006596608 17.901785119330526 124
1740006596631 17.73283620903181 125
1740006596653 17.507721591881754 126
1740006596675 16.505384908483826 127
1740006596699 15.974728886817084 128
1740006596722 16.329036968976993 129
1740006596746 15.64090610176537 130
1740006596768 16.009006008741803 131
1740006596790 15.646936539493513 132
1740006596812 15.439059398327588 133
1740006596834 14.81101955672704 134
1740006596859 14.118485703745055 135
1740006596885 14.228370086651735 136
1740006596909 14.331650422644314 137
1740006596933 13.428609833483584 138
1740006596955 14.285021352225995 139
1740006596976 12.96409794484896 140
1740006596998 13.817069554544789 141
1740006597020 13.054222540787343 142
1740006597041 12.699352377570037 143
1740006597063 12.781777622875511 144
1740006597084 12.58020988953204 145
1740006597106 12.257172280170627 146
1740006597128 11.447468949480498 147
1740006597150 11.83087027899518 148
1740006597172 11.259608788122927 149
1740006597194 10.944297266608922 150
1740006597216 10.84485070302318 151
1740006597238 11.02137199841226 152
1740006597261 10.739756831373356 153
1740006597282 9.92466578947591 154
1740006597304 10.160928846083566 155
1740006597326 10.245581215603842 156
1740006597348 9.686198945047211 157
1740006597369 9.828435294802876 158
1740006597392 9.47101595885615 159
1740006597414 9.305022701005848 160
1740006597435 9.259379259778836 161
1740006597457 9.031372683692961 162
1740006597479 8.963507789390803 163
1740006597500 8.696837099041858 164
1740006597522 8.105099849681352 165
1740006597544 8.748502616101488 166
1740006597567 8.2024381727805 167
1740006597588 7.932751414846232 168
1740006597610 7.606242937919214 169
1740006597634 7.906027736265667 170
1740006597656 7.576018240599245 171
1740006597678 7.772060624683281 172
1740006597700 7.4576287291346475 173
1740006597723 7.381587853370439 174
1740006597747 7.012953652799398 175
1740006597769 6.576542644293224 176
1740006597791 7.0799991564109845 177
1740006597813 6.689949958869843 178
1740006597835 6.215195590677416 179
1740006597860 6.7518576351427235 180
1740006597882 6.610985174896586 181
1740006597905 6.3097676654762145 182
1740006597927 6.432150667973016 183
1740006597949 5.861297491389131 184
1740006597971 6.035207256574731 185
1740006597993 5.712458857592749 186
1740006598018 5.67675260182728 187
1740006598042 5.382359176314427 188
1740006598064 5.75295735426467 189
1740006598085 5.486304244534542 190
1740006598107 5.519007545604411 191
1740006598129 5.292740055705202 192
1740006598151 5.199495432920582 193
1740006598173 4.938802187187173 194
1740006598195 5.016124769720601 195
1740006598216 5.24635264603229 196
1740006598238 4.540834063993629 197
1740006598263 5.04297716778212 198
1740006598285 4.756899884610631 199
1740006598307 4.611819566835008 200
1740006598329 4.841858034299403 201
1740006598351 4.92552067247448 202
1740006598373 4.594038645581285 203
1740006598395 4.245073227253399 204
1740006598418 4.271350534258868 205
1740006598440 4.047343883035632 206
1740006598461 4.001152049077567 207
1740006598483 4.1200664790241195 208
1740006598505 3.9618669229836554 209
1740006598527 3.62760088672625 210
1740006598548 3.756402446768853 211
1740006598570 3.523971526580473 212
1740006598592 3.4349861700530293 213
1740006598613 4.134896750421695 214
1740006598637 3.454055116057529 215
1740006598659 3.6657570889297624 216
1740006598681 3.4637354336953345 217
1740006598702 3.5722684881816305 218
1740006598724 3.5918945877031043 219
1740006598746 3.420141053052742 220
1740006598769 3.4523742293158364 221
1740006598792 3.362845530675407 222
1740006598815 3.1544298157521666 223
1740006598836 3.1827386338192216 224
1740006598860 2.699957174588865 225
1740006598882 3.083114775134752 226
1740006598904 3.0194563264379357 227
1740006598925 2.9376848235095014 228
1740006598947 2.7967979197195816 229
1740006598969 2.8899727079727655 230
1740006598991 2.7805282429744897 231
1740006599012 2.4262925744694996 232
1740006599033 3.023292011966161 233
1740006599055 2.488335215560598 234
1740006599077 2.5362170126631436 235
1740006599098 2.4957052162837217 236
1740006599119 2.7403898791621595 237
1740006599142 2.4386024416523 238
1740006599163 2.0107728442689856 239
1740006599184 2.4490793951217125 240
1740006599206 2.1264969607522866 241
1740006599228 2.276303394465164 242
1740006599250 2.264739778964094 243
1740006599273 2.0712188474687103 244
1740006599296 2.0524100296258734 245
1740006599322 1.9009826113190895 246
1740006599351 1.940604699623525 247
1740006599375 2.289929783583088 248
1740006599399 1.920005418076722 249
1740006599421 2.0518536700819885 250
1740006599444 2.1459940437391087 251
1740006599466 1.9635943664537832 252
1740006599487 2.0485121449205383 253
1740006599509 1.8822497389687263 254
1740006599530 1.6709836962227904 255
1740006599552 1.753851473142648 256
1740006599574 1.702590132405927 257
1740006599596 1.5428302029139136 258
1740006599618 1.533863167441069 259
1740006599640 1.579981936476679 260
1740006599663 1.673640602849033 261
1740006599684 1.4978903436871083 262
1740006599706 1.4654185759277216 263
1740006599728 1.4933258098528894 264
1740006599750 1.5150295791607389 265
1740006599772 1.4697891438436184 266
1740006599793 1.4146713516420064 267
1740006599817 1.5425055958093992 268
1740006599839 1.26264776249538 269
1740006599863 1.4035267852316464 270
1740006599885 1.2287970096701153 271
1740006599910 1.2614554557560838 272
1740006599931 1.3163743582717753 273
1740006599953 1.1149235874646966 274
1740006599974 1.3980382243384668 275
1740006599996 1.1056865824907334 276
1740006600020 1.2706563791824854 277
1740006600044 1.2400429570452147 278
1740006600070 1.156010066990344 279
1740006600092 1.2440011714309696 280
1740006600114 1.1944042385457185 281
1740006600136 1.1063462435097235 282
1740006600158 1.2749890367947967 283
1740006600179 1.083162131489313 284
1740006600202 1.1870298694230534 285
1740006600223 0.9909406728953071 286
1740006600245 1.1282537995488209 287
1740006600267 1.0606085185594032 288
1740006600288 1.188487630517828 289
1740006600310 1.0463053819136574 290
1740006600333 1.0066351498765922 291
1740006600354 0.9079988226487788 292
1740006600376 1.0323091792060668 293
1740006600399 0.7569933920353275 294
1740006600426 0.9862226871516537 295
1740006600448 0.8075203732305802 296
1740006600473 0.690080366755049 297
1740006600496 1.0009158798598672 298
1740006600520 0.930760063052441 299
1740006600542 0.8247904059115462 300
1740006600563 0.9201252874944008 301
1740006600585 0.7126139297445573 302
1740006600607 0.8367568784169436 303
1740006600629 0.8129550057130266 304
1740006600689 0.6341316680026121 305
1740006600715 0.8321320091988467 306
1740006600739 0.7062473034450516 307
1740006600762 0.6960168295555557 308
1740006600786 0.6018811619172972 309
1740006600808 0.6571687760231051 310
1740006600830 0.7045648175997145 311
1740006600855 0.6099711193781894 312
1740006600880 0.6059499377456675 313
1740006600902 0.6583215741233709 314
1740006600926 0.6538936253048316 315
1740006600947 0.6747079212959183 316
1740006600969 0.736393314403329 317
1740006600990 0.6056683285769288 318
1740006601012 0.5161980720239467 319
1740006601033 0.5572335513094638 320
1740006601055 0.5660843086925398 321
1740006601077 0.6866616835600586 322
1740006601099 0.4909544345109158 323
1740006601121 0.607212799113833 324
1740006601143 0.7314895515310392 325
1740006601164 0.5526448592304308 326
1740006601186 0.46866383072174206 327
1740006601208 0.6979430826129973 328
1740006601230 0.6226484415088706 329
1740006601254 0.633227451745029 330
1740006601277 0.558692647585206 331
1740006601299 0.44588081293396253 332
1740006601321 0.5121265596720685 333
1740006601343 0.4060235921447899 334
1740006601365 0.4229268018946329 335
1740006601387 0.5231180211492517 336
1740006601409 0.46111747713333373 337
1740006601431 0.5678443706126248 338
1740006601452 0.3685375046446475 339
1740006601474 0.6060952340746396 340
1740006601495 0.4817163036585622 341
1740006601517 0.4271686655629996 342
1740006601538 0.39446061842272795 343
1740006601561 0.384685243338761 344
1740006601582 0.4277569566645452 345
1740006601604 0.4650006757147297 346
1740006601628 0.48238160041666994 347
1740006601651 0.3128700522458988 348
1740006601676 0.4928281492590188 349
1740006601698 0.33208792696173334 350
1740006601720 0.37741785837270686 351
1740006601742 0.591202327590847 352
1740006601764 0.37969631451068475 353
1740006601786 0.3439266138729851 354
1740006601807 0.45551343211121553 355
1740006601829 0.36741334303059037 356
1740006601851 0.40566794844417087 357
1740006601878 0.374757832348256 358
1740006601908 0.3395698250383662 359
1740006601951 0.34742895235253035 360
1740006601975 0.36530279199049076 361
1740006601997 0.40301317403022213 362
1740006602019 0.4110384357658151 363
1740006602043 0.36525279301510516 364
1740006602066 0.3125911624417196 365
1740006602090 0.29213267419663713 366
1740006602114 0.311651319057541 367
1740006602136 0.46711536768732764 368
1740006602158 0.21448844253363278 369
1740006602180 0.2529255142832132 370
1740006602202 0.374394512646295 371
1740006602224 0.3338553350491041 372
1740006602245 0.3086047587337835 373
1740006602269 0.23418380566676145 374
1740006602290 0.2575508352837392 375
1740006602312 0.2977819089977068 376
1740006602334 0.2942128911479758 377
1740006602357 0.33284536159681055 378
1740006602379 0.293412406619781 379
1740006602402 0.40151026499333564 380
1740006602425 0.2597746318900578 381
1740006602447 0.2951600025054974 382
1740006602470 0.2922113885166873 383
1740006602492 0.30076155374217184 384
1740006602514 0.26899218457370966 385
1740006602536 0.24525047482894027 386
1740006602558 0.2729064340674218 387
1740006602581 0.2716043837390344 388
1740006602603 0.2305768495938734 389
1740006602625 0.2761429562851865 390
1740006602649 0.22689854106525217 391
1740006602671 0.24682039676674267 392
1740006602693 0.26136486791872315 393
1740006602715 0.23426652792433736 394
1740006602738 0.22796139669637958 395
1740006602760 0.3434371492445233 396
1740006602783 0.22396860121862064 397
1740006602805 0.3167112176374794 398
1740006602827 0.24145223044176284 399
1740006602848 0.17327229154512147 400
1740006602875 0.2274131562076439 401
1740006602897 0.25730112145730966 402
1740006602920 0.29464065502170084 403
1740006602944 0.17969417435363644 404
1740006602967 0.1960729602513181 405
1740006602988 0.23146393378245902 406
1740006603010 0.22038568966081068 407
1740006603031 0.31069526305250134 408
1740006603053 0.2539508477352546 409
1740006603076 0.18817583049872044 410
1740006603098 0.18871043270364277 411
1740006603120 0.20607141915862096 412
1740006603142 0.19629920224701608 413
1740006603164 0.16282167124927832 414
1740006603186 0.15422022369478933 415
1740006603209 0.25167565269566317 416
1740006603231 0.21500898831938267 417
1740006603254 0.27166726695769794 418
1740006603276 0.23355443149329141 419
1740006603299 0.122790805984122 420
1740006603321 0.24467183430929623 421
1740006603343 0.17191392499909203 422
1740006603365 0.1715696425432764 423
1740006603387 0.2058798137864956 424
1740006603409 0.1552472332107229 425
1740006603432 0.15040440787082351 426
1740006603454 0.16256213184446996 427
1740006603476 0.18846805892848323 428
1740006603498 0.16803359528404674 429
1740006603519 0.16860955148659806 430
1740006603541 0.15688814587541314 431
1740006603563 0.16562629489961878 432
1740006603585 0.21588063201427016 433
1740006603606 0.1253828621872383 434
1740006603629 0.12605283890339808 435
1740006603654 0.22684739742005988 436
1740006603676 0.19599296740912386 437
1740006603699 0.1651900247047642 438
1740006603721 0.15852901606109818 439
1740006603743 0.1318681683623242 440
1740006603766 0.13030834108266107 441
1740006603788 0.17167252313011808 442
1740006603810 0.16258951050234235 443
1740006603833 0.1414369558020876 444
1740006603854 0.21441911315274098 445
1740006603878 0.1483052368529907 446
1740006603899 0.1300233975735446 447
1740006603922 0.14302734372539883 448
1740006603944 0.18095702303820826 449
1740006603967 0.1334728697172003 450
1740006603991 0.18361033996455411 451
1740006604013 0.14707757450403489 452
1740006604035 0.17634697567537377 453
1740006604057 0.13112969578872544 454
1740006604079 0.10352390355230916 455
1740006604101 0.13650007004942172 456
1740006604127 0.1011410501387402 457
1740006604150 0.17088843326472355 458
1740006604172 0.1168777182995243 459
1740006604193 0.13879093998181505 460
1740006604256 0.13717706802986143 461
1740006604280 0.12365536297341069 462
1740006604303 0.1502632573641379 463
1740006604325 0.14450722084027398 464
1740006604348 0.13130890331128525 465
1740006604370 0.18696768026718236 466
1740006604392 0.14807778781058514 467
1740006604414 0.11995183149579892 468
1740006604436 0.1765753591781482 469
1740006604458 0.1470459391230867 470
1740006604480 0.16648235952079202 471
1740006604501 0.09774553746533221 472
1740006604523 0.15311201142931502 473
1740006604545 0.13606663153235032 474
1740006604567 0.12083307575217862 475
1740006604589 0.17824005084015304 476
1740006604610 0.11921672092821023 477
1740006604633 0.126654410197545 478
1740006604655 0.10661151834476977 479
1740006604677 0.1283841572043034 480
1740006604699 0.12224555578230469 481
1740006604721 0.08562624181064186 482
1740006604743 0.15773444891584426 483
1740006604765 0.09185595131997068 484
1740006604786 0.2185397509044584 485
1740006604808 0.1959980768701688 486
1740006604830 0.17065758285773175 487
1740006604852 0.1412793921600667 488
1740006604877 0.10351627870185823 489
1740006604899 0.14563653808938576 490
1740006604921 0.13539717988954295 491
1740006604942 0.16134299264876745 492
1740006604964 0.12106310061692507 493
1740006604986 0.1343433423429607 494
1740006605009 0.08606743844225656 495
1740006605033 0.11740916662213698 496
1740006605055 0.059205943201741336 497
1740006605077 0.13494920823850637 498
1740006605099 0.09950902753503924 499
