1739973101427 6.567028438438417 0
1739973101452 5.307462597969146 1
1739973101475 4.489359226226991 2
1739973101500 3.937940114681031 3
1739973101524 3.5504885847745693 4
1739973101548 3.2661605659846376 5
1739973101574 3.048526475441989 6
1739973101600 2.875460232466882 7
1739973101625 2.73327115816652 8
1739973101649 2.6132883272834873 9
1739973101674 2.5098642953629793 10
1739973101698 2.419201782104443 11
1739973101722 2.338658711501959 12
1739973101748 2.266332283955105 13
1739973101772 2.2008066054521898 14
1739973101797 2.1409968290768746 15
1739973101821 2.0860507636339833 16
1739973101845 2.0352851140218124 17
1739973101869 1.9881429203063292 18
1739973101893 1.9441642307144829 19
1739973101917 1.9029652358084421 20
1739973101941 1.8642229639442514 21
1739973101964 1.8276637446179433 22
1739973101988 1.793054306177595 23
1739973102012 1.7601947727949618 24
1739973102035 1.7289130700018023 25
1739973102060 1.6990604010427202 26
1739973102083 1.670507554319074 27
1739973102107 1.643141866763614 28
1739973102130 1.6168647117967039 29
1739973102153 1.5915894111646662 30
1739973102177 1.5672394920454276 31
1739973102201 1.5437472271553223 32
1739973102225 1.52105240798087 33
1739973102248 1.4991013108343292 34
1739973102272 1.4778458229486415 35
1739973102295 1.4572427018015266 36
1739973102318 1.4372529456520404 37
1739973102342 1.4178412571473107 38
1739973102366 1.398975585006372 39
1739973102389 1.380626731358957 40
1739973102412 1.3627680144233478 41
1739973102435 1.3453749779378146 42
1739973102459 1.3284251401853486 43
1739973102482 1.3118977766276458 44
1739973102505 1.2957737311370339 45
1739973102528 1.280035251620945 46
1739973102551 1.2646658465024503 47
1739973102575 1.2496501590765499 48
1739973102600 1.2349738572252058 49
1739973102625 1.220623536360713 50
1739973102667 1.2065866337902296 51
1739973102691 1.1928513529650322 52
1739973102715 1.1794065963052818 53
1739973102738 1.1662419054821807 54
1739973102762 1.1533474082004016 55
1739973102786 1.140713770659653 56
1739973102810 1.1283321549892709 57
1739973102833 1.1161941810473082 58
1739973102856 1.1042918920584928 59
1739973102879 1.092617723636036 60
1739973102903 1.0811644757925496 61
1739973102927 1.0699252875968828 62
1739973102952 1.0588936141778778 63
1739973102978 1.0480632058140253 64
1739973103004 1.0374280888806817 65
1739973103027 1.0269825484547104 66
1739973103050 1.0167211124008078 67
1739973103074 1.0066385367848796 68
1739973103097 0.9967297924781825 69
1739973103120 0.9869900528318968 70
1739973103144 0.9774146823156779 71
1739973103168 0.9679992260258878 72
1739973103194 0.9587393999798034 73
1739973103220 0.9496310821214013 74
1739973103245 0.9406703039724817 75
1739973103269 0.9318532428700547 76
1739973103292 0.92317621473724 77
1739973103316 0.9146356673404906 78
1739973103339 0.9062281739908687 79
1739973103363 0.8979504276514585 80
1739973103387 0.889799235416841 81
1739973103409 0.8817715133339807 82
1739973103430 0.873864281536905 83
1739973103521 0.8660746596702507 84
1739973103548 0.8583998625791618 85
1739973103574 0.8508371962451537 86
1739973103599 0.8433840539494789 87
1739973103624 0.8360379126472316 88
1739973103649 0.8287963295369583 89
1739973103676 0.8216569388119109 90
1739973103700 0.8146174485803057 91
1739973103724 0.8076756379430542 92
1739973103748 0.8008293542184209 93
1739973103773 0.7940765103039605 94
1739973103796 0.7874150821668837 95
1739973103819 0.7808431064547288 96
1739973103842 0.7743586782188777 97
1739973103866 0.7679599487440311 98
1739973103889 0.7616451234773147 99
1739973103911 0.7554124600511568 100
1739973103933 0.7492602663945279 101
1739973103956 0.7431868989275336 102
1739973103980 0.7371907608347145 103
1739973104004 0.73127030041274 104
1739973104028 0.7254240094884868 105
1739973104051 0.7196504219037707 106
1739973104075 0.7139481120632521 107
1739973104098 0.7083156935422679 108
1739973104122 0.7027518177515566 109
1739973104144 0.697255172656038 110
1739973104168 0.6918244815449881 111
1739973104194 0.6864585018511153 112
1739973104218 0.6811560240161985 113
1739973104241 0.6759158704010844 114
1739973104265 0.6707368942379762 115
1739973104289 0.6656179786230615 116
1739973104312 0.660558035547643 117
1739973104334 0.6555560049660359 118
1739973104355 0.6506108538985944 119
1739973104378 0.6457215755683171 120
1739973104401 0.6408871885695642 121
1739973104424 0.6361067360675039 122
1739973104447 0.6313792850269638 123
1739973104468 0.6267039254694454 124
1739973104491 0.6220797697571154 125
1739973104512 0.6175059519026478 126
1739973104533 0.6129816269038486 127
1739973104555 0.6085059701020453 128
1739973104582 0.6040781765632712 129
1739973104607 0.5996974604813268 130
1739973104631 0.5953630546018355 131
1739973104654 0.5910742096664596 132
1739973104680 0.5868301938764758 133
1739973104704 0.5826302923749473 134
1739973104728 0.5784738067467701 135
1739973104752 0.574360054535889 136
1739973104776 0.5702883687790299 137
1739973104801 0.5662580975553041 138
1739973104826 0.5622686035510843 139
1739973104850 0.5583192636395672 140
1739973104874 0.5544094684744674 141
1739973104898 0.5505386220973132 142
1739973104923 0.5467061415578304 143
1739973104947 0.5429114565469283 144
1739973104969 0.5391540090418199 145
1739973104992 0.535433252962826 146
1739973105017 0.5317486538414363 147
1739973105041 0.5280996884992112 148
1739973105066 0.5244858447371304 149
1739973105091 0.5209066210350105 150
1739973105116 0.5173615262606229 151
1739973105140 0.5138500793881664 152
1739973105164 0.5103718092257548 153
1739973105191 0.5069262541516013 154
1739973105215 0.5035129618585836 155
1739973105238 0.5001314891068989 156
1739973105261 0.4967814014845165 157
1739973105285 0.49346227317515795 158
1739973105308 0.4901736867335359 159
1739973105330 0.48691523286760013 160
1739973105352 0.48368651022754633 161
1739973105379 0.4804871252013515 162
1739973105404 0.4773166917166088 163
1739973105427 0.474174831048447 164
1739973105452 0.4710611716333219 165
1739973105476 0.4679753488884812 166
1739973105499 0.46491700503690675 167
1739973105523 0.46188578893754706 168
1739973105544 0.4588813559206624 169
1739973105565 0.4559033676281074 170
1739973105589 0.4529514918583857 171
1739973105613 0.450025402416314 172
1739973105637 0.44712477896714425 173
1739973105661 0.44424930689499026 174
1739973105685 0.4413986771654202 175
1739973105709 0.4385725861920724 176
1739973105734 0.4357707357071624 177
1739973105758 0.43299283263575505 178
1739973105782 0.43023858897367295 179
1739973105806 0.4275077216689264 180
1739973105828 0.4247999525065464 181
1739973105849 0.4221150079967118 182
1739973105871 0.4194526192660619 183
1739973105896 0.4168125219520913 184
1739973105920 0.41419445610052913 185
1739973105943 0.41159816606560434 186
1739973105967 0.4090234004131045 187
1739973105991 0.40646991182613995 188
1739973106015 0.4039374570135268 189
1739973106038 0.4014257966207026 190
1739973106062 0.3989346951430988 191
1739973106085 0.3964639208418883 192
1739973106108 0.39401324566203494 193
1739973106131 0.3915824451525732 194
1739973106155 0.3891712983890461 195
1739973106179 0.38677958789803657 196
1739973106202 0.3844070995837236 197
1739973106226 0.38205362265640413 198
1739973106248 0.37971894956291685 199
1739973106269 0.37740287591891086 200
1739973106291 0.3751052004429015 201
1739973106312 0.37282572489205945 202
1739973106334 0.3705642539996785 203
1739973106355 0.3683205954142734 204
1739973106377 0.36609455964025633 205
1739973106400 0.36388595998014367 206
1739973106423 0.36169461247824997 207
1739973106446 0.35952033586582005 208
1739973106468 0.35736295150755987 209
1739973106490 0.3552222833495229 210
1739973106514 0.35309815786831106 211
1739973106536 0.35099040402155207 212
1739973106558 0.3488988531996147 213
1739973106579 0.34682333917852726 214
1739973106603 0.34476369807406015 215
1739973106627 0.3427197682969442 216
1739973106649 0.3406913905091846 217
1739973106674 0.3386784075814453 218
1739973106698 0.3366806645514671 219
1739973106722 0.3346980085834951 220
1739973106745 0.332730288928681 221
1739973106768 0.33077735688643617 222
1739973106789 0.328839065766707 223
1739973106813 0.3269152708531457 224
1739973106834 0.325005829367152 225
1739973106856 0.3231106004327611 226
1739973106878 0.3212294450423534 227
1739973106902 0.3193622260231623 228
1739973106926 0.3175088080045611 229
1739973106949 0.3156690573861022 230
1739973106972 0.31384284230629167 231
1739973106993 0.31203003261207807 232
1739973107018 0.3102304998290331 233
1739973107042 0.3084441171322104 234
1739973107066 0.3066707593176573 235
1739973107090 0.304910302774568 236
1739973107114 0.30316262545805583 237
1739973107137 0.3014276068625318 238
1739973107161 0.29970512799566934 239
1739973107187 0.29799507135294295 240
1739973107211 0.2962973208927222 241
1739973107235 0.29461176201190964 242
1739973107258 0.29293828152210477 243
1739973107282 0.2912767676262824 244
1739973107305 0.28962710989597207 245
1739973107328 0.28798919924892263 246
1739973107349 0.2863629279272424 247
1739973107371 0.2847481894760022 248
1739973107392 0.28314487872228605 249
1739973107414 0.28155289175468196 250
1739973107436 0.279972125903199 251
1739973107458 0.2784024797196012 252
1739973107479 0.27684385295814606 253
1739973107500 0.2752961465567191 254
1739973107521 0.2737592626183526 255
1739973107546 0.2722331043931212 256
1739973107570 0.27071757626040194 257
1739973107596 0.26921258371149187 258
1739973107621 0.2677180333325745 259
1739973107645 0.26623383278802354 260
1739973107684 0.26475989080404 261
1739973107717 0.2632961171526099 262
1739973107743 0.2618424226357786 263
1739973107767 0.26039871907023077 264
1739973107791 0.25896491927217136 265
1739973107815 0.2575409370424991 266
1739973107839 0.25612668715226394 267
1739973107861 0.25472208532840485 268
1739973107888 0.25332704823975827 269
1739973107913 0.2519414934833327 270
1739973107937 0.2505653395708427 271
1739973107961 0.24919850591549458 272
1739973107983 0.247840912819021 273
1739973108006 0.24649248145895566 274
1739973108029 0.24515313387614393 275
1739973108052 0.2438227929624841 276
1739973108075 0.2425013824488937 277
1739973108097 0.24118882689349416 278
1739973108120 0.23988505167001217 279
1739973108144 0.23858998295638983 280
1739973108167 0.23730354772359932 281
1739973108194 0.2360256737246595 282
1739973108218 0.23475628948384708 283
1739973108240 0.2334953242861002 284
1739973108263 0.23224270816660852 285
1739973108286 0.23099837190058756 286
1739973108310 0.22976224699323072 287
1739973108332 0.2285342656698373 288
1739973108358 0.22731436086611215 289
1739973108380 0.2261024662186318 290
1739973108405 0.224898516055475 291
1739973108429 0.22370244538701445 292
1739973108453 0.22251418989686383 293
1739973108476 0.22133368593298006 294
1739973108499 0.22016087049891458 295
1739973108523 0.21899568124521232 296
1739973108547 0.2178380564609548 297
1739973108571 0.21668793506544368 298
1739973108594 0.215545256600023 299
1739973108624 0.21440996122003544 300
1739973108649 0.2132819896869121 301
1739973108677 0.21216128336039156 302
1739973108702 0.2110477841908649 303
1739973108725 0.20994143471184654 304
1739973108748 0.20884217803256577 305
1739973108771 0.20774995783067787 306
1739973108794 0.20666471834509206 307
1739973108818 0.2055864043689144 308
1739973108841 0.20451496124250254 309
1739973108864 0.20345033484663017 310
1739973108886 0.2023924715957603 311
1739973108910 0.20134131843142306 312
1739973108933 0.2002968228156978 313
1739973108959 0.19925893272479644 314
1739973108981 0.19822759664274706 315
1739973109003 0.19720276355517366 316
1739973109030 0.19618438294317367 317
1739973109055 0.1951724047772875 318
1739973109077 0.19416677951156164 319
1739973109121 0.19316745807770094 320
1739973109196 0.1921743918793106 321
1739973109221 0.19118753278622438 322
1739973109245 0.19020683312891803 323
1739973109267 0.1892322456930073 324
1739973109290 0.18826372371382707 325
1739973109313 0.18730122087109177 326
1739973109336 0.18634469128363462 327
1739973109359 0.1853940895042244 328
1739973109381 0.1844493705144591 329
1739973109405 0.18351048971973355 330
1739973109429 0.1825774029442811 331
1739973109452 0.1816500664262871 332
1739973109475 0.18072843681307357 333
1739973109498 0.17981247115635304 334
1739973109520 0.17890212690755097 335
1739973109544 0.17799736191319523 336
1739973109569 0.17709813441037103 337
1739973109592 0.17620440302224138 338
1739973109615 0.1753161267536306 339
1739973109642 0.1744332649866704 340
1739973109668 0.17355577747650672 341
1739973109694 0.17268362434706883 342
1739973109718 0.17181676608689492 343
1739973109743 0.17095516354501827 344
1739973109767 0.17009877792690944 345
1739973109790 0.16924757079047478 346
1739973109812 0.16840150404211068 347
1739973109835 0.16756053993281206 348
1739973109858 0.16672464105433374 349
1739973109880 0.16589377033540503 350
1739973109903 0.16506789103799577 351
1739973109927 0.1642469667536324 352
1739973109951 0.1634309613997657 353
1739973109973 0.16261983921618517 354
1739973109995 0.1618135647614843 355
1739973110018 0.16101210290957116 356
1739973110042 0.16021541884622692 357
1739973110065 0.15942347806571022 358
1739973110088 0.15863624636740584 359
1739973110113 0.15785368985251924 360
1739973110139 0.15707577492081345 361
1739973110162 0.1563024682673898 362
1739973110190 0.15553373687951103 363
1739973110212 0.15476954803346524 364
1739973110235 0.154009869291472 365
1739973110259 0.15325466849862765 366
1739973110282 0.1525039137798912 367
1739973110304 0.15175757353710864 368
1739973110329 0.1510156164460766 369
1739973110352 0.15027801145364228 370
1739973110376 0.14954472777484246 371
1739973110400 0.14881573489007796 372
1739973110423 0.14809100254232452 373
1739973110448 0.1473705007343796 374
1739973110471 0.1466541997261436 375
1739973110494 0.14594207003193593 376
1739973110518 0.14523408241784488 377
1739973110544 0.14453020789911092 378
1739973110568 0.14383041773754296 379
1739973110592 0.1431346834389668 380
1739973110615 0.14244297675070605 381
1739973110639 0.14175526965909346 382
1739973110662 0.14107153438701459 383
1739973110687 0.14039174339148072 384
1739973110712 0.13971586936123245 385
1739973110735 0.13904388521437272 386
1739973110761 0.13837576409602928 387
1739973110787 0.13771147937604533 388
1739973110814 0.1370510046466991 389
1739973110856 0.13639431372045047 390
1739973110879 0.13574138062771615 391
1739973110902 0.13509217961467107 392
1739973110926 0.1344466851410767 393
1739973110949 0.13380487187813578 394
1739973110971 0.13316671470637312 395
1739973110994 0.1325321887135412 396
1739973111017 0.13190126919255182 397
1739973111041 0.1312739316394322 398
1739973111066 0.13065015175130518 399
1739973111090 0.1300299054243943 400
1739973111112 0.12941316875205175 401
1739973111137 0.12879991802281043 402
1739973111165 0.12819012971845908 403
1739973111190 0.1275837805121393 404
1739973111215 0.12698084726646652 405
1739973111239 0.12638130703167133 406
1739973111263 0.12578513704376434 407
1739973111289 0.12519231472272127 408
1739973111316 0.12460281767069005 409
1739973111341 0.12401662367021822 410
1739973111365 0.12343371068250154 411
1739973111388 0.1228540568456525 412
1739973111413 0.12227764047298931 413
1739973111437 0.12170444005134412 414
1739973111463 0.1211344342393915 415
1739973111487 0.12056760186599529 416
1739973111510 0.12000392192857519 417
1739973111533 0.11944337359149175 418
1739973111556 0.11888593618444984 419
1739973111581 0.11833158920092056 420
1739973111607 0.11778031229658047 421
1739973111630 0.11723208528776978 422
1739973111653 0.11668688814996662 423
1739973111681 0.1161447010162796 424
1739973111706 0.1156055041759571 425
1739973111730 0.11506927807291312 426
1739973111772 0.11453600330426997 427
1739973111842 0.11400566061891772 428
1739973111866 0.11347823091608845 429
1739973111891 0.1129536952439482 430
1739973111921 0.11243203479820345 431
1739973111947 0.11191323092072328 432
1739973111971 0.1113972650981773 433
1739973111995 0.11088411896068824 434
1739973112018 0.11037377428049966 435
1739973112042 0.10986621297065835 436
1739973112065 0.1093614170837112 437
1739973112087 0.10885936881041657 438
1739973112110 0.10836005047846957 439
1739973112132 0.1078634445512417 440
1739973112160 0.10736953362653362 441
1739973112186 0.10687830043534227 442
1739973112211 0.10638972784064117 443
1739973112235 0.1059037988361737 444
1739973112261 0.10542049654525971 445
1739973112285 0.10493980421961537 446
1739973112310 0.1044617052381851 447
1739973112333 0.1039861831059867 448
1739973112361 0.1035132214529689 449
1739973112385 0.10304280403288041 450
1739973112409 0.1025749147221525 451
1739973112432 0.1021095375187921 452
1739973112456 0.10164665654128789 453
1739973112479 0.10118625602752718 454
1739973112505 0.10072832033372509 455
1739973112529 0.1002728339333646 456
1739973112555 0.09981978141614804 457
1739973112577 0.09936914748695963 458
1739973112605 0.09892091696483912 459
1739973112630 0.09847507478196625 460
1739973112654 0.09803160598265553 461
1739973112681 0.09759049572236235 462
1739973112707 0.09715172926669885 463
1739973112731 0.09671529199046033 464
1739973112756 0.09628116937666192 465
1739973112781 0.09584934701558537 466
1739973112805 0.09541981060383534 467
1739973112827 0.0949925459434064 468
1739973112850 0.0945675389407585 469
1739973112874 0.09414477560590329 470
1739973112896 0.09372424205149887 471
1739973112919 0.0933059244919546 472
1739973112942 0.09288980924254475 473
1739973112968 0.09247588271853159 474
1739973112992 0.09206413143429695 475
1739973113015 0.09165454200248328 476
1739973113039 0.09124710113314355 477
1739973113063 0.09084179563289907 478
1739973113087 0.09043861240410675 479
1739973113112 0.09003753844403442 480
1739973113135 0.08963856084404463 481
1739973113159 0.0892416667887869 482
1739973113184 0.08884684355539779 483
1739973113218 0.08845407851270937 484
1739973113243 0.08806335912046573 485
1739973113268 0.08767467292854711 486
1739973113292 0.08728800757620216 487
1739973113321 0.08690335079128757 488
1739973113354 0.08652069038951574 489
1739973113383 0.0861400142737098 490
1739973113408 0.08576131043306584 491
1739973113431 0.0853845669424229 492
1739973113459 0.08500977196154001 493
1739973113483 0.08463691373438062 494
1739973113506 0.08426598058840393 495
1739973113529 0.0838969609338632 496
1739973113551 0.08352984326311132 497
1739973113575 0.08316461614991308 498
1739973113597 0.08280126824876424 499
