1740012710494 176.79355072384533 0
1740012710518 176.75793470247905 1
1740012710545 176.7223265636218 2
1740012710572 176.68672630545748 3
1740012710597 176.65113392617056 4
1740012710622 176.6155494239458 5
1740012710648 176.5799727969685 6
1740012710672 176.5444040434243 7
1740012710696 176.5088431614993 8
1740012710723 176.47329014938006 9
1740012710748 176.43774500525353 10
1740012710771 176.4022077273071 11
1740012710795 176.36667831372856 12
1740012710819 176.3311567627062 13
1740012710853 176.2956430724286 14
1740012710877 176.26013724108495 15
1740012710900 176.22463926686473 16
1740012710923 176.18914914795786 17
1740012710949 176.15366688255477 18
1740012710972 176.11819246884622 19
1740012710995 176.08272590502347 20
1740012711020 176.04726718927813 21
1740012711047 176.01181631980234 22
1740012711071 175.97637329478854 23
1740012711094 175.94093811242968 24
1740012711117 175.90551077091914 25
1740012711143 175.87009126845066 26
1740012711168 175.83467960321852 27
1740012711190 175.7992757734173 28
1740012711217 175.76387977724204 29
1740012711241 175.72849161288823 30
1740012711264 175.69311127855187 31
1740012711287 175.65773877242918 32
1740012711312 175.622374092717 33
1740012711335 175.58701723761246 34
1740012711358 175.55166820531318 35
1740012711381 175.5163269940172 36
1740012711408 175.480993601923 37
1740012711431 175.4456680272294 38
1740012711454 175.41035026813577 39
1740012711478 175.37504032284184 40
1740012711503 175.33973818954772 41
1740012711526 175.30444386645405 42
1740012711549 175.26915735176178 43
1740012711573 175.23387864367234 44
1740012711597 175.19860774038764 45
1740012711620 175.16334464010987 46
1740012711643 175.12808934104183 47
1740012711667 175.09284184138653 48
1740012711691 175.0576021393476 49
1740012711713 175.02237023312895 50
1740012711740 174.98714612093505 51
1740012711765 174.9519298009706 52
1740012711788 174.91672127144096 53
1740012711812 174.88152053055168 54
1740012711835 174.84632757650894 55
1740012711863 174.81114240751918 56
1740012711886 174.77596502178935 57
1740012711909 174.7407954175268 58
1740012711933 174.70563359293934 59
1740012711957 174.67047954623507 60
1740012711979 174.6353332756227 61
1740012712002 174.60019477931124 62
1740012712025 174.5650640555101 63
1740012712050 174.5299411024293 64
1740012712077 174.49482591827896 65
1740012712104 174.45971850127 66
1740012712201 174.42461884961338 67
1740012712228 174.38952696152083 68
1740012712256 174.35444283520425 69
1740012712280 174.3193664688761 70
1740012712304 174.28429786074915 71
1740012712326 174.2492370090367 72
1740012712349 174.21418391195243 73
1740012712372 174.17913856771045 74
1740012712399 174.14410097452523 75
1740012712422 174.10907113061174 76
1740012712445 174.07404903418532 77
1740012712468 174.03903468346172 78
1740012712492 174.00402807665722 79
1740012712515 173.9690292119884 80
1740012712538 173.9340380876723 81
1740012712562 173.89905470192636 82
1740012712587 173.86407905296852 83
1740012712610 173.82911113901696 84
1740012712633 173.79415095829052 85
1740012712656 173.75919850900829 86
1740012712679 173.7242537893898 87
1740012712703 173.68931679765507 88
1740012712725 173.65438753202451 89
1740012712758 173.61946599071888 90
1740012712783 173.58455217195944 91
1740012712806 173.54964607396792 92
1740012712829 173.51474769496627 93
1740012712855 173.479857033177 94
1740012712879 173.44497408682312 95
1740012712902 173.41009885412785 96
1740012712926 173.375231333315 97
1740012712955 173.34037152260876 98
1740012712978 173.30551942023362 99
1740012713001 173.27067502441466 100
1740012713024 173.2358383333773 101
1740012713048 173.20100934534733 102
1740012713072 173.16618805855106 103
1740012713095 173.1313744712151 104
1740012713120 173.09656858156663 105
1740012713148 173.06177038783312 106
1740012713170 173.02697988824244 107
1740012713193 172.99219708102302 108
1740012713216 172.9574219644036 109
1740012713240 172.92265453661332 110
1740012713264 172.8878947958818 111
1740012713289 172.8531427404391 112
1740012713315 172.8183983685156 113
1740012713338 172.78366167834218 114
1740012713361 172.74893266815005 115
1740012713384 172.7142113361709 116
1740012713407 172.67949768063693 117
1740012713430 172.64479169978054 118
1740012713453 172.61009339183468 119
1740012713476 172.5754027550328 120
1740012713503 172.54071978760848 121
1740012713525 172.50604448779606 122
1740012713549 172.47137685383004 123
1740012713573 172.43671688394545 124
1740012713598 172.40206457637777 125
1740012713623 172.36741992936277 126
1740012713646 172.33278294113674 127
1740012713670 172.2981536099364 128
1740012713693 172.26353193399876 129
1740012713717 172.22891791156135 130
1740012713739 172.1943115408621 131
1740012713764 172.15971282013936 132
1740012713787 172.12512174763182 133
1740012713810 172.09053832157872 134
1740012713832 172.05596254021955 135
1740012713857 172.0213944017944 136
1740012713881 171.98683390454363 137
1740012713904 171.95228104670807 138
1740012713927 171.91773582652894 139
1740012713950 171.88319824224791 140
1740012713973 171.84866829210702 141
1740012713996 171.81414597434878 142
1740012714018 171.7796312872161 143
1740012714047 171.7451242289522 144
1740012714074 171.71062479780088 145
1740012714097 171.67613299200622 146
1740012714121 171.64164880981286 147
1740012714144 171.60717224946566 148
1740012714168 171.57270330921006 149
1740012714191 171.53824198729185 150
1740012714215 171.50378828195713 151
1740012714241 171.46934219145265 152
1740012714265 171.43490371402538 153
1740012714288 171.4004728479227 154
1740012714313 171.3660495913926 155
1740012714338 171.33163394268325 156
1740012714361 171.29722590004332 157
1740012714384 171.26282546172195 158
1740012714410 171.2284326259686 159
1740012714435 171.1940473910332 160
1740012714457 171.15966975516608 161
1740012714481 171.12529971661797 162
1740012714506 171.0909372736401 163
1740012714530 171.05658242448393 164
1740012714553 171.02223516740148 165
1740012714576 170.98789550064512 166
1740012714601 170.95356342246768 167
1740012714623 170.91923893112235 168
1740012714647 170.88492202486276 169
1740012714670 170.85061270194288 170
1740012714694 170.81631096061727 171
1740012714717 170.78201679914073 172
1740012714740 170.74773021576848 173
1740012714764 170.71345120875628 174
1740012714793 170.67917977636014 175
1740012714818 170.6449159168366 176
1740012714841 170.6106596284426 177
1740012714870 170.5764109094354 178
1740012714895 170.54216975807276 179
1740012714918 170.50793617261286 180
1740012714941 170.47371015131412 181
1740012714965 170.43949169243567 182
1740012714988 170.40528079423675 183
1740012715011 170.3710774549772 184
1740012715034 170.33688167291726 185
1740012715063 170.30269344631742 186
1740012715086 170.26851277343874 187
1740012715109 170.23433965254264 188
1740012715132 170.200174081891 189
1740012715155 170.166016059746 190
1740012715178 170.13186558437025 191
1740012715201 170.0977226540269 192
1740012715226 170.0635872669794 193
1740012715253 170.02945942149154 194
1740012715276 169.9953391158277 195
1740012715299 169.96122634825252 196
1740012715323 169.92712111703113 197
1740012715347 169.89302342042905 198
1740012715371 169.85893325671213 199
1740012715395 169.82485062414676 200
1740012715420 169.79077552099966 201
1740012715443 169.75670794553795 202
1740012715466 169.72264789602926 203
1740012715489 169.68859537074144 204
1740012715512 169.65455036794293 205
1740012715535 169.6205128859025 206
1740012715558 169.5864829228893 207
1740012715581 169.55246047717296 208
1740012715610 169.51844554702342 209
1740012715633 169.48443813071114 210
1740012715655 169.45043822650692 211
1740012715678 169.41644583268197 212
1740012715702 169.3824609475079 213
1740012715725 169.34848356925679 214
1740012715748 169.31451369620106 215
1740012715773 169.28055132661356 216
1740012715798 169.2465964587675 217
1740012715821 169.21264909093662 218
1740012715844 169.17870922139494 219
1740012715869 169.1447768484169 220
1740012715892 169.11085197027748 221
1740012715915 169.0769345852519 222
1740012715938 169.0430246916158 223
1740012715963 169.00912228764543 224
1740012715987 168.97522737161717 225
1740012716010 168.94133994180794 226
1740012716034 168.9074599964951 227
1740012716058 168.87358753395637 228
1740012716083 168.83972255246982 229
1740012716106 168.80586505031408 230
1740012716129 168.772015025768 231
1740012716153 168.73817247711096 232
1740012716176 168.7043374026227 233
1740012716198 168.6705098005834 234
1740012716222 168.6366896692736 235
1740012716247 168.60287700697424 236
1740012716270 168.56907181196675 237
1740012716293 168.53527408253282 238
1740012716318 168.5014838169547 239
1740012716345 168.46770101351495 240
1740012716367 168.43392567049654 241
1740012716390 168.4001577861829 242
1740012716414 168.36639735885774 243
1740012716439 168.33264438680536 244
1740012716461 168.29889886831032 245
1740012716484 168.2651608016576 246
1740012716509 168.23143018513267 247
1740012716533 168.19770701702134 248
1740012716556 168.16399129560978 249
1740012716579 168.13028301918462 250
1740012716607 168.09658218603292 251
1740012716630 168.06288879444207 252
1740012716652 168.02920284269993 253
1740012716676 167.99552432909474 254
1740012716702 167.96185325191516 255
1740012716724 167.92818960945016 256
1740012716747 167.89453339998923 257
1740012716770 167.86088462182218 258
1740012716794 167.82724327323933 259
1740012716819 167.7936093525313 260
1740012716847 167.7599828579891 261
1740012716872 167.72636378790423 262
1740012716896 167.69275214056856 263
1740012716919 167.65914791427434 264
1740012716942 167.62555110731424 265
1740012716968 167.5919617179813 266
1740012716993 167.55837974456895 267
1740012717016 167.52480518537118 268
1740012717046 167.49123803868216 269
1740012717075 167.4576783027966 270
1740012717101 167.42412597600958 271
1740012717132 167.39058105661655 272
1740012717159 167.35704354291343 273
1740012717186 167.32351343319644 274
1740012717212 167.2899907257623 275
1740012717238 167.25647541890805 276
1740012717264 167.22296751093128 277
1740012717292 167.18946700012972 278
1740012717319 167.15597388480177 279
1740012717344 167.12248816324606 280
1740012717371 167.08900983376168 281
1740012717398 167.05553889464812 282
1740012717421 167.02207534420526 283
1740012717443 166.98861918073337 284
1740012717475 166.9551704025332 285
1740012717498 166.92172900790575 286
1740012717521 166.8882949951526 287
1740012717544 166.85486836257553 288
1740012717568 166.8214491084769 289
1740012717591 166.78803723115936 290
1740012717615 166.75463272892605 291
1740012717639 166.72123560008035 292
1740012717664 166.68784584292627 293
1740012717687 166.65446345576797 294
1740012717710 166.6210884369102 295
1740012717734 166.58772078465807 296
1740012717757 166.55436049731702 297
1740012717780 166.5210075731929 298
1740012717803 166.487662010592 299
1740012717828 166.45432380782103 300
1740012717854 166.42099296318708 301
1740012717877 166.3876694749976 302
1740012717899 166.3543533415604 303
1740012717923 166.32104456118387 304
1740012717946 166.2877431321766 305
1740012717968 166.25444905284766 306
1740012717991 166.22116232150654 307
1740012718020 166.1878829364631 308
1740012718043 166.15461089602758 309
1740012718068 166.12134619851065 310
1740012718167 166.08808884222339 311
1740012718194 166.05483882547725 312
1740012718218 166.02159614658407 313
1740012718241 165.98836080385604 314
1740012718268 165.95513279560592 315
1740012718290 165.9219121201467 316
1740012718313 165.88869877579177 317
1740012718336 165.8554927608551 318
1740012718360 165.82229407365074 319
1740012718382 165.7891027124935 320
1740012718405 165.75591867569833 321
1740012718429 165.7227419615806 322
1740012718453 165.68957256845627 323
1740012718475 165.65641049464145 324
1740012718549 165.62325573845277 325
1740012718599 165.59010829820727 326
1740012718622 165.55696817222233 327
1740012718645 165.52383535881577 328
1740012718670 165.49070985630578 329
1740012718693 165.457591663011 330
1740012718715 165.42448077725032 331
1740012718739 165.39137719734325 332
1740012718764 165.35828092160946 333
1740012718788 165.3251919483692 334
1740012718811 165.29211027594303 335
1740012718834 165.2590359026519 336
1740012718861 165.22596882681722 337
1740012718888 165.19290904676066 338
1740012718911 165.15985656080449 339
1740012718933 165.1268113672712 340
1740012718966 165.09377346448366 341
1740012718989 165.06074285076537 342
1740012719011 165.0277195244399 343
1740012719036 164.9947034838315 344
1740012719060 164.96169472726464 345
1740012719085 164.9286932530642 346
1740012719108 164.89569905955562 347
1740012719133 164.8627121450645 348
1740012719158 164.82973250791693 349
1740012719181 164.79676014643945 350
1740012719204 164.7637950589589 351
1740012719227 164.73083724380263 352
1740012719251 164.69788669929827 353
1740012719275 164.66494342377388 354
1740012719298 164.63200741555798 355
1740012719324 164.59907867297937 356
1740012719349 164.5661571943673 357
1740012719373 164.53324297805145 358
1740012719395 164.50033602236184 359
1740012719420 164.46743632562885 360
1740012719442 164.4345438861834 361
1740012719467 164.40165870235663 362
1740012719490 164.3687807724802 363
1740012719519 164.33591009488603 364
1740012719543 164.30304666790656 365
1740012719567 164.2701904898746 366
1740012719590 164.2373415591233 367
1740012719614 164.20449987398626 368
1740012719637 164.1716654327974 369
1740012719659 164.13883823389108 370
1740012719684 164.10601827560208 371
1740012719712 164.0732055562655 372
1740012719734 164.04040007421688 373
1740012719757 164.00760182779217 374
1740012719781 163.9748108153277 375
1740012719804 163.9420270351601 376
1740012719827 163.90925048562647 377
1740012719849 163.8764811650644 378
1740012719874 163.84371907181168 379
1740012719898 163.81096420420658 380
1740012719921 163.77821656058785 381
1740012719944 163.74547613929445 382
1740012719968 163.71274293866583 383
1740012719992 163.68001695704191 384
1740012720016 163.6472981927628 385
1740012720039 163.6145866441692 386
1740012720067 163.58188230960212 387
1740012720090 163.54918518740288 388
1740012720115 163.51649527591337 389
1740012720139 163.48381257347572 390
1740012720162 163.45113707843245 391
1740012720186 163.41846878912654 392
1740012720208 163.3858077039014 393
1740012720232 163.3531538211007 394
1740012720258 163.3205071390686 395
1740012720281 163.28786765614964 396
1740012720304 163.25523537068872 397
1740012720333 163.2226102810311 398
1740012720363 163.1899923855225 399
1740012720392 163.1573816825089 400
1740012720417 163.12477817033692 401
1740012720443 163.09218184735332 402
1740012720468 163.0595927119054 403
1740012720491 163.02701076234072 404
1740012720514 162.99443599700734 405
1740012720538 162.9618684142537 406
1740012720562 162.92930801242852 407
1740012720587 162.89675478988107 408
1740012720611 162.86420874496088 409
1740012720639 162.8316698760179 410
1740012720661 162.79913818140253 411
1740012720684 162.7666136594655 412
1740012720707 162.73409630855792 413
1740012720732 162.70158612703128 414
1740012720755 162.66908311323758 415
1740012720778 162.63658726552902 416
1740012720801 162.60409858225833 417
1740012720826 162.57161706177857 418
1740012720849 162.53914270244314 419
1740012720871 162.506675502606 420
1740012720899 162.47421546062128 421
1740012720925 162.44176257484358 422
1740012720948 162.40931684362803 423
1740012720970 162.37687826532994 424
1740012720994 162.34444683830506 425
1740012721019 162.31202256090964 426
1740012721041 162.27960543150016 427
1740012721066 162.24719544843362 428
1740012721090 162.2147926100673 429
1740012721113 162.18239691475893 430
1740012721137 162.15000836086662 431
1740012721160 162.1176269467488 432
1740012721186 162.08525267076448 433
1740012721209 162.05288553127275 434
1740012721232 162.02052552663335 435
1740012721256 161.98817265520634 436
1740012721282 161.95582691535205 437
1740012721305 161.9234883054313 438
1740012721327 161.89115682380537 439
1740012721350 161.85883246883574 440
1740012721374 161.8265152388844 441
1740012721397 161.7942051323137 442
1740012721420 161.76190214748635 443
1740012721443 161.72960628276547 444
1740012721467 161.69731753651462 445
1740012721490 161.6650359070976 446
1740012721513 161.63276139287876 447
1740012721538 161.60049399222268 448
1740012721563 161.56823370349443 449
1740012721586 161.53598052505947 450
1740012721610 161.5037344552836 451
1740012721635 161.47149549253297 452
1740012721658 161.43926363517417 453
1740012721681 161.4070388815742 454
1740012721704 161.3748212301004 455
1740012721733 161.3426106791205 456
1740012721756 161.3104072270026 457
1740012721779 161.2782108721152 458
1740012721802 161.24602161282726 459
1740012721826 161.2138394475079 460
1740012721849 161.18166437452692 461
1740012721873 161.14949639225424 462
1740012721897 161.11733549906035 463
1740012721921 161.08518169331603 464
1740012721943 161.05303497339247 465
1740012721966 161.02089533766124 466
1740012721990 160.98876278449433 467
1740012722013 160.956637312264 468
1740012722035 160.924518919343 469
1740012722058 160.89240760410442 470
1740012722086 160.86030336492183 471
1740012722111 160.82820620016898 472
1740012722134 160.7961161082202 473
1740012722158 160.76403308745003 474
1740012722182 160.7319571362336 475
1740012722205 160.69988825294627 476
1740012722227 160.66782643596375 477
1740012722250 160.63577168366228 478
1740012722280 160.60372399441837 479
1740012722303 160.57168336660894 480
1740012722326 160.53964979861138 481
1740012722349 160.50762328880325 482
1740012722373 160.47560383556268 483
1740012722396 160.44359143726814 484
1740012722419 160.41158609229848 485
1740012722443 160.37958779903283 486
1740012722469 160.34759655585088 487
1740012722492 160.31561236113257 488
1740012722515 160.28363521325824 489
1740012722538 160.25166511060866 490
1740012722562 160.21970205156492 491
1740012722585 160.18774603450862 492
1740012722608 160.1557970578215 493
1740012722634 160.12385511988592 494
1740012722660 160.0919202190845 495
1740012722684 160.05999235380025 496
1740012722707 160.02807152241658 497
1740012722732 159.9961577233173 498
1740012722755 159.96425095488658 499
