1740010644428 69.7611911596159 0
1740010644457 29.761541485241448 1
1740010644488 13.485486468678811 2
1740010644517 6.2776295177658845 3
1740010644541 3.3656514788177176 4
1740010644567 2.1505258649739742 5
1740010644599 1.1584064878441995 6
1740010644630 1.0730694572484043 7
1740010644656 0.9320153026870733 8
1740010644681 0.6538729135100309 9
1740010644705 0.5978815212522732 10
1740010644731 0.5866264931574967 11
1740010644765 0.6288926220133394 12
1740010644792 0.7187183499668167 13
1740010644818 0.5563418797130735 14
1740010644842 0.5072017590338678 15
1740010644868 0.6365926854431009 16
1740010644899 0.49422221068480116 17
1740010644925 0.6551190901955805 18
1740010644949 0.5465192411926507 19
1740010644974 0.5167145533980533 20
1740010644999 0.5343710340997283 21
1740010645028 0.7506058648342488 22
1740010645060 0.6156986746066353 23
1740010645085 0.5305886205792105 24
1740010645116 0.6140633740984034 25
1740010645143 0.563549058449319 26
1740010645173 0.6166776138299064 27
1740010645208 0.5059515652051594 28
1740010645238 0.622942485001923 29
1740010645265 0.503618378659151 30
1740010645292 0.49678857468073717 31
1740010645321 0.5078980752490133 32
1740010645353 0.6322972802129891 33
1740010645382 0.4794049145546497 34
1740010645408 0.44673071332110803 35
1740010645434 0.6085678331253754 36
1740010645460 0.5411582574055103 37
1740010645489 0.5689278543974773 38
1740010645515 0.5231659870488118 39
1740010645540 0.5679022322266285 40
1740010645564 0.5579014131961724 41
1740010645590 0.5701099508423094 42
1740010645620 0.6469337597593968 43
1740010645649 0.6038475711579511 44
1740010645674 0.637612960371906 45
1740010645697 0.6122565046793055 46
1740010645722 0.563328590405931 47
1740010645750 0.5506273723029343 48
1740010645777 0.6147192017971165 49
1740010645803 0.563107181318209 50
1740010645827 0.4689807671832179 51
1740010645852 0.5128667119534542 52
1740010645878 0.5112906986989094 53
1740010645907 0.6464453141341254 54
1740010645935 0.4863028492669101 55
1740010645966 0.5182904875007925 56
1740010645991 0.5346567701227742 57
1740010646017 0.6601115932476527 58
1740010646050 0.5500165722913446 59
1740010646080 0.4393914474741176 60
1740010646126 0.6306190929934451 61
1740010646153 0.539182201444321 62
1740010646186 0.5433127875618872 63
1740010646215 0.464625543011074 64
1740010646242 0.5241069230353992 65
1740010646270 0.5286804434122554 66
1740010646296 0.5422640716421472 67
1740010646324 0.47111560684765635 68
1740010646357 0.5566571773920559 69
1740010646388 0.550641465362452 70
1740010646417 0.5211783449765187 71
1740010646444 0.4833828804021489 72
1740010646468 0.5550797675142942 73
1740010646492 0.5468020519315815 74
1740010646519 0.5705763841216238 75
