1740010584008 65.59967600420343 0
1740010584113 40.64986255967451 1
1740010584220 15.540175750133765 2
1740010584323 8.403713227551963 3
1740010584426 3.2718393508251378 4
1740010584529 3.7202624156012907 5
1740010584637 0.034448306510217575 6
1740010584739 0.5934425557902381 7
1740010584839 0.16857284037452322 8
1740010584947 0.1228685896077818 9
1740010585048 1.8920106057015655 10
1740010585154 0.8263478687225234 11
1740010585257 6.12113592684294e-05 12
1740010585358 0.17366940882424967 13
1740010585457 0.18581212135967698 14
1740010585560 0.7481922245156196 15
1740010585666 0.9521068271090837 16
1740010585766 0.354942520601889 17
1740010585866 0.958373810830852 18
1740010585965 0.8737396549940981 19
1740010586068 0.48723440648774585 20
1740010586167 0.33964370125198917 21
1740010586268 0.22900548715473779 22
1740010586367 0.943452270036292 23
1740010586469 1.462399820887416 24
1740010586569 0.26332372110189184 25
1740010586670 0.15594998982881716 26
1740010586769 0.5070570777007949 27
1740010586871 0.39332236610589943 28
1740010586975 0.10403522032695366 29
1740010587075 0.08064745101488145 30
1740010587175 0.05791899036821654 31
1740010587276 0.2034374305149116 32
1740010587374 0.5350567881151022 33
1740010587471 0.03358867102433435 34
1740010587575 0.06206848878213724 35
1740010587677 1.0538440942900904 36
1740010587779 0.6452526937145517 37
1740010587879 0.5011062153230578 38
1740010587978 0.36574298082469603 39
1740010588082 0.057997016158523026 40
1740010588183 0.1717640605782174 41
1740010588285 0.46078594526091526 42
1740010588385 0.4574063156524963 43
1740010588487 2.047552155734837 44
1740010588588 0.45651674563076344 45
1740010588689 0.2756352517544567 46
1740010588793 0.8940721333557757 47
1740010588891 0.005375231611459023 48
1740010588999 0.16032911473755443 49
1740010589104 0.6167164142287943 50
1740010589213 0.6263299701311085 51
1740010589316 0.003930718025661339 52
1740010589416 0.0019794143239851873 53
1740010589516 0.09578084265302754 54
1740010589617 0.8782509657880099 55
1740010589718 0.0031426183012284756 56
1740010589819 1.5373730012303741 57
1740010589924 1.1927335857968364 58
1740010590025 0.1962448078694494 59
1740010590129 0.4194814653295648 60
1740010590228 0.3263690596954056 61
1740010590330 0.19000913387569698 62
1740010590433 0.8683508999855728 63
1740010590535 0.7345961473409592 64
1740010590636 0.12189854800409043 65
1740010590739 1.0112235068403492 66
1740010590842 1.2301138124862612 67
1740010590942 0.1142627953149493 68
1740010591051 0.36541404251812465 69
1740010591152 0.11999523382131276 70
1740010591252 2.325441436130465 71
1740010591351 0.7111187802264972 72
1740010591455 0.26307913364994034 73
1740010591555 0.3158982757887342 74
1740010591657 0.8471738302519537 75
1740010591755 1.8019076225955724 76
1740010591858 0.4947235471622282 77
1740010591964 0.8160080826055371 78
1740010592070 0.010485054934686919 79
1740010592182 0.1707720413824455 80
1740010592285 0.20721384798520223 81
1740010592389 0.23068458626628738 82
1740010592490 0.49471187022847335 83
1740010592592 0.7197203354590329 84
1740010592693 0.08069072240782697 85
1740010592794 0.5618282765260015 86
1740010592897 1.538625559873961 87
1740010592999 0.6197010003860193 88
1740010593109 0.5108426920442749 89
1740010593212 0.3509689340130507 90
1740010593314 0.7945585764859661 91
1740010593412 0.15555554864495413 92
1740010593513 1.320031401107358 93
1740010593614 2.0483722696285196 94
1740010593716 0.9989853787819272 95
1740010593814 0.7079470795809784 96
1740010593917 0.6673096438993709 97
1740010594018 0.6968427979812979 98
1740010594168 0.5235626210459714 99
1740010594273 0.354755174102446 100
1740010594374 0.9437113870452648 101
1740010594474 0.13528695889842013 102
1740010594574 0.07546633546989157 103
1740010594677 0.24716810847153453 104
