1740004721108 168.996543037322 0
1740004721132 168.9790694440638 1
1740004721158 168.9624561528118 2
1740004721181 168.94570263462492 3
1740004721207 168.9289491781293 4
1740004721230 168.91219981342428 5
1740004721253 168.89545131005914 6
1740004721274 168.87870447564399 7
1740004721296 168.86195769524048 8
1740004721318 168.84521500561547 9
1740004721339 168.82847317677908 10
1740004721361 168.8117314018104 11
1740004721383 168.79499371671162 12
1740004721404 168.77825689203806 13
1740004721426 168.76152173514828 14
1740004721452 168.74478663160684 15
1740004721473 168.72805561692363 16
1740004721497 168.71132546211476 17
1740004721518 168.69459536051036 18
1740004721539 168.67786934685634 19
1740004721561 168.66114419271344 20
1740004721584 168.6444190915478 21
1740004721605 168.62769807742492 22
1740004721627 168.61097792245008 23
1740004721649 168.59425943359435 24
1740004721675 168.577540997197 25
1740004721697 168.56082664683186 26
1740004721718 168.54411315506437 27
1740004721739 168.5273997156116 28
1740004721761 168.51069036128396 29
1740004721781 168.49398186519116 30
1740004721803 168.4772734211861 31
1740004721825 168.46056906139953 32
1740004721850 168.44386555948498 33
1740004721872 168.42716372202668 34
1740004721893 168.41046193613758 35
1740004721915 168.39376423345755 36
1740004721935 168.37706738809973 37
1740004721957 168.36037059416765 38
1740004721978 168.3436778825385 39
1740004722000 168.32698602786908 40
1740004722021 168.31029422439872 41
1740004722042 168.29360650232545 42
1740004722063 168.2769196368495 43
1740004722084 168.26023443416852 44
1740004722105 168.24354928216843 45
1740004722126 168.2268682105572 46
1740004722148 168.21018799499393 47
1740004722169 168.19350782996835 48
1740004722191 168.17683174442632 49
1740004722213 168.16015651457022 50
1740004722234 168.14348133502529 51
1740004722256 168.12681023405892 52
1740004722276 168.11013998841648 53
1740004722298 168.0934714039094 54
1740004722320 168.07680286919566 55
1740004722346 168.0601384120535 56
1740004722369 168.0434748096864 57
1740004722392 168.02681125696958 58
1740004722414 168.01015178091993 59
1740004722435 167.99349315928362 60
1740004722458 167.97683458707144 61
1740004722484 167.96018009062226 62
1740004722506 167.94352644822482 63
1740004722528 167.92687446530473 64
1740004722549 167.91022253129134 65
1740004722571 167.8935746720351 66
1740004722593 167.8769276662822 67
1740004722615 167.86028070929314 68
1740004722636 167.84363782615773 69
1740004722658 167.82699579616428 70
1740004722682 167.81035381470878 71
1740004722706 167.79371590620357 72
1740004722729 167.77707885047917 73
1740004722751 167.76044345257583 74
1740004722772 167.7438081026933 75
1740004722793 167.72717682475644 76
1740004722816 167.71054639905245 77
1740004722844 167.69391602122664 78
1740004722870 167.67728971444384 79
1740004722963 167.66066425953295 80
1740004722986 167.64404046128465 81
1740004723009 167.62741671039777 82
1740004723032 167.61079702955 83
1740004723056 167.5941782000266 84
1740004723078 167.57755941772206 85
1740004723099 167.5609447045546 86
1740004723120 167.54433084235075 87
1740004723141 167.52771702714026 88
1740004723163 167.51110728016508 89
1740004723187 167.4944983837929 90
1740004723208 167.47789114242988 91
1740004723231 167.4612839475438 92
1740004723255 167.44468081989027 93
1740004723281 167.42807854229267 94
1740004723303 167.41147631102976 95
1740004723324 167.3948781460982 96
1740004723347 167.37828083086225 97
1740004723368 167.3616835617357 98
1740004723389 167.3450903580396 99
1740004723411 167.32849800367887 100
1740004723432 167.31190730267548 101
1740004723454 167.29531664726542 102
1740004723476 167.27873005628422 103
1740004723497 167.26214431409184 104
1740004723518 167.2455586173507 105
1740004723540 167.22897698413811 106
1740004723561 167.2123961993544 107
1740004723582 167.19581545979688 108
1740004723604 167.17923878286788 109
1740004723626 167.16266295400789 110
1740004723648 167.14608877685504 111
1740004723671 167.12951464441267 112
1740004723692 167.11294457359836 113
1740004723714 167.09637535030706 114
1740004723737 167.07980617158435 115
1740004723760 167.0632410535903 116
1740004723782 167.0466767827596 117
1740004723804 167.03011255627274 118
1740004723827 167.01355238961537 119
1740004723851 166.9969930697618 120
1740004723875 166.98043539996684 121
1740004723897 166.96387777400042 122
1740004723918 166.94732420686418 123
1740004723940 166.93077148598627 124
1740004723961 166.91421880879514 125
1740004723982 166.8976701895357 126
1740004724003 166.8811224161753 127
1740004724025 166.86457468627717 128
1740004724047 166.84803101341237 129
1740004724070 166.8314881860875 130
1740004724090 166.81494700717434 131
1740004724112 166.79840587120856 132
1740004724133 166.78186879127796 133
1740004724155 166.76533255634226 134
1740004724177 166.74879636421235 135
1740004724200 166.73226422722004 136
1740004724221 166.71573293486364 137
1740004724242 166.69920168508884 138
1740004724263 166.68267448955416 139
1740004724283 166.66614813829665 140
1740004724304 166.64962343380566 141
1740004724325 166.6330987713816 142
1740004724347 166.6165781622007 143
1740004724367 166.60005839675242 144
1740004724388 166.5835386732299 145
1740004724409 166.56702300205365 146
1740004724431 166.55050817425152 147
1740004724452 166.53399338815112 148
1740004724474 166.5174826535004 149
1740004724496 166.5009727618654 150
1740004724524 166.4844645153533 151
1740004724546 166.46795631002865 152
1740004724568 166.45145215515794 153
1740004724590 166.43494884275884 154
1740004724612 166.41844557140618 155
1740004724632 166.40194634961142 156
1740004724652 166.38544796993023 157
1740004724673 166.3689496310716 158
1740004724692 166.35245534087522 159
1740004724712 166.33596189243434 160
1740004724732 166.3194700874744 161
1740004724752 166.30297832282315 162
1740004724774 166.2864906058395 163
1740004724795 166.2700037300678 164
1740004724815 166.2535168944639 165
1740004724840 166.23703410563255 166
1740004724862 166.2205521576553 167
1740004724881 166.20407024962236 168
1740004724901 166.18759238746708 169
1740004724920 166.1711153658083 170
1740004724940 166.15463998599014 171
1740004724960 166.13816464560273 172
1740004724982 166.12169335009952 173
1740004725001 166.1052228945497 174
1740004725020 166.08875247829 175
1740004725040 166.07228610602021 176
1740004725060 166.05582057334647 177
1740004725079 166.0393550797395 178
1740004725099 166.0228936292285 179
1740004725118 166.0064330179562 180
1740004725137 165.9899740468858 181
1740004725156 165.97351511436915 182
1740004725175 165.9570602239561 183
1740004725195 165.9406061722391 184
1740004725213 165.92415215893536 185
1740004725233 165.90770218684182 186
1740004725252 165.8912530530874 187
1740004725271 165.8748039575231 188
1740004725292 165.8583589022759 189
1740004725311 165.8419146850109 190
1740004725330 165.82547210631074 191
1740004725351 165.80902956528797 192
1740004725370 165.79259106359115 193
1740004725390 165.77615339933436 194
1740004725409 165.7597157726147 195
1740004725428 165.74328218432845 196
1740004725447 165.72684943312555 197
1740004725467 165.71041671923697 198
1740004725486 165.69398804288952 199
1740004725506 165.67756020326888 200
1740004725525 165.66113400057776 201
1740004725546 165.64470783468852 202
1740004725565 165.62828570535044 203
1740004725585 165.61186441219746 204
1740004725604 165.5954431557064 205
1740004725624 165.57902593487478 206
1740004725644 165.56260954987204 207
1740004725664 165.54619320130854 208
1740004725684 165.52978088751314 209
1740004725703 165.51336940919043 210
1740004725723 165.49695956616347 211
1740004725742 165.4805497590637 212
1740004725762 165.4641439857431 213
1740004725781 165.44773904735408 214
1740004725801 165.43133414475238 215
1740004725823 165.41493327503912 216
1740004725845 165.39853323990147 217
1740004725865 165.38213324032884 218
1740004725884 165.36573727275405 219
1740004725904 165.3493421393991 220
1740004725923 165.3329486397077 221
1740004725942 165.31655517506968 222
1740004725961 165.30016574144176 223
1740004725980 165.28377714149298 224
1740004726000 165.2673885764579 225
1740004726019 165.25100404154304 226
1740004726038 165.23462033995173 227
1740004726058 165.21823667305202 228
1740004726077 165.2018570353828 229
1740004726098 165.18547823068172 230
1740004726118 165.16910105801375 231
1740004726155 165.152723919526 232
1740004726181 165.13635080928225 233
1740004726206 165.11997853146642 234
1740004726227 165.10360628769138 235
1740004726249 165.08723807127123 236
1740004726270 165.07087068692385 237
1740004726291 165.05450333639538 238
1740004726313 165.03814001233303 239
1740004726335 165.0217775199883 240
1740004726357 165.00541665804775 241
1740004726378 164.98905582941526 242
1740004726400 164.97269902626334 243
1740004726421 164.95634305428942 244
1740004726443 164.93998711548423 245
1740004726464 164.9236352012715 246
1740004726485 164.90728411788183 247
1740004726507 164.89093306743933 248
1740004726528 164.8745860407013 249
1740004726557 164.85823984443167 250
1740004726579 164.84189527693894 251
1740004726602 164.82555074188284 252
1740004726624 164.80921022954686 253
1740004726646 164.79287054714007 254
1740004726668 164.7765308970308 255
1740004726690 164.7601952687543 256
1740004726711 164.7438604700526 257
1740004726732 164.72752570342695 258
1740004726754 164.71119495774704 259
1740004726775 164.69486504128747 260
1740004726797 164.67853675197927 261
1740004726818 164.66220849423698 262
1740004726844 164.64588425645718 263
1740004726869 164.6295608473591 264
1740004726893 164.61323746968802 265
1740004726915 164.59691811109298 266
1740004726936 164.58059958082555 267
1740004726958 164.56428108176402 268
1740004726979 164.54796660089224 269
1740004727000 164.53165294799405 270
1740004727020 164.5153409206232 271
1740004727042 164.49902892394843 272
1740004727063 164.4827209444814 273
1740004727085 164.46641379244969 274
1740004727106 164.45010667097543 275
1740004727127 164.4338035658233 276
1740004727148 164.41750128775274 277
1740004727169 164.4011990400187 278
1740004727190 164.3849008077214 279
1740004727212 164.36860340215208 280
1740004727233 164.3523076204877 281
1740004727255 164.33601186865033 282
1740004727276 164.31972013126887 283
1740004727297 164.30342922007762 284
1740004727318 164.2871383385749 285
1740004727340 164.2708514706433 286
1740004727362 164.25456542854852 287
1740004727383 164.2382794159216 288
1740004727405 164.2219974159813 289
1740004727427 164.20571624152453 290
1740004727449 164.189436689352 291
1740004727470 164.17315716613822 292
1740004727491 164.1568816546313 293
1740004727513 164.14060696807064 294
1740004727534 164.1243323103305 295
1740004727555 164.10806166341328 296
1740004727577 164.0917918410893 297
1740004727599 164.07552204736547 298
1740004727620 164.05925626358083 299
1740004727642 164.04299130403655 300
1740004727664 164.0267279651574 301
1740004727686 164.01046465436954 302
1740004727707 163.99420535254234 303
1740004727728 163.97794687441868 304
1740004727752 163.96168842424836 305
1740004727774 163.94543398215558 306
1740004727796 163.92918036341368 307
1740004727817 163.9129267724049 308
1740004727841 163.89667718859087 309
1740004727863 163.88042842777523 310
1740004727885 163.86418128600718 311
1740004727909 163.8479341714638 312
1740004727931 163.83169106313767 313
1740004727953 163.81544877727364 314
1740004727975 163.79920651849648 315
1740004727996 163.78296826505434 316
1740004728017 163.766730833722 317
1740004728039 163.75049342925655 318
1740004728060 163.73426002924418 319
1740004728082 163.71802745098944 320
1740004728103 163.70179649016637 321
1740004728124 163.68556555570217 322
1740004728145 163.6693386247147 323
1740004728167 163.65311251494902 324
1740004728189 163.63688643140455 325
1740004728214 163.62066435045546 326
1740004728236 163.60444309037626 327
1740004728258 163.5882218562985 328
1740004728280 163.57200462393507 329
1740004728302 163.55578821208968 330
1740004728324 163.53957182602613 331
1740004728346 163.52335944079604 332
1740004728367 163.50714787573227 333
1740004728389 163.49093792600195 334
1740004728411 163.47472800154583 335
1740004728432 163.45852207694833 336
1740004728453 163.442316971982 337
1740004728475 163.4261118921525 338
1740004728496 163.40991081130133 339
1740004728518 163.39371054972986 340
1740004728540 163.37751031307582 341
1740004728561 163.36131407452018 342
1740004728588 163.34511865489287 343
1740004728610 163.32892484898673 344
1740004728631 163.3127310674909 345
1740004728653 163.2965412831196 346
1740004728674 163.280352317142 347
1740004728695 163.2641633754374 348
1740004728716 163.24797842997802 349
1740004728738 163.23179430256118 350
1740004728759 163.2156101991982 351
1740004728780 163.19943009120132 352
1740004728801 163.18325080089596 353
1740004728822 163.16707312270125 354
1740004728849 163.1508954680535 355
1740004728871 163.1347218077993 356
1740004728894 163.11854896470243 357
1740004728916 163.10237614501548 358
1740004728940 163.08620731884352 359
1740004728962 163.07003930947815 360
1740004728983 163.05387132330378 361
1740004729006 163.03770732976614 362
1740004729027 163.02154415268438 363
1740004729049 163.00538258610433 364
1740004729070 162.9892210422088 365
1740004729092 162.9730634899785 366
1740004729114 162.9569067536704 367
1740004729134 162.94075003991006 368
1740004729156 162.92459731693717 369
1740004729177 162.90844540953614 370
1740004729198 162.89229352446412 371
1740004729222 162.87614562930221 372
1740004729243 162.85999854936185 373
1740004729265 162.84385307831576 374
1740004729286 162.82770762909257 375
1740004729308 162.81156616880918 376
1740004729330 162.79542552321402 377
1740004729352 162.77928489930514 378
1740004729374 162.76314826345916 379
1740004729395 162.7470124419515 380
1740004729416 162.73087664191158 381
1740004729437 162.714744829058 382
1740004729458 162.69861383019276 383
1740004729479 162.6824844386161 384
1740004729500 162.66635506800142 385
1740004729521 162.65022968360392 386
1740004729543 162.63410511266196 387
1740004729564 162.6179805625456 388
1740004729586 162.60185999777036 389
1740004729609 162.58574024610107 390
1740004729630 162.56962051503908 391
1740004729651 162.55350476844254 392
1740004729673 162.5373898346023 393
1740004729694 162.5212749211513 394
1740004729715 162.50516399129023 395
1740004729736 162.48905387383607 396
1740004729757 162.47294536158532 397
1740004729779 162.45683686921853 398
1740004729800 162.4407323594739 399
1740004729822 162.42462866160403 400
1740004729844 162.40852498348184 401
1740004729866 162.39242528710702 402
1740004729887 162.3763264022577 403
1740004729908 162.36022753693817 404
1740004729930 162.3441326524913 405
1740004729951 162.3280385792209 406
1740004729974 162.3119461095519 407
1740004729997 162.29585365890773 408
1740004730019 162.27976518816968 409
1740004730041 162.26367752807636 410
1740004730062 162.24758988687188 411
1740004730085 162.23150622469944 412
1740004730106 162.21542337282293 413
1740004730126 162.1993405396176 414
1740004730146 162.1832616845705 415
1740004730167 162.1671836394706 416
1740004730194 162.15110719637167 417
1740004730218 162.13503077143923 418
1740004730246 162.11895832369964 419
1740004730268 162.102886685376 420
1740004730290 162.0868150650831 421
1740004730313 162.07074742110987 422
1740004730337 162.05468058620409 423
1740004730359 162.03861376911163 424
1740004730381 162.02255092746583 425
1740004730402 162.00648889453913 426
1740004730424 161.99042846201456 427
1740004730445 161.97436804679901 428
1740004730466 161.95831160606582 429
1740004730488 161.94225597352096 430
1740004730511 161.9262003581496 431
1740004730534 161.91014871638825 432
1740004730556 161.8940978824671 433
1740004730577 161.87804706550222 434
1740004730603 161.86200022127525 435
1740004730629 161.8459541845405 436
1740004730651 161.82990974661055 437
1740004730673 161.81386532513295 438
1740004730695 161.79782487543008 439
1740004730717 161.78178523268915 440
1740004730739 161.76574560626517 441
1740004730760 161.74970995074443 442
1740004730782 161.73367510183778 443
1740004730803 161.7176402690312 444
1740004730825 161.7016094062565 445
1740004730850 161.68557934974834 446
1740004730872 161.6695493091233 447
1740004730893 161.65352323765916 448
1740004730913 161.637497972114 449
1740004730934 161.6214743032996 450
1740004730954 161.60545064986488 451
1740004730975 161.5894309646293 452
1740004730996 161.57341208478306 453
1740004731018 161.55739322018135 454
1740004731042 161.54137832290837 455
1740004731063 161.52536423067747 456
1740004731085 161.5093501534744 457
1740004731107 161.49334004272993 458
1740004731128 161.4773307366803 459
1740004731151 161.4613230257678 460
1740004731178 161.44531532938004 461
1740004731204 161.42931159849033 462
1740004731231 161.4133086717663 463
1740004731256 161.39730575943202 464
1740004731278 161.38130681172618 465
1740004731300 161.36530866783906 466
1740004731323 161.34931053812528 467
1740004731344 161.33331637217066 468
1740004731366 161.31732300968787 469
1740004731392 161.3013312407503 470
1740004731414 161.28533948548326 471
1740004731436 161.26935169301592 472
1740004731458 161.25336470349174 473
1740004731479 161.2373777275034 474
1740004731500 161.221394713446 475
1740004731521 161.20541250198514 476
1740004731542 161.18943030384398 477
1740004731564 161.1734520667653 478
1740004731585 161.15747463193662 479
1740004731608 161.14149878906272 480
1740004731629 161.12552295900608 481
1740004731651 161.10955108905355 482
1740004731674 161.09358002082288 483
1740004731695 161.0776089652749 484
1740004731716 161.06164186896314 485
1740004731737 161.04567557402697 486
1740004731758 161.0297092915576 487
1740004731780 161.01374696745674 488
1740004731801 160.99778544438544 489
1740004731822 160.98182393356493 490
1740004731848 160.96586638024567 491
1740004731894 160.94990962760983 492
1740004731921 160.9339544648636 493
1740004731944 160.91799931386623 494
1740004731964 160.90204811941322 495
1740004731985 160.88609772511603 496
1740004732006 160.87014734243346 497
1740004732028 160.85420091542838 498
1740004732051 160.8382552882334 499
