1740016244465 0.022013549057812817 0
1740016244564 0.031793168113287334 1
1740016244653 0.22720002766119776 2
1740016244755 0.5468731510154351 3
1740016244851 0.36246262493626186 4
1740016244946 0.004981682023764309 5
1740016245037 0.39023248723818915 6
1740016245128 0.039940471997912924 7
1740016245233 0.3444688472751962 8
1740016245344 0.39120761359573814 9
1740016245437 0.012437892151304851 10
1740016245537 0.014322770989644138 11
1740016245650 0.04198026990872866 12
1740016245748 0.11503066418871304 13
1740016245839 0.0005564552972723131 14
1740016245931 0.17766610377673236 15
1740016246031 0.0021280130720038124 16
1740016246123 0.15372566695528725 17
1740016246227 5.368095800783862e-07 18
1740016246335 0.32443802794376286 19
1740016246427 0.1564572194138068 20
1740016246520 0.016725811922634466 21
1740016246634 0.00497694366633576 22
1740016246732 0.17130398564087332 23
1740016246827 1.4570860288924799e-05 24
1740016246918 0.0016071669226374924 25
1740016247011 0.9456118344694846 26
1740016247101 0.02029556253091946 27
1740016247198 0.023160497866371196 28
1740016247293 0.00935592889699122 29
1740016247383 0.09584993084681571 30
1740016247520 0.9690061591710578 31
1740016247612 0.002170588155677769 32
1740016247705 0.0321533879214439 33
1740016247796 0.0889846289409526 34
1740016247889 0.03297168444270637 35
1740016247982 0.00941840365457589 36
1740016248084 0.09678305588413018 37
1740016248178 0.02913209336047826 38
1740016248270 0.018485438772266778 39
1740016248361 0.026610394276137116 40
1740016248457 0.03358466844159505 41
1740016248547 0.025148592829960525 42
1740016248642 0.051018305916416866 43
1740016248737 0.07381742962342959 44
1740016248826 0.0293592210697884 45
1740016248916 0.08406686999310241 46
1740016249009 0.43723957197688273 47
1740016249099 0.0004991828627879893 48
1740016249191 0.11455144794388585 49
1740016249283 0.07177901851358628 50
1740016249374 0.0047909232010961336 51
1740016249465 0.006371091082856468 52
1740016249556 0.006325207726678103 53
1740016249646 0.0013762799902683998 54
1740016249736 0.10438187570569687 55
1740016249826 0.28629903885763386 56
1740016249916 0.42311103650919973 57
1740016250008 0.036996307223657425 58
1740016250105 0.3310728501763933 59
1740016250197 0.027337356195894898 60
1740016250288 0.1631398088817678 61
1740016250381 0.047445999550616395 62
1740016250470 0.8321656089335073 63
1740016250564 0.0005573291389479303 64
1740016250658 0.7011860533219239 65
1740016250749 0.002196118896896569 66
1740016250841 0.31034669119706315 67
1740016250930 0.056042888774159826 68
1740016251023 0.005234998268749686 69
1740016251117 0.014315952979274934 70
1740016251213 0.01693537544671987 71
1740016251304 0.04112360634176601 72
1740016251401 0.005390417332092981 73
1740016251495 0.2821510754383878 74
1740016251586 0.04318702858932898 75
1740016251680 0.2671832037184864 76
1740016251777 0.027336363581502703 77
1740016251871 0.0022869936818120185 78
1740016251965 0.0006392252670634954 79
1740016252058 0.6864579819902235 80
1740016252156 0.001558084418138895 81
1740016252250 0.052166669510364645 82
1740016252342 0.0234331137177197 83
1740016252432 0.02832969166377895 84
1740016252523 0.05479108718161509 85
1740016252615 0.020586623590706916 86
1740016252707 0.030514323464126226 87
1740016252798 0.0003031361062037495 88
1740016252894 0.0012865848079116578 89
1740016252987 0.0012538417219428444 90
1740016253075 0.24973559440638463 91
1740016253166 0.009078235095662744 92
1740016253260 0.3068129054080433 93
1740016253350 0.002991659237354162 94
1740016253444 0.00095273121988044 95
1740016253534 0.38055551987369257 96
1740016253626 2.7634294713536193e-06 97
1740016253718 0.17880195265713192 98
1740016253811 0.10845580047747203 99
1740016253902 0.02234316820311989 100
1740016253995 0.1049837358761401 101
1740016254084 0.01985213312066152 102
1740016254181 0.5345275576675832 103
1740016254276 0.16060681337838334 104
1740016254372 0.4381804668467216 105
1740016254466 0.06447825334533559 106
1740016254556 0.015875048497488244 107
1740016254653 0.032045157043495 108
1740016254743 0.00024773081602955105 109
1740016254834 0.06980141125538457 110
1740016254925 7.542256024423823e-06 111
1740016255020 0.06619087834964064 112
1740016255111 0.08640294889816075 113
1740016255205 0.5127875307513973 114
1740016255300 0.0085957383846166 115
1740016255391 0.436114382660194 116
1740016255483 0.16212752801363106 117
1740016255581 0.22227167351973104 118
1740016255683 0.0004228306190689442 119
1740016255787 0.08580359550069232 120
1740016255879 0.33452647508981725 121
1740016255975 0.23811939998285056 122
1740016256066 0.31055675629732404 123
1740016256162 0.46123826389522826 124
1740016256315 0.04615520061358385 125
1740016256409 0.393092891865921 126
1740016256502 0.025072228434901422 127
1740016256594 0.3157680965686819 128
1740016256685 0.0928604889959623 129
1740016256779 0.23109799387741956 130
1740016256869 0.15319601045636752 131
1740016256962 0.0004613202485511434 132
1740016257053 0.0006252154231596092 133
1740016257143 5.116941190190106e-05 134
1740016257234 0.0207507915386735 135
1740016257325 0.8903969213172586 136
1740016257419 1.19635259238898 137
1740016257510 0.3070091555690199 138
1740016257602 0.13497950244102966 139
1740016257691 0.8041318026790949 140
1740016257781 0.012575427580325742 141
1740016257874 0.0999870088300698 142
1740016257968 0.005436129110612934 143
1740016258059 0.015566476091784603 144
1740016258151 0.29165865561853227 145
1740016258247 0.5051329166304737 146
1740016258337 0.020140323960108952 147
1740016258431 1.8758717174545928e-05 148
1740016258523 1.2201791506287696 149
1740016258616 0.032640352222782214 150
1740016258707 0.5408478411180365 151
1740016258798 0.00012276003650005054 152
1740016258889 0.20913093297275234 153
1740016258982 0.06960033364121761 154
1740016259072 0.5713814153602571 155
1740016259166 0.20271111901802014 156
1740016259257 0.0014665325902092697 157
1740016259348 0.03528989121616875 158
1740016259439 0.0012941270394194668 159
1740016259535 0.07729360471255826 160
1740016259627 0.0005922680757858368 161
1740016259721 0.017489957086163414 162
1740016259831 0.03433750394259854 163
1740016259926 0.1222437176967408 164
1740016260021 1.7394227021602668e-05 165
1740016260112 0.00030039717786185945 166
1740016260206 0.020952014421924462 167
1740016260307 0.0026323090861901867 168
1740016260402 0.028387356239937434 169
1740016260494 0.11406295820606752 170
1740016260583 0.10895931941528905 171
1740016260682 0.09599570822243984 172
1740016260776 0.00013464372499303608 173
1740016260866 0.24566076809430124 174
1740016260959 0.0018645164685326466 175
1740016261051 0.032562351432230914 176
1740016261140 0.0630053077698499 177
1740016261234 0.640627211713774 178
1740016261325 0.0710787868989902 179
1740016261415 0.08527157866992797 180
1740016261506 0.03579436485105769 181
1740016261596 0.003062883647310443 182
1740016261688 0.049212558654557634 183
1740016261780 0.06206128430784869 184
1740016261871 0.6121881559704442 185
1740016261963 0.10508167232283211 186
1740016262055 0.06628108699766784 187
1740016262144 0.02632941088735177 188
1740016262238 0.00013480956477754814 189
1740016262331 0.29182125636966116 190
1740016262421 0.01845708702932148 191
1740016262511 0.11320338807965356 192
1740016262601 0.016988898037033774 193
1740016262694 0.004481503527436199 194
1740016262786 0.01816247798073841 195
1740016262879 0.5426848678812468 196
1740016262971 0.045410682107469805 197
1740016263061 0.026344906838884186 198
1740016263154 0.01861766164701068 199
1740016263247 0.05117807153288951 200
1740016263336 0.010341164693488138 201
1740016263431 0.10202696405447845 202
1740016263525 0.002609978916026931 203
1740016263622 0.01764093800749632 204
1740016263716 0.019569828294479657 205
1740016263810 0.0015154270394907923 206
1740016263902 0.13113739447402345 207
1740016264003 0.13310050713217286 208
1740016264095 0.22200274869251507 209
1740016264192 0.11752961893050716 210
1740016264284 0.010367124491147453 211
1740016264383 0.0004276618120311299 212
1740016264476 0.11161034653714044 213
1740016264568 0.0012293379015688782 214
1740016264658 0.044055775373578944 215
1740016264753 0.005379738540048501 216
1740016264847 0.014630828951117794 217
1740016264937 0.017842956605608966 218
1740016265027 0.44757471540907207 219
1740016265118 0.08898708018621174 220
1740016265213 0.015378216416305436 221
1740016265304 0.1545819302129937 222
1740016265395 0.0006281861985077976 223
1740016265489 0.15308456731718526 224
1740016265579 0.03734785203961005 225
1740016265671 0.00525352918871411 226
1740016265766 0.23607895174042748 227
1740016265871 0.06931453937572071 228
1740016265965 0.09191513824760057 229
1740016266057 0.031516343738923105 230
1740016266147 0.2735024591727181 231
1740016266238 0.09920028256720466 232
1740016266327 0.2718512221941276 233
1740016266423 0.046641984442317416 234
1740016266513 1.2511040614691207 235
1740016266605 0.03238146512804372 236
1740016266697 0.011815493714377 237
1740016266788 0.3699413341887135 238
1740016266883 0.8568210907161231 239
1740016266975 0.06685288533655803 240
1740016267065 0.0026061520640694768 241
1740016267157 0.00606413648463917 242
1740016267274 0.0013646551965648876 243
1740016267371 0.03144633368428873 244
1740016267484 0.2650039497104921 245
1740016267595 0.09108577377473798 246
1740016267700 0.26118377971411183 247
1740016267798 0.014545286106087811 248
1740016267896 0.052344377552912914 249
1740016267997 0.16193474666896263 250
1740016268095 0.7904534388074651 251
1740016268194 0.011598577862105292 252
1740016268289 0.0007580985842619527 253
1740016268385 0.19576517395129836 254
1740016268486 0.00013076226260330128 255
1740016268585 0.714400103975232 256
1740016268682 0.007315149403268443 257
1740016268778 0.1544247673733598 258
1740016268873 0.006688879964441467 259
1740016268976 0.00021426873555802878 260
1740016269074 0.05050406042553563 261
1740016269170 0.013122829138686164 262
1740016269264 0.24874016134514684 263
1740016269358 0.004348978187699442 264
1740016269454 0.13011499631741 265
1740016269554 0.2754701051221524 266
1740016269649 9.376777133254569e-07 267
1740016269745 0.010262015414059711 268
1740016269840 0.001244661329630812 269
1740016269936 0.0022590448682268988 270
1740016270036 0.00020474521378927588 271
1740016270131 0.008424178429168703 272
1740016270232 0.03382012967275449 273
1740016270328 0.20032045070561585 274
1740016270432 0.10628155859893566 275
1740016270529 0.2598191488782156 276
1740016270624 0.380470896574382 277
1740016270721 0.005334073162875727 278
1740016270817 0.01404439459602055 279
1740016270912 0.0006338998191471367 280
1740016271009 0.005722084250677277 281
1740016271107 0.06345215970791016 282
1740016271205 0.16454077389250144 283
1740016271301 0.22660257710290965 284
1740016271399 0.09670786058616268 285
1740016271495 0.012944079079242546 286
1740016271592 0.413352225372489 287
1740016271687 0.005351600010278135 288
1740016271783 0.003457154153250528 289
1740016271879 0.009650180544875238 290
1740016271976 0.011757070856891063 291
1740016272072 0.004736386932870156 292
1740016272171 0.16058418987172507 293
1740016272267 0.25230705448511215 294
1740016272364 0.2935551779206408 295
1740016272462 1.1313735335548011e-07 296
1740016272563 0.038454358100624156 297
1740016272664 0.052674374866096614 298
1740016272779 0.12806099484600997 299
1740016272873 0.38619850966589275 300
1740016272978 4.735217556516079e-05 301
1740016273078 0.0014763413251270311 302
1740016273178 0.037142484340883214 303
1740016273272 0.0059489978352081346 304
1740016273371 0.008083298351653678 305
1740016273468 0.016513569921779454 306
1740016273564 0.04284391809783879 307
1740016273662 0.020802135915893832 308
1740016273774 0.03065434878421051 309
1740016273871 0.03833097208263452 310
1740016273971 0.0038436780673151197 311
1740016274067 0.06257570458499884 312
1740016274163 0.1725263317282557 313
1740016274263 0.033274391820697066 314
1740016274358 0.020588812022702244 315
1740016274452 0.18372717679941794 316
1740016274555 0.5061802977062739 317
1740016274650 0.02953991688073315 318
1740016274746 0.043815147300309595 319
1740016274860 0.016979217316610735 320
1740016274958 0.047981631431483984 321
1740016275054 0.06970225110754714 322
1740016275148 0.27469874380456594 323
1740016275251 2.5404308823715254e-06 324
1740016275345 0.0285979731244392 325
1740016275439 0.00020353276492902255 326
1740016275534 0.11783486719008067 327
1740016275628 0.04270030867293693 328
1740016275722 0.01723424979731921 329
1740016275816 0.030358586992483512 330
1740016275931 0.009190669628727614 331
1740016276031 0.0880609832156774 332
1740016276125 0.046059353854614946 333
1740016276221 0.053810734645635565 334
1740016276339 0.08638691223290283 335
1740016276441 0.20097069086214792 336
1740016276541 0.25888216575983286 337
1740016276644 5.335085427397303e-05 338
1740016276739 1.0549539708478515 339
1740016276838 0.5955904663707688 340
1740016276936 0.2116048295257772 341
1740016277037 0.04632596246254997 342
1740016277151 0.25386208695490264 343
1740016277257 0.4475799729749274 344
1740016277357 0.1538699874289619 345
1740016277453 0.0007788508600457407 346
1740016277549 0.03174246764793797 347
1740016277644 0.044778709477970496 348
1740016277742 0.0003519097612140516 349
1740016277838 0.0032048632737082692 350
1740016277946 0.05861172049174771 351
1740016278047 0.020330772169872054 352
1740016278146 0.01892415801407268 353
1740016278249 0.15405124807450532 354
1740016278346 0.017117028195551193 355
1740016278448 0.044911899793797755 356
1740016278542 0.1784444039127598 357
1740016278644 0.4206102936601141 358
1740016278736 0.18977450710009686 359
1740016278827 0.005962470295515443 360
1740016278917 0.016949061525078288 361
1740016279010 0.08401678944360823 362
1740016279101 0.8990840899091802 363
1740016279194 0.08226293983264263 364
1740016279285 0.0005854404486002923 365
1740016279375 0.061802477477082327 366
1740016279467 7.404454514667492e-05 367
1740016279556 0.01768652173623695 368
1740016279649 0.004965526607927946 369
1740016279740 0.07101498174412094 370
1740016279831 0.026103372630045227 371
1740016279922 0.004697671234009217 372
1740016280015 0.044391803187447385 373
1740016280107 0.03716669825197513 374
1740016280201 0.3249127006353602 375
1740016280291 0.4172300447576149 376
1740016280383 0.009976898478927913 377
1740016280478 0.10047600614905126 378
1740016280569 0.028352600871764815 379
1740016280667 0.09945052099111815 380
1740016280758 0.09421711389456867 381
1740016280851 0.04206678901422865 382
1740016280944 0.0942844009635409 383
1740016281038 0.0010700086713361255 384
1740016281129 0.016139820369564982 385
1740016281224 0.00601934791797418 386
1740016281324 0.00012667808852361847 387
1740016281418 0.059934408098956546 388
1740016281515 0.16925937693753906 389
1740016281609 0.11651978841149428 390
1740016281706 0.17631383127958875 391
1740016281798 0.005948550695238313 392
1740016281895 0.05367595253596938 393
1740016281991 0.17338831548020436 394
1740016282086 0.15568361104872627 395
1740016282183 0.17257373319021282 396
1740016282280 0.016972238527508114 397
1740016282372 0.013621055445043297 398
1740016282466 0.09292779571450661 399
1740016282560 0.005896484250234982 400
1740016282659 0.06762335970861906 401
1740016282750 0.00746410665912243 402
1740016282841 0.05647694195615636 403
1740016282932 0.03601724058172515 404
1740016283023 0.11567099963228135 405
1740016283113 0.1020223337563916 406
1740016283205 0.19007661715920668 407
1740016283297 0.11313736121169705 408
1740016283389 0.04361368053197135 409
1740016283479 0.0831081944860724 410
1740016283572 0.050822535920699144 411
1740016283664 0.15703611057294548 412
1740016283756 0.0011236867243734365 413
1740016283846 0.030867305378396014 414
1740016283939 0.07675934370496941 415
1740016284033 0.0053992647697960515 416
1740016284121 0.0020845973947474766 417
1740016284216 0.06273894657167643 418
1740016284305 0.6309874576446394 419
1740016284394 0.006714702145119081 420
1740016284485 0.144373853382628 421
1740016284579 0.003800285654533886 422
1740016284670 0.005406679658441774 423
1740016284765 7.34689834348204e-07 424
1740016284855 0.009501835942964417 425
1740016284947 0.03526474889785702 426
1740016285040 0.005378710957697289 427
1740016285130 0.011634578352728455 428
1740016285223 0.10990321712712596 429
1740016285318 0.16415500159345378 430
1740016285412 0.5961570611423007 431
1740016285503 0.0305421543750816 432
1740016285598 0.3301833952720851 433
1740016285699 0.0007484834670492617 434
1740016285792 0.0010662979854477843 435
1740016285884 0.24417445214048564 436
1740016285986 0.003613005468457565 437
1740016286084 0.31441770759176485 438
1740016286181 0.16431039487389665 439
1740016286276 0.14105198959994056 440
1740016286369 0.01501875950094242 441
1740016286462 0.4314792799458661 442
1740016286552 0.3265585958631512 443
1740016286646 0.025527520311523836 444
1740016286742 0.22263634285439418 445
1740016286833 0.009292377113980677 446
1740016286924 0.029750667825817995 447
1740016287017 0.004129818471673671 448
1740016287109 0.3902192837010718 449
1740016287200 0.17280718658199246 450
1740016287291 0.2806775774192361 451
1740016287382 0.0003781886218996005 452
1740016287472 6.690195453036102e-05 453
1740016287565 0.05551442100189929 454
1740016287659 0.10145934733880348 455
1740016287750 0.17720338199477284 456
1740016287841 0.10068553120127541 457
1740016287931 0.010405813360975092 458
1740016288023 0.08251454337289481 459
1740016288114 0.6368585355435272 460
1740016288209 0.5826589710829537 461
1740016288299 0.16802056525054807 462
1740016288389 0.3817179433730567 463
1740016288478 0.00023511134121684328 464
1740016288568 0.04007579782190061 465
1740016288659 0.08271461301090434 466
1740016288755 0.046320414389329406 467
1740016288845 0.31235800145733067 468
1740016288935 0.01978473792664585 469
1740016289027 0.17858262429634308 470
1740016289117 0.14239097504309428 471
1740016289212 0.001490975064568014 472
1740016289309 0.01891050321579696 473
1740016289401 0.0193858999193309 474
1740016289493 0.09699461209459433 475
1740016289585 0.058893699752227295 476
1740016289681 0.010310207016627233 477
1740016289772 0.6655634640215545 478
1740016289866 0.23723597337766875 479
1740016289964 0.11081443270121928 480
1740016290058 0.06790779670408388 481
1740016290151 6.207902585041431e-05 482
1740016290245 0.00877276453526962 483
1740016290339 0.4153501928011728 484
1740016290432 0.03182170474962714 485
1740016290525 0.00015859927390483712 486
1740016290617 0.027841977983638 487
1740016290710 0.00012002875238105004 488
1740016290823 0.001102313100419687 489
1740016290916 0.08780994595827625 490
1740016291050 0.4219212767426242 491
1740016291140 0.0169808443870591 492
1740016291233 0.225736179196877 493
1740016291324 0.08966946078668449 494
1740016291414 0.002566729292225404 495
1740016291505 0.011902616236430979 496
1740016291595 0.38592479091108095 497
1740016291685 0.0037857402323455405 498
1740016291782 0.14637716081184138 499
