1739965111311 5.9917163097623805 0
1739965111390 7.088245611800409 1
1739965111467 6.501122421844521 2
1739965111543 6.961806752423588 3
1739965111620 6.228095619648451 4
1739965111695 6.328668169846589 5
1739965111769 6.402362214397549 6
1739965111839 6.388222181593238 7
1739965111907 6.605756321694675 8
1739965111978 6.079830114759065 9
1739965112055 6.415029248154904 10
1739965112129 6.731857130250916 11
1739965112199 6.9716800131931524 12
1739965112273 7.302836394033172 13
1739965112340 7.0537883254645575 14
1739965112408 6.860322238737623 15
1739965112526 6.506253371560287 16
1739965112598 6.573831706264005 17
1739965112668 6.856723218271243 18
1739965112746 6.576927879244823 19
1739965112821 6.075770618229988 20
1739965112897 6.555047736952759 21
1739965112971 6.544354978874286 22
1739965113047 6.403650696867359 23
1739965113120 7.246530870195965 24
1739965113192 6.259033182317621 25
1739965113260 7.270443502669368 26
1739965113327 5.80496154901672 27
1739965113397 7.062365066777964 28
1739965113475 6.2943920040085715 29
1739965113558 8.04058672179917 30
1739965113643 6.650648989162569 31
1739965113741 6.358041052969291 32
1739965113844 6.908481212849153 33
1739965113941 7.130877141639761 34
1739965114026 6.584496590306173 35
1739965114130 5.795990599898779 36
1739965114237 6.5551357996107935 37
1739965114324 5.845809210643716 38
1739965114409 6.825505871555582 39
1739965114518 6.546169782448216 40
1739965114625 6.977652014132078 41
1739965114707 6.056480678355768 42
1739965114790 6.75975521094894 43
1739965114890 6.743580171302661 44
1739965114976 6.222291252693072 45
1739965115060 6.846793834215329 46
1739965115163 6.906166536912158 47
1739965115271 5.971488831360075 48
1739965115377 7.49843795635654 49
1739965115488 6.982875987710533 50
1739965115605 6.275010746971873 51
1739965115719 6.190944730937374 52
1739965115820 7.01740557631017 53
1739965115895 7.537257945224428 54
1739965115968 6.728685081712957 55
1739965116042 6.72776345054296 56
1739965116112 6.382733820354948 57
1739965116183 5.29669315594542 58
1739965116254 7.200767696468364 59
1739965116321 6.861431475426777 60
1739965116389 6.594732619464358 61
1739965116455 6.153870022237123 62
1739965116534 7.292266610825529 63
1739965116604 6.390381621148219 64
1739965116673 7.224269495105874 65
1739965116741 6.181564463939794 66
1739965116809 6.782297610139441 67
1739965116877 6.345034117711077 68
1739965116944 6.255175244260954 69
1739965117016 5.99366051752006 70
1739965117085 5.995328322556861 71
1739965117155 8.08187038471138 72
1739965117223 7.197242273126211 73
1739965117292 5.9089241390916145 74
1739965117359 6.108227974325371 75
1739965117427 6.554378973798974 76
1739965117497 6.506657455462895 77
1739965117567 7.280779057242106 78
1739965117636 6.293096552647906 79
1739965117704 6.763980372495903 80
1739965117779 6.803782506275062 81
1739965117847 6.719677881050515 82
1739965117914 6.339196008644124 83
1739965117982 6.671171956237471 84
1739965118053 7.843062076846973 85
1739965118119 6.69800388716751 86
1739965118188 6.895403984176603 87
1739965118255 7.137532215038954 88
1739965118322 7.155813122529954 89
1739965118391 6.629626333862189 90
1739965118460 5.128627745952991 91
1739965118532 6.466370562186223 92
1739965118601 6.512438621185674 93
1739965118680 6.546677957612901 94
1739965118752 6.0211709983428605 95
1739965118822 5.932988575152513 96
1739965118891 6.757204084245321 97
1739965118959 6.730444033851184 98
1739965119029 6.8506207492683835 99
1739965119097 6.866668442910153 100
1739965119165 7.040257307981147 101
1739965119235 6.002603343613534 102
1739965119302 7.176429368199452 103
1739965119371 5.879886446399518 104
1739965119437 6.553083677588675 105
1739965119512 6.594188043864591 106
1739965119588 6.487604064853289 107
1739965119664 7.957151978152638 108
1739965119738 6.864310535861819 109
1739965119816 6.23041835483791 110
1739965119891 6.088219323310365 111
1739965119966 6.661215249848219 112
1739965120037 6.170250242435467 113
1739965120106 6.660840784302156 114
1739965120180 5.228269313394839 115
1739965120254 6.949275930132765 116
1739965120328 6.57878796083056 117
1739965120398 6.542409865978618 118
1739965120467 6.477456235541711 119
1739965120537 6.424833501409677 120
1739965120610 6.205953670331286 121
1739965120687 6.936108040623346 122
1739965120769 7.1134436494522495 123
1739965120854 6.821683522881137 124
1739965120949 6.567497165540574 125
1739965121035 6.211205055101643 126
1739965121148 6.259771644358682 127
1739965121248 6.409990130487696 128
1739965121333 6.428509945046724 129
1739965121442 6.135532129661522 130
1739965121566 6.464982127842617 131
1739965121688 6.363425680180864 132
1739965121845 6.887950395904475 133
1739965122011 6.9001963896594045 134
1739965122186 6.661683896376718 135
1739965122284 6.583155366042144 136
1739965122360 6.26668298399059 137
1739965122431 7.226645394246569 138
1739965122509 7.120049076572963 139
1739965122580 6.577226075841511 140
1739965122662 6.707226534826661 141
1739965122789 5.546599936385336 142
1739965122924 6.536498349011236 143
1739965123031 6.457750590048116 144
1739965123110 6.7054079001485825 145
1739965123186 6.7984015987807 146
1739965123258 6.528141202901948 147
1739965123327 5.853743417617894 148
1739965123396 6.657451418678676 149
1739965123469 7.493992558561523 150
1739965123549 7.078093532889182 151
1739965123624 6.989146267240456 152
1739965123703 5.95438539783175 153
1739965123772 6.550685200162917 154
1739965123839 6.752490426731156 155
1739965123910 6.693926573512913 156
1739965123979 6.407437649761558 157
1739965124049 5.888352305678877 158
1739965124116 5.904666105893846 159
1739965124185 6.194896012764436 160
1739965124252 6.841218453053591 161
1739965124320 6.673811861176831 162
1739965124387 6.89948343008604 163
1739965124454 6.360547576799315 164
1739965124526 6.611542325899212 165
1739965124594 6.979334717989102 166
1739965124660 6.679045183778831 167
1739965124732 6.62445096402134 168
1739965124804 6.647461274474014 169
1739965124872 5.977820988243277 170
1739965124943 7.4468998310899845 171
1739965125087 6.415947765005976 172
1739965125155 6.900252833625411 173
1739965125223 6.159418826372893 174
1739965125290 6.598406018874708 175
1739965125359 6.646523817745554 176
1739965125425 6.372619259029448 177
1739965125505 6.691918556447436 178
1739965125592 6.854308128148011 179
1739965125671 6.75047473766676 180
1739965125739 5.751321878956567 181
1739965125807 6.4365174185173775 182
1739965125876 6.635543456336684 183
1739965125948 7.081674059024827 184
1739965126019 6.265223983046438 185
1739965126102 6.360504409607098 186
1739965126195 6.159166771465141 187
1739965126336 5.772212795642509 188
1739965126477 6.126001963269322 189
1739965126597 7.0760882266378635 190
1739965126708 6.624562555159452 191
1739965126805 6.611013912672384 192
1739965126881 6.506821748241901 193
1739965126953 6.813839768990949 194
1739965127033 6.559995608855118 195
1739965127142 6.626389527101677 196
1739965127274 6.031296001313156 197
1739965127403 7.526484348681308 198
1739965127582 6.7681958666325 199
1739965127658 7.460076770421868 200
1739965127729 6.35163513918966 201
1739965127819 6.453885029247427 202
1739965127886 6.082443092496885 203
1739965127959 6.496812035581136 204
1739965128026 8.602536397295957 205
1739965128110 6.825645885292533 206
1739965128213 6.321921414433972 207
1739965128343 6.537382368831932 208
1739965128420 7.311123857149237 209
1739965128491 6.944423417066266 210
1739965128565 6.3833126470370765 211
1739965128635 5.983769988853512 212
1739965128703 6.692678924622448 213
1739965128782 6.608768236940778 214
1739965128856 6.733778191165299 215
1739965128931 6.502271074937819 216
1739965129014 6.433334450876111 217
1739965129109 6.07586680833032 218
1739965129210 6.794226687856461 219
1739965129291 6.469347960487341 220
1739965129361 6.687063348165372 221
1739965129429 6.002987799491669 222
1739965129505 7.00105158924024 223
1739965129575 6.395753290372933 224
1739965129643 6.560517609073399 225
1739965129710 7.039326731200296 226
1739965129780 6.621332327555367 227
1739965129853 6.17944319018981 228
1739965129933 7.521737609739374 229
1739965130016 6.299755020766428 230
1739965130099 5.634097170609727 231
1739965130212 7.116392994149778 232
1739965130289 6.446660405669149 233
1739965130356 6.31327777727528 234
1739965130426 7.0917413507768 235
1739965130505 6.2611029176459585 236
1739965130579 6.417470849382611 237
1739965130647 6.013986530325954 238
1739965130722 6.306094018701398 239
1739965130803 6.421944241438557 240
1739965130887 6.474276943884491 241
1739965130990 7.079008214514319 242
1739965131071 6.157273662997466 243
1739965131140 6.379384355512709 244
1739965131211 6.532037673771436 245
1739965131279 7.439838572274709 246
1739965131355 6.888955318246029 247
1739965131434 6.490539502355467 248
1739965131521 7.406963689265039 249
1739965131622 7.063108041931769 250
1739965131729 6.49171595875806 251
1739965131833 6.318200593515081 252
1739965131926 7.013126725433071 253
1739965132040 6.607804202229739 254
1739965132151 7.00895125088535 255
1739965132254 6.38254254838604 256
1739965132357 5.905461805522491 257
1739965132451 8.295576811070138 258
1739965132571 5.92813962185706 259
1739965132681 6.628324085330388 260
1739965132810 6.178001093973772 261
1739965132892 6.666250679233497 262
1739965132960 6.471080857802721 263
1739965133028 6.663369453012988 264
1739965133098 6.330389293105091 265
1739965133172 6.4299937137492424 266
1739965133258 6.252379732507757 267
1739965133477 5.864704930035438 268
1739965133636 6.749675709410379 269
1739965133728 6.471375263821146 270
1739965133798 6.450455266183343 271
1739965133865 6.340858109415484 272
1739965133936 6.5257862121827275 273
1739965134005 6.744506622898913 274
1739965134080 6.812064589094123 275
1739965134150 6.470466991743675 276
1739965134228 6.646006821340085 277
1739965134317 6.1904506656852725 278
1739965134412 7.2517739696735415 279
1739965134524 6.716535279805764 280
1739965134603 6.829438369625513 281
1739965134700 6.82018410949753 282
1739965134776 6.637081956318872 283
1739965134868 6.969208733966115 284
1739965134994 6.714782290949181 285
1739965135143 7.125794435879958 286
1739965135307 5.477662628441598 287
1739965135493 6.617468992285716 288
1739965135660 6.939708912473472 289
1739965135795 6.173978031200353 290
1739965135883 7.228727547178975 291
1739965135955 6.853228961860047 292
1739965136027 6.6950533828889265 293
1739965136102 6.200043803437717 294
1739965136178 6.254346225769098 295
1739965136245 6.434691050701466 296
1739965136313 6.491609659530701 297
1739965136382 6.614402903006467 298
1739965136450 6.552481391578328 299
1739965136520 6.7701002739108995 300
1739965136587 6.519904906257838 301
1739965136657 6.626744195018264 302
1739965136726 6.267902218957992 303
1739965136793 5.933769239588502 304
1739965136861 5.893514049477893 305
1739965136930 6.943520478687005 306
1739965137002 6.9800937623776855 307
1739965137072 7.659865576777363 308
1739965137141 7.024946484934573 309
1739965137210 8.551415039642857 310
1739965137283 5.9631700053883145 311
1739965137351 6.757526581230584 312
1739965137421 6.740735104167827 313
1739965137493 6.966907427307237 314
1739965137570 6.237909308087597 315
1739965137681 6.370993281543104 316
1739965137773 6.59748310543993 317
1739965137855 6.592963458751446 318
1739965137926 6.910261479146842 319
1739965137996 6.930716292813199 320
1739965138064 6.474370225268332 321
1739965138137 6.403711361469698 322
1739965138207 6.996144121931671 323
1739965138278 6.61129871776739 324
1739965138345 6.4985722961759835 325
1739965138413 6.8595103613714645 326
1739965138485 6.457540468263975 327
1739965138555 6.859343533752368 328
1739965138628 7.2443913209256 329
1739965138695 6.863227097160757 330
1739965138765 7.233528414688428 331
1739965138836 6.053391040214638 332
1739965138913 6.362315162985837 333
1739965138985 7.30729065825364 334
1739965139091 6.331183049233692 335
1739965139158 6.716232097591742 336
1739965139230 6.554231115042223 337
1739965139299 5.9226643207594325 338
1739965139368 7.418743210866767 339
1739965139436 6.874192777249044 340
1739965139506 6.959890683471204 341
1739965139576 6.193991171244075 342
1739965139694 6.254324500391953 343
1739965139761 6.089631553748737 344
1739965139830 6.083016077283054 345
1739965139898 6.666245550583903 346
1739965139971 5.832909107191968 347
1739965140050 6.483166752449166 348
1739965140121 6.598830848790676 349
1739965140195 7.606887982904128 350
1739965140263 6.843084915037618 351
1739965140332 6.568544475055309 352
1739965140401 6.2846614408073815 353
1739965140472 6.56529740718308 354
1739965140544 6.29238275418574 355
1739965140612 6.212645445414073 356
1739965140680 6.635765276938884 357
1739965140747 6.213627863753355 358
1739965140817 5.67118152345639 359
1739965140884 7.153590847814838 360
1739965140954 6.494737884963475 361
1739965141024 6.9317086942303945 362
1739965141098 6.736082196569329 363
1739965141179 6.9675663279956845 364
1739965141266 7.03673910931206 365
1739965141362 6.625394326943882 366
1739965141471 6.5002260129194855 367
1739965141600 6.561310584086975 368
1739965141726 6.155510893839747 369
1739965141866 6.551189231975957 370
1739965141958 6.438222592019863 371
1739965142031 7.387876520178029 372
1739965142118 6.948021750365397 373
1739965142263 6.069124596740219 374
1739965142358 6.1132705054385905 375
1739965142429 6.375504211627559 376
1739965142506 6.691236651171843 377
1739965142577 6.08932242038546 378
1739965142651 6.249866441137987 379
1739965142720 6.343845542480699 380
1739965142792 5.669147915849485 381
1739965142863 6.492392827473146 382
1739965142931 6.491086755115623 383
1739965143000 6.468597128945385 384
1739965143070 6.083637797532056 385
1739965143138 6.930447330799016 386
1739965143206 6.515425750979124 387
1739965143274 6.409936121316595 388
1739965143344 8.635300970220086 389
1739965143414 6.882059135958879 390
1739965143484 6.279960975735338 391
1739965143553 6.752275410213554 392
1739965143620 6.277672507306689 393
1739965143687 6.359513228769781 394
1739965143756 6.206179837388124 395
1739965143827 6.775845518307954 396
1739965143903 6.288395967490333 397
1739965143979 6.69834771389299 398
1739965144054 6.450903153931358 399
1739965144130 7.762582788018535 400
1739965144205 6.382852510423318 401
1739965144282 6.472904169668414 402
1739965144357 6.573383315883469 403
1739965144427 5.734774058078442 404
1739965144499 7.206491671341026 405
1739965144569 6.554872187376221 406
1739965144636 6.052463239412094 407
1739965144705 6.214300766208026 408
1739965144774 6.173873400274148 409
1739965144852 6.036465306234273 410
1739965144926 6.475343262307324 411
1739965144997 6.460204070016933 412
1739965145068 6.44705117673891 413
1739965145136 6.220959933517047 414
1739965145209 6.653753091579118 415
1739965145276 6.684047903735804 416
1739965145347 7.142942657458476 417
1739965145416 6.628387803902458 418
1739965145485 5.947584863467318 419
1739965145555 6.69431894399116 420
1739965145626 5.845121636223088 421
1739965145700 6.623875923806857 422
1739965145773 6.575252144070621 423
1739965145847 5.947103701864804 424
1739965145915 6.364720160959604 425
1739965145986 7.604975076947639 426
1739965146062 5.951225873723958 427
1739965146134 6.894834661322319 428
1739965146207 7.138731733487427 429
1739965146279 6.3878389449723585 430
1739965146353 6.539304624444949 431
1739965146427 6.463480867306784 432
1739965146502 5.8196950563883485 433
1739965146574 6.179643408642915 434
1739965146643 6.445212425364502 435
1739965146713 6.862551908657856 436
1739965146784 6.299126291452917 437
1739965146851 6.830582942121381 438
1739965146919 7.290880689781567 439
1739965146988 6.69392141680444 440
1739965147057 6.442215679200539 441
1739965147132 6.378509398400417 442
1739965147202 6.361132116066926 443
1739965147278 6.257205326926103 444
1739965147346 6.0535392733247235 445
1739965147415 6.198338667967669 446
1739965147504 7.2491983303482765 447
1739965147604 5.176507400934614 448
1739965147706 6.569919292075504 449
1739965147797 6.21526915333538 450
1739965147872 6.093799924431788 451
1739965147942 6.297330762042877 452
1739965148010 5.877605643739014 453
1739965148077 5.726983610130717 454
1739965148154 6.473209879133943 455
1739965148236 7.00305470867275 456
1739965148323 6.300142685215696 457
1739965148426 6.796413044133818 458
1739965148537 7.7277642985088555 459
1739965148614 6.440326698063977 460
1739965148694 6.150268269927878 461
1739965148765 5.874582474013689 462
1739965148833 6.653877096393166 463
1739965148903 6.754531870655734 464
1739965148984 6.940895393270544 465
1739965149068 6.290524543787744 466
1739965149148 6.599791589736838 467
1739965149222 7.185133931033905 468
1739965149292 6.308710701871016 469
1739965149364 6.960076174429706 470
1739965149438 6.480420086772711 471
1739965149514 7.2455837016970985 472
1739965149670 6.622047446679076 473
1739965149805 6.666388422152963 474
1739965150146 6.922320790711857 475
1739965150389 6.974033205833484 476
1739965150570 6.302986315553743 477
