1739991316414 6.551976050477618 0
1739991316447 6.567021769200598 1
1739991316478 6.538198991736837 2
1739991316509 6.55229392211056 3
1739991316539 6.561942379782804 4
1739991316571 6.60919646339277 5
1739991316603 6.577313542631932 6
1739991316634 6.5712832990601715 7
1739991316666 6.5727860869217425 8
1739991316697 6.569346808824725 9
1739991316730 6.560980022048153 10
1739991316763 6.492777660231917 11
1739991316794 6.590114978787477 12
1739991316825 6.5824464751839376 13
1739991316856 6.6054052321453645 14
1739991316888 6.545435153082073 15
1739991316919 6.561542630080013 16
1739991316950 6.606502842487634 17
1739991316981 6.581278857935594 18
1739991317013 6.5676569288390505 19
1739991317043 6.609814200753296 20
1739991317074 6.5839959002646165 21
1739991317104 6.568357483457683 22
1739991317135 6.5882681397676714 23
1739991317165 6.5761673798859155 24
1739991317196 6.610361755966987 25
1739991317227 6.563397455324092 26
1739991317257 6.583429427272989 27
1739991317288 6.558837352925634 28
1739991317319 6.529768144728093 29
1739991317349 6.578128772685362 30
1739991317380 6.565871451758618 31
1739991317411 6.6094872015364725 32
1739991317442 6.54199185652553 33
1739991317472 6.609478766061269 34
1739991317503 6.568724212537 35
1739991317534 6.585146951988759 36
1739991317564 6.558630247598841 37
1739991317595 6.5483909660793405 38
1739991317626 6.599848867994795 39
1739991317656 6.574962522025445 40
1739991317686 6.547267585469673 41
1739991317718 6.6477402085945405 42
1739991317806 6.553326203522373 43
1739991317838 6.535975781906717 44
1739991317870 6.581668540372766 45
1739991317901 6.597598900618418 46
1739991317931 6.58393840269822 47
1739991317961 6.59702022277033 48
1739991317992 6.543718833651515 49
1739991318022 6.609616005446566 50
1739991318053 6.584164489155502 51
1739991318083 6.543802928091025 52
1739991318114 6.544028971713791 53
1739991318145 6.546223143292922 54
1739991318176 6.615086737047174 55
1739991318207 6.588133296340787 56
1739991318238 6.575791508590562 57
1739991318269 6.546804476761357 58
1739991318299 6.597612181694611 59
