1740016109030 136.66913972694996 0
1740016109066 118.64866563758949 1
1740016109098 102.0544333101318 2
1740016109125 81.88337027411539 3
1740016109158 70.62971757082923 4
1740016109193 58.02411792700354 5
1740016109222 49.08343826766383 6
1740016109248 40.35225309866118 7
1740016109275 33.08308517048016 8
1740016109305 27.57399331990991 9
1740016109331 25.060116212234156 10
1740016109362 20.57272666848969 11
1740016109394 17.248215313423966 12
1740016109425 15.180647123349996 13
1740016109451 11.892480541528537 14
1740016109478 9.933094752766065 15
1740016109507 8.863086038658334 16
1740016109533 6.754374798698608 17
1740016109560 6.1819644403764755 18
1740016109592 5.400632471689392 19
1740016109621 4.1150543351490185 20
1740016109647 3.9610726137885512 21
1740016109673 3.2121300401852473 22
1740016109706 2.6698301116236496 23
1740016109732 2.466694411936417 24
1740016109758 2.099023104271743 25
1740016109786 1.6900467358462483 26
1740016109814 1.55909403375405 27
1740016109840 1.2591627708489632 28
1740016109866 1.0119350144407153 29
1740016109895 0.9552849391178787 30
1740016109923 0.9554303106042459 31
1740016109951 0.5949657656272443 32
1740016109979 0.6162924866379889 33
1740016110007 0.49992134554763784 34
1740016110033 0.559600510808638 35
1740016110059 0.5698624505395992 36
1740016110086 0.37820379990059805 37
1740016110112 0.3221170915505685 38
1740016110141 0.29563660475452036 39
1740016110174 0.2976979197022568 40
1740016110270 0.2620443092729313 41
1740016110300 0.2562985735013406 42
1740016110327 0.24985102704680978 43
1740016110354 0.18438998313462943 44
1740016110380 0.16127267114488714 45
1740016110406 0.2078150412959236 46
1740016110432 0.17575358039499744 47
1740016110461 0.16924559837844094 48
1740016110487 0.2574851815032888 49
1740016110513 0.18259529017077358 50
1740016110544 0.20942731124648112 51
1740016110571 0.13980804380977485 52
1740016110598 0.23400269854183747 53
1740016110624 0.11905558193212164 54
1740016110651 0.18010545240778222 55
1740016110677 0.17667757462832623 56
1740016110703 0.17725596561614282 57
1740016110730 0.18275218228946732 58
1740016110757 0.14198065825246484 59
1740016110784 0.1257946482454884 60
1740016110810 0.09370751606282289 61
1740016110841 0.10081634672856335 62
1740016110867 0.1513345159545118 63
1740016110893 0.13141486793811158 64
1740016110922 0.1504497244699231 65
1740016110950 0.1381189933320011 66
1740016110977 0.18811880384574942 67
1740016111004 0.21629737706110144 68
1740016111032 0.10036041897462299 69
1740016111058 0.14276044421983558 70
1740016111084 0.15363231978741582 71
1740016111111 0.09317527361898578 72
1740016111142 0.10725362057152993 73
1740016111168 0.13299541001571455 74
1740016111194 0.12813218953064473 75
1740016111223 0.14825612625974693 76
1740016111250 0.11594144975051347 77
1740016111276 0.09339330149991054 78
1740016111303 0.09903763995653599 79
1740016111330 0.16284178448817874 80
1740016111357 0.1373874470879242 81
1740016111383 0.14007781659966098 82
1740016111412 0.13935369103236153 83
1740016111440 0.11776925419181249 84
1740016111466 0.1599436064062042 85
1740016111492 0.12679696872012883 86
1740016111524 0.1153184230538209 87
1740016111550 0.16370508118348012 88
1740016111576 0.12144624984305893 89
1740016111607 0.1424006598022479 90
1740016111637 0.1319211499248697 91
1740016111663 0.13252501338651512 92
1740016111689 0.164018612627152 93
1740016111716 0.11523586312950285 94
1740016111744 0.1512853495057095 95
1740016111771 0.12342179026322452 96
1740016111798 0.17107650167867805 97
1740016111828 0.12125752170608656 98
1740016111854 0.17279823829812255 99
1740016111880 0.14846357252053277 100
1740016111911 0.10067948909754784 101
1740016111939 0.1191943679276988 102
1740016111965 0.1086902232273566 103
1740016111991 0.12651181766802627 104
1740016112020 0.18127928862259618 105
1740016112047 0.14947933186034662 106
