1740010112200 0.4552946585107531 0
1740010112303 0.021854356031747915 1
1740010112403 2.117881545436389 2
1740010112503 0.3283863623008532 3
1740010112605 1.245269985676438 4
1740010112708 0.796911091407815 5
1740010112808 0.5722509560741371 6
1740010112908 0.7663143057449762 7
1740010113007 0.39633468947133565 8
1740010113105 0.41679027090786447 9
1740010113205 0.05491878338588187 10
1740010113303 0.8203708787598634 11
1740010113405 0.15627591337589472 12
1740010113501 0.12606132391470315 13
1740010113598 0.37843515763616487 14
1740010113697 0.3613942857205143 15
1740010113793 0.27249146435709076 16
1740010113891 0.06792069082247303 17
1740010113987 0.3411321101796241 18
1740010114086 0.6556305247946925 19
1740010114253 0.5617236499068565 20
1740010114351 1.6113047202943787 21
1740010114444 0.3909837899191448 22
1740010114552 0.4537545561068946 23
1740010114654 0.5732702067946699 24
1740010114753 0.2539962495106026 25
1740010114847 0.26831715850868687 26
1740010114944 0.9365555315969434 27
1740010115040 2.1883003994183747 28
1740010115139 0.16043839933989443 29
1740010115235 0.0017741231066230798 30
1740010115332 0.5312552930546034 31
1740010115427 1.1270385281178636 32
1740010115523 0.5638107480493961 33
1740010115620 0.2349736722601163 34
1740010115714 1.7535773008794862 35
1740010115810 0.13476022679900732 36
1740010115906 0.09704666518613449 37
1740010116007 0.6309200862850355 38
1740010116108 0.34637671636130674 39
1740010116204 0.012865251019597937 40
1740010116301 0.6911435751793436 41
1740010116399 1.1013905106209236 42
1740010116495 1.5577896904971125 43
1740010116591 0.8821899424832242 44
1740010116687 0.3884352626378135 45
1740010116785 0.5952945259140596 46
1740010116882 0.15145228992579793 47
1740010116977 0.08331427386712471 48
1740010117076 0.13745290804604168 49
1740010117174 0.6023406492806173 50
1740010117270 0.365695297777444 51
1740010117373 0.38956590677503555 52
1740010117470 0.5244682362646959 53
1740010117566 0.09472660373036612 54
1740010117662 0.3180404932228682 55
1740010117758 0.5168071243065814 56
1740010117857 0.6446020383324387 57
1740010117955 0.5109465444058962 58
1740010118052 0.6976935484726449 59
1740010118152 0.4072253676290809 60
1740010118248 0.31937910347844084 61
1740010118345 2.316075758333531 62
1740010118445 0.4947358920767143 63
1740010118542 2.1344164428924186 64
1740010118640 0.6420784421417829 65
1740010118737 0.6643695308317386 66
1740010118835 1.1628379434613407 67
1740010118931 0.5146125348337786 68
1740010119026 0.0993710599537634 69
1740010119129 0.425695363095612 70
1740010119227 0.023125592813083958 71
1740010119323 1.3380239981190163 72
1740010119420 0.2468531113211928 73
1740010119518 3.0699019893713375 74
1740010119619 0.40474778073746015 75
1740010119714 0.4110795018814668 76
1740010119810 0.13737588465882272 77
1740010119908 1.0437980212659494 78
1740010120006 0.003899466558211053 79
1740010120106 0.2571939961178395 80
1740010120202 0.1624564778275126 81
1740010120323 0.33776491065958963 82
1740010120422 0.2894822414693425 83
1740010120521 0.55560370519742 84
1740010120618 0.0996354665013186 85
1740010120714 1.079433320291884 86
1740010120814 0.9888590551972585 87
1740010120911 1.0694049457091641 88
1740010121008 1.1289194343127762 89
1740010121108 0.06332285668127942 90
1740010121214 0.262455624080603 91
1740010121311 0.5501212941039061 92
1740010121406 0.45008739682673116 93
1740010121504 0.49365363997686207 94
1740010121601 0.07728774841629489 95
1740010121697 0.09834302185143474 96
1740010121792 0.46931348659480276 97
1740010121889 0.766507107408898 98
1740010121985 0.6473264431406817 99
1740010122086 0.26560979343353697 100
1740010122182 1.0574477200750514 101
1740010122279 0.45772789477961595 102
1740010122373 0.21659877898961663 103
1740010122469 0.03963162528224115 104
1740010122567 0.2981177281382801 105
1740010122662 1.5277499474666116 106
1740010122762 0.9764406492004712 107
1740010122863 0.20196648711180085 108
1740010122959 0.04536090092415569 109
1740010123055 0.32014775705591325 110
1740010123154 0.18382657590106144 111
1740010123249 0.9609085154238017 112
1740010123344 0.1643932902889056 113
1740010123441 1.4071921277371566 114
1740010123541 0.4864224741533783 115
1740010123706 0.8656475909785131 116
1740010123805 0.8755491082318478 117
1740010123905 0.8737197819911235 118
1740010124007 0.34099828129504955 119
1740010124104 0.271642145860613 120
1740010124201 0.21588358464335078 121
1740010124299 0.2988758922103503 122
1740010124398 0.519268327384096 123
1740010124497 0.3887855936073491 124
1740010124602 0.9355040403114995 125
1740010124719 0.7940419202515248 126
1740010124816 0.394225591409314 127
1740010124923 0.6983720020444155 128
1740010125017 0.5196226896292719 129
1740010125116 0.9403713322878765 130
1740010125214 0.23596314048412076 131
1740010125311 0.005585973627987178 132
1740010125407 1.1052494152706924 133
1740010125506 0.6962366942779743 134
1740010125605 0.445295156508791 135
1740010125703 0.4963507961721798 136
1740010125799 0.30842974300954096 137
1740010125894 0.049289010444071135 138
1740010125992 0.3108341737113574 139
1740010126089 0.36015319890514264 140
1740010126184 0.09438375011377806 141
1740010126280 0.9404465095790359 142
1740010126376 0.5800242403806041 143
1740010126472 0.4090477045036953 144
1740010126569 0.5179074059626003 145
1740010126666 0.4421679441005583 146
1740010126763 0.6832914482128287 147
1740010126858 1.135735228723709 148
1740010126960 0.3770957441468713 149
1740010127058 2.0604025197268943 150
1740010127154 0.21970881690307079 151
1740010127249 0.931794911045764 152
1740010127344 0.08575222416718302 153
1740010127441 0.6427255629309521 154
1740010127536 0.7827364710586037 155
1740010127631 0.05336131837729939 156
1740010127727 0.5013574001596034 157
1740010127824 0.6364726192008319 158
1740010127920 0.43035030071396735 159
1740010128017 0.06806791758171672 160
1740010128115 0.44960785001061665 161
1740010128212 0.24688026979200467 162
1740010128308 0.5533190891814145 163
1740010128403 0.43880043603436636 164
1740010128500 0.11792003761694576 165
1740010128597 0.8221221108456411 166
1740010128693 0.6954923494413733 167
1740010128791 0.7984041293369232 168
1740010128887 0.45793153627851313 169
1740010128989 0.8505410365295069 170
1740010129087 0.17083574954844152 171
1740010129184 0.037024429659749294 172
1740010129284 0.5487900996631182 173
1740010129381 0.39356413996341194 174
1740010129478 0.8769413374502955 175
1740010129576 0.7230362517128148 176
1740010129673 1.3030897985024494 177
1740010129767 0.1280564956495646 178
1740010129865 0.38154109197784747 179
1740010129962 1.118674699443633 180
1740010130059 1.2933585326214807 181
1740010130158 0.11110495806701799 182
1740010130254 0.49526046129657436 183
1740010130352 0.440563904428298 184
1740010130447 0.7138456380807114 185
1740010130545 0.603030977288961 186
1740010130643 0.44539331714785174 187
1740010130744 0.4087687799377733 188
1740010130846 0.11297259989428662 189
1740010130943 0.3974774665993346 190
1740010131046 0.2539373440305437 191
1740010131150 0.32828376075179594 192
1740010131245 0.9283649697626039 193
1740010131341 0.44971919921658604 194
1740010131437 1.218669455466294 195
1740010131534 0.28268736431633656 196
1740010131632 0.3439857395923295 197
1740010131727 1.0057518942721095 198
1740010131824 0.742993028432619 199
1740010131923 0.46389532060952954 200
1740010132019 1.0323901211299573 201
1740010132123 0.46665803860377675 202
1740010132219 0.8522118987921146 203
1740010132316 0.16135999467195244 204
1740010132412 0.37398589169686475 205
1740010132508 0.4458548547309795 206
1740010132606 0.07564083194940194 207
1740010132704 0.48962592535219196 208
1740010132801 1.793844092951706 209
1740010132898 0.5064202588638246 210
1740010132996 0.013411700555281665 211
1740010133097 0.5154331342859819 212
1740010133193 0.00843954172093724 213
1740010133288 0.25100602981463205 214
1740010133385 0.8069126844427384 215
1740010133483 0.013446385510088482 216
1740010133579 2.137930040095239 217
1740010133675 0.3799064903670935 218
1740010133771 1.1049605664627846 219
1740010133867 0.1791077682449547 220
1740010133963 0.4957714186301293 221
1740010134065 0.049324486090295785 222
1740010134161 1.107985322874273 223
1740010134257 0.995513636501705 224
1740010134352 0.8350944127755116 225
1740010134448 0.6013923196062292 226
1740010134545 0.3688180358976604 227
1740010134640 0.000653206564751023 228
1740010134750 8.491754287540057e-05 229
1740010134851 0.07471365927929743 230
1740010134946 0.28801452951953677 231
1740010135046 0.5773520211818218 232
1740010135147 0.6144434065141283 233
1740010135242 0.37819630342574784 234
1740010135413 0.14256304853945156 235
1740010135518 0.7695098433561584 236
1740010135620 0.4066779084579615 237
1740010135726 0.543229621670742 238
1740010135835 0.4528928771267262 239
1740010135931 0.8807512088823449 240
1740010136029 0.4770323841338252 241
1740010136133 0.4077889648853878 242
1740010136231 1.1011668461628887 243
1740010136327 0.529607938705164 244
1740010136424 0.36486727466879365 245
1740010136521 1.710596876105851 246
1740010136617 0.3630262684451575 247
1740010136715 0.6133730565545643 248
1740010136809 0.791851402051506 249
1740010136907 1.2244561591701846 250
1740010137002 0.6740846849311201 251
1740010137114 0.6287902434944906 252
1740010137214 0.5102291544674511 253
1740010137336 0.2554306562146214 254
1740010137434 0.9734014257935135 255
1740010137531 0.26610228649450374 256
1740010137628 0.2639111223991809 257
1740010137725 1.2805268167768795 258
1740010137821 0.28953961622409163 259
1740010137920 0.180584665051676 260
1740010138017 1.3099580215019078 261
1740010138118 0.7269359233332957 262
1740010138220 0.34970596178828967 263
1740010138322 0.05482475073565594 264
1740010138418 0.07363995134037807 265
1740010138514 0.6100211179512807 266
1740010138610 1.3749121228875778 267
1740010138708 0.5279514885911095 268
1740010138805 0.0014085022023193636 269
1740010138902 0.8323641256488752 270
1740010138998 0.6167823853111614 271
1740010139096 0.05827042330043804 272
1740010139199 0.2894786665508347 273
1740010139295 1.1607914206707988 274
1740010139390 0.03790663048122808 275
1740010139487 0.15483893863704457 276
1740010139584 0.4711143693208407 277
1740010139680 0.15866646463603692 278
1740010139775 0.6139256745844732 279
1740010139873 1.004126240666471 280
1740010139969 0.5860699632616453 281
1740010140067 0.2562996038323039 282
1740010140162 0.86535123500934 283
1740010140259 1.158045124049313 284
1740010140354 0.24200395360750832 285
1740010140452 0.025497832096434428 286
1740010140549 0.8461546593308471 287
1740010140647 0.9391440501807143 288
1740010140747 0.5883297706628154 289
1740010140843 0.26118724010925537 290
1740010140939 0.8257635385300109 291
1740010141035 1.1624504047481448 292
1740010141133 0.3314782238097564 293
1740010141234 1.2792342475397396 294
1740010141332 0.002003942899756933 295
1740010141429 0.7466247081279581 296
1740010141525 1.243897853198594 297
1740010141621 0.6022815001843084 298
1740010141718 0.4847642761634912 299
1740010141815 0.44350670378501184 300
1740010141913 0.18403870581855863 301
1740010142010 0.6412239079291873 302
1740010142110 0.3286536112343131 303
1740010142206 0.004455505537244458 304
1740010142305 0.8440049506596493 305
1740010142400 2.6230308997019782 306
1740010142495 0.07655586704699868 307
1740010142594 0.7043325755158272 308
1740010142768 0.3964582002891791 309
1740010142866 1.0364102646674227 310
1740010142969 0.39873416146485735 311
1740010143072 1.4333532935812048 312
1740010143171 4.937265089424741e-05 313
1740010143273 0.07815157342248306 314
1740010143371 0.5457955748558242 315
1740010143468 1.0076041771278657 316
1740010143569 0.4292943875051199 317
1740010143668 1.9746639402822217 318
1740010143764 0.3021096135476465 319
1740010143862 1.9458708713162562 320
1740010143961 0.25832723483601133 321
1740010144058 0.4348434372842172 322
1740010144154 0.6639842665186364 323
1740010144250 1.0311323096249665 324
1740010144346 0.004799433187407964 325
1740010144443 0.4039841181395896 326
1740010144538 0.10170750952338796 327
1740010144633 1.0007627261620293 328
1740010144730 0.3881901597733787 329
1740010144838 0.05170602296588242 330
1740010144939 0.29052562203045357 331
1740010145034 1.2599234928638754 332
1740010145132 0.1863631209559697 333
1740010145232 1.1605120979845953 334
1740010145327 1.4088960785917264 335
1740010145424 0.638503269189034 336
1740010145519 0.45929753222484726 337
1740010145614 1.4849151579536202 338
1740010145710 1.4830888898546652 339
1740010145805 0.9784274108864164 340
1740010145900 1.0830706866533184 341
1740010145996 0.2900829372012736 342
1740010146096 0.5767360367846301 343
1740010146191 0.3951515942742081 344
1740010146288 1.6058429681158737 345
1740010146383 0.4094482920260853 346
1740010146480 0.580711740472645 347
1740010146576 0.18003439368379293 348
1740010146674 0.3662610067417746 349
1740010146770 0.9927530984832119 350
1740010146868 0.174609348519902 351
1740010146963 0.12935262005357853 352
1740010147060 1.1717967305077226 353
1740010147195 1.687880161316379 354
1740010147306 0.414216438477109 355
1740010147412 1.2147217402653356 356
1740010147520 1.2384333019483127 357
1740010147625 0.35632229691161443 358
1740010147734 0.0241448326772598 359
1740010147837 0.27423801551769506 360
1740010147942 1.0794849583158765 361
1740010148047 4.798121211576936e-05 362
1740010148156 0.386973911090389 363
1740010148263 0.2813650607371052 364
1740010148368 0.45635345831630797 365
1740010148472 0.027385241693003277 366
1740010148582 0.12190967550555157 367
1740010148689 0.08790555880248449 368
1740010148791 0.00432665358452348 369
1740010148896 0.612496782814096 370
1740010149000 0.15914059370336966 371
1740010149107 0.16034296908136167 372
1740010149210 0.6475946198144997 373
1740010149323 1.3036409167564416 374
1740010149427 0.03543312503978197 375
1740010149529 0.13003429002065556 376
1740010149635 0.9253574162342468 377
1740010149739 0.042165931537295885 378
1740010149842 0.23155279225683864 379
1740010149949 1.070756676421333 380
1740010150054 0.15836926137263507 381
1740010150161 1.544498271151176 382
1740010150268 0.7165773011930083 383
1740010150374 0.08638153823600266 384
1740010150477 0.5688347320175867 385
1740010150582 0.9487608966537256 386
1740010150691 0.050676442597036374 387
1740010150795 0.08724805966651632 388
1740010150901 0.40059991486072544 389
1740010151008 0.00301933805164888 390
1740010151116 0.547198977983398 391
1740010151219 0.9345319098333714 392
1740010151326 0.9352475045462626 393
1740010151433 0.651276879522341 394
1740010151536 0.13093128044993727 395
1740010151639 0.25613134684874006 396
1740010151746 1.0724963564525998 397
1740010151852 1.8471535783957373 398
1740010151958 0.01775136948208382 399
1740010152070 0.6081621881997499 400
1740010152181 1.035716790603109 401
1740010152287 2.306196097597064 402
1740010152393 1.113400647165994 403
1740010152496 0.4628686690558933 404
1740010152603 1.6784834758079121 405
1740010152709 0.4803526432006166 406
1740010152815 1.146655208982202 407
1740010152922 0.5048736040324648 408
1740010153030 0.9717412622887128 409
1740010153136 1.1731191708280673 410
1740010153240 1.3595302165817036 411
1740010153346 0.39366055116296905 412
1740010153458 0.45848059558277154 413
1740010153563 1.4413301099461755e-05 414
1740010153669 0.6328188108634234 415
1740010153776 0.17065781384252673 416
1740010153880 0.07114010051664339 417
1740010153988 0.21301223559651872 418
1740010154095 0.13036801215436425 419
1740010154199 0.02812945172063003 420
1740010154305 0.4617171890281141 421
1740010154409 0.1699429622715585 422
1740010154513 0.9137658480404631 423
1740010154619 0.1290977842339762 424
1740010154723 1.4047344698270485 425
1740010154873 0.22634789219045165 426
1740010154999 0.09832214919752483 427
1740010155105 0.4891455131644693 428
1740010155207 0.2901475480639495 429
1740010155318 0.4867840133982823 430
1740010155425 0.12307394221864307 431
1740010155529 0.604964225028233 432
1740010155634 0.27412651481893935 433
1740010155738 1.0555893066969348 434
1740010155844 0.04768510289771159 435
1740010155950 0.8882904686895662 436
1740010156057 0.8751787736791176 437
1740010156163 0.06821678025847741 438
1740010156265 0.5755314043541016 439
1740010156362 0.7094621722375538 440
1740010156457 1.047848259851949 441
1740010156552 0.47028233079456916 442
1740010156661 0.14279628607801395 443
1740010156774 0.14567746500919648 444
1740010156881 0.9980899735702473 445
1740010156982 0.1955000460040992 446
1740010157089 0.18703108168900118 447
1740010157205 1.4848843182166 448
1740010157310 0.5205156131968912 449
1740010157410 0.5234067384183343 450
1740010157513 0.6492476751236128 451
1740010157609 0.2880759812104609 452
1740010157705 1.2386225952270402 453
1740010157801 0.5751579458568646 454
1740010157905 0.19416931107077334 455
1740010158004 0.4921731015398713 456
1740010158110 0.015585601884608223 457
1740010158229 0.4487886230901761 458
1740010158329 0.39246203408571906 459
1740010158425 0.2144677142116563 460
1740010158524 1.114889730267933 461
1740010158625 0.08729108193521803 462
1740010158723 0.5829452261572413 463
1740010158824 0.1645495420146143 464
1740010158922 0.6006095347126204 465
1740010159018 0.43027740927535413 466
1740010159119 0.0871469194628725 467
1740010159215 0.005710252755335414 468
1740010159314 0.016692720179933063 469
1740010159411 0.233920540523167 470
1740010159513 0.3123789633633114 471
1740010159610 0.15980670073882638 472
1740010159706 0.8950863812632694 473
1740010159845 0.19691316366025233 474
1740010159941 0.35964687507305576 475
1740010160039 0.2728834177375547 476
1740010160136 0.7758074921124594 477
1740010160236 1.2444546616588172 478
1740010160336 0.1512094965441084 479
1740010160432 0.026165008188362475 480
1740010160530 0.29207800119175864 481
1740010160628 0.9129281490314026 482
1740010160724 1.3720424656866563 483
1740010160821 1.471331753761979 484
1740010160916 0.33103613032368356 485
1740010161012 0.32440047847268877 486
1740010161114 0.11698138128231783 487
1740010161211 1.1238863869428546 488
1740010161310 0.7946452637172333 489
1740010161405 0.17574936328527216 490
1740010161501 0.6695010963550239 491
1740010161602 1.4844294389263417 492
1740010161697 0.7346040920101619 493
1740010161794 1.0796834954345844 494
1740010161891 0.2959155447523766 495
1740010161986 1.1675623852829644 496
1740010162085 0.7225463630307756 497
1740010162184 0.7273307942641405 498
1740010162279 0.02249160866943453 499
