1740000284846 5.106482546823041 0
1740000284972 0.20776395478599272 1
1740000285075 0.75574188330795 2
1740000285178 0.7197954574512825 3
1740000285274 0.39663902839578047 4
1740000285365 0.04339542754570477 5
1740000285454 0.3535555258088995 6
1740000285545 0.5195261887274675 7
1740000285645 0.4802096037028624 8
1740000285739 0.5524829544412205 9
1740000285832 0.20611630772591677 10
1740000285921 1.6388002219246844 11
1740000286010 0.8731620426920214 12
1740000286100 1.7096369612176696 13
1740000286187 0.5436790430168036 14
1740000286278 0.011234752590875804 15
1740000286367 0.23174079732637884 16
1740000286456 0.25313477576990173 17
1740000286545 1.1781690991657074 18
1740000286637 0.9517126726510491 19
1740000286724 0.34798554163255274 20
1740000286865 2.090545869416171 21
1740000286955 0.008570667768081651 22
1740000287042 0.6493255805801391 23
1740000287133 0.3086819771538456 24
1740000287220 0.6499692257172522 25
1740000287311 0.015551663257803855 26
1740000287400 0.77617081530573 27
1740000287488 0.4455278746406018 28
1740000287579 0.521041350965759 29
1740000287673 0.377566593974259 30
1740000287765 0.1979989920085942 31
1740000287852 0.43939531721343156 32
1740000287939 0.3067637442188466 33
1740000288028 0.5128214062334939 34
1740000288130 0.47539492614092155 35
1740000288226 0.30093675465104036 36
1740000288315 0.9576200050657573 37
1740000288405 0.5235680826330081 38
1740000288494 0.5658674209844915 39
1740000288585 0.9658017326699333 40
1740000288674 0.4662704085161312 41
1740000288766 0.16642519078327833 42
1740000288855 1.3703387477505256 43
1740000288943 0.1924952173131706 44
1740000289032 1.664829828328938 45
1740000289119 0.38602632012495447 46
1740000289206 0.09757575192170594 47
1740000289296 0.6286092625649536 48
1740000289386 0.5912356581703051 49
1740000289475 3.402425854436347e-05 50
1740000289563 0.49131994848826305 51
1740000289653 0.3407876818641791 52
1740000289751 1.0296204762949333 53
1740000289839 0.699246468715763 54
1740000289927 0.2257580793676966 55
1740000290017 0.8721710878524608 56
1740000290104 1.0559594156201006 57
1740000290192 0.26101879681036744 58
1740000290282 0.4546016573023942 59
1740000290369 0.34521009436354505 60
1740000290459 0.45786875950286515 61
1740000290550 0.07095399383871327 62
1740000290640 0.5766225691281449 63
1740000290731 1.6712870539331122 64
1740000290820 1.3875793614459213 65
1740000290916 0.2007260041012885 66
1740000291007 0.07604355898676342 67
1740000291096 0.5966903531112507 68
1740000291186 0.36956490851339907 69
1740000291276 0.37566344937750745 70
1740000291366 0.19661164143599558 71
1740000291456 0.9913306976943088 72
1740000291546 1.3946506604454425 73
1740000291634 0.007005193441803737 74
1740000291724 0.016370915785519122 75
1740000291817 9.728560699983556e-05 76
1740000291904 0.037816282256370626 77
1740000291994 0.8041903420149177 78
1740000292083 0.44160457073804044 79
1740000292171 0.5829389649756191 80
1740000292260 0.5063536847966537 81
1740000292349 0.2462680864087109 82
1740000292437 1.3397259602189866 83
1740000292527 0.08646370241967276 84
1740000292615 0.007992340193440618 85
1740000292704 0.24631488727443596 86
1740000292791 0.08280124494462139 87
1740000292881 1.3744001437077642 88
1740000292969 0.6977332551820886 89
1740000293059 0.628706843405149 90
1740000293148 0.30316738363698703 91
1740000293237 0.6415047429885243 92
1740000293346 0.4618300511419336 93
1740000293435 0.24646627787452224 94
1740000293524 0.20977343718066538 95
1740000293612 0.5600824453218528 96
1740000293703 0.8413798259043579 97
1740000293796 1.0442611998719251 98
1740000293885 0.008645289770869579 99
1740000293972 0.507739192526531 100
1740000294062 0.3518555410074987 101
1740000294150 0.9439659097726811 102
1740000294238 1.164920009661542 103
1740000294326 0.39289184225412355 104
1740000294414 0.02334158804047762 105
1740000294501 0.09482726948434353 106
1740000294591 0.130476984836505 107
1740000294681 0.5942633614955518 108
1740000294772 0.08401061704481119 109
1740000294861 0.4623857395749196 110
1740000294949 0.2597498369240951 111
1740000295037 1.0405104729596275 112
1740000295128 0.600508246413031 113
1740000295216 0.16943641449432142 114
1740000295303 1.6471414337280623 115
1740000295391 0.5361064605227104 116
1740000295479 0.6114203878186004 117
1740000295566 0.8791406526784543 118
1740000295654 0.8357377459644558 119
1740000295748 0.30850583870365067 120
1740000295852 0.5330378845103584 121
1740000295942 0.005268437274429056 122
1740000296029 0.6568521919362874 123
1740000296117 0.03760100802846703 124
1740000296203 0.7781146546113712 125
1740000296292 0.22816600469317502 126
1740000296385 0.23640414460669465 127
1740000296470 0.48914921630123953 128
1740000296564 0.8593646271468285 129
1740000296650 0.9339940075643125 130
1740000296739 0.2513347201691035 131
1740000296831 0.6948846266796377 132
1740000296918 0.6873320106951514 133
1740000297005 0.3967659794707158 134
1740000297093 1.1926356718487618 135
1740000297181 0.0704378988058602 136
1740000297269 0.3205229937029644 137
1740000297357 0.5333005574349222 138
1740000297445 0.34699256469708395 139
1740000297534 2.0289852807915567 140
1740000297627 0.6872800892633603 141
1740000297716 1.1125403346225866 142
1740000297818 0.8740836554541318 143
1740000297913 0.0041785317457933525 144
1740000298000 0.38437917461445026 145
1740000298085 0.15571897322769496 146
1740000298222 0.7794276736176262 147
1740000298321 1.2649138616611146 148
1740000298407 1.298415695655733 149
1740000298494 0.48986856593724143 150
1740000298585 0.16089361016339676 151
1740000298675 0.8411352665112092 152
1740000298779 0.7822669293831127 153
1740000298873 0.22720948105132743 154
1740000298981 0.5001657888699641 155
1740000299085 0.3039182677506899 156
1740000299174 0.22127706867769217 157
1740000299262 0.025856951342991288 158
1740000299351 0.07931147296924129 159
1740000299439 0.1750358989661014 160
1740000299530 0.08737135055779664 161
1740000299616 0.7896556132569368 162
1740000299704 0.9649557822789339 163
1740000299792 0.8415829047892198 164
1740000299887 1.4249206363417526 165
1740000299975 0.00022601955791207355 166
1740000300067 0.8670572174006117 167
1740000300154 0.18859467622421744 168
1740000300247 0.037368391235238954 169
1740000300383 0.11022519776621893 170
1740000300508 0.18006853330143685 171
1740000300605 0.6407230898863332 172
1740000300694 0.44911833191057454 173
1740000300785 0.39246830756351986 174
1740000300881 0.33130173480558156 175
1740000300988 0.5578065449389091 176
1740000301086 1.693160858952562 177
1740000301177 0.9867435120152036 178
1740000301267 0.042912669752470246 179
1740000301358 0.07622350143936747 180
1740000301446 0.3561358226562552 181
1740000301536 0.6000787951486051 182
1740000301625 1.3206012433558103 183
1740000301716 0.25285861887885797 184
1740000301811 0.012570882324249695 185
1740000301901 0.04943139146403238 186
1740000301997 0.25176670559560277 187
1740000302087 0.7050784645191177 188
1740000302176 1.433193388768422 189
1740000302265 0.4845268916668428 190
1740000302355 0.5066926111212585 191
1740000302441 0.3381139707683929 192
1740000302530 0.6205976014850814 193
1740000302618 0.43587754339850737 194
1740000302705 0.3269808144045575 195
1740000302804 0.8683166249420732 196
1740000302901 0.5370385142622651 197
1740000302990 0.49250688910274704 198
1740000303082 1.3721017233341033 199
1740000303169 1.953287228599949 200
1740000303257 0.0017001193721392222 201
1740000303346 0.4516978985500685 202
1740000303433 0.005572714803922624 203
1740000303523 2.101406475962968 204
1740000303612 0.0709207095763552 205
1740000303699 1.1905024474540822 206
1740000303789 1.0738198515896793 207
1740000303876 1.185908825593565 208
1740000303969 1.1205908976786119 209
1740000304063 0.5234800515064024 210
1740000304152 0.13228898322810886 211
1740000304240 0.8192312388418483 212
1740000304329 0.8597982797712896 213
1740000304415 0.8379485172789568 214
1740000304548 1.3978350201171723 215
1740000304635 0.3510431099773998 216
1740000304724 0.4705247689862178 217
1740000304820 0.16448517476885177 218
1740000304909 0.06043633529587899 219
1740000304999 0.010020879742461979 220
1740000305092 1.1257986811578118 221
1740000305182 0.5660654891659097 222
1740000305269 0.2844052630248169 223
1740000305356 0.7309252140175424 224
1740000305444 0.3351012421849664 225
1740000305533 0.8446823986744839 226
1740000305620 0.36023743543129993 227
1740000305707 0.006939161052322231 228
1740000305797 1.1626195536985195 229
1740000305884 0.015663931161612372 230
1740000305975 0.4511069618129077 231
1740000306069 0.5804856928322474 232
1740000306159 0.6260448420608287 233
1740000306246 0.26376078301463884 234
1740000306335 0.008626071348081783 235
1740000306425 0.005952517404390239 236
1740000306512 0.4940005620826713 237
1740000306600 0.4487825011823975 238
1740000306687 1.3004533582388351 239
1740000306812 1.4650054673632997 240
1740000306914 0.279137750660155 241
1740000307012 0.25240710597478533 242
1740000307113 0.2198370224824834 243
1740000307207 0.14343486654754792 244
1740000307301 0.2732213956678294 245
1740000307395 0.4769504044198951 246
1740000307491 0.7976617729924659 247
1740000307585 0.5964357010115107 248
1740000307681 0.321420855230784 249
1740000307781 0.48531505896487775 250
1740000307879 0.21979339048103044 251
1740000307973 0.12034822232580196 252
1740000308070 0.33141448669377954 253
1740000308168 0.17080260889403018 254
1740000308262 0.9074472381441318 255
1740000308367 0.2225260291937483 256
1740000308469 0.3143718977232009 257
1740000308565 1.9623719815678258 258
1740000308658 0.9779784130184473 259
1740000308756 0.24900371042090222 260
1740000308851 0.9629925378886325 261
1740000308944 0.9765658646043933 262
1740000309040 1.7625208727451047 263
1740000309132 0.6454455995406845 264
1740000309229 0.059006830601016205 265
1740000309324 0.23329795615371096 266
1740000309416 0.39346081194004867 267
1740000309509 0.0004627935725723011 268
1740000309602 1.6861735563262181 269
1740000309696 0.19162036065991883 270
1740000309802 0.29116920137935826 271
1740000309896 0.636394751604077 272
1740000309996 0.0750591197735485 273
1740000310092 0.6203777852730036 274
1740000310185 0.6495765622504746 275
1740000310281 0.5412747208477575 276
1740000310378 0.218819129358478 277
1740000310473 0.4658795019420436 278
1740000310565 0.1303534408850098 279
1740000310660 0.3820752690123287 280
1740000310755 1.5395787745228222 281
1740000310849 0.9343377910341056 282
1740000310941 0.2790933913644341 283
1740000311037 6.870131843943849e-05 284
1740000311130 0.5873928048912256 285
1740000311224 0.5723952787844057 286
1740000311322 0.4084884731250481 287
1740000311416 0.49469204665153904 288
1740000311513 0.046085207162282905 289
1740000311608 0.2896141329118077 290
1740000311705 1.131194088906186 291
1740000311805 0.5470884149005262 292
1740000311900 1.707870330128195 293
1740000311993 0.43808966718956033 294
1740000312094 0.15752619893500808 295
1740000312186 0.5028710432231024 296
1740000312281 0.5471433896141369 297
1740000312377 0.3663034245063019 298
1740000312471 0.25327654238955116 299
1740000312566 0.07903101445227316 300
1740000312656 0.8564542421033007 301
1740000312745 0.43602299929105953 302
1740000312840 0.011384007175014914 303
1740000312940 0.1252643401017786 304
1740000313032 1.4124458271367748 305
1740000313126 0.8912074050406592 306
1740000313216 0.3728505193279203 307
1740000313305 0.7559826080926894 308
1740000313404 0.23204233712437405 309
1740000313501 0.5657438452768033 310
1740000313598 0.17709767792694572 311
1740000313688 0.12688571530489012 312
1740000313777 0.003912994045815146 313
1740000313866 1.2238917009158596 314
1740000313957 1.5444248437070343 315
1740000314047 0.3914155449970923 316
1740000314147 1.6410411211907172 317
1740000314250 1.226281315416118 318
1740000314351 0.5312997172333404 319
1740000314451 0.15210730328677988 320
1740000314551 0.22721103567233128 321
1740000314654 1.6810163531819948 322
1740000314754 0.5645452199660262 323
1740000314854 0.7838322818874888 324
1740000314956 9.205854931407496e-05 325
1740000315060 0.4931183951442323 326
1740000315160 0.18188984175183873 327
1740000315261 0.6067430014060875 328
1740000315363 0.05300530187409131 329
1740000315471 1.5201322645971318 330
1740000315571 0.9689454857035392 331
1740000315671 0.4973061696159915 332
1740000315776 0.1819975100072051 333
1740000315878 0.6523508304593243 334
1740000315977 0.39831015674308984 335
1740000316076 0.2634764200105884 336
1740000316176 2.263290274337401 337
1740000316278 0.5950754549718961 338
1740000316378 3.113381153990897 339
1740000316480 0.8108986610573725 340
1740000316582 0.1809388091873754 341
1740000316682 0.3934122024841401 342
1740000316789 0.3797110789392257 343
1740000316879 0.2932155271594734 344
1740000316968 0.09054909185466967 345
1740000317064 0.46022754032001945 346
1740000317151 0.5305478885821442 347
1740000317238 0.5024344251255126 348
1740000317329 0.3754394069378989 349
1740000317416 1.5516370868052056 350
1740000317504 0.394227854975115 351
1740000317593 0.25100761048035664 352
1740000317682 0.0013681943843225253 353
1740000317774 1.606772486674532 354
1740000317864 0.15135021119578745 355
1740000317953 1.9044865250855871 356
1740000318045 1.9543783836944417 357
1740000318135 0.19157274449579675 358
1740000318229 0.16612808945411553 359
1740000318318 0.38070213940288217 360
1740000318404 0.3397811425740246 361
1740000318507 1.0013981979806421 362
1740000318598 0.3883387689346864 363
1740000318686 0.516795960021736 364
1740000318776 0.299935154135768 365
1740000318864 0.6208057373433353 366
1740000318952 1.1653163343253792 367
1740000319042 0.30786363374954795 368
1740000319129 0.36284448209004627 369
1740000319217 0.7188909518918074 370
1740000319306 1.7378814443150312 371
1740000319395 0.08168301367855678 372
1740000319484 2.2567098010341415 373
1740000319573 0.36719405031281804 374
1740000319662 0.2205683357402804 375
1740000319751 0.5802469660619078 376
1740000319839 0.8964397250025234 377
1740000319927 0.650625638985514 378
1740000320015 1.0048298695740767 379
1740000320102 1.4633424104969555 380
1740000320190 0.2875225707328159 381
1740000320284 1.4166808624819227 382
1740000320372 0.2301120146109114 383
1740000320461 0.31413625565467873 384
1740000320553 0.2279947471832654 385
1740000320643 0.006384678792946634 386
1740000320734 0.8047073270894223 387
1740000320824 0.7862648915662592 388
1740000320911 1.0875472064049136 389
1740000320999 0.001368152606461145 390
1740000321088 0.7052844184013229 391
1740000321175 0.22902143897130778 392
1740000321264 0.06198993712472009 393
1740000321353 0.6351879819217993 394
1740000321440 0.0742096063271549 395
1740000321529 0.27619071213460283 396
1740000321617 0.8580103867159211 397
1740000321706 0.7680645046689087 398
1740000321800 0.15012579452703373 399
1740000321923 0.4517097148271113 400
1740000322012 0.47782410709912715 401
1740000322099 1.4069472728379877 402
1740000322188 0.8554231516110373 403
1740000322281 0.617125011207017 404
1740000322369 1.246810036155058 405
1740000322457 0.031575546968409605 406
1740000322546 1.79475612177173 407
1740000322633 0.16561284807654186 408
1740000322721 0.15738431143273363 409
1740000322809 0.730152335529628 410
1740000322898 1.5817171805686283 411
1740000322988 0.8391884665858814 412
1740000323080 0.9642509769315584 413
1740000323169 1.1272788353113388 414
1740000323258 0.9335731312265904 415
1740000323346 2.4347770199166026 416
1740000323434 0.43595790367694154 417
1740000323521 0.5955360370301975 418
1740000323609 0.5931353846753966 419
1740000323696 0.647359307654478 420
1740000323789 1.860260800018828 421
1740000323879 0.1620582259472779 422
1740000323967 0.9850015310377257 423
1740000324056 0.39301781649669165 424
1740000324143 0.2439791229418735 425
1740000324231 0.2493531082421956 426
1740000324323 0.42589865741079175 427
1740000324412 0.24323712047889962 428
1740000324500 1.0448926249553945 429
1740000324587 2.2106965564763237 430
1740000324674 0.05063908973588247 431
1740000324765 1.3687366492820296 432
1740000324856 2.306270615502815 433
1740000324977 0.5461529760433855 434
1740000325064 0.9667960820464598 435
1740000325152 0.7695101035752635 436
1740000325243 0.2210283622420579 437
1740000325330 1.010984097544541 438
1740000325419 1.0931482706102587 439
1740000325509 1.097778854825839 440
1740000325597 1.0292419419926693 441
1740000325685 0.8193705232534133 442
1740000325778 0.09804386533282607 443
1740000325869 0.15519012451413944 444
1740000325958 0.5163266887088931 445
1740000326046 1.3633503343114566 446
1740000326133 0.06622788607828548 447
1740000326221 0.45298161864198644 448
1740000326314 1.7924425116323996 449
1740000326402 0.6677523470391586 450
1740000326491 0.6604105391255263 451
1740000326581 0.023366835018581594 452
1740000326668 0.1432942330206855 453
1740000326761 0.0021868027434735955 454
1740000326868 0.2351327141598758 455
1740000326968 0.3675780578443146 456
1740000327065 0.7099817372084045 457
1740000327155 0.14732441665875318 458
1740000327242 0.4059280907536923 459
1740000327329 0.6915450889316677 460
1740000327419 1.37600428737613 461
1740000327506 0.42754631752877903 462
1740000327595 0.38173398296059835 463
1740000327683 0.0030741466656110327 464
1740000327782 0.202123674467682 465
1740000327872 0.3429191831588231 466
1740000327962 3.0406749535162737e-07 467
1740000328051 0.6164165551738451 468
1740000328139 0.5779602382198284 469
1740000328228 0.28311910592075956 470
1740000328317 0.8804698339965178 471
1740000328409 0.02743457783793804 472
1740000328496 1.8988455799645236 473
1740000328597 0.31024685458654544 474
1740000328687 0.7125449809239116 475
1740000328777 0.7679309377875083 476
1740000328865 0.16360893366467538 477
1740000328955 0.6027924853116334 478
1740000329046 0.07816616040730513 479
1740000329135 1.4288248300077844 480
1740000329224 0.39850059297128154 481
1740000329312 0.4477271455087333 482
1740000329399 1.4324783649985424 483
1740000329487 0.42194469991040784 484
1740000329576 0.6220278613945793 485
1740000329664 1.2633767903029451 486
1740000329756 0.4943246195524414 487
1740000329844 0.22197629955283057 488
1740000329932 0.1422939948044535 489
1740000330023 0.2673510817010274 490
1740000330111 0.25707911431136 491
1740000330197 0.13875564771649634 492
1740000330286 0.1259476037059504 493
1740000330377 0.30887991720846303 494
1740000330466 0.5958618342244681 495
1740000330553 1.362834412329511 496
1740000330643 0.19698954723973874 497
1740000330733 0.02615201959199015 498
1740000330825 0.8257434567071409 499
