1739985967772 6.510621270638442 0
1739985967861 6.740469022852238 1
1739985967946 7.548463098796166 2
1739985968047 6.594927059580987 3
1739985968140 6.214443351450081 4
1739985968225 5.878806753326213 5
1739985968312 6.734892592946085 6
1739985968398 6.706953132472763 7
1739985968485 6.5120902078189165 8
1739985968569 6.519441823908179 9
1739985968654 6.598618488992027 10
1739985968737 6.311733958563935 11
1739985968825 6.382518862684607 12
1739985968907 6.692967812077674 13
1739985968990 6.440148513648973 14
1739985969108 6.932582863691478 15
1739985969197 5.845649804740874 16
1739985969289 6.4786671915301195 17
1739985969371 6.611043254114535 18
1739985969456 6.572225337262693 19
1739985969550 6.605747944930487 20
1739985969636 6.526772630559223 21
1739985969720 6.470198904950168 22
1739985969812 6.483047970646404 23
1739985969900 6.457169432933208 24
1739985969996 6.778179619052881 25
1739985970082 6.35051757005738 26
1739985970166 6.444676567937995 27
1739985970253 6.729164899847093 28
1739985970338 7.215182084328156 29
1739985970425 6.317770512685562 30
1739985970508 6.793536838854085 31
1739985970600 6.527783247953024 32
1739985970686 6.8695150972545065 33
1739985970772 6.8296621031418585 34
1739985970855 6.469023963284289 35
1739985970940 6.73296400247739 36
1739985971028 6.86030137534309 37
1739985971110 7.13887473419951 38
1739985971192 6.489502150381801 39
1739985971281 6.437986136301466 40
1739985971418 6.281560934685775 41
1739985971502 6.355960873161052 42
1739985971588 6.627707413970491 43
1739985971674 6.620452519803921 44
1739985971762 6.49049621199496 45
1739985971846 6.570997915675619 46
1739985971927 6.746769657413632 47
1739985972012 6.45898841129114 48
1739985972094 6.384561626871244 49
1739985972175 6.694024402034796 50
1739985972257 7.084016944396056 51
1739985972375 6.588822440640321 52
1739985972460 6.411984396997145 53
1739985972542 6.465667944578898 54
1739985972628 6.576555492018603 55
1739985972719 6.382155928804745 56
1739985972818 6.605607166896262 57
1739985972900 6.827645414890122 58
1739985972983 6.906316129895023 59
1739985973066 6.591844336858564 60
1739985973149 6.724939220037528 61
1739985973228 6.414125846549404 62
1739985973341 7.284897448373772 63
1739985973429 6.674591952467898 64
1739985973512 6.497379623185385 65
1739985973594 6.698231895808542 66
1739985973673 6.694519822614186 67
1739985973754 6.786530495543375 68
1739985973839 6.808276996444781 69
1739985973923 6.3617484017959915 70
1739985974004 6.470193359482761 71
1739985974087 6.508171954863964 72
1739985974168 6.2089778089753676 73
1739985974255 6.353401275346831 74
1739985974340 6.352362175094862 75
1739985974423 6.570444419033756 76
1739985974509 6.89860116045128 77
1739985974604 6.571992910114788 78
1739985974709 6.0897963763005745 79
1739985974914 6.580030696602897 80
1739985975133 6.685387885300144 81
1739985975311 6.65343736951973 82
1739985975409 6.046440718655175 83
1739985975493 6.543820527276748 84
1739985975575 7.275873468953007 85
1739985975658 6.4300902619006814 86
1739985975740 6.487525556153286 87
1739985975845 6.404195089352461 88
1739985976077 6.556156297094116 89
1739985976214 6.438575983134017 90
1739985976362 6.30938137566366 91
1739985976450 5.585673997421327 92
1739985976535 6.542338228451847 93
1739985976628 6.654294737010435 94
1739985976732 6.77568026560959 95
1739985976866 6.2776663311236724 96
1739985976954 5.660083153501612 97
1739985977039 6.9058235718860495 98
1739985977127 6.527761466262347 99
1739985977225 6.73855505540276 100
1739985977337 6.559449449196648 101
1739985977431 6.132253453280768 102
1739985977515 6.771404785718608 103
1739985977605 6.658322076231464 104
1739985977700 6.4398794773206625 105
1739985977817 6.585862430683409 106
1739985977929 6.015000525158196 107
1739985978037 6.3936175130968325 108
1739985978134 6.6126311793644215 109
1739985978225 6.380660189879628 110
1739985978309 6.491096422301633 111
1739985978392 6.6322232175220055 112
1739985978484 6.719138856523865 113
1739985978570 5.927773912238568 114
1739985978649 6.5018651256700295 115
1739985978731 7.178208721219781 116
1739985978824 6.820044090422369 117
1739985978924 6.728128166738594 118
1739985979010 6.097605249555311 119
1739985979095 6.736084933618927 120
1739985979179 6.630085675640969 121
1739985979275 6.7361202145095325 122
1739985979362 6.593309131645715 123
1739985979443 6.1580590286900145 124
1739985979528 6.5265802854331545 125
1739985979626 6.995240375605242 126
1739985979716 6.398219526114637 127
1739985979806 6.471068709961049 128
1739985979900 6.604342816104984 129
1739985980020 6.482340130098679 130
1739985980137 6.073278476922643 131
1739985980276 7.169042561129266 132
1739985980397 6.2418425637009385 133
1739985980492 6.304103998580877 134
1739985980623 6.35000115429893 135
1739985980735 6.358434400475914 136
1739985980856 6.574052893371767 137
1739985980955 6.6364062397001025 138
1739985981056 6.547032560180274 139
1739985981153 7.332943394296467 140
1739985981249 6.501048652021665 141
1739985981347 6.700365880866158 142
1739985981442 6.66460189482868 143
1739985981535 6.52284675571892 144
1739985981647 6.4111559579062485 145
1739985981740 6.8293698744632385 146
1739985981836 7.010778341288801 147
1739985981925 6.287500770010281 148
1739985982015 6.0131633257831485 149
1739985982103 6.2074996723301386 150
1739985982194 6.593463728262875 151
1739985982287 6.278125398681168 152
1739985982372 6.505521157360543 153
1739985982453 6.500229247612678 154
1739985982535 6.7367174062555994 155
1739985982622 6.706662340755657 156
1739985982723 6.517452812213452 157
1739985982928 6.55621703702863 158
1739985983059 6.839657258443432 159
1739985983177 6.847188718172936 160
1739985983337 6.624046677944143 161
1739985983456 6.880143086303183 162
1739985983548 6.662659253608802 163
1739985983631 6.649054107453273 164
1739985983714 7.504348858165613 165
1739985983799 6.835673979446727 166
1739985983882 6.704978967696172 167
1739985983983 6.74162121113165 168
1739985984096 6.311781013018314 169
1739985984211 6.617981489324078 170
1739985984358 6.804356600160709 171
1739985984458 6.5948644663480085 172
1739985984552 6.731020177100271 173
1739985984635 6.984327161109153 174
1739985984717 6.941062110864476 175
1739985984803 6.609239471710909 176
1739985984888 6.85989272921977 177
1739985985039 6.517914995462336 178
1739985985139 6.749234148183478 179
1739985985259 6.631969743863166 180
1739985985371 6.2299864304403 181
1739985985454 6.572891935347917 182
1739985985537 6.436182811344357 183
1739985985620 6.568854929936667 184
1739985985705 6.190465066212765 185
1739985985800 6.731608202991848 186
1739985985909 6.938145559919668 187
1739985986002 6.472562812602761 188
1739985986092 6.61190852763357 189
1739985986181 6.6764301585105255 190
1739985986273 6.651338715100171 191
1739985986362 6.962278978295714 192
1739985986446 7.318463547683444 193
1739985986531 5.5870380617015964 194
1739985986615 5.442647309431045 195
1739985986698 6.633750585139558 196
1739985986784 6.778458856673935 197
1739985986868 6.6181672990622955 198
1739985986952 6.4311921440487865 199
1739985987037 6.322668956595074 200
1739985987122 6.9345438508333945 201
1739985987206 6.858301674659077 202
1739985987345 6.849066407425238 203
1739985987430 6.398997178335039 204
1739985987514 6.795404759829788 205
1739985987598 6.448010431774022 206
1739985987681 6.609077455212747 207
1739985987766 6.802829426143229 208
1739985987850 6.39517699372072 209
1739985987935 6.7945375807545645 210
1739985988019 6.274538570249756 211
1739985988104 6.719838472758751 212
1739985988187 5.888193771822536 213
1739985988271 7.0527316563590015 214
1739985988357 6.3800422476391265 215
1739985988440 6.446907966075774 216
1739985988524 6.8098646156529945 217
1739985988609 6.544709345218857 218
1739985988693 6.702791183777721 219
1739985988779 6.367996279723492 220
1739985988885 6.288013802641341 221
1739985988970 6.4472639123732085 222
1739985989069 6.3037701900499945 223
1739985989159 6.643086288517789 224
1739985989244 6.495109244479584 225
1739985989329 6.446362560127466 226
1739985989416 6.457521399785699 227
1739985989504 6.6209794341978245 228
1739985989593 6.461519246137075 229
1739985989677 6.862620407733433 230
1739985989762 6.369349168415967 231
1739985989862 6.624505918857887 232
1739985989954 6.301950489685341 233
1739985990038 6.503309156827928 234
