1739982680944 16.503847669230584 0
1739982681076 5.234865169808602 1
1739982681204 5.49123102619317 2
1739982681326 14.050561269505438 3
1739982681457 6.346800728596703 4
1739982681575 6.049043211014905 5
1739982681697 5.691814957000681 6
1739982681817 5.761450012711716 7
1739982681940 5.140134664021866 8
1739982682060 5.857936957891961 9
1739982682180 3.1822481318146107 10
1739982682299 7.691883712646688 11
1739982682422 5.998063607210318 12
1739982682541 8.116682002131379 13
1739982682660 5.6857674049461675 14
1739982682779 9.081557384146507 15
1739982682899 9.441559104898865 16
1739982683019 5.9833220659888084 17
1739982683138 5.50170409400284 18
1739982683257 7.269726393477514 19
1739982683378 7.460935547497523 20
1739982683499 6.009277066001835 21
1739982683618 7.147260533706131 22
1739982683740 10.557515773659318 23
1739982683859 8.80035343145926 24
1739982684055 6.657767244380973 25
1739982684177 7.5470080323553 26
1739982684304 5.325329077916814 27
1739982684429 12.187457654685492 28
1739982684558 9.56581960723773 29
1739982684677 3.692150197984741 30
1739982684797 5.10420233911806 31
1739982684917 4.236985026919202 32
1739982685036 6.801283404136858 33
1739982685158 6.868658569230787 34
1739982685276 8.623163183882209 35
1739982685397 5.189280217627952 36
1739982685516 5.980576641446451 37
1739982685636 7.588423007279333 38
1739982685757 6.319166672107077 39
1739982685924 8.401629759445537 40
1739982686046 5.625688345418021 41
1739982686166 7.070296290800266 42
1739982686285 8.673801989730768 43
1739982686405 7.684807415503094 44
1739982686524 4.9150677216147685 45
1739982686644 6.883864543773979 46
1739982686764 4.732019150738715 47
1739982686883 7.916799167185658 48
1739982687002 5.309251706274511 49
1739982687122 7.83857536115118 50
1739982687241 6.455971973042266 51
1739982687365 8.489291749774626 52
1739982687483 3.0737072766235123 53
1739982687601 8.046822102815868 54
1739982687721 11.493747800212143 55
1739982687841 7.584166279436647 56
1739982687959 6.489589422041679 57
1739982688078 7.5453769637826555 58
1739982688198 6.668629785422532 59
1739982688317 7.111597797280615 60
1739982688436 6.883550947061726 61
1739982688562 6.015894295002346 62
1739982688682 5.143088149730617 63
1739982688800 6.156504769390206 64
1739982688920 3.478567048945545 65
1739982689040 8.353631578755824 66
1739982689159 5.8224846375027965 67
1739982689277 9.984310285331954 68
1739982689399 7.6758237382804175 69
1739982689517 8.228903440674529 70
1739982689635 5.849063996921887 71
1739982689754 8.71785901482112 72
1739982689874 6.571749022971043 73
1739982689997 9.003094036816224 74
1739982690124 6.708442554483663 75
1739982690245 9.817134598408503 76
1739982690366 10.326606287438034 77
1739982690487 5.2958857557369186 78
1739982690609 5.833475116948576 79
1739982690732 6.604036607150691 80
1739982690908 7.064993702639354 81
1739982691026 4.320617231682914 82
1739982691150 8.578640614444106 83
1739982691275 2.6629427429277324 84
1739982691396 5.389955985100676 85
1739982691515 7.6781170752057335 86
1739982691634 6.34594778545675 87
1739982691751 11.362556264637808 88
1739982691869 5.94388836029154 89
1739982691988 5.948144210416191 90
1739982692107 6.683922481084789 91
1739982692225 5.877301789832736 92
1739982692345 4.199110993055363 93
1739982692463 5.91957066566739 94
1739982692580 4.956340721537013 95
1739982692699 8.165033415397065 96
1739982692817 4.979461771282636 97
1739982692935 8.237240330654146 98
1739982693053 7.433466435821974 99
1739982693171 8.285471782288036 100
1739982693289 3.8802210001984734 101
1739982693407 5.868846215746248 102
1739982693525 7.576580122253785 103
1739982693643 6.018318420834364 104
1739982693760 4.834259689617126 105
1739982693878 6.85761456193855 106
1739982693997 2.6257415287845003 107
1739982694114 11.52478381071859 108
1739982694233 5.303663740595595 109
1739982694353 4.733025403704971 110
1739982694474 6.463546180749622 111
1739982694593 5.281599978470695 112
1739982694711 4.433303975199165 113
1739982694829 4.812622659981381 114
1739982694948 7.01187186439203 115
1739982695068 7.091210537146292 116
1739982695188 6.90355191412606 117
1739982695306 6.244356493061727 118
1739982695459 5.2717926709031495 119
1739982695575 5.019739294910505 120
1739982695693 6.9249909667680765 121
1739982695812 3.802150144657944 122
1739982695931 5.49760279301355 123
1739982696052 6.677657027711776 124
1739982696172 12.480270662042473 125
1739982696290 5.6415903226269615 126
1739982696410 8.611471068245793 127
1739982696528 6.296625355112405 128
1739982696648 5.224567028449593 129
1739982696766 6.619121548924926 130
1739982696952 7.630666234702121 131
1739982697071 7.961440034266936 132
1739982697190 7.955686854203988 133
1739982697309 10.290613159896107 134
1739982697430 7.348988646465649 135
1739982697611 7.329814025682962 136
1739982697728 5.63219598965446 137
1739982697848 7.103468056251768 138
1739982697967 6.737634922216453 139
1739982698088 2.4004089694453303 140
1739982698207 6.048191857537991 141
1739982698326 5.7460130267040155 142
1739982698444 4.769416042833947 143
1739982698563 5.957375676249525 144
1739982698684 6.67097665342289 145
1739982698802 7.418922258466112 146
1739982698922 11.881549178608232 147
1739982699040 6.682306436134676 148
1739982699160 6.917297125452639 149
1739982699279 7.808022157514709 150
1739982699401 5.110006093875772 151
1739982699520 8.09501940401904 152
1739982699639 6.703435382951977 153
1739982699758 8.22900101222598 154
1739982699876 7.1444350479586 155
1739982699995 7.955023496357289 156
1739982700134 4.431628195458647 157
1739982700252 5.5275995712472135 158
1739982700372 6.958520668859387 159
1739982700491 16.00428776173765 160
1739982700611 7.869328232085218 161
1739982700730 5.795718068855346 162
1739982700849 4.998234990938438 163
1739982700969 12.172603025159825 164
1739982701087 13.210790224181295 165
1739982701207 6.249391672385277 166
1739982701327 5.654615197168498 167
1739982701448 6.299795390394611 168
1739982701567 7.222317086740305 169
1739982701686 6.388093602131646 170
1739982701805 5.980664624861478 171
1739982701924 6.396164128230402 172
1739982702043 6.121052063691023 173
1739982702164 5.663155838577242 174
1739982702283 7.0209582307693825 175
1739982702403 7.426342352117149 176
1739982702521 7.126704548516161 177
1739982702639 5.010015559509667 178
1739982702758 6.551056534348754 179
1739982702878 10.611019316683654 180
1739982703001 8.143753197141947 181
1739982703125 9.473988369414807 182
1739982703245 3.9215638922903535 183
1739982703367 5.455625000490582 184
1739982703486 7.390739903659138 185
1739982703604 9.914526935789752 186
1739982703727 8.479658835301375 187
1739982703851 5.107866415838727 188
1739982703998 4.978642083557376 189
1739982704116 5.509429718637468 190
1739982704236 9.072228900691199 191
1739982704443 4.997213323462064 192
1739982704584 3.897925762239417 193
1739982704716 9.423668250890158 194
1739982704855 7.636327947653417 195
1739982704981 5.6663368976544195 196
1739982705103 6.59048394091089 197
1739982705228 5.327248763465987 198
1739982705351 6.835346728497538 199
1739982705470 7.5246166561424 200
1739982705589 4.411713338467448 201
1739982705708 2.8581640404167517 202
1739982705829 3.666797540127304 203
1739982705949 4.304876507143101 204
1739982706069 3.2651791136312807 205
1739982706190 7.212347188254365 206
1739982706310 3.3754563919565994 207
1739982706440 5.075167764208072 208
1739982706567 6.326061012837117 209
1739982706688 4.844125148627086 210
1739982706810 7.588811737944208 211
1739982706932 4.24713821295518 212
1739982707053 3.4367023761817483 213
1739982707173 8.535357443869804 214
1739982707292 6.795761351735412 215
1739982707433 5.78981790043934 216
1739982707552 5.747127860198145 217
1739982707673 6.742920570722739 218
1739982707794 6.909524225810118 219
1739982707916 6.433119141998627 220
1739982708038 5.225667784828253 221
1739982708161 7.685471911657021 222
1739982708282 8.33142595359876 223
1739982708403 7.516437342855843 224
1739982708523 6.581134657419905 225
1739982708643 7.828239558161728 226
1739982708762 7.17164276442422 227
1739982708882 8.538728257709161 228
1739982709001 6.468134646415235 229
1739982709122 7.277305448832212 230
1739982709243 3.9347458566297084 231
1739982709366 3.445863007002355 232
1739982709487 5.546473464862702 233
1739982719862 6.841285653449993 234
1739982719982 6.086015533960627 235
1739982720100 7.745784313118045 236
1739982720218 6.41045084784674 237
1739982720336 5.854109356322037 238
1739982720454 5.861934963526178 239
1739982720574 6.061656455483958 240
1739982720698 4.8472198880012085 241
1739982720818 7.047952031736587 242
1739982720953 3.374426513217791 243
1739982721073 5.305309195385615 244
1739982721192 4.664839227887225 245
1739982721310 6.568381163212232 246
1739982721431 3.2310443172364374 247
1739982721551 7.313557699707869 248
1739982721670 9.54799984574294 249
1739982721790 5.893244619950872 250
1739982721908 5.209215731719602 251
1739982722028 8.038350368016822 252
1739982722147 8.533534932332941 253
1739982722265 4.530406749561793 254
1739982722387 7.248714559710194 255
1739982722507 4.473022754948239 256
1739982722627 7.033081410324393 257
1739982722747 8.688454415155954 258
1739982722868 6.867915357440292 259
1739982722988 6.582444376252269 260
1739982723105 5.794410595417039 261
1739982723224 8.169871614978145 262
1739982723345 6.721349096248585 263
1739982723463 6.766159833042113 264
1739982723584 5.940968313943397 265
1739982723764 7.574533993097095 266
1739982723886 7.531410892008609 267
1739982724010 8.077678309110354 268
1739982724128 6.8261489224232745 269
1739982724246 5.509032203136594 270
1739982724367 5.429540569148383 271
1739982724487 7.920907105754438 272
1739982724608 8.080723375027798 273
1739982724725 7.204744214870665 274
1739982724847 3.1547303977187355 275
1739982724967 8.880168223375799 276
1739982725087 7.763097524107467 277
1739982725207 7.316296800163359 278
1739982725329 5.159460385039146 279
1739982725450 4.670399381551822 280
1739982725569 4.722942066623123 281
1739982725690 4.430038409953179 282
1739982725811 6.977247618962458 283
1739982725931 4.748775203980286 284
1739982726050 4.516819268100897 285
1739982726169 6.875718601660774 286
1739982726286 9.534821468769517 287
1739982726405 2.8222122476419744 288
1739982726524 5.67986036479601 289
1739982726641 5.760838516568777 290
1739982726758 4.317777060435051 291
1739982726876 7.629880980522426 292
1739982726993 5.759767672681715 293
1739982727112 8.402620012212681 294
1739982727232 7.403374261273978 295
1739982727353 6.076911272158274 296
1739982727472 7.489712580554516 297
1739982727591 6.366062136912229 298
1739982727708 6.921502225388791 299
1739982727825 8.560932023318292 300
1739982727944 5.338134877333867 301
1739982728061 2.8285980566187665 302
1739982728178 6.437831988306221 303
1739982728296 6.667163204349687 304
1739982728417 4.672149791513152 305
1739982728535 4.816579722891919 306
1739982728654 5.777759370477205 307
1739982728773 5.262748964891607 308
1739982728891 7.020030125117312 309
1739982729009 7.515466333563882 310
1739982729126 5.9220351591172955 311
1739982729243 4.7603172192712195 312
1739982729363 5.39387360200706 313
1739982729481 5.0596931829636445 314
1739982729599 11.585461105477208 315
1739982729716 6.873539790045546 316
1739982729833 6.795062041068331 317
1739982729950 8.152349946421177 318
1739982730069 6.353608216379416 319
1739982730187 3.5215023631487528 320
1739982730309 4.468168420323428 321
1739982730429 6.509347521536338 322
1739982730547 9.642239917106254 323
1739982730664 5.964554358584704 324
1739982730783 10.231668014609882 325
1739982730901 9.101469174174754 326
1739982731019 6.015979897560226 327
1739982731137 3.2704467548965415 328
1739982731255 8.76699238075355 329
1739982731373 5.698653851509159 330
1739982731491 5.45962083265036 331
1739982731608 5.326653393212282 332
1739982731726 4.840632572037295 333
1739982731844 5.186825329213702 334
1739982731962 10.76946700342117 335
1739982732081 7.3244327894577586 336
1739982732199 17.247120656829217 337
1739982732317 4.199834809319668 338
1739982732438 6.497810646711978 339
1739982732555 5.712232399552066 340
1739982732673 8.560799692022146 341
1739982732791 11.700882052810805 342
1739982732909 4.464803362759677 343
1739982733027 5.841818696883066 344
1739982733145 6.003659689973816 345
1739982733262 2.9554262599927537 346
1739982733380 8.1679610691839 347
1739982733498 8.696938717724874 348
1739982733615 7.761200705840184 349
1739982733733 5.815228683946608 350
1739982733851 8.409087959539393 351
1739982733968 5.357694272088079 352
1739982734087 9.724286870840384 353
1739982734206 5.865550299350869 354
1739982734325 7.002995615678321 355
1739982734444 6.333926266556522 356
1739982734564 10.435508194201333 357
1739982734682 8.406600873067058 358
1739982734800 7.514303753871381 359
1739982734970 4.845538741153082 360
1739982735090 6.931954832655064 361
1739982735209 4.96723176100791 362
1739982735329 7.829263566809102 363
1739982735446 6.528514934524531 364
1739982735564 6.359112378003537 365
1739982735681 7.6959029044646865 366
1739982735798 6.2616412531004 367
1739982735916 9.055484032842756 368
1739982736034 8.380248292398344 369
1739982736152 6.243246776202744 370
1739982736270 4.5821834406719555 371
1739982736389 5.462055186466411 372
1739982736507 5.7176350685693835 373
1739982736622 6.666130171735355 374
1739982736739 7.730676996441746 375
1739982736857 5.963151691191505 376
1739982736975 6.315910633907691 377
1739982737092 6.812981956117073 378
1739982737210 5.9201308734922655 379
1739982737328 4.975712066442754 380
1739982737447 6.999509299185638 381
1739982737565 4.937806119564393 382
1739982737682 12.290988152527925 383
1739982737800 8.56699497900421 384
1739982737918 9.338155505344043 385
1739982738035 4.803758411874129 386
1739982738153 5.290795936855591 387
1739982738271 6.7376210249765265 388
1739982738391 3.876438438381061 389
1739982738507 7.737919488558025 390
1739982738625 6.706809181680362 391
1739982738742 9.201230032181096 392
1739982738860 3.88412217100073 393
1739982738979 4.096161968880935 394
1739982739097 8.11082509571448 395
1739982739214 8.221521667365284 396
1739982739333 6.868962127280214 397
1739982739451 5.8062660173348615 398
1739982739570 8.723810599569827 399
1739982739687 9.053099910213952 400
1739982739804 10.445737167915198 401
1739982739921 6.450148183656903 402
1739982740039 5.29701550306061 403
1739982740157 7.997666030432195 404
1739982740275 5.150134806871954 405
1739982740394 7.098380828770616 406
1739982740511 9.108713198488651 407
1739982740628 3.3880588142278385 408
1739982740746 8.10526792392335 409
1739982740864 6.519180282464042 410
1739982740982 7.648158683970456 411
1739982741100 7.531490268444752 412
1739982741254 10.415695815647114 413
1739982741373 7.9528482122588 414
1739982741490 6.9514258185590725 415
1739982741607 7.400888303098532 416
1739982741724 5.105441722660016 417
1739982741842 17.337234020807195 418
1739982741960 9.541795139878163 419
1739982742078 5.628119783805544 420
1739982742197 8.668859200668336 421
1739982742315 5.987643232292165 422
1739982742433 9.091059970608539 423
1739982742551 6.774511456112424 424
1739982742670 7.679291103646048 425
1739982742788 9.055711275432538 426
1739982742906 6.819755523167286 427
1739982743025 6.584708117671727 428
1739982743198 12.223958485364724 429
1739982743480 6.001482971544551 430
1739982743602 13.71876000750318 431
1739982743723 7.093989058636531 432
1739982743846 10.545723672232215 433
1739982743967 11.482472482948726 434
1739982744085 5.796526040290266 435
1739982744203 6.771887214164894 436
1739982744320 4.9053957208273395 437
1739982744440 8.056290408699446 438
1739982744558 4.7458664945644555 439
1739982744676 6.8399923694212275 440
1739982744793 4.416577236187844 441
1739982744912 2.603932883725344 442
1739982745031 8.125001945281134 443
1739982745153 4.527172012469822 444
1739982745271 9.119993899285637 445
1739982745390 6.319354804387507 446
1739982745508 5.438836080633146 447
1739982745626 5.398805529036347 448
1739982745744 7.851693543336644 449
1739982745863 8.028401592301751 450
1739982745982 7.046389548194976 451
1739982746147 5.726102714014504 452
1739982746264 7.38237779941147 453
1739982746383 7.699372260922206 454
1739982746502 8.833118638765844 455
1739982746619 7.312473936617313 456
1739982746737 8.161979849281119 457
1739982746855 25.489760067237388 458
1739982746973 9.08940076560464 459
1739982747093 7.468557195325406 460
1739982747211 6.319144899715293 461
1739982747335 14.013072102679606 462
1739982747467 5.74233070806874 463
1739982747590 9.776072093864236 464
1739982747714 5.88533929148925 465
1739982747834 8.536349905236571 466
1739982747951 5.012662408764604 467
1739982748069 10.11394770286473 468
1739982748188 7.850342081477412 469
1739982748306 2.2406348726660834 470
1739982748424 7.084729670196228 471
1739982748546 6.277943844971347 472
1739982748663 7.405721959179472 473
1739982748780 5.3210919100698195 474
1739982748900 3.3970079675796168 475
1739982749018 5.550975940496504 476
1739982749137 4.438237774932286 477
1739982749255 7.173898137527551 478
1739982749377 7.724104476399937 479
1739982749495 4.791578555515028 480
1739982749614 5.928737803022619 481
1739982749731 6.830188972716175 482
1739982749849 6.754488216162755 483
1739982749967 6.962878747307365 484
1739982750085 7.915392358414938 485
1739982750203 6.316688941113 486
1739982750321 3.2167904669446354 487
1739982750440 7.01432303973349 488
1739982750557 5.350639151447121 489
1739982750675 6.302412061601121 490
1739982750794 3.752885644302481 491
1739982750912 6.622104134003725 492
1739982751030 5.481162992757946 493
1739982751150 2.750575328063075 494
1739982751281 5.649468203375816 495
1739982751402 4.039487504822025 496
1739982751523 11.476046331956896 497
1739982751644 7.653617853022882 498
1739982751761 3.6257220172276448 499
