1739971359638 1.33072987889964 0
1739971359662 0.705708269246931 1
1739971359688 0.8386328597058008 2
1739971359713 0.5299260592975216 3
1739971359738 0.6249833883430701 4
1739971359762 0.3940303120923853 5
1739971359786 0.46376531256000214 6
1739971359811 0.21712575058712227 7
1739971359835 0.17268374833219735 8
1739971359860 0.15598576008491044 9
1739971359884 0.14762554661873387 10
1739971359908 0.15616430003013534 11
1739971359933 0.09801534305621923 12
1739971359958 0.09690407538134306 13
1739971359986 0.05728601835910559 14
1739971360011 0.060489825070308506 15
1739971360035 0.07342815714508293 16
1739971360128 0.05081314601438056 17
1739971360218 0.049093634345313594 18
1739971360250 0.048864527007398226 19
1739971360283 0.07746662003878188 20
1739971360313 0.04732014640920697 21
1739971360341 0.07644151440130302 22
1739971360368 0.0341807838040714 23
1739971360393 0.050088086121468714 24
1739971360417 0.04363958208305851 25
1739971360441 0.0475083514266688 26
1739971360465 0.03651075519309849 27
1739971360489 0.03271815009430221 28
1739971360514 0.02815430115369718 29
1739971360538 0.041122602879529284 30
1739971360562 0.03944599513194441 31
1739971360585 0.03476069510452306 32
1739971360610 0.03152779113172614 33
1739971360635 0.02897676510067231 34
1739971360659 0.03484852426962182 35
1739971360683 0.03699578774867798 36
1739971360707 0.03540055613460808 37
1739971360730 0.03494953777072575 38
1739971360752 0.0277856812515514 39
1739971360773 0.04040917445038048 40
1739971360797 0.031085843615250672 41
1739971360823 0.03489988873740311 42
1739971360867 0.03084212024430909 43
1739971360892 0.03462192665368755 44
1739971360915 0.03483955077798691 45
1739971360937 0.025801564080196432 46
1739971360959 0.03589443531501219 47
1739971360982 0.02782370573762243 48
1739971361005 0.03070656115901999 49
1739971361027 0.029148169881907014 50
1739971361048 0.023879358671491192 51
1739971361070 0.02904711004295712 52
1739971361094 0.025930872318799657 53
1739971361119 0.02764212524007583 54
1739971361143 0.021092713677687214 55
1739971361166 0.02683237080316994 56
1739971361188 0.022247330122084207 57
1739971361211 0.036045525905180516 58
1739971361233 0.027223789459991782 59
1739971361255 0.03719434885336193 60
1739971361276 0.026685162830141947 61
1739971361298 0.029595801150819164 62
1739971361321 0.020286181359779273 63
1739971361343 0.02547698008323302 64
1739971361366 0.02859721555877006 65
1739971361389 0.03468631801146688 66
1739971361412 0.02485035066155655 67
1739971361433 0.037878189469161876 68
1739971361454 0.022266040301911656 69
1739971361477 0.028477667820472726 70
1739971361501 0.029862825473397712 71
1739971361527 0.02844806599105485 72
1739971361552 0.029131802862835458 73
1739971361575 0.026653321913089396 74
1739971361600 0.024153698622547234 75
1739971361626 0.030242907485959657 76
1739971361653 0.028585770964270146 77
1739971361677 0.028231659232884756 78
1739971361701 0.030321431511212086 79
1739971361722 0.02805766906947349 80
1739971361747 0.026235946264501427 81
1739971361771 0.03547102726859029 82
1739971361795 0.023613892778889096 83
1739971361818 0.034354664475412494 84
1739971361839 0.02944279171480291 85
1739971361860 0.02582959672330045 86
1739971361882 0.029957964923241365 87
1739971361904 0.024966073352009278 88
1739971361926 0.018258332536811576 89
1739971361947 0.03252120249187156 90
1739971361969 0.02562402929144523 91
1739971361990 0.027896534993993728 92
1739971362013 0.0326140903850201 93
1739971362034 0.02972151509427413 94
1739971362055 0.03229067083066248 95
1739971362077 0.03441564914828249 96
1739971362099 0.034109099720091615 97
1739971362121 0.02702628589764639 98
1739971362142 0.023493621904857695 99
1739971362164 0.02459640585833088 100
1739971362186 0.03138790636680781 101
1739971362210 0.021155075075399682 102
1739971362232 0.02415784466693396 103
1739971362254 0.028420547482993386 104
1739971362276 0.02375117543012988 105
1739971362297 0.030777149086250722 106
1739971362320 0.03587390542018461 107
1739971362341 0.023126192344887258 108
1739971362363 0.02755830196096137 109
1739971362386 0.021868305261933854 110
1739971362410 0.03699129447667966 111
1739971362435 0.026674930263473548 112
1739971362458 0.027306741842462193 113
1739971362481 0.03415822134328854 114
1739971362506 0.02577925924253905 115
1739971362529 0.01970052933316428 116
1739971362550 0.037140232300210636 117
1739971362572 0.02594594925344022 118
1739971362597 0.038177330833215624 119
1739971362621 0.027078547755659002 120
1739971362646 0.024281307088244945 121
1739971362670 0.02212075732616397 122
1739971362694 0.0341182453169578 123
1739971362719 0.025777082475313826 124
1739971362743 0.031803591870416655 125
1739971362766 0.022697053164026152 126
1739971362788 0.029441949889151452 127
1739971362813 0.025703328389058963 128
1739971362836 0.027182907437440694 129
1739971362857 0.0354561007768287 130
1739971362879 0.03255845695045563 131
1739971362901 0.03792655782806107 132
1739971362922 0.02795032963963045 133
1739971362945 0.032046386611572775 134
1739971362967 0.029877140669768147 135
1739971362988 0.02665796991552891 136
1739971363010 0.029819332875929506 137
1739971363032 0.027688892354930807 138
1739971363053 0.029941867174381916 139
1739971363075 0.016047922455678 140
1739971363097 0.025494116529693665 141
1739971363119 0.03275859138617066 142
1739971363141 0.01944841570908826 143
1739971363163 0.03564121811676444 144
1739971363185 0.02743976008857149 145
1739971363207 0.03156199219892517 146
1739971363229 0.028490869567060505 147
1739971363251 0.026258051783988115 148
1739971363272 0.02456416362249482 149
1739971363294 0.02844143661469719 150
1739971363317 0.032865725852273216 151
1739971363339 0.03297177043506693 152
1739971363362 0.021469414201441807 153
1739971363384 0.031191165553186736 154
1739971363407 0.022664787164102213 155
1739971363428 0.029578587203815117 156
1739971363449 0.029854884082504512 157
1739971363471 0.02994084634791657 158
1739971363493 0.025102084904724223 159
1739971363515 0.030334367820574516 160
1739971363537 0.029275158931117196 161
1739971363559 0.027566535608370264 162
1739971363581 0.0260818357411121 163
1739971363607 0.026015667483879096 164
1739971363634 0.023207871641018757 165
1739971363658 0.03230110190703666 166
1739971363681 0.025141958857174452 167
1739971363704 0.033404524789400994 168
1739971363728 0.030133045835002512 169
1739971363751 0.029074900068931517 170
1739971363776 0.03102769728791904 171
1739971363800 0.026936601674298656 172
1739971363824 0.027736110155173105 173
1739971363845 0.03684119280989866 174
1739971363866 0.02731594838165616 175
1739971363887 0.02551949250115156 176
1739971363909 0.016938888497499492 177
1739971363931 0.029444863875957905 178
1739971363953 0.028371712489816986 179
1739971363974 0.02974692033674125 180
1739971363995 0.03599449215727104 181
1739971364019 0.030295767714062106 182
1739971364044 0.026906753130487692 183
1739971364069 0.02890990146301946 184
1739971364093 0.03236863374869286 185
1739971364118 0.020737368620976804 186
1739971364145 0.02906951175921981 187
1739971364173 0.032471119697811884 188
1739971364198 0.024961359714473986 189
1739971364223 0.03028376035432629 190
1739971364248 0.02921488691419415 191
1739971364272 0.033333467897257475 192
1739971364296 0.031075384662052334 193
1739971364321 0.0244677825041122 194
1739971364345 0.03271035845369434 195
1739971364372 0.03025199770128062 196
1739971364397 0.029445258482481088 197
1739971364421 0.02984233837599849 198
1739971364445 0.03974972062736847 199
1739971364470 0.031438924421039995 200
1739971364494 0.026090351454958277 201
1739971364519 0.023737994934155026 202
1739971364543 0.01927953992764131 203
1739971364568 0.03189195498652439 204
1739971364593 0.03163334829254899 205
1739971364619 0.03831194899218345 206
1739971364644 0.03663901378755492 207
1739971364668 0.024481757047763626 208
1739971364692 0.03138796672295228 209
1739971364718 0.0369541538825655 210
1739971364744 0.0246749992016361 211
1739971364769 0.027123493730797362 212
1739971364793 0.031591125662595025 213
1739971364817 0.027943540956688658 214
1739971364843 0.02754722577624551 215
1739971364867 0.03435838747973013 216
1739971364890 0.027934148553720478 217
1739971364911 0.02911190148593745 218
1739971364933 0.02797561999728646 219
1739971364954 0.028910422735269604 220
1739971364978 0.032703231760883765 221
1739971365001 0.026151035377570356 222
1739971365026 0.032460901832932286 223
1739971365048 0.02942212003746078 224
1739971365069 0.029044719401442463 225
1739971365092 0.023212073847669257 226
1739971365113 0.026464519881927082 227
1739971365136 0.03425554763688401 228
1739971365162 0.033136811053330995 229
1739971365186 0.030805398837148043 230
1739971365208 0.03141223875662124 231
1739971365231 0.020518256202655773 232
1739971365253 0.024324141733429783 233
1739971365276 0.039836099613287095 234
1739971365298 0.025823049948599387 235
1739971365321 0.0256729431586111 236
1739971365343 0.025048816648246704 237
1739971365366 0.034316866298496305 238
1739971365388 0.03201309346633507 239
1739971365409 0.02512510591149286 240
1739971365431 0.03418503232022283 241
1739971365453 0.03153864882120429 242
1739971365475 0.03695236099040632 243
1739971365496 0.029135673934321236 244
1739971365518 0.02842750219866925 245
1739971365543 0.0300604900625894 246
1739971365567 0.03175105886036728 247
1739971365592 0.039802549845018194 248
1739971365621 0.02454998901478959 249
1739971365646 0.029934976439102503 250
1739971365672 0.02573201758979691 251
1739971365697 0.032410579963688804 252
1739971365721 0.02898309212858994 253
1739971365746 0.01979559060477491 254
1739971365770 0.037054958871534475 255
1739971365795 0.024533178336275257 256
1739971365820 0.023569923034753065 257
1739971365845 0.02495257677193554 258
1739971365868 0.04250387980100483 259
1739971365893 0.028818130921398104 260
1739971365917 0.04009606031694798 261
1739971365942 0.03399636920189711 262
1739971365967 0.03178284668559933 263
1739971365992 0.04272542168867326 264
1739971366016 0.0293476519125383 265
1739971366041 0.028781118609662416 266
1739971366065 0.026362679602232254 267
1739971366090 0.022341825398755056 268
1739971366115 0.027562869450038587 269
1739971366139 0.03963575011985219 270
1739971366164 0.03081796839092832 271
1739971366188 0.020868416398522823 272
1739971366212 0.02195597694120181 273
1739971366237 0.036122363525292314 274
1739971366262 0.028436774646944548 275
1739971366286 0.028921106640354122 276
1739971366311 0.03305309352346357 277
1739971366336 0.028185143019658698 278
1739971366360 0.0303667988288227 279
1739971366385 0.027713877801280092 280
1739971366409 0.031675389672835036 281
1739971366434 0.02177729423316442 282
1739971366458 0.026672910837451512 283
1739971366483 0.025526094043872762 284
1739971366507 0.024625092440683404 285
1739971366532 0.03504594076522252 286
1739971366557 0.03161186188376739 287
1739971366582 0.02919172223602432 288
1739971366606 0.02421116836064383 289
1739971366631 0.0357972337474569 290
1739971366655 0.03202969446157437 291
1739971366680 0.028219771411132636 292
1739971366702 0.027617694627416086 293
1739971366724 0.030124420661085373 294
1739971366746 0.021028630472340267 295
1739971366767 0.032132947380406424 296
1739971366788 0.02336194756622192 297
1739971366810 0.026355266363825666 298
1739971366832 0.022299366150155132 299
1739971366855 0.031073258402102816 300
1739971366878 0.02766772585852579 301
1739971366903 0.02797144813388972 302
1739971366928 0.03358586328625366 303
1739971366953 0.027628455087342182 304
1739971366977 0.03056787372397759 305
1739971367001 0.029124844938774933 306
1739971367026 0.026264257327986956 307
1739971367051 0.02105831800773182 308
1739971367075 0.03322894661131267 309
1739971367100 0.033118219584376975 310
1739971367124 0.04203664494581383 311
1739971367149 0.020863109443804203 312
1739971367174 0.021497884961627835 313
1739971367198 0.023879832332959313 314
1739971367223 0.021713906057160223 315
1739971367248 0.027545601747077236 316
1739971367272 0.029250841128252544 317
1739971367297 0.02790888378153807 318
1739971367321 0.027915123147833888 319
1739971367346 0.03565063461048025 320
1739971367371 0.031383894554501246 321
1739971367395 0.026680429132952665 322
1739971367419 0.03572962990746675 323
1739971367444 0.03747165097754788 324
1739971367468 0.02325591813101496 325
1739971367491 0.026701724740095488 326
1739971367512 0.023959002326074664 327
1739971367535 0.03446427896714507 328
1739971367559 0.031992964267122385 329
1739971367582 0.02606114889099615 330
1739971367632 0.029047439836200704 331
1739971367668 0.021192124485946796 332
1739971367692 0.01628347414592831 333
1739971367717 0.019215789848134344 334
