1739994783908 177.8121620142297 0
1739994783932 177.77658943810766 1
1739994783958 177.74102398543545 2
1739994783985 177.70546565478597 3
1739994784029 177.66991444473263 4
1739994784053 177.634370353849 5
1739994784076 177.59883338070892 6
1739994784098 177.56330352388656 7
1739994784120 177.52778078195644 8
1739994784137 177.49226515349318 9
1739994784151 177.4567566370719 10
1739994784166 177.42125523126785 11
1739994784180 177.38576093465662 12
1739994784194 177.35027374581412 13
1739994784208 177.31479366331652 14
1739994784222 177.27932068574023 15
1739994784237 177.24385481166195 16
1739994784254 177.2083960396588 17
1739994784268 177.172944368308 18
1739994784282 177.13749979618717 19
1739994784296 177.10206232187414 20
1739994784310 177.06663194394716 21
1739994784325 177.03120866098462 22
1739994784339 176.9957924715652 23
1739994784352 176.960383374268 24
1739994784367 176.92498136767227 25
1739994784383 176.8895864503576 26
1739994784399 176.85419862090384 27
1739994784416 176.81881787789115 28
1739994784434 176.78344421990002 29
1739994784457 176.7480776455111 30
1739994784479 176.71271815330542 31
1739994784504 176.67736574186426 32
1739994784530 176.64202040976923 33
1739994784559 176.60668215560216 34
1739994784591 176.57135097794517 35
1739994784622 176.53602687538068 36
1739994784652 176.50070984649153 37
1739994784678 176.46539988986058 38
1739994784702 176.43009700407111 39
1739994784726 176.39480118770672 40
1739994784746 176.35951243935128 41
1739994784764 176.32423075758888 42
1739994784779 176.28895614100395 43
1739994784794 176.25368858818115 44
1739994784810 176.21842809770556 45
1739994784826 176.1831746681623 46
1739994784840 176.14792829813703 47
1739994784855 176.1126889862156 48
1739994784870 176.07745673098404 49
1739994784884 176.04223153102876 50
1739994784897 176.00701338493647 51
1739994784913 175.97180229129415 52
1739994784928 175.93659824868905 53
1739994784943 175.90140125570863 54
1739994784957 175.8662113109408 55
1739994784971 175.83102841297358 56
1739994784985 175.7958525603954 57
1739994784999 175.7606837517949 58
1739994785012 175.72552198576102 59
1739994785026 175.690367260883 60
1739994785041 175.65521957575035 61
1739994785055 175.6200789289529 62
1739994785069 175.58494531908065 63
1739994785084 175.549818744724 64
1739994785099 175.51469920447363 65
1739994785196 175.4795866969204 66
1739994785225 175.44448122065555 67
1739994785246 175.40938277427057 68
1739994785265 175.37429135635722 69
1739994785281 175.33920696550757 70
1739994785295 175.3041296003139 71
1739994785309 175.26905925936893 72
1739994785323 175.23399594126545 73
1739994785337 175.19893964459672 74
1739994785351 175.16389036795616 75
1739994785365 175.12884810993754 76
1739994785379 175.09381286913487 77
1739994785393 175.0587846441425 78
1739994785407 175.023763433555 79
1739994785420 174.98874923596716 80
1739994785435 174.95374204997424 81
1739994785448 174.91874187417167 82
1739994785462 174.8837487071551 83
1739994785476 174.8487625475206 84
1739994785492 174.8137833938644 85
1739994785506 174.77881124478307 86
1739994785521 174.7438460988735 87
1739994785535 174.70888795473275 88
1739994785549 174.67393681095822 89
1739994785563 174.63899266614766 90
1739994785578 174.60405551889897 91
1739994785592 174.56912536781044 92
1739994785606 174.53420221148062 93
1739994785620 174.49928604850825 94
1739994785633 174.46437687749247 95
1739994785648 174.42947469703267 96
1739994785662 174.39457950572847 97
1739994785676 174.35969130217975 98
1739994785690 174.3248100849868 99
1739994785704 174.28993585275012 100
1739994785719 174.25506860407043 101
1739994785732 174.22020833754883 102
1739994785746 174.18535505178662 103
1739994785760 174.15050874538542 104
1739994785774 174.11566941694716 105
1739994785788 174.08083706507392 106
1739994785802 174.0460116883683 107
1739994785817 174.01119328543294 108
1739994785833 173.97638185487088 109
1739994785847 173.9415773952854 110
1739994785862 173.90677990528013 111
1739994785878 173.87198938345887 112
1739994785892 173.83720582842574 113
1739994785906 173.80242923878518 114
1739994785920 173.76765961314192 115
1739994785933 173.7328969501009 116
1739994785947 173.69814124826735 117
1739994785962 173.66339250624688 118
1739994785975 173.6286507226452 119
1739994785989 173.59391589606847 120
1739994786003 173.5591880251231 121
1739994786017 173.52446710841562 122
1739994786031 173.48975314455305 123
1739994786045 173.4550461321426 124
1739994786059 173.4203460697917 125
1739994786072 173.38565295610817 126
1739994786085 173.35096678970004 127
1739994786099 173.3162875691756 128
1739994786112 173.28161529314357 129
1739994786129 173.2469499602127 130
1739994786144 173.2122915689922 131
1739994786157 173.17764011809155 132
1739994786171 173.14299560612042 133
1739994786186 173.1083580316888 134
1739994786200 173.073727393407 135
1739994786213 173.0391036898856 136
1739994786227 173.00448691973534 137
1739994786242 172.96987708156743 138
1739994786256 172.93527417399324 139
1739994786270 172.90067819562435 140
1739994786284 172.8660891450728 141
1739994786297 172.83150702095082 142
1739994786312 172.79693182187083 143
1739994786326 172.76236354644573 144
1739994786340 172.72780219328845 145
1739994786354 172.69324776101243 146
1739994786368 172.6587002482312 147
1739994786381 172.62415965355876 148
1739994786396 172.58962597560918 149
1739994786410 172.55509921299694 150
1739994786424 172.52057936433678 151
1739994786437 172.4860664282437 152
1739994786450 172.451560403333 153
1739994786463 172.41706128822014 154
1739994786477 172.3825690815211 155
1739994786492 172.3480837818519 156
1739994786506 172.31360538782894 157
1739994786520 172.2791338980689 158
1739994786534 172.24466931118877 159
1739994786548 172.2102116258057 160
1739994786562 172.17576084053718 161
1739994786577 172.14131695400107 162
1739994786591 172.1068799648154 163
1739994786605 172.07244987159845 164
1739994786619 172.03802667296884 165
1739994786633 172.0036103675455 166
1739994786647 171.96920095394756 167
1739994786661 171.93479843079447 168
1739994786676 171.9004027967059 169
1739994786690 171.86601405030189 170
1739994786704 171.83163219020273 171
1739994786718 171.79725721502885 172
1739994786731 171.76288912340118 173
1739994786746 171.7285279139408 174
1739994786759 171.69417358526908 175
1739994786773 171.65982613600764 176
1739994786787 171.6254855647784 177
1739994786801 171.5911518702036 178
1739994786817 171.5568250509057 179
1739994786831 171.52250510550743 180
1739994786844 171.48819203263193 181
1739994786858 171.4538858309023 182
1739994786873 171.41958649894235 183
1739994786886 171.38529403537578 184
1739994786900 171.35100843882677 185
1739994786913 171.31672970791973 186
1739994786928 171.2824578412794 187
1739994786942 171.24819283753067 188
1739994786956 171.21393469529875 189
1739994786970 171.1796834132092 190
1739994786984 171.14543898988785 191
1739994786997 171.11120142396067 192
1739994787011 171.07697071405408 193
1739994787026 171.04274685879463 194
1739994787039 171.00852985680928 195
1739994787053 170.9743197067251 196
1739994787066 170.9401164071696 197
1739994787081 170.90591995677045 198
1739994787094 170.87173035415566 199
1739994787109 170.8375475979535 200
1739994787122 170.80337168679253 201
1739994787137 170.7692026193015 202
1739994787151 170.73504039410952 203
1739994787165 170.700885009846 204
1739994787180 170.66673646514053 205
1739994787195 170.63259475862301 206
1739994787210 170.59845988892368 207
1739994787224 170.564331854673 208
1739994787239 170.53021065450162 209
1739994787255 170.49609628704064 210
1739994787270 170.46198875092128 211
1739994787288 170.42788804477516 212
1739994787307 170.39379416723406 213
1739994787327 170.35970711693014 214
1739994787349 170.32562689249573 215
1739994787371 170.2915534925635 216
1739994787394 170.25748691576638 217
1739994787415 170.22342716073763 218
1739994787439 170.18937422611066 219
1739994787462 170.1553281105192 220
1739994787483 170.12128881259736 221
1739994787500 170.08725633097936 222
1739994787514 170.0532306642998 223
1739994787530 170.01921181119351 224
1739994787544 169.98519977029568 225
1739994787558 169.95119454024166 226
1739994787572 169.91719611966707 227
1739994787586 169.8832045072079 228
1739994787600 169.84921970150032 229
1739994787614 169.81524170118087 230
1739994787629 169.7812705048863 231
1739994787644 169.7473061112536 232
1739994787659 169.7133485189201 233
1739994787673 169.67939772652346 234
1739994787688 169.64545373270138 235
1739994787702 169.6115165360921 236
1739994787717 169.57758613533397 237
1739994787731 169.54366252906567 238
1739994787746 169.50974571592616 239
1739994787760 169.4758356945546 240
1739994787775 169.44193246359055 241
1739994787789 169.40803602167378 242
1739994787805 169.3741463674442 243
1739994787822 169.3402634995423 244
1739994787842 169.3063874166085 245
1739994787858 169.27251811728374 246
1739994787873 169.23865560020909 247
1739994787887 169.204799864026 248
1739994787902 169.1709509073761 249
1739994787917 169.13710872890138 250
1739994787931 169.10327332724398 251
1739994787946 169.06944470104645 252
1739994787960 169.0356228489515 253
1739994787975 169.00180776960224 254
1739994787990 168.96799946164185 255
1739994788004 168.93419792371398 256
1739994788018 168.90040315446245 257
1739994788033 168.86661515253144 258
1739994788049 168.83283391656522 259
1739994788065 168.79905944520854 260
1739994788084 168.7652917371063 261
1739994788105 168.73153079090375 262
1739994788127 168.6977766052463 263
1739994788149 168.6640291787797 264
1739994788167 168.63028851015005 265
1739994788184 168.5965545980035 266
1739994788199 168.56282744098675 267
1739994788213 168.52910703774654 268
1739994788227 168.49539338693003 269
1739994788242 168.46168648718455 270
1739994788257 168.42798633715776 271
1739994788271 168.3942929354976 272
1739994788285 168.36060628085218 273
1739994788298 168.32692637187006 274
1739994788312 168.2932532071999 275
1739994788326 168.25958678549077 276
1739994788340 168.22592710539183 277
1739994788354 168.1922741655527 278
1739994788368 168.15862796462318 279
1739994788382 168.12498850125334 280
1739994788396 168.0913557740935 281
1739994788410 168.05772978179436 282
1739994788424 168.02411052300678 283
1739994788438 167.9904979963819 284
1739994788452 167.95689220057116 285
1739994788466 167.92329313422627 286
1739994788480 167.88970079599926 287
1739994788497 167.8561151845423 288
1739994788513 167.8225362985079 289
1739994788528 167.78896413654888 290
1739994788544 167.75539869731833 291
1739994788559 167.7218399794695 292
1739994788575 167.688287981656 293
1739994788591 167.65474270253176 294
1739994788606 167.62120414075085 295
1739994788621 167.5876722949677 296
1739994788635 167.55414716383692 297
1739994788650 167.52062874601356 298
1739994788664 167.48711704015278 299
1739994788678 167.45361204491005 300
1739994788693 167.4201137589411 301
1739994788709 167.386622180902 302
1739994788726 167.35313730944907 303
1739994788744 167.31965914323877 304
1739994788761 167.28618768092804 305
1739994788776 167.25272292117384 306
1739994788791 167.21926486263368 307
1739994788808 167.1858135039651 308
1739994788824 167.15236884382605 309
1739994788840 167.11893088087473 310
1739994788856 167.08549961376949 311
1739994788872 167.05207504116913 312
1739994788889 167.01865716173262 313
1739994788907 166.98524597411912 314
1739994788923 166.95184147698822 315
1739994788938 166.91844366899977 316
1739994788955 166.88505254881372 317
1739994788970 166.85166811509043 318
1739994788985 166.81829036649052 319
1739994789000 166.7849193016748 320
1739994789016 166.75155491930445 321
1739994789030 166.71819721804079 322
1739994789045 166.68484619654555 323
1739994789060 166.65150185348068 324
1739994789074 166.61816418750834 325
1739994789089 166.584833197291 326
1739994789106 166.55150888149143 327
1739994789124 166.51819123877257 328
1739994789142 166.4848802677978 329
1739994789159 166.45157596723055 330
1739994789173 166.4182783357347 331
1739994789188 166.38498737197435 332
1739994789203 166.35170307461377 333
1739994789217 166.31842544231762 334
1739994789233 166.28515447375074 335
1739994789248 166.25189016757832 336
1739994789262 166.21863252246578 337
1739994789277 166.18538153707877 338
1739994789293 166.15213721008323 339
1739994789308 166.11889954014543 340
1739994789323 166.08566852593182 341
1739994789338 166.05244416610918 342
1739994789353 166.01922645934445 343
1739994789368 165.98601540430502 344
1739994789383 165.9528109996584 345
1739994789399 165.9196132440724 346
1739994789414 165.88642213621512 347
1739994789429 165.8532376747549 348
1739994789444 165.82005985836037 349
1739994789459 165.78688868570043 350
1739994789475 165.75372415544425 351
1739994789490 165.72056626626122 352
1739994789505 165.68741501682098 353
1739994789521 165.6542704057936 354
1739994789536 165.62113243184922 355
1739994789551 165.58800109365833 356
1739994789566 165.55487638989172 357
1739994789581 165.5217583192204 358
1739994789598 165.48864688031566 359
1739994789612 165.45554207184904 360
1739994789627 165.42244389249234 361
1739994789643 165.3893523409177 362
1739994789657 165.35626741579742 363
1739994789671 165.32318911580415 364
1739994789684 165.29011743961075 365
1739994789698 165.2570523858904 366
1739994789712 165.2239939533165 367
1739994789727 165.1909421405627 368
1739994789741 165.15789694630297 369
1739994789756 165.12485836921158 370
1739994789769 165.09182640796294 371
1739994789783 165.05880106123178 372
1739994789798 165.0257823276932 373
1739994789813 164.99277020602239 374
1739994789830 164.95976469489491 375
1739994789846 164.9267657929866 376
1739994789862 164.89377349897345 377
1739994789879 164.8607878115319 378
1739994789897 164.8278087293385 379
1739994789913 164.79483625107014 380
1739994789928 164.7618703754039 381
1739994789944 164.72891110101727 382
1739994789959 164.6959584265878 383
1739994789973 164.66301235079345 384
1739994789987 164.63007287231252 385
1739994790001 164.59713998982332 386
1739994790016 164.56421370200468 387
1739994790030 164.53129400753554 388
1739994790045 164.4983809050951 389
1739994790059 164.465474393363 390
1739994790073 164.4325744710189 391
1739994790086 164.39968113674294 392
1739994790100 164.3667943892154 393
1739994790114 164.33391422711682 394
1739994790128 164.30104064912808 395
1739994790144 164.26817365393026 396
1739994790160 164.2353132402047 397
1739994790175 164.20245940663312 398
1739994790190 164.16961215189733 399
1739994790205 164.13677147467953 400
1739994790221 164.10393737366215 401
1739994790236 164.07110984752785 402
1739994790272 164.0382888949596 403
1739994790344 164.00547451464064 404
1739994790358 163.9726667052544 405
1739994790373 163.93986546548467 406
1739994790387 163.90707079401543 407
1739994790401 163.87428268953096 408
1739994790415 163.84150115071577 409
1739994790430 163.8087261762547 410
1739994790445 163.77595776483284 411
1739994790459 163.7431959151354 412
1739994790474 163.7104406258481 413
1739994790488 163.67769189565666 414
1739994790502 163.64494972324738 415
1739994790516 163.61221410730644 416
1739994790529 163.5794850465206 417
1739994790544 163.54676253957675 418
1739994790558 163.51404658516205 419
1739994790571 163.48133718196394 420
1739994790585 163.44863432867004 421
1739994790599 163.41593802396844 422
1739994790613 163.3832482665473 423
1739994790627 163.35056505509507 424
1739994790643 163.31788838830053 425
1739994790657 163.28521826485266 426
1739994790671 163.2525546834408 427
1739994790685 163.2198976427544 428
1739994790700 163.18724714148334 429
1739994790717 163.15460317831761 430
1739994790734 163.12196575194758 431
1739994790749 163.0893348610638 432
1739994790768 163.05671050435714 433
1739994790878 163.0240926805187 434
1739994790905 162.9914813882399 435
1739994790925 162.9588766262123 436
1739994790946 162.92627839312783 437
1739994790963 162.89368668767864 438
1739994790977 162.86110150855714 439
1739994790992 162.82852285445605 440
1739994791006 162.7959507240683 441
1739994791020 162.76338511608708 442
1739994791034 162.73082602920587 443
1739994791049 162.69827346211844 444
1739994791063 162.66572741351868 445
1739994791078 162.6331878821009 446
1739994791092 162.6006548665597 447
1739994791107 162.56812836558976 448
1739994791122 162.5356083778861 449
1739994791136 162.50309490214408 450
1739994791153 162.47058793705924 451
1739994791168 162.4380874813274 452
1739994791182 162.40559353364463 453
1739994791197 162.37310609270733 454
1739994791212 162.34062515721203 455
1739994791227 162.30815072585565 456
1739994791243 162.27568279733532 457
1739994791258 162.2432213703484 458
1739994791273 162.21076644359258 459
1739994791287 162.17831801576574 460
1739994791301 162.14587608556607 461
1739994791315 162.113440651692 462
1739994791329 162.08101171284224 463
1739994791343 162.04858926771573 464
1739994791358 162.01617331501166 465
1739994791372 161.98376385342956 466
1739994791386 161.95136088166907 467
1739994791400 161.91896439843038 468
1739994791415 161.88657440241354 469
1739994791429 161.8541908923192 470
1739994791443 161.8218138668481 471
1739994791458 161.78944332470127 472
1739994791474 161.75707926457997 473
1739994791491 161.7247216851859 474
1739994791507 161.69237058522077 475
1739994791524 161.66002596338666 476
1739994791542 161.62768781838594 477
1739994791561 161.59535614892118 478
1739994791580 161.56303095369526 479
1739994791601 161.5307122314114 480
1739994791617 161.4983999807728 481
1739994791633 161.4660942004832 482
1739994791649 161.4337948892465 483
1739994791666 161.40150204576688 484
1739994791681 161.3692156687487 485
1739994791696 161.33693575689668 486
1739994791711 161.3046623089157 487
1739994791725 161.2723953235111 488
1739994791740 161.2401347993882 489
1739994791755 161.2078807352528 490
1739994791769 161.1756331298108 491
1739994791784 161.14339198176847 492
1739994791800 161.11115728983233 493
1739994791816 161.0789290527091 494
1739994791834 161.04670726910584 495
1739994791848 161.01449193772976 496
1739994791863 160.98228305728847 497
1739994791878 160.9500806264897 498
1739994791892 160.9178846440415 499
