1739998387763 0.5431152982416997 0
1739998387881 0.25695782178737675 1
1739998387979 0.011942046851650906 2
1739998388122 0.15017656510415842 3
1739998388229 0.49333332457519713 4
1739998388343 1.905628600009081 5
1739998388436 0.39270296750730777 6
1739998388537 0.7404864204723766 7
1739998388632 0.957814390570568 8
1739998388728 1.7514682091269635 9
1739998388824 1.0712778737040358 10
1739998388919 1.702257749076444 11
1739998389013 0.6254491244578527 12
1739998389108 0.9089786707832902 13
1739998389202 0.12018840785885257 14
1739998389300 1.364775424163325 15
1739998389391 0.2755674602689209 16
1739998389485 1.022075570198995 17
1739998389574 0.1998554832450639 18
1739998389662 0.19544967894439794 19
1739998389761 0.608734671269504 20
1739998389872 0.24613726171587377 21
1739998390001 0.06333692188830377 22
1739998390093 0.5597538338259678 23
1739998390184 0.4663006584241346 24
1739998390277 0.007504738090848843 25
1739998390368 1.1176354594176974 26
1739998390456 0.36701852980982935 27
1739998390542 0.03484576568687348 28
1739998390632 0.01193303910953275 29
1739998390727 0.29845617755476006 30
1739998390886 0.009017131829739247 31
1739998390975 0.42442681486257466 32
1739998391062 0.49959947056314213 33
1739998391152 0.17891188025036117 34
1739998391240 0.8191887440508174 35
1739998391328 0.009006267710727213 36
1739998391415 0.3889022564314074 37
1739998391503 0.16980926782904676 38
1739998391592 0.16503391395125552 39
1739998391679 0.33693084275585206 40
1739998391825 0.3377435793348131 41
1739998391925 0.0016257289197323705 42
1739998392012 0.6082309002289119 43
1739998392098 0.26012778533899 44
1739998392185 1.6216518390045398 45
1739998392274 0.33151196837067826 46
1739998392363 0.4478491050679487 47
1739998392449 1.0647349380401547 48
1739998392540 0.3381744023015083 49
1739998392626 0.12747999492334694 50
1739998392713 0.6307690285516717 51
1739998392813 0.3595402897159109 52
1739998392899 0.1832107348896486 53
1739998392986 0.09573735422668794 54
1739998393073 0.36003142691394774 55
1739998393162 0.7587731521411282 56
1739998393253 0.2254802858217153 57
1739998393342 0.19336484181248617 58
1739998393430 0.34405454516547135 59
1739998393517 0.30015983123700335 60
1739998393603 0.6867090088880135 61
1739998393689 0.34039314789395464 62
1739998393778 0.8065557019265162 63
1739998393866 0.37547046152850844 64
1739998393957 0.1804554784288595 65
1739998394045 0.39352775623352304 66
1739998394132 0.714827592400677 67
1739998394219 0.49581858294838893 68
1739998394306 1.0267934442900222 69
1739998394392 0.19944685416532687 70
1739998394483 0.09291456083741341 71
1739998394571 0.5166371635654722 72
1739998394657 0.30365554482518037 73
1739998394746 1.4433303274108067 74
1739998394835 0.8040300726097185 75
1739998394921 0.46334775158087366 76
1739998395009 0.7777845857824236 77
1739998395095 0.7602681084003841 78
1739998395183 1.836750847644543 79
1739998395273 0.3667479599973554 80
1739998395359 0.49992934425142854 81
1739998395446 0.028223796549808743 82
1739998395534 1.125929142626912 83
1739998395624 0.30348595445576887 84
1739998395712 0.5155213139790307 85
1739998395803 0.931171938385805 86
1739998395891 1.2430576794756063 87
1739998395983 0.3509069535475501 88
1739998396070 0.0287216719249658 89
1739998396160 0.16127193646803628 90
1739998396253 2.3923954590581005 91
1739998396341 0.1398672156269264 92
1739998396428 0.3432277344073781 93
1739998396526 0.11057202513241904 94
1739998396628 0.20501897711205455 95
1739998396725 1.0561627966586047 96
1739998396828 0.7955682907105592 97
1739998396935 0.24745365512624715 98
1739998397037 0.19507158291932106 99
1739998397136 0.2462094234118176 100
1739998397244 0.2068662281394639 101
1739998397345 0.34289192478627856 102
1739998397453 0.7274126913430438 103
1739998397557 0.05540594556611877 104
1739998397658 0.13443087277963003 105
1739998397764 0.6013267921050172 106
1739998397869 0.06677556039065626 107
1739998397968 0.3633006878336698 108
1739998398068 0.2653837407801054 109
1739998398478 1.1386878930399185 110
1739998398592 0.8048025499951512 111
1739998398692 0.8117483300067438 112
1739998398843 0.1760857119449414 113
1739998398935 0.7764976944260913 114
1739998399022 0.08529539231257237 115
1739998399114 1.014048143429828 116
1739998399202 0.03326487309137678 117
1739998399293 0.13713225124290943 118
1739998399380 0.23808575627551293 119
1739998399473 0.3365740380297639 120
1739998399572 0.39698680085983906 121
1739998399664 0.4398736532501939 122
1739998399756 1.328821609383758 123
1739998399851 0.2528824573785122 124
1739998399944 0.6074970102044039 125
1739998400040 0.5929648029192662 126
1739998400132 0.6873228153262013 127
1739998400222 0.5019895382130826 128
1739998400312 0.07378431115133345 129
1739998400404 0.13906554303442045 130
1739998400496 0.12080978368040729 131
1739998400588 0.9664488722670223 132
1739998400684 0.41687282360077565 133
1739998400774 0.03350190412788265 134
1739998400863 1.6279290156345412 135
1739998400952 0.09004936331204867 136
1739998401041 0.6030806626562687 137
1739998401129 1.2968196402631704 138
1739998401215 0.009306165081558859 139
1739998401305 0.4657441696268303 140
1739998401397 0.3766387130968359 141
1739998401484 0.04902898520656327 142
1739998401578 0.47837144543237364 143
1739998401665 0.32317538987187866 144
1739998401761 0.12661495333668832 145
1739998401848 0.5408467165509027 146
1739998401937 0.08466325078900634 147
1739998402022 0.38916853859818895 148
1739998402117 0.3490939928773009 149
1739998402204 1.3831860733144534 150
1739998402291 0.13292447905723634 151
1739998402380 0.8954312314300505 152
1739998402468 0.5309826258217855 153
1739998402559 0.19803155134543177 154
1739998402650 0.6137703676873641 155
1739998402746 0.34866282276227767 156
1739998402838 0.4516396442023027 157
1739998402932 0.5476689069926673 158
1739998403021 0.6487146126318095 159
1739998403111 0.6068867650916935 160
1739998403203 0.09542120030396303 161
1739998403295 0.8824437131483759 162
1739998403400 0.40437452740613067 163
1739998403487 0.04251552525967728 164
1739998403575 0.7093164481004506 165
1739998403666 0.5601516905843038 166
1739998403759 0.0778601236588995 167
1739998403854 0.7639397513987644 168
1739998403940 1.0143860889769258 169
1739998404035 0.12152470175585886 170
1739998404168 7.753724149039563e-05 171
1739998404292 0.8326549035716622 172
1739998404388 1.489894464130848 173
1739998404476 0.32810753664275527 174
1739998404567 0.9347829949567229 175
1739998404663 0.19464901778009852 176
1739998404763 1.6367808077633113 177
1739998404855 1.4277646607259793 178
1739998404943 0.42804353116241173 179
1739998405035 0.5942050268094095 180
1739998405127 0.31607660223149364 181
1739998405215 1.5746113092188174 182
1739998405305 0.5965141167649692 183
1739998405394 2.0875372130148553 184
1739998405483 0.2521781752715087 185
1739998405571 0.2856066926953175 186
1739998405660 0.35725494560004867 187
1739998405754 1.0479461135189752 188
1739998405843 0.31265621883024575 189
1739998405938 0.23658706292892615 190
1739998406026 0.7465713202521778 191
1739998406117 0.5064982714199174 192
1739998406213 0.6124257187100846 193
1739998406305 0.7400178467104981 194
1739998406396 0.4566482444543835 195
1739998406488 0.03911934618546703 196
1739998406588 0.001033068497970632 197
1739998406680 0.7750564549412691 198
1739998406777 0.7583785527705951 199
1739998406870 1.0271857749507538 200
1739998406966 0.5419690862531541 201
1739998407060 0.40085547870813865 202
1739998407154 1.3083726069718584 203
1739998407250 0.4509019740604645 204
1739998407343 0.9387617873408745 205
1739998407438 0.32842921846865586 206
1739998407532 0.38592415243927863 207
1739998407625 0.3385485388566191 208
1739998407756 1.5193088526314726 209
1739998407854 0.2983248485866593 210
1739998407949 0.6878217473589924 211
1739998408042 0.2913205074321807 212
1739998408141 1.7150113556610769 213
1739998408251 0.4087254897098772 214
1739998408346 0.42805285132270704 215
1739998408438 0.18818095780558977 216
1739998408527 0.051657714951319815 217
1739998408617 0.04533182356457299 218
1739998408709 0.606358549875447 219
1739998408803 0.4201266028302294 220
1739998408896 0.9329888186261 221
1739998408991 2.251071310930234 222
1739998409083 0.2456534329704555 223
1739998409172 0.020058315207479745 224
1739998409266 0.7313999696817637 225
1739998409363 0.3208364001577068 226
1739998409460 1.428991539244494 227
1739998409554 0.273090986543622 228
1739998409657 0.7143299996816392 229
1739998409751 1.329202723847184 230
1739998409841 0.1409845668285688 231
1739998409934 0.6479935744025149 232
1739998410026 0.5137125375769467 233
1739998410116 1.6823824539632413 234
1739998410209 0.8634228169037099 235
1739998410301 0.5947683879650677 236
1739998410389 0.48912499331415143 237
1739998410476 0.5122133620733527 238
1739998410565 0.3367636633196023 239
1739998410654 1.0977284193727603 240
1739998410742 0.7410653815582603 241
1739998410829 1.571287254913722 242
1739998410916 0.8257413917006224 243
1739998411002 0.24393870215486993 244
1739998411089 0.15314217141647715 245
1739998411175 0.3671386650170988 246
1739998411263 0.8286004452493831 247
1739998411353 0.1039114814923828 248
1739998411440 0.3715144077246313 249
1739998411530 1.0040876639029666 250
1739998411617 0.9560611082168984 251
1739998411704 0.02639436715045066 252
1739998411795 0.6841408127894519 253
1739998411885 1.1840749152650158 254
1739998411972 1.3395639510475996 255
1739998412063 1.4006923659869985 256
1739998412152 0.17469706207313665 257
1739998412244 0.5332180581920971 258
1739998412341 0.5685321281380102 259
1739998412434 0.4294111085636114 260
1739998412525 0.6167315452461616 261
1739998412615 0.3472477829938147 262
1739998412702 0.6303040355297655 263
1739998412801 0.7433803713305509 264
1739998412907 0.9345859352095736 265
1739998413004 0.31630044883283454 266
1739998413097 2.163067353511653 267
1739998413193 0.5235368991645362 268
1739998413283 0.15193834647929447 269
1739998413370 0.16200706405266743 270
1739998413458 0.0021325551672790755 271
1739998413547 0.12248527702926933 272
1739998413637 1.0727859563038924 273
1739998413725 0.11577875069545754 274
1739998413815 0.2608286185162754 275
1739998413905 0.06499528927439047 276
1739998413993 0.16209107375788548 277
1739998414081 2.245617531726385 278
1739998414170 1.083575218260354 279
1739998414261 1.4648501766300865 280
1739998414354 0.5288987337508531 281
1739998414442 0.24632143681174745 282
1739998414530 0.4683197272342443 283
1739998414616 0.13343007916029398 284
1739998414705 0.35058895155330555 285
1739998414798 0.07486266633739926 286
1739998414887 0.1871375799963883 287
1739998414976 0.7118344294362225 288
1739998415065 0.41290760923312153 289
1739998415155 0.49689508306031377 290
1739998415249 1.1946755330577903 291
1739998415337 1.0501076942733472 292
1739998415427 0.8183350393153709 293
1739998415519 0.27666211434910787 294
1739998415609 0.38116464140820266 295
1739998415701 0.6980937495916716 296
1739998415799 0.1826965626313926 297
1739998415891 2.5462061733871884 298
1739998415981 0.47157748381463455 299
1739998416069 0.05171619497931459 300
1739998416163 1.295001640694355 301
1739998416257 0.3084775338696178 302
1739998416351 0.5680445704182414 303
1739998416441 0.5439462637104089 304
1739998416535 0.5225087494367915 305
1739998416622 1.3874220687547822 306
1739998416715 0.32150379314048577 307
1739998416812 0.354900422695542 308
1739998416907 1.0491297077883714 309
1739998417002 0.5923251338512101 310
1739998417094 0.002459427802098832 311
1739998417185 1.0288160259424335 312
1739998417276 0.221596119483107 313
1739998417367 0.19093704183697013 314
1739998417460 0.49257568819935144 315
1739998417551 0.18779560687630112 316
1739998417649 1.3902687555440678 317
1739998417749 0.5672134645518317 318
1739998417844 0.32416233031938985 319
1739998417941 0.5210869921217107 320
1739998418034 0.32408503442030595 321
1739998418124 2.3204832046922244 322
1739998418215 0.38751811688158266 323
1739998418307 0.04604148016549932 324
1739998418402 0.7578371600091216 325
1739998418492 0.27729391288304944 326
1739998418582 0.048547858414387 327
1739998418669 0.010606680045917328 328
1739998418766 0.54530247611571 329
1739998418856 0.10647237746148071 330
1739998418946 0.43388442591586374 331
1739998419033 0.12142914966571028 332
1739998419119 0.6011151028193901 333
1739998419209 0.4874455412478944 334
1739998419297 0.05322533614658795 335
1739998419386 0.01533164901221005 336
1739998419474 0.3880067864243236 337
1739998419562 0.9714438858226229 338
1739998419650 0.023932107479190383 339
1739998419756 0.21822647208010817 340
1739998419856 0.27781441279443025 341
1739998419944 0.21759112246313303 342
1739998420036 1.342840446753692 343
1739998420124 0.11980470447684602 344
1739998420214 1.0103438973176955 345
1739998420307 0.5226101331438072 346
1739998420405 1.3079760706301506 347
1739998420499 0.08385392265678775 348
1739998420588 1.627046940860217 349
1739998420676 0.38268608337162197 350
1739998420765 0.8330682183452431 351
1739998420853 0.17954507112720733 352
1739998420940 0.9688708045372274 353
1739998421107 0.7598423658478262 354
1739998421199 0.24178826679860624 355
1739998421289 0.048086962079151196 356
1739998421378 0.33675036642423356 357
1739998421470 0.25442733839943077 358
1739998421562 1.8494464269947724 359
1739998421653 0.4211408288256744 360
1739998421743 0.7358299249492033 361
1739998421837 1.248457140904968 362
1739998421928 1.2019361445618613 363
1739998422017 0.05706219431214423 364
1739998422108 0.3633422557592085 365
1739998422197 0.27556585202996375 366
1739998422285 1.0868618917886077 367
1739998422372 0.7043571970666864 368
1739998422468 0.6017940875011029 369
1739998422562 0.2797827982210619 370
1739998422667 0.6133620434914285 371
1739998422762 1.2442643333925618 372
1739998422855 0.8738560463680772 373
1739998422990 0.4902966355916579 374
1739998423078 0.9952973589848272 375
1739998423168 0.048261025152450274 376
1739998423260 0.22530855006222233 377
1739998423350 0.6418487947594104 378
1739998423438 0.14136398153756416 379
1739998423528 0.12772366604513288 380
1739998423619 0.2515297314959844 381
1739998423708 0.5258975979836299 382
1739998423800 1.7886841663025035 383
1739998423890 1.0234583695007802 384
1739998423980 0.3174219422114814 385
1739998424070 0.19590696561338852 386
1739998424160 0.5624868521468401 387
1739998424250 1.1289614774707515 388
1739998424339 0.5265743287172991 389
1739998424428 0.7002948514437666 390
1739998424526 2.0713671950695414 391
1739998424618 0.08409288923452005 392
1739998424718 0.5838892363690927 393
1739998424813 0.3679137716821304 394
1739998424909 0.254502235555078 395
1739998425005 1.2860592096402101 396
1739998425098 0.9767145297737982 397
1739998425191 0.5441927189168507 398
1739998425278 0.41306215751309444 399
1739998425369 0.26182160551199757 400
1739998425462 0.7120896046482134 401
1739998425557 0.2218976887790827 402
1739998425649 0.29891303845471634 403
1739998425744 0.14084282128680847 404
1739998425840 0.04604670587396293 405
1739998425934 1.4101469480601607 406
1739998426028 0.20570637969890357 407
1739998426119 0.5999758144832582 408
1739998426211 0.1473791800005075 409
1739998426302 0.6528308394336921 410
1739998426391 0.7329493966041629 411
1739998426483 1.9954251091625748 412
1739998426578 0.23163078910719725 413
1739998426668 0.017206607631221376 414
1739998426764 0.12291696568739677 415
1739998426855 0.31239650349913445 416
1739998426949 0.6008226350398385 417
1739998427039 0.4463232743803394 418
1739998427128 0.39544724585396696 419
1739998427221 0.349696098988177 420
1739998427312 1.0916602868856682 421
1739998427402 0.026043655837332473 422
1739998427493 0.6318165584561176 423
1739998427587 0.3981463629092536 424
1739998427677 0.7295996930358514 425
1739998427770 0.2298656605103296 426
1739998427861 1.3933787210954995 427
1739998427951 0.009403183750562706 428
1739998428044 0.818062279491231 429
1739998428136 0.030978493889276853 430
1739998428227 0.9912643980877922 431
1739998428316 0.7459007327216186 432
1739998428408 0.11372356388708336 433
1739998428501 1.8539693783946484e-05 434
1739998428592 0.42481787472783994 435
1739998428678 0.07573366238359164 436
1739998428773 1.306670815453463 437
1739998428865 0.18406362437643342 438
1739998428958 0.07052571076084885 439
1739998429047 0.4382767367634092 440
1739998429137 0.13667784192501786 441
1739998429228 0.3142395833777479 442
1739998429314 0.14167463460904653 443
1739998429401 0.9804551166270928 444
1739998429496 2.1666553889190125 445
1739998429591 0.565888203142435 446
1739998429687 1.1894721633873688 447
1739998429785 0.478482548919695 448
1739998429879 0.3622464149520951 449
1739998429968 0.4563623767602305 450
1739998430060 0.8728465657759727 451
1739998430151 0.5313244382636512 452
1739998430245 0.002696102158016391 453
1739998430333 0.41200897381960744 454
1739998430420 0.5986241703718567 455
1739998430507 0.5772538828878356 456
1739998430602 0.1489793837278518 457
1739998430690 0.7532094260114545 458
1739998430780 0.3478723049295403 459
1739998430869 0.20803278477731937 460
1739998430959 1.2265329081840777 461
1739998431048 0.817916822658608 462
1739998431134 0.4750819870489206 463
1739998431221 0.6540063033673474 464
1739998431310 0.7738119257337308 465
1739998431395 0.5256737032194113 466
1739998431482 0.15683242801942676 467
1739998431571 0.3592945717258975 468
1739998431658 0.7099189423530403 469
1739998431747 0.4956845635360059 470
1739998431839 0.021333595809571906 471
1739998431926 0.002809553972188571 472
1739998432012 0.3957510322886255 473
1739998432101 0.3905110269194321 474
1739998432187 0.06823241398957056 475
1739998432275 0.2722683094068541 476
1739998432361 1.3828550988544148 477
1739998432449 0.28840947771737563 478
1739998432537 0.9973757260016743 479
1739998432628 0.0008797579925134761 480
1739998432715 0.6647309207327905 481
1739998432810 0.06348996309757611 482
1739998432897 0.5060549779354439 483
1739998432982 0.5118819166163268 484
1739998433072 0.46931005722112656 485
1739998433160 0.8933464176473659 486
1739998433247 0.4063336658541925 487
1739998433335 0.5190993600260048 488
1739998433421 0.6845326879789099 489
1739998433508 0.26779107507935396 490
1739998433598 1.1404629013449 491
1739998433683 1.0513615028064387 492
1739998433773 0.2908607743170362 493
1739998433862 1.60671039003491 494
1739998433950 1.7736064803186102 495
1739998434037 1.7012305859140757 496
1739998434127 0.4583098551254818 497
1739998434213 1.1609463328775542 498
1739998434369 0.4270417493555992 499
