1740001238219 6.225313790705677 0
1740001238309 2.9230546491372 1
1740001238394 3.6446687116291128 2
1740001238472 10.52109780121784 3
1740001238560 5.050819869068412 4
1740001238645 4.6060875030867265 5
1740001238739 3.298183345599991 6
1740001238825 3.5596522142271874 7
1740001238953 2.8010726008239732 8
1740001239031 5.109628669320698 9
1740001239112 4.671137819813272 10
1740001239194 1.1330892267903871 11
1740001239273 2.8181435729566457 12
1740001239357 6.7732139676073375 13
1740001239440 4.7570777941572615 14
1740001239518 2.7358266539397342 15
1740001239597 3.3041667134764547 16
1740001239676 4.461505645303719 17
1740001239757 1.891433708602801 18
1740001239856 4.341903349382776 19
1740001240013 2.2515159194090097 20
1740001240144 4.613078428775653 21
1740001240242 8.047458894267594 22
1740001240321 1.6430965708187142 23
1740001240402 7.105437320541721 24
1740001240488 2.7636039307497082 25
1740001240574 4.5445073362434805 26
1740001240669 3.7839382453717696 27
1740001240800 4.8606264795410645 28
1740001240886 4.408611646375878 29
1740001240966 5.756027354423528 30
1740001241046 4.26638641230491 31
1740001241123 5.906559732211973 32
1740001241202 6.974701142531593 33
1740001241283 8.630249039312265 34
1740001241363 5.977824881951841 35
1740001241443 4.587847350160501 36
1740001241522 1.5491936709806693 37
1740001241604 3.59181729292598 38
1740001241683 3.4568580074234787 39
1740001241765 4.250356599434656 40
1740001241859 4.3777741510625745 41
1740001241939 7.388833068640149 42
1740001242017 5.011077902873745 43
1740001242096 4.311811659478236 44
1740001242176 7.4799963937634555 45
1740001242256 2.8356025156006726 46
1740001242335 3.4104654864533908 47
1740001242413 4.53974156852678 48
1740001242495 3.667498315684122 49
1740001242575 3.8456335425673775 50
1740001242662 3.344840974283936 51
1740001242743 5.023293397209466 52
1740001242829 7.119766600843692 53
1740001242913 3.9872223610623196 54
1740001242994 5.671533901900247 55
1740001243073 5.129360822411835 56
1740001243160 6.308390109118206 57
1740001243242 3.8884970170721327 58
1740001243322 6.1591288320377915 59
1740001243402 4.015140497192569 60
1740001243482 4.479099397500082 61
1740001243562 3.696984477227221 62
1740001243642 3.9539815384154706 63
1740001243721 6.527570281001328 64
1740001243803 6.59326992403953 65
1740001243882 2.782679265251274 66
1740001243961 6.388314164366079 67
1740001244041 2.6632637785614786 68
1740001244122 5.196361817154917 69
1740001244202 7.575269529436075 70
1740001244281 4.90633102727844 71
1740001244363 4.836927593748248 72
1740001244445 4.949420557203229 73
1740001244523 7.409108990630476 74
1740001244603 3.7654987739612276 75
1740001244689 5.249678571716616 76
1740001244781 7.840753992531982 77
1740001244861 3.9641438528356367 78
1740001244946 6.18391467719423 79
1740001245025 5.886437295729062 80
1740001245109 3.9994408382632183 81
1740001245189 3.47464953772729 82
1740001245269 4.965955243611185 83
1740001245347 3.9207998031183715 84
1740001245424 8.497733198555904 85
1740001245503 9.185831383656886 86
1740001245583 4.981360024587184 87
1740001245663 3.0210585741844174 88
1740001245745 4.8148445218515 89
1740001245830 4.616772540231262 90
1740001245909 3.6065231625320413 91
1740001245990 3.7736563275533443 92
1740001246072 5.100799532944166 93
1740001246150 4.359607942708287 94
1740001246229 10.430600089035694 95
1740001246309 4.827397734273963 96
1740001246388 6.206284039513209 97
1740001246467 6.851926626133905 98
1740001246551 2.9440122284583103 99
1740001246634 4.891426629360102 100
1740001246716 4.552569793765675 101
1740001246801 4.158668083403069 102
1740001246881 4.842547228244893 103
1740001246961 4.440109909605535 104
1740001247040 9.285231269595933 105
1740001247119 1.5913672683948108 106
1740001247198 4.38914784694388 107
1740001247283 2.9146048164580143 108
1740001247417 4.057582789535515 109
1740001247497 6.251078276561711 110
1740001247582 7.85178672570052 111
1740001247666 1.7785998471908258 112
1740001247748 3.6726287639215927 113
1740001247830 5.760596400766079 114
1740001247907 2.909079979987789 115
1740001247985 4.189989163668233 116
1740001248066 6.973079966050864 117
1740001248146 10.199587831595595 118
1740001248226 3.7193129295267715 119
1740001248305 7.9873290114847455 120
1740001248386 5.458321161189043 121
1740001248466 6.351627082023729 122
1740001248548 6.803259165312951 123
1740001248629 3.2993878300244783 124
1740001248707 6.860095787463217 125
1740001248794 5.891114768651232 126
1740001248894 5.659755647343467 127
1740001248973 6.161814141170925 128
1740001249057 5.526016551899478 129
1740001249137 3.5469111431125104 130
1740001249216 4.2673981914890415 131
1740001249296 4.327341733543624 132
1740001249376 4.425677243013836 133
1740001249454 4.9306944101001156 134
1740001249532 5.830284215764749 135
1740001249612 8.182956764225095 136
1740001249692 3.384057722639648 137
1740001249776 4.197402793826171 138
1740001249857 3.2567238823180156 139
1740001249935 1.3480210204600056 140
1740001250013 3.9758703168791425 141
1740001250092 5.632085395405866 142
1740001250173 4.482834870882472 143
1740001250256 3.259017519884884 144
1740001250336 6.573365094539232 145
1740001250459 4.068560327173248 146
1740001250537 3.8352883751009945 147
1740001250617 3.893852934996406 148
1740001250696 6.736921648905783 149
1740001250781 5.137270361751494 150
1740001250863 2.7458172671990106 151
1740001250942 4.205866556332548 152
1740001251020 3.5885683996279067 153
1740001251099 5.766753543288956 154
1740001251181 7.529843342917238 155
1740001251262 4.9727483479815175 156
1740001251341 3.71046225899531 157
1740001251420 4.282845667670623 158
1740001251498 5.021102550953031 159
1740001251577 4.780047535016769 160
1740001251658 4.585270862816015 161
1740001251737 5.874636089612594 162
1740001251820 4.041779355054952 163
1740001251899 6.214121339034018 164
1740001251977 2.9731739964616506 165
1740001252056 5.03086891341229 166
1740001252135 3.42117922737999 167
1740001252216 6.509732582571792 168
1740001252296 5.434460946726945 169
1740001252376 7.75451863474125 170
1740001252454 5.21077437195363 171
1740001252534 3.8600427068666496 172
1740001252613 6.837976339681772 173
1740001252692 3.234217205909476 174
1740001252775 6.571344537836878 175
1740001252861 5.536784698155368 176
1740001252939 5.087298857608445 177
1740001253018 1.7717706077535136 178
1740001253097 5.608484845237323 179
1740001253178 2.134162325071017 180
1740001253263 3.627189671224896 181
1740001253343 4.316753155397504 182
1740001253423 2.6140053762925954 183
1740001253501 10.176387520858876 184
1740001253581 5.027756037405958 185
1740001253661 5.156573660388318 186
1740001253742 6.399493109822609 187
1740001253826 3.383718901327612 188
1740001253907 4.064063562967515 189
1740001253985 6.14435001669592 190
1740001254064 8.164893733607219 191
1740001254144 6.181108890328357 192
1740001254223 5.059897240938486 193
1740001254305 4.582435364984521 194
1740001254385 4.065584558231127 195
1740001254464 1.9215068177722616 196
1740001254545 5.049624723456329 197
1740001254624 4.286762756527498 198
1740001254704 4.958969755898305 199
1740001254785 7.071647130497763 200
1740001254869 6.013245782192246 201
1740001254947 5.803666861478193 202
1740001255027 3.459235374114366 203
1740001255106 5.333002342293797 204
1740001255183 8.617987467246087 205
1740001255264 3.8068363786217123 206
1740001255346 4.99032641229986 207
1740001255428 3.5727827968480765 208
1740001255512 4.5313990167444365 209
1740001255592 5.918005801923987 210
1740001255670 3.2221896291524126 211
1740001255754 5.1234613035661205 212
1740001255843 5.653319603581904 213
1740001255922 4.749575617825859 214
1740001256001 5.0141407855693805 215
1740001256081 4.158531957751921 216
1740001256159 5.448177400542668 217
1740001256238 7.118578395748934 218
1740001256317 3.928508777201957 219
1740001256397 3.003516337589421 220
1740001256477 5.225963690489511 221
1740001256558 3.9933845291994845 222
1740001256638 4.840344180013976 223
1740001256723 3.883451065672969 224
1740001256808 3.715415674575105 225
1740001256917 4.75438186132935 226
1740001256997 6.541137831828814 227
1740001257075 3.8582600238257556 228
1740001257155 8.103018252192605 229
1740001257280 4.645284127056155 230
1740001257359 0.6824681876628675 231
1740001257457 3.400545257879968 232
1740001257539 4.171949250062621 233
1740001257619 5.564726467161821 234
1740001257698 5.657343790316767 235
1740001257780 4.797524038345457 236
1740001257862 5.288359559332803 237
1740001257940 4.981673311945715 238
1740001258022 4.223066958080531 239
1740001258102 8.918325674858371 240
1740001258180 5.242662786418663 241
1740001258261 2.6182758923899785 242
1740001258341 4.957038232032504 243
1740001258420 4.249253390646485 244
1740001258506 5.811721190868151 245
1740001258587 5.142262121198532 246
1740001258666 6.068973081290989 247
1740001258745 4.931828897466439 248
1740001258830 2.8034611040635067 249
1740001258911 4.404185952911817 250
1740001258993 7.27366000538389 251
1740001259072 4.432336240391202 252
1740001259151 3.449865966506503 253
1740001259229 7.829364107442265 254
1740001259308 3.204181163546956 255
1740001259386 5.077524158461174 256
1740001259465 5.795231497004359 257
1740001259544 5.139011148725844 258
1740001259623 4.761242857196261 259
1740001259704 5.66130875905507 260
1740001259789 9.090676665490442 261
1740001259873 4.257598213824974 262
1740001259952 4.685401130004299 263
1740001260032 2.3907560862702355 264
1740001260110 3.9931078727159206 265
1740001260190 3.0337600070018187 266
1740001260270 2.354460152310782 267
1740001260350 4.979356357781423 268
1740001260427 3.6476219009725366 269
1740001260507 3.0249199834586356 270
1740001260590 4.967044355625009 271
1740001260670 4.825256803321411 272
1740001260751 7.217330874257817 273
1740001260833 3.374070714097929 274
1740001260913 4.458387526993524 275
1740001260996 4.856030684801947 276
1740001261075 4.500808803470958 277
1740001261155 5.431124983536719 278
1740001261236 10.537661137016622 279
1740001261321 3.74267674730177 280
1740001261417 5.600219995695904 281
1740001261502 9.733636866710443 282
1740001261585 5.2246026949728925 283
1740001261668 4.779096156199713 284
1740001261752 6.165066928160753 285
1740001261837 4.657082276026079 286
1740001261916 4.925811179827414 287
1740001261994 4.360116748556202 288
1740001262078 3.5792216095537683 289
1740001262158 3.59873971794312 290
1740001262237 7.528699556192085 291
1740001262315 3.8278938562531386 292
1740001262394 4.060741232423501 293
1740001262471 7.081716254675538 294
1740001262551 7.194121697115483 295
1740001262631 6.804407956751596 296
1740001262711 5.429444449795094 297
1740001262792 5.115704446796608 298
1740001262872 5.6703744117116 299
1740001262951 1.527491109380824 300
1740001263035 8.009532162579136 301
1740001263113 4.693113179956736 302
1740001263193 8.182534081038488 303
1740001263274 3.3207380153980113 304
1740001263353 2.430251080753817 305
1740001263436 3.6146300274732983 306
1740001263516 6.315193198504378 307
1740001263597 1.0716212889391379 308
1740001263677 4.735519750455308 309
1740001263759 6.083340509360933 310
1740001263843 4.759406242693265 311
1740001263923 4.103446099158352 312
1740001264002 4.093684500316781 313
1740001264081 4.740711022151699 314
1740001264160 4.74047587094749 315
1740001264239 3.959822665014645 316
1740001264319 7.410476434201095 317
1740001264398 2.494059517789023 318
1740001264479 1.8650313907655967 319
1740001264556 3.911686581692396 320
1740001264637 6.111869149437245 321
1740001264718 4.5544816041048986 322
1740001264803 3.322303754969317 323
1740001264939 4.9795293598548085 324
1740001265027 2.9089584101258064 325
1740001265112 5.252950089281676 326
1740001265194 4.152794482086863 327
1740001265274 5.477892463054482 328
1740001265356 5.292591822279179 329
1740001265434 4.925199017442761 330
1740001265515 5.563614876857581 331
1740001265595 3.128858733845912 332
1740001265675 4.158608722276717 333
1740001265757 3.8776221369416892 334
1740001265842 5.438886415117401 335
1740001265922 3.488065860054493 336
1740001266001 3.5883470851057324 337
1740001266080 5.952599836495962 338
1740001266159 6.411336919160186 339
1740001266238 6.171978982146602 340
1740001266318 5.337380803661894 341
1740001266398 5.914868769281443 342
1740001266477 4.984365894415104 343
1740001266557 3.4957945852283925 344
1740001266635 4.659108964982638 345
1740001266713 7.256471643749205 346
1740001266831 3.206082068648566 347
1740001266927 3.7598690982870013 348
1740001267018 3.684543490164759 349
1740001267116 4.6513862793584515 350
1740001267214 4.5399732773018115 351
1740001267305 9.241599208985456 352
1740001267398 4.065685975477966 353
1740001267487 3.3663756193621444 354
1740001267584 3.458690842290128 355
1740001267671 5.254622629972038 356
1740001267758 4.3807240909236915 357
1740001267852 4.14922022558331 358
1740001267938 5.763704026784892 359
1740001268021 4.536084546767542 360
1740001268109 4.049549184409047 361
1740001268195 6.043873184248873 362
1740001268284 6.827664155476289 363
1740001268370 3.9588577555388973 364
1740001268455 3.5191558002450956 365
1740001268540 6.062226193322796 366
1740001268634 2.914041363473978 367
1740001268766 1.820758932456876 368
1740001268860 5.730896660694891 369
1740001268948 4.110578188829904 370
1740001269033 1.9053969528699344 371
1740001269122 1.2343515736396864 372
1740001269213 9.506233791459826 373
1740001269307 5.074208978029313 374
1740001269395 5.599292924631057 375
1740001269484 4.614973598814783 376
1740001269570 4.377841140423761 377
1740001269660 7.520953099520913 378
1740001269750 2.752012869711461 379
1740001269839 2.2184750669781095 380
1740001269925 5.370097925486888 381
1740001270016 6.892848696194248 382
1740001270105 5.8978410754929405 383
1740001270193 4.290230587428504 384
1740001270285 4.957499435263286 385
1740001270372 2.147121231645707 386
1740001270456 3.7690029455846714 387
1740001270547 3.4623156584212715 388
1740001270634 6.023583035730333 389
1740001270720 5.145734779034297 390
1740001270816 8.358911705027356 391
1740001270956 3.526418829755866 392
1740001271041 4.311504083975326 393
1740001271130 3.1605412245280453 394
1740001271216 5.13785168720355 395
1740001271299 6.162019644463337 396
1740001271379 4.039204330743781 397
1740001271459 3.836095953807225 398
1740001271540 5.096211362980751 399
1740001271621 7.933521676042731 400
1740001271700 2.5324519622194663 401
1740001271780 4.904961826341095 402
1740001271860 1.3703169094945256 403
1740001271939 5.455648039956976 404
1740001272019 6.28955555414537 405
1740001272098 5.244250194832535 406
1740001272176 3.951986071562256 407
1740001272256 5.396031932251234 408
1740001272337 4.2378448920262475 409
1740001272417 4.364859100728722 410
1740001272497 4.907478368585588 411
1740001272579 5.512425055119318 412
1740001272657 3.8054488940378697 413
1740001272740 4.590310659680242 414
1740001272835 3.1066080580040216 415
1740001272918 4.950220992840151 416
1740001272998 5.109549789675372 417
1740001273078 7.373272340508334 418
1740001273159 4.79151152312923 419
1740001273243 4.791835119063597 420
1740001273324 3.564289409554799 421
1740001273404 3.67261399460351 422
1740001273482 3.7719711703186016 423
1740001273563 4.397571976990679 424
1740001273644 2.7966267437297008 425
1740001273723 6.791462093374036 426
1740001273807 4.016219296942275 427
1740001273887 4.136266495019058 428
1740001273965 5.700637421601149 429
1740001274047 8.449884416678529 430
1740001274127 6.232810243846798 431
1740001274206 5.086909389754978 432
1740001274285 4.029059360831292 433
1740001274366 3.9619987273928614 434
1740001274447 5.000029066619512 435
1740001274525 6.427541787508307 436
1740001274607 4.510666696726489 437
1740001274685 3.295622981970376 438
1740001274763 6.246119802913256 439
1740001274847 5.405087930458957 440
1740001274939 6.502932241315196 441
1740001275027 4.341340335876306 442
1740001275106 4.449270686208917 443
1740001275185 3.09017162766794 444
1740001275271 2.8445518617795833 445
1740001275350 3.786744273227506 446
1740001275429 6.6275584745331475 447
1740001275507 4.938122597299427 448
1740001275586 6.1476383895539515 449
1740001275666 5.068963890877277 450
1740001275745 3.916408621618943 451
1740001275830 3.129136409250324 452
1740001275911 5.8643661188460445 453
1740001275992 5.7939180494524845 454
1740001276073 3.9558455841794786 455
1740001276155 4.289376473865578 456
1740001276234 4.938021795984836 457
1740001276311 4.420237076836249 458
1740001276392 7.075371269662757 459
1740001276470 6.038176567387679 460
1740001276550 4.191739366960571 461
1740001276631 3.407237434580001 462
1740001276712 4.717854996764608 463
1740001276796 4.959010303304452 464
1740001276876 5.812569908978275 465
1740001276955 5.67453243261631 466
1740001277036 4.757605129415217 467
1740001277116 4.24471454626456 468
1740001277196 8.068729752537356 469
1740001277281 2.535082670424927 470
1740001277359 5.391243776564244 471
1740001277498 6.097916968545647 472
1740001277581 4.203020798063422 473
1740001277676 3.788090511160289 474
1740001277756 3.9318753015863255 475
1740001277837 4.865726647489354 476
1740001277923 3.777648494053384 477
1740001278008 5.541230657130087 478
1740001278097 5.10693250614852 479
1740001278178 3.571786109586581 480
1740001278268 4.287236641062304 481
1740001278352 4.554225432553005 482
1740001278435 1.9515470132755939 483
1740001278519 5.226764285424592 484
1740001278603 3.2883544755495135 485
1740001278684 3.282498479026133 486
1740001278763 4.302022907493479 487
1740001278849 4.975732962710346 488
1740001278929 5.58325151364154 489
1740001279010 5.516623919260234 490
1740001279091 4.890424465410086 491
1740001279168 5.2479246119768685 492
1740001279250 7.309832982739027 493
1740001279335 6.096252746105898 494
1740001279413 4.662793179457019 495
1740001279492 4.908609093477908 496
1740001279572 3.731223292532689 497
1740001279651 5.219492321394438 498
1740001279729 4.0662140273382805 499
