1739990244190 6.619971152284131 0
1739990244231 6.585223670717808 1
1739990244272 6.558133287076632 2
1739990244313 6.595176600495826 3
1739990244354 6.56023093888153 4
1739990244395 6.577142554019909 5
1739990244436 6.554193188685938 6
1739990244478 6.588435629944981 7
1739990244519 6.502114233931094 8
1739990244560 6.511662642719913 9
1739990244601 6.62074903175362 10
1739990244641 6.635850412967184 11
1739990244683 6.541385065844621 12
1739990244725 6.586243715353544 13
1739990244766 6.639384779679197 14
1739990244808 6.535496239224196 15
1739990244848 6.5273751801822 16
1739990244889 6.560690965167459 17
1739990244930 6.527503222701969 18
