1740013540198 196.1068431920477 0
1740013540222 192.23877371122524 1
1740013540280 190.31642639154126 2
1740013540308 188.40378569807206 3
1740013540336 186.51224006210117 4
1740013540365 184.64147911673243 5
1740013540393 182.7912658291764 6
1740013540417 180.9613655140073 7
1740013540441 179.15154622836945 8
1740013540465 177.36157873701396 9
1740013540493 175.5912364803187 10
1740013540517 173.84029554267465 11
1740013540545 172.10853462124737 12
1740013540570 170.39573499511084 13
1740013540594 168.70168049474816 14
1740013540618 167.02615747191516 15
1740013540641 165.36895476986243 16
1740013540669 163.72986369391162 17
1740013540693 162.10867798238183 18
1740013540717 160.5051937778614 19
1740013540740 158.91920959882162 20
1740013540765 157.35052631156813 21
1740013540789 155.79894710252574 22
1740013540812 154.26427745085252 23
1740013540838 152.74632510138005 24
1740013540865 151.24490003787494 25
1740013540888 149.75981445661853 26
1740013540911 148.2908827403005 27
1740013540935 146.8379214322231 28
1740013540958 145.4007492108115 29
1740013540981 143.9791868644277 30
1740013541004 142.57305726648337 31
1740013541031 141.18218535084873 32
1740013541056 139.80639808755353 33
1740013541082 138.44552445877682 34
1740013541105 137.09939543512218 35
1740013541131 135.76784395217467 36
1740013541154 134.45070488733617 37
1740013541178 133.14781503693663 38
1740013541202 131.85901309361634 39
1740013541229 130.5841396239776 40
1740013541252 129.32303704650138 41
1740013541274 128.07554960972675 42
1740013541299 126.84152337068913 43
1740013541324 125.6208061736145 44
1740013541347 124.41324762886745 45
1740013541370 123.21869909214809 46
1740013541396 122.03701364393693 47
1740013541420 120.86804606918338 48
1740013541447 119.71165283723549 49
1740013541471 118.56769208200812 50
1740013541498 117.43602358238627 51
1740013541523 116.3165087428614 52
1740013541548 115.20901057439734 53
1740013541571 114.11339367552343 54
1740013541599 113.02952421365207 55
1740013541624 111.95726990661802 56
1740013541647 110.89650000443675 57
1740013541670 109.84708527127921 58
1740013541698 108.8088979676607 59
1740013541724 107.78181183284077 60
1740013541748 106.76570206743226 61
1740013541772 105.76044531621646 62
1740013541797 104.76591965116226 63
1740013541820 103.78200455464659 64
1740013541844 102.80858090287408 65
1740013541868 101.84553094949331 66
1740013541893 100.89273830940726 67
1740013541916 99.95008794277608 68
1740013541940 99.01746613920912 69
1740013541965 98.09476050214482 70
1740013541988 97.18185993341565 71
1740013542011 96.27865461799595 72
1740013542034 95.38503600893088 73
1740013542063 94.50089681244373 74
1740013542091 93.62613097321997 75
1740013542118 92.7606336598657 76
1740013542202 91.90430125053848 77
1740013542227 91.05703131874826 78
1740013542251 90.21872261932702 79
1740013542274 89.38927507456418 80
1740013542302 88.56858976050671 81
1740013542325 87.75656889342122 82
1740013542348 86.95311581641678 83
1740013542372 86.15813498622599 84
1740013542396 85.37153196014276 85
1740013542419 84.59321338311473 86
1740013542442 83.82308697498875 87
1740013542467 83.06106151790718 88
1740013542494 82.30704684385367 89
1740013542517 81.56095382234633 90
1740013542542 80.82269434827676 91
1740013542569 80.09218132989268 92
1740013542593 79.36932867692356 93
1740013542617 78.65405128884602 94
1740013542640 77.94626504328875 95
1740013542665 77.24588678457442 96
1740013542688 76.55283431239731 97
1740013542711 75.86702637063479 98
1740013542736 75.18838263629155 99
1740013542766 74.51682370857417 100
1740013542790 73.85227109809551 101
1740013542813 73.19464721620645 102
1740013542838 72.54387536445397 103
1740013542866 71.89987972416402 104
1740013542890 71.26258534614755 105
1740013542913 70.63191814052827 106
1740013542938 70.00780486669086 107
1740013542965 69.39017312334792 108
1740013542988 68.77895133872444 109
1740013543011 68.17406876085838 110
1740013543037 67.57545544801596 111
1740013543061 66.98304225922014 112
1740013543088 66.3967608448912 113
1740013543111 65.81654363759797 114
1740013543135 65.24232384291831 115
1740013543159 64.67403543040766 116
1740013543182 64.1116131246743 117
1740013543205 63.55499239656028 118
1740013543233 63.00410945442613 119
1740013543256 62.45890123553904 120
1740013543280 61.919305397562496 121
1740013543303 61.38526031014655 122
1740013543327 60.85670504661737 123
1740013543351 60.33357937576517 124
1740013543374 59.81582375372874 125
1740013543400 59.30337931597629 126
1740013543427 58.79618786938062 127
1740013543450 58.29419188438811 128
1740013543474 57.79733448728004 129
1740013543498 57.305559452525344 130
1740013543522 56.8188111952236 131
1740013543546 56.33703476363732 132
1740013543570 55.86017583181223 133
1740013543599 55.38818069228482 134
1740013543625 54.92099624887586 135
1740013543649 54.458570009568916 136
1740013543672 54.000850079473075 137
1740013543698 53.5477851538685 138
1740013543721 53.099324511334125 139
1740013543749 52.655418006956424 140
1740013543774 52.216016065618305 141
1740013543799 51.78106967536709 142
1740013543823 51.350530380860754 143
1740013543847 50.924350276891474 144
1740013543873 50.50248200198545 145
1740013543899 50.08487873207836 146
1740013543922 49.6714941742652 147
1740013543945 49.262282560623866 148
1740013543969 48.85719864211157 149
1740013543993 48.45619768253318 150
1740013544016 48.05923545258063 151
1740013544040 47.66626822394258 152
1740013544067 47.27725276348348 153
1740013544095 46.89214632749119 154
1740013544118 46.51090665599241 155
1740013544141 46.13349196713508 156
1740013544165 45.75986095163689 157
1740013544189 45.38997276729921 158
1740013544212 45.02378703358563 159
1740013544235 44.661263826264324 160
1740013544264 44.30236367211351 161
1740013544287 43.947047543689216 162
1740013544311 43.59527685415472 163
1740013544335 43.247013452170684 164
1740013544358 42.90221961684567 165
1740013544381 42.5608580527458 166
1740013544405 42.2228918849634 167
1740013544429 41.88828465424353 168
1740013544454 41.5570003121678 169
1740013544477 41.22900321639502 170
1740013544500 40.90425812595767 171
1740013544524 40.58273019661375 172
1740013544549 40.264384976253304 173
1740013544573 39.94918840035894 174
1740013544596 39.63710678751973 175
1740013544621 39.32810683499786 176
1740013544646 39.02215561434742 177
1740013544670 38.71922056708459 178
1740013544694 38.419269500408866 179
1740013544725 38.12227058297442 180
1740013544756 37.82819234071128 181
1740013544782 37.53700365269549 182
1740013544806 37.248673747067876 183
1740013544832 36.96317219700073 184
1740013544859 36.68046891671182 185
1740013544888 36.40053415752531 186
1740013544916 36.12333850397883 187
1740013544941 35.84885286997634 188
1740013544965 35.57704849498611 189
1740013544988 35.307896940283314 190
1740013545012 35.04137008523682 191
1740013545037 34.777440123639515 192
1740013545061 34.5160795600816 193
1740013545090 34.25726120636659 194
1740013545118 34.00095817796929 195
1740013545141 33.747143890535305 196
1740013545164 33.495792056421685 197
1740013545188 33.24687668127803 198
1740013545212 33.0003720606678 199
1740013545236 32.756252776729234 200
1740013545260 32.51449369487527 201
1740013545285 32.27506996053237 202
1740013545313 32.03795699591745 203
1740013545336 31.80313049685254 204
1740013545358 31.570566429616918 205
1740013545383 31.340241027836004 206
1740013545407 31.11213078940675 207
1740013545429 30.886212473459068 208
1740013545452 30.662463097352834 209
1740013545480 30.440859933710005 210
1740013545505 30.22138050748164 211
1740013545528 30.004002593049087 212
1740013545552 29.788704211359217 213
1740013545579 29.5754636270932 214
1740013545603 29.364259345868362 215
1740013545626 29.155070111472803 216
1740013545650 28.947874903132426 217
1740013545677 28.742652932809893 218
1740013545704 28.539383642535164 219
1740013545728 28.338046701767343 220
1740013545754 28.138622004787294 221
1740013545789 27.941089668120796 222
1740013545814 27.745430027991812 223
1740013545840 27.55162363780556 224
1740013545865 27.359651265660936 225
1740013545889 27.1694938918921 226
1740013545913 26.98113270663876 227
1740013545938 26.794549107444826 228
1740013545964 26.60972469688513 229
1740013545990 26.426641280219897 230
1740013546013 26.24528086307659 231
1740013546037 26.065625649158832 232
1740013546064 25.88765803798207 233
1740013546140 25.711360622635727 234
1740013546186 25.536716187571407 235
1740013546210 25.363707706416953 236
1740013546234 25.19231833981605 237
1740013546258 25.02253143329297 238
1740013546284 24.854330515142294 239
1740013546308 24.687699294343236 240
1740013546332 24.522621658498217 241
1740013546357 24.35908167179564 242
1740013546381 24.197063572996246 243
1740013546405 24.036551773443094 244
1740013546429 23.877530855094644 245
1740013546453 23.719985568580853 246
1740013546476 23.563900831281767 247
1740013546499 23.409261725428706 248
1740013546522 23.256053496227473 249
1740013546553 23.10426155000337 250
1740013546576 22.953871452367906 251
1740013546600 22.804868926406854 252
1740013546623 22.657239850889315 253
1740013546647 22.510970258497792 254
1740013546670 22.366046334078675 255
1740013546693 22.222454412913258 256
1740013546720 22.08018097900874 257
1740013546747 21.939212663409236 258
1740013546770 21.799536242526315 259
1740013546793 21.661138636489085 260
1740013546816 21.524006907513314 261
1740013546840 21.38812825828967 262
1740013546865 21.25349003039058 263
1740013546890 21.12007970269567 264
1740013546916 20.987884889835478 265
1740013546941 20.856893340653272 266
1740013546964 20.72709293668473 267
1740013546987 20.598471690655316 268
1740013547012 20.47101774499499 269
1740013547035 20.344719370370306 270
1740013547058 20.21956496423351 271
1740013547084 20.09554304938844 272
1740013547109 19.972642272573104 273
1740013547133 19.850851403058712 274
1740013547156 19.73015933126495 275
1740013547181 19.610555067391342 276
1740013547207 19.492027740064433 277
1740013547230 19.37456659500075 278
1740013547253 19.258160993685138 279
1740013547276 19.14280041206459 280
1740013547299 19.02847443925706 281
1740013547323 18.915172776275288 282
1740013547346 18.802885234765476 283
1740013547373 18.69160173576049 284
1740013547400 18.581312308447558 285
1740013547423 18.47200708895019 286
1740013547446 18.363676319124277 287
1740013547470 18.256310345368085 288
1740013547493 18.149899617445964 289
1740013547516 18.044434687325783 290
1740013547539 17.93990620802975 291
1740013547569 17.836304932498514 292
1740013547592 17.73362171246845 293
1740013547616 17.63184749736193 294
1740013547640 17.53097333319033 295
1740013547664 17.430990361469856 296
1740013547687 17.331889818149808 297
1740013547711 17.233663032553235 298
1740013547735 17.136301426329897 299
1740013547761 17.039796512421216 300
1740013547785 16.944139894037285 301
1740013547812 16.849323263645616 302
1740013547843 16.755338401971585 303
1740013547868 16.662177177010406 304
1740013547892 16.569831543050558 305
1740013547915 16.478293539708407 306
1740013547939 16.387555290974003 307
1740013547962 16.297609004267873 308
1740013547985 16.208446969508685 309
1740013548009 16.12006155819167 310
1740013548039 16.032445222477648 311
1740013548062 15.945590494292626 312
1740013548088 15.859489984437639 313
1740013548112 15.774136381708935 314
1740013548137 15.689522452028312 315
1740013548161 15.60564103758338 316
1740013548184 15.52248505597779 317
1740013548208 15.440047499391236 318
1740013548234 15.35832143374907 319
1740013548256 15.277299997901574 320
1740013548279 15.196976402812563 321
1740013548305 15.11734393075736 322
1740013548330 15.038395934530012 323
1740013548353 14.960125836659639 324
1740013548376 14.882527128635681 325
1740013548402 14.805593370142175 326
1740013548425 14.729318188300756 327
1740013548449 14.653695276922322 328
1740013548472 14.57871839576744 329
1740013548501 14.50438136981504 330
1740013548525 14.430678088539656 331
1740013548548 14.357602505196907 332
1740013548575 14.285148636117139 333
1740013548604 14.213310560007226 334
1740013548636 14.14208241726035 335
1740013548662 14.071458409273717 336
1740013548687 14.001432797774036 337
1740013548711 13.931999904150807 338
1740013548735 13.86315410879717 339
1740013548759 13.79488985045835 340
1740013548786 13.727201625587567 341
1740013548813 13.660083987709271 342
1740013548836 13.593531546789727 343
1740013548861 13.527538968614785 344
1740013548887 13.462100974174703 345
1740013548911 13.397212339056097 346
1740013548934 13.332867892840802 347
1740013548960 13.269062518511587 348
1740013548985 13.205791151864734 349
1740013549009 13.143048780929217 350
1740013549032 13.080830445392596 351
1740013549055 13.019131236033477 352
1740013549082 12.957946294160388 353
1740013549106 12.8972708110571 354
1740013549129 12.837100027434273 355
1740013549152 12.777429232887382 356
1740013549176 12.718253765360767 357
1740013549199 12.659569010617847 358
1740013549223 12.60137040171735 359
1740013549248 12.543653418495524 360
1740013549273 12.486413587054207 361
1740013549296 12.42964647925483 362
1740013549319 12.373347712218054 363
1740013549344 12.317512947829174 364
1740013549368 12.262137892249163 365
1740013549391 12.207218295431229 366
1740013549414 12.152749950642963 367
1740013549441 12.098728693993792 368
1740013549464 12.045150403967897 369
1740013549487 11.992011000962442 370
1740013549510 11.939306446830983 371
1740013549536 11.887032744432128 372
1740013549560 11.835185937183315 373
1740013549583 11.783762108619616 374
1740013549608 11.7327573819576 375
1740013549634 11.682167919664073 376
1740013549657 11.631989923029824 377
1740013549680 11.58221963174809 378
1740013549704 11.532853323497877 379
1740013549728 11.483887313531971 380
1740013549751 11.435317954269616 381
1740013549774 11.387141634893805 382
1740013549802 11.339354780953158 383
1740013549828 11.291953853968309 384
1740013549859 11.244935351042681 385
1740013549883 11.198295804477745 386
1740013549912 11.152031781392608 387
1740013549936 11.106139883347844 388
1740013549959 11.0606167459737 389
1740013549983 11.01545903860238 390
1740013550007 10.97066346390454 391
1740013550030 10.926226757529921 392
1740013550054 10.882145687751954 393
1740013550080 10.838417055116455 394
1740013550105 10.795037692094265 395
1740013550129 10.752004462737773 396
1740013550152 10.709314262341328 397
1740013550176 10.666964017105546 398
1740013550199 10.624950683805285 399
1740013550223 10.583271249461452 400
1740013550247 10.541922731016461 401
1740013550272 10.500902175013374 402
1740013550297 10.460206657278617 403
1740013550320 10.419833282608323 404
1740013550343 10.379779184458128 405
1740013550368 10.340041524636522 406
1740013550392 10.30061749300161 407
1740013550415 10.26150430716129 408
1740013550438 10.222699212176812 409
1740013550465 10.184199480269655 410
1740013550490 10.146002410531684 411
1740013550513 10.108105328638581 412
1740013550536 10.070505586566458 413
1740013550561 10.03320056231173 414
1740013550584 9.996187659613978 415
1740013550607 9.95946430768211 416
1740013550634 9.923027960923418 417
1740013550661 9.88687609867578 418
1740013550684 9.85100622494282 419
1740013550707 9.815415868132007 420
1740013550731 9.780102580795738 421
1740013550755 9.74506393937529 422
1740013550777 9.710297543947622 423
1740013550800 9.675801017975033 424
1740013550827 9.641572008057624 425
1740013550854 9.607608183688441 426
1740013550878 9.573907237011488 427
1740013550903 9.54046688258233 428
1740013550931 9.507284857131433 429
1740013550954 9.474358919330081 430
1740013550977 9.44168684955897 431
1740013551000 9.409266449679333 432
1740013551024 9.377095542806638 433
1740013551048 9.345171973086801 434
1740013551073 9.31349360547488 435
1740013551099 9.282058325516243 436
1740013551126 9.25086403913018 437
1740013551149 9.219908672395892 438
1740013551172 9.189190171340876 439
1740013551196 9.15870650173168 440
1740013551220 9.128455648866964 441
1740013551243 9.098435617372822 442
1740013551266 9.06864443100044 443
1740013551294 9.039080132425976 444
1740013551319 9.009740783052628 445
1740013551343 8.980624462814953 446
1740013551366 8.951729269985305 447
1740013551390 8.923053320982424 448
1740013551413 8.894594750182172 449
1740013551436 8.866351709730354 450
1740013551459 8.838322369357586 451
1740013551485 8.810504916196246 452
1740013551509 8.782897554599394 453
1740013551532 8.755498505961784 454
1740013551556 8.728306008542766 455
1740013551582 8.701318317291168 456
1740013551605 8.674533703672132 457
1740013551628 8.647950455495856 458
1740013551652 8.621566876748178 459
1740013551677 8.595381287423113 460
1740013551700 8.569392023357159 461
1740013551724 8.543597436065458 462
1740013551750 8.517995892579773 463
1740013551774 8.492585775288203 464
1740013551797 8.467365481776739 465
1740013551820 8.442333424672464 466
1740013551845 8.417488031488555 467
1740013551870 8.392827744470965 468
1740013551899 8.368351020446758 469
1740013551925 8.344056330674157 470
1740013551953 8.319942160694211 471
1740013551976 8.296007010184072 472
1740013551999 8.272249392811922 473
1740013552023 8.248667836093475 474
1740013552049 8.225260881250012 475
1740013552073 8.202027083068012 476
1740013552097 8.178965009760315 477
1740013552122 8.156073242828823 478
1740013552146 8.133350376928625 479
1740013552170 8.110795019733665 480
1740013552193 8.088405791803902 481
1740013552218 8.066181326453863 482
1740013552243 8.04412026962268 483
1740013552266 8.022221279745477 484
1740013552289 8.00048302762623 485
1740013552313 7.978904196311982 486
1740013552337 7.957483480968427 487
1740013552360 7.936219588756847 488
1740013552384 7.915111238712399 489
1740013552412 7.8941571616237205 490
1740013552436 7.873356099913834 491
1740013552459 7.852706807522346 492
1740013552482 7.832208049788971 493
1740013552509 7.8118586033382424 494
1740013552532 7.7916572559655295 495
1740013552556 7.771602806524267 496
1740013552580 7.751694064814436 497
1740013552605 7.73192985147221 498
1740013552629 7.712308997860834 499
