1739968313280 6.486573568313344 0
1739968313356 6.695598565153191 1
1739968313425 6.536142313812989 2
1739968313496 6.361577939531704 3
1739968313569 6.58172477506028 4
1739968313641 6.474780901595803 5
1739968313710 6.319977681277483 6
1739968313777 6.509940050699649 7
1739968313847 6.570879397276938 8
1739968313915 7.048739815035298 9
1739968313982 6.334460048782719 10
1739968314049 6.647500895119427 11
1739968314119 6.438540871271105 12
1739968314187 6.817746730116761 13
1739968314253 6.50141160022307 14
1739968314328 6.793613251785043 15
1739968314400 6.4496227962067545 16
1739968314485 6.363136859450656 17
1739968314568 6.012573777366886 18
1739968314651 6.654848733062332 19
1739968314724 6.464325257653903 20
1739968314800 6.656777839611398 21
1739968314867 6.531769931683657 22
1739968314933 6.4156470166194834 23
1739968314999 6.494646788366934 24
1739968315067 6.511231148407333 25
1739968315133 6.573112410102762 26
1739968315200 6.361244313228766 27
1739968315270 6.413749804057228 28
1739968315338 6.5531122296075655 29
1739968315404 6.2826306892978145 30
1739968315470 7.2628594840023 31
1739968315536 6.427732624366987 32
1739968315607 6.53341843222376 33
1739968315673 6.483886783213559 34
1739968315739 6.395873221496182 35
1739968315807 6.789471647954319 36
1739968315872 7.075815553597614 37
1739968315942 6.483610700078217 38
1739968316008 7.148665609168251 39
1739968316079 7.104166679054423 40
1739968316147 6.390344549503577 41
1739968316214 6.309527834171262 42
1739968316281 6.393863651931897 43
1739968316349 6.4976569018748895 44
1739968316412 6.410406305762488 45
1739968316480 5.998517175381114 46
1739968316544 6.426031984038968 47
1739968316611 6.581562813053187 48
1739968316682 6.280637548870217 49
1739968316748 6.336522303132132 50
1739968316816 7.067234993398578 51
1739968316887 6.419746455385795 52
1739968316952 6.959065777838978 53
1739968317017 6.593752865492612 54
1739968317090 6.45477931104333 55
1739968317162 6.343835382297372 56
1739968317227 6.443568123016564 57
1739968317296 7.177641129971437 58
1739968317363 6.486712801810613 59
1739968317430 6.533858969747911 60
1739968317497 6.797377172426192 61
1739968317567 6.418963793933791 62
1739968317638 6.565507297038748 63
1739968317702 6.432689618858873 64
1739968317771 6.407789072356992 65
1739968317837 6.475703547993663 66
1739968317902 6.288562695531074 67
1739968317968 6.207077923694722 68
1739968318034 6.689678110464197 69
