1740005043523 74.48925508789117 0
1740005043546 31.142339694650264 1
1740005043575 12.59998351438254 2
1740005043597 5.472576619198031 3
1740005043624 2.5732158212754195 4
1740005043648 0.8821298131012916 5
1740005043671 0.5574249906426674 6
1740005043695 0.27872073936461494 7
1740005043718 0.23364185419461275 8
1740005043741 0.20307510758871616 9
1740005043764 0.1756439917528659 10
1740005043786 0.15048984303443966 11
1740005043814 0.14015847073982635 12
1740005043839 0.11856069881015685 13
1740005043868 0.12332428406586167 14
1740005043891 0.18252977045947957 15
1740005043916 0.17850618645624716 16
1740005043939 0.11921313369097716 17
1740005043963 0.12585866973156312 18
1740005043986 0.11157844578014076 19
1740005044009 0.206307437282319 20
1740005044031 0.11458677386286968 21
1740005044054 0.1460507054369102 22
1740005044077 0.1326420540525007 23
1740005044099 0.1260793287757847 24
1740005044121 0.11442851474390696 25
1740005044143 0.12311729432012333 26
1740005044168 0.0965332549412273 27
1740005044191 0.14349096227305766 28
1740005044214 0.15791070844693414 29
1740005044236 0.1775501194406122 30
1740005044258 0.13815197618263106 31
1740005044280 0.13747095436138101 32
1740005044304 0.11634083936410236 33
1740005044331 0.10951660276173855 34
1740005044359 0.16868844450566334 35
1740005044385 0.13163345977677962 36
1740005044411 0.13503022067834297 37
1740005044433 0.11872954149476048 38
1740005044456 0.12386453110287494 39
1740005044478 0.1514895950557685 40
1740005044499 0.09257474661492159 41
1740005044521 0.10195880490703488 42
1740005044542 0.16444160397180901 43
1740005044564 0.12046214481190544 44
1740005044585 0.11438042537425173 45
1740005044607 0.12287820548927907 46
1740005044628 0.2035242541834765 47
1740005044649 0.1647894573156521 48
1740005044671 0.18695153827770009 49
1740005044692 0.1536342997834482 50
1740005044713 0.13349517284617568 51
1740005044734 0.12248257559878903 52
1740005044757 0.1393051978826332 53
1740005044779 0.18861723422103743 54
1740005044801 0.14847271367698225 55
1740005044822 0.23901164098209116 56
1740005044843 0.10201481363464762 57
1740005044870 0.12051587585251641 58
1740005044896 0.10871850112471185 59
1740005044941 0.11845584541350596 60
1740005044963 0.1435368910039971 61
1740005044985 0.08435332322441927 62
1740005045006 0.11420116684764382 63
1740005045027 0.1353134658961385 64
1740005045047 0.13011847076124614 65
1740005045067 0.1947869216818057 66
1740005045089 0.1352592056523032 67
1740005045111 0.22929722342587225 68
1740005045130 0.13550515616953923 69
1740005045151 0.11079842570897123 70
1740005045172 0.13828379067668795 71
1740005045193 0.16406848853885267 72
1740005045217 0.16094995751434865 73
1740005045238 0.11110733297862968 74
1740005045262 0.12058293392391413 75
1740005045283 0.16881472302619152 76
1740005045303 0.11200557286493869 77
1740005045324 0.12439466977692169 78
1740005045345 0.09466169173592219 79
1740005045364 0.17300410096086827 80
1740005045386 0.1432403393069417 81
1740005045407 0.13149797534529348 82
1740005045427 0.12099304598339045 83
1740005045447 0.14939938916629067 84
1740005045467 0.06576184435131956 85
1740005045487 0.08506337516511457 86
1740005045507 0.1966074240080613 87
1740005045527 0.0933549140665835 88
1740005045547 0.11874365536207261 89
1740005045567 0.13059084012742747 90
1740005045587 0.1199167964365332 91
1740005045607 0.07672685543708697 92
1740005045627 0.1439240325043594 93
1740005045647 0.13861821599295546 94
1740005045668 0.11940903891731153 95
1740005045688 0.1370055925901305 96
1740005045708 0.11687950787978572 97
1740005045728 0.11974320507855452 98
1740005045748 0.16477868580430755 99
1740005045768 0.11516078894735834 100
1740005045788 0.1545512279541419 101
1740005045808 0.11198233051258251 102
1740005045830 0.14448694580962038 103
1740005045852 0.13545007021517044 104
1740005045873 0.13374525275481816 105
1740005045894 0.1354170593335116 106
1740005045916 0.16421209743010845 107
1740005045936 0.17724962297239627 108
1740005045956 0.09833894564418064 109
1740005045976 0.17752365381256124 110
1740005045996 0.16698592498526296 111
1740005046018 0.15525877193451493 112
1740005046038 0.11817960219737685 113
1740005046058 0.1528878567644452 114
1740005046078 0.25565288003913633 115
1740005046098 0.18377380525281803 116
1740005046119 0.12745241889458864 117
1740005046139 0.1152475045125881 118
1740005046162 0.19064726175888547 119
1740005046183 0.12852296128077595 120
1740005046203 0.1618325578753537 121
1740005046224 0.1659131591555749 122
1740005046243 0.08559831006316748 123
1740005046263 0.14747213534789275 124
1740005046283 0.09389181847689111 125
1740005046303 0.08085297098879417 126
1740005046323 0.14026336797938013 127
1740005046344 0.15241068622241202 128
1740005046364 0.12895814014656784 129
1740005046386 0.15852422107772754 130
1740005046407 0.10880458410890519 131
1740005046433 0.13909979868049402 132
1740005046454 0.13684034721749277 133
1740005046475 0.15987891674038657 134
1740005046495 0.1530772086816054 135
1740005046516 0.15929254701904058 136
1740005046536 0.2431447366986505 137
1740005046557 0.13658750950012172 138
1740005046577 0.1374598664213349 139
1740005046598 0.12145737018890256 140
1740005046619 0.07253385860722206 141
1740005046639 0.09412015497103603 142
1740005046661 0.1715996442399874 143
1740005046682 0.17289193177178308 144
1740005046704 0.15930762654579608 145
1740005046726 0.15282164103101664 146
1740005046754 0.14577790359252038 147
1740005046782 0.14836590150227869 148
1740005046805 0.10145695351810513 149
1740005046826 0.15189569316448065 150
1740005046855 0.10214173865937667 151
1740005046977 0.17388700119840486 152
1740005047013 0.12679534232601394 153
1740005047038 0.12908210816407456 154
1740005047061 0.128240387279735 155
1740005047084 0.11573725534726034 156
1740005047108 0.1837232572228461 157
1740005047130 0.11395852931510192 158
1740005047154 0.14563816656117584 159
1740005047179 0.12069174758031752 160
1740005047202 0.1390037787689138 161
1740005047224 0.14991660980774607 162
1740005047246 0.19001178638697064 163
1740005047273 0.1081339878511642 164
1740005047300 0.13831796129296917 165
1740005047324 0.11079234872311229 166
1740005047347 0.21664933353993004 167
1740005047370 0.118877281321894 168
1740005047395 0.08890133465940227 169
1740005047418 0.14088943384245645 170
1740005047442 0.11466695939390345 171
1740005047467 0.1405432221217374 172
1740005047489 0.13415980146633874 173
1740005047511 0.08454631424356164 174
1740005047534 0.10332686858647203 175
1740005047556 0.11139291845332074 176
1740005047579 0.16278168806479557 177
1740005047601 0.13419396877295597 178
1740005047624 0.13436075153049185 179
1740005047647 0.11664618061514093 180
1740005047669 0.09321829659286275 181
1740005047692 0.13886748953965183 182
1740005047715 0.1663420821321299 183
1740005047738 0.14688953950952785 184
1740005047760 0.20289817255423187 185
1740005047783 0.1183962519716026 186
1740005047807 0.09952216011581017 187
1740005047830 0.1831466184863027 188
1740005047854 0.100304508524878 189
1740005047878 0.1447781019647206 190
1740005047900 0.15712202907452666 191
1740005047923 0.15960444424319511 192
1740005047944 0.12992755939287648 193
1740005047968 0.11118630391260878 194
1740005047990 0.1637899708132713 195
1740005048012 0.1308182700742152 196
1740005048035 0.16178476862719124 197
1740005048061 0.1737488912715714 198
1740005048084 0.17453939477991887 199
1740005048107 0.10608791563325533 200
1740005048130 0.11759572423802216 201
1740005048153 0.15168549575510828 202
1740005048179 0.14247603040621445 203
1740005048204 0.10753377817010412 204
1740005048228 0.10697593287479105 205
1740005048253 0.10320517195670852 206
1740005048277 0.12580612962061988 207
1740005048302 0.08438477921267361 208
1740005048326 0.14144732987664135 209
1740005048351 0.1299715491250442 210
1740005048375 0.12965315543730352 211
1740005048400 0.11886331249913708 212
1740005048424 0.1365793838242942 213
1740005048449 0.1243732783033393 214
1740005048475 0.10882566223256943 215
1740005048498 0.1994294355049101 216
1740005048521 0.1308078375821132 217
1740005048543 0.12616656561439518 218
1740005048566 0.1173225623139552 219
1740005048589 0.13087610840066624 220
1740005048613 0.14255284314610275 221
1740005048636 0.10924516214684835 222
1740005048658 0.11869334353679667 223
1740005048681 0.12504827267532884 224
1740005048704 0.1653066131670761 225
1740005048728 0.13408392560058086 226
1740005048755 0.11338024176370133 227
1740005048781 0.1052266602575652 228
1740005048804 0.11966305261354217 229
1740005048829 0.1825612370911299 230
1740005048854 0.11391095753433417 231
1740005048881 0.15022675648074435 232
1740005048905 0.1591072275673668 233
