1740011001292 179.88481052254195 0
1740011001318 179.8657577641383 1
1740011001348 179.84764516622914 2
1740011001373 179.8295343839929 3
1740011001398 179.8114254677918 4
1740011001425 179.7933184174288 5
1740011001448 179.77521323270943 6
1740011001471 179.75710991343942 7
1740011001493 179.73900845942433 8
1740011001516 179.7209088704699 9
1740011001538 179.70281114638178 10
1740011001561 179.68471528696574 11
1740011001584 179.66662129202751 12
1740011001610 179.64852916137278 13
1740011001634 179.63043889480744 14
1740011001660 179.61235049213724 15
1740011001684 179.59426395316797 16
1740011001706 179.57617927770548 17
1740011001728 179.55809646555568 18
1740011001751 179.5400155165244 19
1740011001774 179.52193643041758 20
1740011001795 179.5038592070411 21
1740011001818 179.48578384620092 22
1740011001844 179.46771034770305 23
1740011001866 179.44963871135337 24
1740011001889 179.43156893695797 25
1740011001912 179.4135010243228 26
1740011001937 179.39543497325403 27
1740011001960 179.3773707835576 28
1740011001982 179.3593084550397 29
1740011002004 179.34124798750634 30
1740011002026 179.3231893807636 31
1740011002051 179.30513263461782 32
1740011002073 179.28707774887502 33
1740011002096 179.26902472334137 34
1740011002119 179.2509735578232 35
1740011002143 179.2329242521266 36
1740011002166 179.2148768060579 37
1740011002188 179.19683121942336 38
1740011002211 179.17878749202924 39
1740011002239 179.16074562368186 40
1740011002261 179.14270561418758 41
1740011002285 179.1246674633527 42
1740011002312 179.1066311709836 43
1740011002337 179.08859673688667 44
1740011002360 179.07056416086837 45
1740011002382 179.05253344273507 46
1740011002405 179.03450458229327 47
1740011002428 179.01647757934933 48
1740011002452 178.99845243370984 49
1740011002474 178.98042914518135 50
1740011002497 178.96240771357026 51
1740011002522 178.94438813868325 52
1740011002615 178.9263704203268 53
1740011002640 178.90835455830754 54
1740011002662 178.8903405524321 55
1740011002684 178.8723284025071 56
1740011002707 178.85431810833919 57
1740011002729 178.836309669735 58
1740011002751 178.81830308650126 59
1740011002773 178.80029835844473 60
1740011002796 178.78229548537206 61
1740011002820 178.7642944670901 62
1740011002842 178.74629530340553 63
1740011002863 178.7282979941252 64
1740011002890 178.71030253905587 65
1740011002916 178.69230893800446 66
1740011002939 178.67431719077777 67
1740011002961 178.65632729718266 68
1740011002982 178.6383392570261 69
1740011003008 178.62035307011493 70
1740011003030 178.6023687362561 71
1740011003057 178.58438625525662 72
1740011003086 178.5664056269234 73
1740011003172 178.54842685106348 74
1740011003196 178.53044992748386 75
1740011003219 178.5124748559916 76
1740011003241 178.49450163639372 77
1740011003266 178.4765302684973 78
1740011003289 178.4585607521095 79
1740011003311 178.44059308703734 80
1740011003332 178.42262727308807 81
1740011003355 178.40466331006874 82
1740011003378 178.38670119778664 83
1740011003400 178.36874093604885 84
1740011003422 178.35078252466266 85
1740011003443 178.33282596343534 86
1740011003467 178.31487125217407 87
1740011003490 178.29691839068622 88
1740011003513 178.278967378779 89
1740011003535 178.26101821625977 90
1740011003559 178.24307090293587 91
1740011003581 178.2251254386147 92
1740011003604 178.20718182310358 93
1740011003626 178.18924005620994 94
1740011003649 178.1713001377412 95
1740011003673 178.1533620675048 96
1740011003695 178.1354258453082 97
1740011003717 178.11749147095887 98
1740011003739 178.09955894426434 99
1740011003763 178.0816282650321 100
1740011003785 178.06369943306973 101
1740011003807 178.04577244818478 102
1740011003830 178.02784731018482 103
1740011003853 178.00992401887746 104
1740011003875 177.9920025740703 105
1740011003897 177.97408297557104 106
1740011003919 177.9561652231873 107
1740011003941 177.93824931672677 108
1740011003964 177.92033525599717 109
1740011003986 177.9024230408062 110
1740011004008 177.88451267096164 111
1740011004031 177.86660414627121 112
1740011004058 177.84869746654272 113
1740011004080 177.83079263158396 114
1740011004103 177.81288964120282 115
1740011004125 177.79498849520704 116
1740011004152 177.77708919340452 117
1740011004174 177.7591917356032 118
1740011004196 177.74129612161093 119
1740011004217 177.72340235123565 120
1740011004240 177.70551042428534 121
1740011004264 177.68762034056792 122
1740011004286 177.66973209989135 123
1740011004310 177.6518457020637 124
1740011004340 177.633961146893 125
1740011004363 177.61607843418722 126
1740011004385 177.59819756375452 127
1740011004407 177.58031853540294 128
1740011004430 177.56244134894055 129
1740011004456 177.54456600417555 130
1740011004477 177.52669250091603 131
1740011004500 177.50882083897022 132
1740011004522 177.4909510181462 133
1740011004550 177.47308303825227 134
1740011004572 177.45521689909665 135
1740011004595 177.43735260048754 136
1740011004617 177.4194901422333 137
1740011004642 177.4016295241421 138
1740011004666 177.38377074602232 139
1740011004688 177.3659138076822 140
1740011004710 177.3480587089302 141
1740011004732 177.3302054495747 142
1740011004755 177.312354029424 143
1740011004777 177.29450444828652 144
1740011004799 177.2766567059707 145
1740011004822 177.25881080228507 146
1740011004845 177.24096673703795 147
1740011004867 177.22312451003796 148
1740011004889 177.2052841210935 149
1740011004914 177.1874455700132 150
1740011004939 177.16960885660552 151
1740011004960 177.15177398067908 152
1740011004982 177.13394094204247 153
1740011005004 177.11610974050427 154
1740011005029 177.09828037587314 155
1740011005056 177.0804528479577 156
1740011005078 177.06262715656663 157
1740011005101 177.04480330150867 158
1740011005125 177.0269812825925 159
1740011005150 177.00916109962674 160
1740011005172 176.99134275242028 161
1740011005194 176.9735262407818 162
1740011005216 176.9557115645202 163
1740011005243 176.93789872344416 164
1740011005265 176.9200877173626 165
1740011005287 176.90227854608432 166
1740011005309 176.88447120941822 167
1740011005332 176.86666570717315 168
1740011005355 176.8488620391581 169
1740011005378 176.8310602051819 170
1740011005400 176.81326020505358 171
1740011005423 176.79546203858203 172
1740011005445 176.7776657055763 173
1740011005467 176.7598712058454 174
1740011005489 176.74207853919836 175
1740011005512 176.72428770544417 176
1740011005536 176.70649870439195 177
1740011005559 176.6887115358508 178
1740011005580 176.6709261996298 179
1740011005602 176.65314269553812 180
1740011005630 176.63536102338486 181
1740011005652 176.6175811829792 182
1740011005674 176.59980317413033 183
1740011005696 176.58202699664756 184
1740011005721 176.56425265033994 185
1740011005744 176.54648013501685 186
1740011005766 176.5287094504875 187
1740011005788 176.51094059656123 188
1740011005811 176.49317357304727 189
1740011005836 176.47540837975507 190
1740011005858 176.45764501649387 191
1740011005880 176.43988348307306 192
1740011005903 176.4221237793021 193
1740011005926 176.4043659049903 194
1740011005948 176.38660985994716 195
1740011005971 176.36885564398207 196
1740011005993 176.3511032569046 197
1740011006016 176.33335269852418 198
1740011006040 176.31560396865027 199
1740011006062 176.29785706709245 200
1740011006083 176.28011199366028 201
1740011006107 176.2623687481633 202
1740011006130 176.24462733041113 203
1740011006152 176.22688774021336 204
1740011006174 176.20914997737964 205
1740011006197 176.19141404171958 206
1740011006221 176.17367993304288 207
1740011006244 176.15594765115924 208
1740011006266 176.13821719587827 209
1740011006287 176.12048856700986 210
1740011006311 176.10276176436366 211
1740011006333 176.0850367877494 212
1740011006355 176.067313636977 213
1740011006383 176.04959231185617 214
1740011006408 176.03187281219672 215
1740011006430 176.01415513780861 216
1740011006452 175.9964392885016 217
1740011006474 175.97872526408563 218
1740011006497 175.96101306437058 219
1740011006520 175.9433026891664 220
1740011006543 175.92559413828303 221
1740011006564 175.90788741153042 222
1740011006588 175.89018250871865 223
1740011006612 175.87247942965757 224
1740011006634 175.85477817415733 225
1740011006656 175.83707874202796 226
1740011006678 175.8193811330795 227
1740011006705 175.80168534712206 228
1740011006726 175.7839913839657 229
1740011006748 175.7662992434206 230
1740011006771 175.74860892529688 231
1740011006794 175.73092042940476 232
1740011006817 175.71323375555437 233
1740011006839 175.6955489035559 234
1740011006860 175.67786587321962 235
1740011006884 175.66018466435577 236
1740011006908 175.64250527677464 237
1740011006929 175.62482771028644 238
1740011006951 175.60715196470153 239
1740011006973 175.58947803983025 240
1740011006996 175.57180593548296 241
1740011007017 175.55413565146992 242
1740011007042 175.53646718760163 243
1740011007064 175.51880054368843 244
1740011007091 175.50113571954083 245
1740011007114 175.4834727149692 246
1740011007137 175.465811529784 247
1740011007161 175.4481521637957 248
1740011007187 175.43049461681488 249
1740011007211 175.41283888865206 250
1740011007233 175.39518497911772 251
1740011007257 175.37753288802244 252
1740011007280 175.35988261517684 253
1740011007304 175.3422341603915 254
1740011007326 175.32458752347705 255
1740011007348 175.30694270424416 256
1740011007370 175.28929970250346 257
1740011007393 175.2716585180656 258
1740011007416 175.25401915074139 259
1740011007440 175.23638160034147 260
1740011007463 175.21874586667656 261
1740011007488 175.20111194955751 262
1740011007513 175.18347984879503 263
1740011007536 175.1658495642 264
1740011007559 175.14822109558315 265
1740011007584 175.13059444275535 266
1740011007608 175.11296960552755 267
1740011007630 175.0953465837105 268
1740011007652 175.07772537711517 269
1740011007674 175.06010598555252 270
1740011007698 175.04248840883344 271
1740011007720 175.02487264676884 272
1740011007742 175.00725869916982 273
1740011007765 174.98964656584732 274
1740011007787 174.9720362466123 275
1740011007810 174.95442774127594 276
1740011007832 174.93682104964918 277
1740011007854 174.91921617154316 278
1740011007877 174.9016131067689 279
1740011007902 174.8840118551377 280
1740011007924 174.8664124164605 281
1740011007947 174.84881479054854 282
1740011007972 174.83121897721304 283
1740011007996 174.81362497626515 284
1740011008019 174.79603278751608 285
1740011008044 174.77844241077713 286
1740011008068 174.76085384585946 287
1740011008092 174.74326709257443 288
1740011008115 174.72568215073332 289
1740011008137 174.70809902014744 290
1740011008160 174.69051770062813 291
1740011008183 174.67293819198676 292
1740011008206 174.65536049403465 293
1740011008228 174.63778460658324 294
1740011008250 174.620210529444 295
1740011008275 174.60263826242826 296
1740011008298 174.58506780534753 297
1740011008321 174.56749915801333 298
1740011008343 174.54993232023708 299
1740011008367 174.53236729183035 300
1740011008390 174.5148040726046 301
1740011008420 174.49724266237143 302
1740011008443 174.47968306094248 303
1740011008468 174.46212526812923 304
1740011008492 174.4445692837434 305
1740011008515 174.42701510759653 306
1740011008537 174.40946273950036 307
1740011008562 174.39191217926648 308
1740011008587 174.3743634267066 309
1740011008610 174.35681648163248 310
1740011008632 174.33927134385584 311
1740011008653 174.32172801318845 312
1740011008679 174.30418648944197 313
1740011008701 174.28664677242833 314
1740011008724 174.26910886195927 315
1740011008746 174.25157275784665 316
1740011008770 174.23403845990228 317
1740011008793 174.2165059679381 318
1740011008816 174.19897528176594 319
1740011008838 174.1814464011977 320
1740011008860 174.16391932604537 321
1740011008882 174.14639405612087 322
1740011008904 174.12887059123616 323
1740011008927 174.11134893120322 324
1740011008949 174.0938290758341 325
1740011008972 174.0763110249408 326
1740011008993 174.05879477833537 327
1740011009015 174.04128033582987 328
1740011009038 174.02376769723637 329
1740011009062 174.00625686236705 330
1740011009084 173.98874783103395 331
1740011009106 173.97124060304924 332
1740011009128 173.95373517822517 333
1740011009151 173.93623155637383 334
1740011009174 173.91872973730747 335
1740011009195 173.90122972083827 336
1740011009218 173.8837315067785 337
1740011009240 173.86623509494044 338
1740011009265 173.84874048513635 339
1740011009287 173.83124767717857 340
1740011009309 173.8137566708794 341
1740011009331 173.79626746605118 342
1740011009357 173.77878006250626 343
1740011009378 173.76129446005706 344
1740011009401 173.743810658516 345
1740011009423 173.72632865769538 346
1740011009448 173.70884845740778 347
1740011009471 173.69137005746558 348
1740011009493 173.6738934576813 349
1740011009516 173.65641865786742 350
1740011009540 173.63894565783647 351
1740011009563 173.62147445740095 352
1740011009585 173.60400505637352 353
1740011009607 173.58653745456667 354
1740011009629 173.56907165179308 355
1740011009652 173.55160764786524 356
1740011009674 173.53414544259587 357
1740011009696 173.51668503579762 358
1740011009718 173.49922642728322 359
1740011009741 173.48176961686525 360
1740011009763 173.46431460435653 361
1740011009785 173.44686138956973 362
1740011009807 173.42940997231767 363
1740011009832 173.41196035241308 364
1740011009855 173.39451252966876 365
1740011009877 173.37706650389748 366
1740011009899 173.3596222749122 367
1740011009923 173.34217984252564 368
1740011009947 173.3247392065507 369
1740011009969 173.30730036680038 370
1740011009991 173.28986332308747 371
1740011010013 173.27242807522495 372
1740011010041 173.2549946230258 373
1740011010065 173.23756296630293 374
1740011010087 173.22013310486938 375
1740011010109 173.20270503853814 376
1740011010133 173.1852787671222 377
1740011010156 173.16785429043475 378
1740011010178 173.15043160828873 379
1740011010200 173.1330107204972 380
1740011010223 173.11559162687337 381
1740011010245 173.09817432723037 382
1740011010267 173.08075882138127 383
1740011010289 173.06334510913925 384
1740011010312 173.04593319031758 385
1740011010335 173.02852306472934 386
1740011010357 173.01111473218788 387
1740011010379 172.99370819250638 388
1740011010401 172.97630344549813 389
1740011010424 172.95890049097636 390
1740011010450 172.94149932875445 391
1740011010475 172.9240999586457 392
1740011010497 172.9067023804634 393
1740011010524 172.88930659402095 394
1740011010551 172.8719125991318 395
1740011010575 172.85452039560926 396
1740011010597 172.8371299832668 397
1740011010620 172.81974136191783 398
1740011010642 172.8023545313758 399
1740011010664 172.7849694914543 400
1740011010686 172.76758624196665 401
1740011010709 172.75020478272654 402
1740011010731 172.7328251135474 403
1740011010754 172.71544723424282 404
1740011010776 172.69807114462643 405
1740011010798 172.68069684451174 406
1740011010822 172.66332433371238 407
1740011010844 172.64595361204206 408
1740011010865 172.6285846793144 409
1740011010888 172.61121753534303 410
1740011010913 172.59385217994173 411
1740011010936 172.57648861292415 412
1740011010958 172.55912683410398 413
1740011010980 172.54176684329508 414
1740011011004 172.52440864031124 415
1740011011029 172.50705222496612 416
1740011011053 172.48969759707364 417
1740011011075 172.47234475644754 418
1740011011097 172.4549937029018 419
1740011011124 172.43764443625017 420
1740011011146 172.42029695630663 421
1740011011168 172.402951262885 422
1740011011190 172.38560735579932 423
1740011011213 172.36826523486346 424
1740011011235 172.35092489989142 425
1740011011257 172.33358635069715 426
1740011011278 172.31624958709472 427
1740011011301 172.29891460889806 428
1740011011324 172.28158141592132 429
1740011011350 172.26425000797852 430
1740011011374 172.24692038488374 431
1740011011403 172.22959254645113 432
1740011011426 172.2122664924947 433
1740011011450 172.19494222282876 434
1740011011473 172.17761973726735 435
1740011011497 172.1602990356247 436
1740011011520 172.142980117715 437
1740011011542 172.12566298335247 438
1740011011566 172.10834763235135 439
1740011011592 172.0910340645259 440
1740011011617 172.07372227969043 441
1740011011639 172.05641227765918 442
1740011011662 172.03910405824655 443
1740011011684 172.0217976212668 444
1740011011711 172.00449296653434 445
1740011011733 171.98719009386352 446
1740011011758 171.96988900306877 447
1740011011783 171.95258969396443 448
1740011011809 171.93529216636503 449
1740011011832 171.917996420085 450
1740011011854 171.90070245493877 451
1740011011876 171.88341027074088 452
1740011011903 171.86611986730583 453
1740011011925 171.84883124444812 454
1740011011947 171.83154440198234 455
1740011011969 171.81425933972312 456
1740011011992 171.7969760574849 457
1740011012014 171.77969455508241 458
1740011012036 171.7624148323303 459
1740011012059 171.7451368890431 460
1740011012082 171.72786072503555 461
1740011012106 171.7105863401224 462
1740011012128 171.69331373411822 463
1740011012150 171.67604290683784 464
1740011012173 171.65877385809597 465
1740011012195 171.6415065877074 466
1740011012217 171.6242410954869 467
1740011012239 171.60697738124927 468
1740011012261 171.58971544480934 469
1740011012284 171.57245528598196 470
1740011012306 171.55519690458198 471
1740011012328 171.53819946275686 472
1740011012350 171.52107417023112 473
1740011012372 171.50395064164343 474
1740011012394 171.48682887001397 475
1740011012418 171.46970885516046 476
1740011012440 171.45259059690025 477
1740011012464 171.43547409505078 478
1740011012496 171.41835934942938 479
1740011012519 171.40124635985356 480
1740011012541 171.38413512614076 481
1740011012564 171.36702564810838 482
1740011012590 171.34991792557392 483
1740011012616 171.3328119583549 484
1740011012639 171.3157077462689 485
1740011012663 171.29860528913335 486
1740011012686 171.28150458676592 487
1740011012709 171.26440563898413 488
1740011012731 171.24730844560554 489
1740011012756 171.23021300644785 490
1740011012779 171.21311932132866 491
1740011012802 171.19602739006564 492
1740011012826 171.17893721247646 493
1740011012849 171.16184878837882 494
1740011012871 171.1447621175904 495
1740011012897 171.127677199929 496
1740011012920 171.1105940352123 497
1740011012943 171.0935126232581 498
1740011012964 171.0764329638842 499
