1739995130808 0.006261292829901644 0
1739995130900 0.10803619326640626 1
1739995130990 0.0801164598880266 2
1739995131080 0.011012611053922955 3
1739995131169 0.2405258886689639 4
1739995131260 0.00165371393517903 5
1739995131359 0.01956739472414416 6
1739995131454 0.014192568297779637 7
1739995131544 0.033164774077946234 8
1739995131633 0.0020706959691370163 9
1739995131723 0.06979834618352451 10
1739995131813 0.08177742763330074 11
1739995131902 0.005055994554878167 12
1739995131991 0.06700068083019299 13
1739995132088 0.16427370692512458 14
1739995132188 0.0014741365242849232 15
1739995132278 0.01033713923925049 16
1739995132370 0.01345834564102996 17
1739995132461 0.00010033470091031249 18
1739995132551 0.15615001861576625 19
1739995132641 0.009196198297553112 20
1739995132729 0.007526706060417626 21
1739995132819 0.1796720144709813 22
1739995132906 0.06042447242049678 23
1739995132995 0.21406089208703324 24
1739995133165 0.08448446650552738 25
1739995133283 0.005251798207736916 26
1739995133396 1.2624913407386333 27
1739995133488 0.030360352842026584 28
1739995133585 0.08217787862303916 29
1739995133683 0.1011346982756881 30
1739995133771 0.007630231001346358 31
1739995133945 0.004099554444161305 32
1739995134102 0.00531070543779247 33
1739995134209 0.09369263161985539 34
1739995134309 0.1672860404362567 35
1739995134399 0.1051652799113293 36
1739995134490 0.013162684963125426 37
1739995134581 0.0941400199969094 38
1739995134731 0.47564664877017765 39
1739995134827 0.0003619468786832707 40
1739995134918 0.03519385112886705 41
1739995135018 0.10842905538619477 42
1739995135113 0.2747790612246057 43
1739995135201 0.08785605524476489 44
1739995135350 0.0002938527415061249 45
1739995135438 0.15271790782056802 46
1739995135526 0.14746889565116608 47
1739995135615 0.07873984891499966 48
1739995135702 0.5752558259461925 49
1739995135789 0.05413717280615792 50
1739995135877 0.00018366796331449508 51
1739995135972 0.18521293425518587 52
1739995136061 5.654835806643085e-05 53
1739995136149 0.07496054567346744 54
1739995136238 0.00010239377004976929 55
1739995136328 0.008187843608056614 56
1739995136419 0.0372728131082756 57
1739995136507 0.03324126432251027 58
1739995136594 0.001581596908580307 59
1739995136683 0.07117198680889651 60
1739995136771 7.883841142218885e-05 61
1739995136863 0.005838460526080294 62
1739995136956 0.016915723575647343 63
1739995137104 0.04413179508102806 64
1739995137195 0.04487683229180827 65
1739995137287 0.06910419613344328 66
1739995137377 0.028462298547838882 67
1739995137467 0.000658945140427596 68
1739995137558 0.31731176394407484 69
1739995137651 0.21838572365717512 70
1739995137739 0.041406144961397585 71
1739995137829 0.0004273152119045557 72
1739995137919 0.23622841340731787 73
1739995138009 0.007625649551023947 74
1739995138126 0.11912808310089401 75
1739995138232 0.021121710268937874 76
1739995138374 0.04213580037086644 77
1739995138468 0.31808499400163975 78
1739995138560 0.011803873793183414 79
1739995138654 0.24586484021729743 80
1739995138747 0.591894171736283 81
1739995138845 0.00044732624779328844 82
1739995138939 0.010358874093839154 83
1739995139032 0.03406899413976035 84
1739995139124 0.5853131511549702 85
1739995139318 0.23072251581190048 86
1739995139434 0.14871716321604284 87
1739995139524 0.00019706902068175887 88
1739995139620 0.044814179971722344 89
1739995139709 0.09704804010221339 90
1739995139798 1.3942650199476292 91
1739995139888 0.5001692493211364 92
1739995139977 0.07898903184660534 93
1739995140065 0.004074846047405345 94
1739995140153 0.007768702364052753 95
1739995140244 0.0007001299478472824 96
1739995140334 0.018886161954972943 97
1739995140426 0.04158398141422279 98
1739995140517 0.008574801080240033 99
1739995140607 0.012059360153613783 100
1739995140697 0.39632590524110956 101
1739995140792 0.055495040333786695 102
1739995140914 0.5239475646150331 103
1739995141038 0.06084886234537643 104
1739995141145 0.028965906941970532 105
1739995141235 0.05447472539421229 106
1739995141325 0.000390873593103562 107
1739995141414 2.5753913365198666e-07 108
1739995141504 0.02527383587168687 109
1739995141638 0.004958317594718049 110
1739995141727 0.4688938930825999 111
1739995141817 0.02817884537404045 112
1739995141918 0.09686602149890719 113
1739995142030 0.3056283589792577 114
1739995142154 0.014175217917077175 115
1739995142244 0.016533038362357432 116
1739995142334 0.22797900899352047 117
1739995142425 0.06195003665182036 118
1739995142514 0.034352020652479325 119
1739995142603 0.7670998274132069 120
1739995142693 0.31992242281652455 121
1739995142782 0.10397348213273971 122
1739995142882 0.0004271805059433273 123
1739995142990 0.07767395183068884 124
1739995143116 0.2363923059451574 125
1739995143258 0.00047976118645883333 126
1739995143367 0.49582955788461713 127
1739995143462 0.016800429532303814 128
1739995143555 0.05946835805685694 129
1739995143648 0.009649104461546494 130
1739995143745 0.18991743749089024 131
1739995143840 0.00034634217140395974 132
1739995143960 0.08934179071271367 133
1739995144087 0.06933726211159232 134
1739995144179 0.21478840208271985 135
1739995144269 0.07984374774697803 136
1739995144360 0.022443619295666094 137
1739995144449 0.632436101819153 138
1739995144539 0.03082188661868173 139
1739995144631 0.2962430793321145 140
1739995144724 0.379496986843712 141
1739995144816 0.4880050657287398 142
1739995144905 0.043606328479629856 143
1739995144995 0.003375019387387864 144
1739995145086 0.09656920048279333 145
1739995145175 0.013414775001471549 146
1739995145265 0.7939397684426986 147
1739995145461 0.007015293141438044 148
1739995145556 0.01402767377193137 149
1739995145656 0.015970101714569633 150
1739995145793 0.11289333724216043 151
1739995146011 0.006262757477471082 152
1739995146176 0.18134182234778518 153
1739995146292 0.05160850493457685 154
1739995146439 0.0035948143584788356 155
1739995146559 0.014937874398295435 156
1739995146652 0.20909753323446303 157
1739995146764 0.010698464886389274 158
1739995146861 0.004345965336964229 159
1739995146954 0.18013054715032126 160
1739995147046 0.030140308189555282 161
1739995147137 0.003417046287726116 162
1739995147228 0.08052081613161025 163
1739995147320 0.054538772168999154 164
1739995147410 0.13596951320209258 165
1739995147503 0.07092365464719941 166
1739995147665 0.04126021440409364 167
1739995147772 0.03658314266989482 168
1739995147870 0.04952144354254585 169
1739995147961 0.002845496056991936 170
1739995148050 0.02383973642973489 171
1739995148141 0.04646189929813606 172
1739995148230 0.006725221460408344 173
1739995148319 0.006976456472795863 174
1739995148408 0.03026871342196266 175
1739995148499 0.18948430212861053 176
1739995148588 0.0006258331654163632 177
1739995148677 0.13654003998205902 178
1739995148767 0.0008216069789843953 179
1739995148857 0.04945073818149978 180
1739995148947 0.01562788711353872 181
1739995149036 0.07377343019454216 182
1739995149125 0.03002772353911872 183
1739995149214 0.0264875849398358 184
1739995149304 0.0014299888824435263 185
1739995149393 0.0004049498752922419 186
1739995149482 0.06572116674898851 187
1739995149572 0.1787750391472444 188
1739995149707 0.23354416605113393 189
1739995149815 0.0032642645373723005 190
1739995149916 0.021194870412680908 191
1739995150010 1.2847160218634808e-06 192
1739995150101 0.005778870138150387 193
1739995150190 0.11940330984963286 194
1739995150282 0.23878635982166818 195
1739995150382 0.10601451806582503 196
1739995150615 0.028321537828465387 197
1739995150730 0.00045855786346049723 198
1739995150822 2.4708933610723323 199
1739995150912 0.00020239954254106543 200
1739995151003 1.0495604097158281e-06 201
1739995151093 0.04541040390959367 202
1739995151189 1.9944873389172454e-05 203
1739995151293 0.027413069719037928 204
1739995151396 0.031579754417862 205
1739995151491 0.03183230346629216 206
1739995151581 0.10848806594861266 207
1739995151672 0.010552538479605442 208
1739995151762 0.20110356660526824 209
1739995151852 0.049801262440322513 210
1739995151945 0.5085081892460994 211
1739995152042 0.10405392915176073 212
1739995152141 0.003268769526552257 213
1739995152239 0.009286844764468295 214
1739995152334 0.02737736048087487 215
1739995152430 0.030073461700856938 216
1739995152525 0.09811281696510939 217
1739995152703 0.007118762129616423 218
1739995152799 0.007609925063111226 219
1739995152895 0.23146057593198627 220
1739995152985 0.019848241824330013 221
1739995153076 0.0018196961935986464 222
1739995153167 0.10310205406770123 223
1739995153260 0.05664682555823824 224
1739995153351 0.012972820829397817 225
1739995153443 0.0368720611407015 226
1739995153544 0.3661694870333033 227
1739995153638 0.003322142228451109 228
1739995153728 0.2592474920968438 229
1739995153823 0.0013702698798233992 230
1739995153917 0.00599187198931351 231
1739995154009 0.01645871398754383 232
1739995154099 0.03412961450424147 233
1739995154191 0.057407045441232665 234
1739995154284 0.029922617677348953 235
1739995154375 0.011025993398300701 236
1739995154466 0.17128874144203934 237
1739995154557 0.08072495349354182 238
1739995154648 0.029192198662068573 239
1739995154739 0.0006269745536137141 240
1739995154830 0.16851489815434562 241
1739995154921 0.0004326539906413885 242
1739995155014 0.005271609253967112 243
1739995155118 0.038754929656658055 244
1739995155224 0.44951228447069125 245
1739995155322 0.050062042767321735 246
1739995155417 0.34275394775567497 247
1739995155509 0.07332199064900789 248
1739995155600 0.0026328889175549364 249
1739995155692 0.00966414129693879 250
1739995155785 0.07105491453724937 251
1739995155877 0.002798652987875808 252
1739995155969 0.06859595966954532 253
1739995156061 0.13812996010212028 254
1739995156153 0.1720381612592379 255
1739995156243 0.007120669532557836 256
1739995156334 0.00012781182096813015 257
1739995156426 0.555230309097618 258
1739995156518 0.09198331638805061 259
1739995156610 0.009226375527415136 260
1739995156702 0.06993498350493679 261
1739995156792 0.14509055527562675 262
1739995156891 0.09805605954207817 263
1739995156981 0.02151044149285657 264
1739995157072 0.8827306865324831 265
1739995157164 0.1961055215762557 266
1739995157255 0.006394601578395803 267
1739995157347 0.19981799012956392 268
1739995157439 0.0215425775811777 269
1739995157532 0.16056462462153465 270
1739995157628 0.0940769206347979 271
1739995157724 0.31278510145038896 272
1739995157818 0.22908254690212063 273
1739995157911 0.04111366941280777 274
1739995158002 0.01312697256660361 275
1739995158093 0.06487536505710156 276
1739995158185 0.03726851351288065 277
1739995158276 0.08072551831485808 278
1739995158368 0.016169062372536784 279
1739995158459 0.003337183644019465 280
1739995158551 0.1642015816228087 281
1739995158643 0.009147795080345543 282
1739995158735 0.002097966912898782 283
1739995158827 0.00152468567104006 284
1739995158919 0.2999246135149938 285
1739995159010 0.03542319196784036 286
1739995159102 0.01769027010315281 287
1739995159194 0.01956140482400376 288
1739995159284 0.5883564311562565 289
1739995159375 0.05043487245912457 290
1739995159465 0.11169987016173773 291
1739995159556 0.03665250719326456 292
1739995159648 0.1875843290955887 293
1739995159739 0.006699189549082565 294
1739995159832 0.3574115415111402 295
1739995159924 0.14193930980135414 296
1739995160016 0.016034038773522177 297
1739995160107 0.07294116049051272 298
1739995160197 0.011281473365048145 299
1739995160290 0.0031620287552106105 300
1739995160381 0.0010445328301616932 301
1739995160536 0.3084933493822052 302
1739995160628 0.1033549815272268 303
1739995160720 0.0369729561841569 304
1739995160810 2.7100813663435193 305
1739995160904 0.07030724447087071 306
1739995160996 0.11779645472122753 307
1739995161088 0.04370443307763642 308
1739995161180 0.23831762264218895 309
1739995161273 0.08784964767223798 310
1739995161364 0.005045168629516792 311
1739995161457 0.019324307798311558 312
1739995161547 0.05165684261196944 313
1739995161638 0.09675829216835773 314
1739995161727 0.00018471205070632517 315
1739995161818 0.07341987300288107 316
1739995161909 0.01638005827593465 317
1739995161999 6.45238522906338e-07 318
1739995162088 0.0824720905634874 319
1739995162178 0.34823127448037605 320
1739995162267 0.09193351336931466 321
1739995162356 0.0004288031622135549 322
1739995162446 0.4444895866055787 323
1739995162600 0.0416115384635345 324
1739995162712 0.0191630576535191 325
1739995162821 0.0014454816688720476 326
1739995162926 0.35686367146572634 327
1739995163021 0.1287173274374865 328
1739995163111 0.19128186718498846 329
1739995163202 0.10147445807894157 330
1739995163292 0.04201410923833891 331
1739995163381 0.19332273752823378 332
1739995163471 1.060950834193481 333
1739995163561 0.0018289317355802527 334
1739995163650 0.000386091612487507 335
1739995163740 0.04409961978684341 336
1739995163832 0.03135634824673517 337
1739995163923 0.009995164403516991 338
1739995164012 0.003362639866023102 339
1739995164102 2.066741846156751e-05 340
1739995164191 1.1547949357860703e-05 341
1739995164281 0.35199471767742285 342
1739995164371 0.007040690125830554 343
1739995164460 0.0009611549629638845 344
1739995164551 0.11511136777922451 345
1739995164642 0.0496041508444417 346
1739995164731 0.24908911023910793 347
1739995164825 0.002406328743283086 348
1739995164931 1.2092962458448953 349
1739995165046 0.05020079693113258 350
1739995165155 0.20218770688272547 351
1739995165332 0.0019400232749029254 352
1739995165435 0.05118191655835597 353
1739995165527 0.19586752901693122 354
1739995165620 0.00014267582791417763 355
1739995165712 0.01015412836068194 356
1739995165805 0.03523724584836906 357
1739995165903 0.038156845840271875 358
1739995165996 0.17846676378644755 359
1739995166089 0.2542024372717553 360
1739995166180 0.0017349778035339238 361
1739995166273 3.984915020563881e-05 362
1739995166367 0.055929471618977655 363
1739995166458 0.009821598511056606 364
1739995166550 0.0017573701192326013 365
1739995166642 0.05176424374434884 366
1739995166735 0.027049509854814024 367
1739995166828 3.51941027810516e-05 368
1739995166926 0.5272581747780778 369
1739995167017 0.13182156425459582 370
1739995167109 0.00118382018420052 371
1739995167200 0.058990796988743155 372
1739995167291 0.1307230779528924 373
1739995167383 0.06605192150707291 374
1739995167474 0.003613225154029002 375
1739995167566 0.0488491586415063 376
1739995167660 0.02872500923131322 377
1739995167754 0.7235587061651844 378
1739995167854 0.07435562576605997 379
1739995167949 0.004617294137022298 380
1739995168045 0.006119073169534952 381
1739995168138 0.01652484132611913 382
1739995168231 0.017223353483198 383
1739995168324 0.15014689668323417 384
1739995168414 0.024677910546737014 385
1739995168502 0.24501075733154606 386
1739995168592 0.000462528191257323 387
1739995168682 0.0244110490716768 388
1739995168772 0.020460287354592963 389
1739995168864 0.0042765340965195174 390
1739995168956 0.021749294641738023 391
1739995169114 0.030213778735082613 392
1739995169205 0.022128437558204456 393
1739995169297 0.47129547233618235 394
1739995169390 0.00215407045886952 395
1739995169481 9.56881594340838e-05 396
1739995169576 0.04695495757603541 397
1739995169683 0.2108685434708765 398
1739995169773 0.04434829486430831 399
1739995169865 0.3031988006513584 400
1739995169954 0.04608970622379689 401
1739995170043 0.059151271803529595 402
1739995170133 0.05647370668570072 403
1739995170222 0.09854969860311974 404
1739995170312 0.03252631960646435 405
1739995170402 9.667648500007123e-06 406
1739995170493 0.19374101559509277 407
1739995170583 0.3617324032020479 408
1739995170674 0.031203575464298052 409
1739995170765 0.014377071126651236 410
1739995170855 0.2733293968214908 411
1739995170946 0.31289479585114405 412
1739995171037 0.0009458203619085302 413
1739995171127 0.18744244046146907 414
1739995171216 0.2063435863681943 415
1739995171307 0.44872861101072115 416
1739995171396 0.0967909979806954 417
1739995171486 0.011161400800897066 418
1739995171579 0.04481422367867889 419
1739995171746 0.03280580276243312 420
1739995171838 0.13625260473505446 421
1739995171928 0.1807728293275129 422
1739995172019 0.20813248484042016 423
1739995172108 0.06377699682809095 424
1739995172198 0.19183680367500144 425
1739995172287 0.0884220171088422 426
1739995172377 0.027465260604504358 427
1739995172466 0.09787824029230113 428
1739995172557 0.7934342258753929 429
1739995172646 0.0423727125354501 430
1739995172735 0.026895095959874406 431
1739995172825 0.009751236851120804 432
1739995172916 0.000184891957102758 433
1739995173005 0.23886958210690426 434
1739995173095 0.021640603897573128 435
1739995173186 0.12202514906956029 436
1739995173276 0.22884794431011052 437
1739995173368 0.12720447643713648 438
1739995173460 0.003458993297399669 439
1739995173550 0.0018832083363049031 440
1739995173640 0.015234361922122156 441
1739995173730 0.3492550912636747 442
1739995173820 0.0004353458692797657 443
1739995173909 0.007728262537139936 444
1739995173999 0.02286932937361218 445
1739995174091 0.06309957010659017 446
1739995174182 0.15601195308643145 447
1739995174273 0.07142811498552573 448
1739995174363 0.24687708319121054 449
1739995174452 0.01507244400917381 450
1739995174541 0.022113753820251 451
1739995174631 0.024352049522583755 452
1739995174722 0.007760011892752961 453
1739995174809 0.24110278381491818 454
1739995174901 0.13535577412992736 455
1739995175050 0.0047375998370134615 456
1739995175137 0.1424939918885452 457
1739995175224 0.5585869140113265 458
1739995175311 0.07612490480752958 459
1739995175400 0.12340574936956772 460
1739995175541 0.019643676837747506 461
1739995175630 0.012886411893876808 462
1739995175719 0.2606600213907283 463
1739995175809 0.0035872811359353354 464
1739995175896 0.07250696471465135 465
1739995175983 0.08427145147738437 466
1739995176071 0.22832643866310384 467
1739995176158 0.11817472353713672 468
1739995176328 0.001514413258443285 469
1739995176416 0.0009871940173072618 470
1739995176504 0.03254913339423433 471
1739995176592 0.027723649767981782 472
1739995176678 0.21671389360459456 473
1739995176765 0.05826666114826053 474
1739995176853 0.004135694202780239 475
1739995176939 0.03374283415932792 476
1739995177045 0.010318053523649033 477
1739995177132 0.4326401289581093 478
1739995177218 0.0010411886853504272 479
1739995177304 0.19180316589292912 480
1739995177391 0.00695287940131712 481
1739995177478 0.03149822494334011 482
1739995177566 0.07569656738700874 483
1739995177655 0.04765936381984945 484
1739995177743 0.7269070258512367 485
1739995177832 0.474120974838728 486
1739995177920 0.04174232976846015 487
1739995178007 0.23558963030034258 488
1739995178095 0.10857460928956138 489
1739995178183 0.5441287352597353 490
1739995178270 0.11902070580882847 491
1739995178357 0.14343779666442918 492
1739995178512 0.17677238232242234 493
1739995178601 0.00045464418230303 494
1739995178688 1.0676618767971557e-05 495
1739995178775 0.167259477873225 496
1739995178863 0.24865233423241168 497
1739995178950 0.0031284379727005876 498
1739995179037 0.03262615586282176 499
