1740003075811 168.79801204511594 0
1740003075830 165.4413615727723 1
1740003075853 162.17898773555768 2
1740003075873 158.98112842387 3
1740003075892 155.84679432661466 4
1740003075914 152.77457395146314 5
1740003075933 149.76310705974365 6
1740003075953 146.81144625709987 7
1740003075978 143.9182707326672 8
1740003075998 141.0823074179209 9
1740003076019 138.30264888796074 10
1740003076039 135.5780594512954 11
1740003076060 132.90734784476422 12
1740003076080 130.28964478996238 13
1740003076101 127.72379447334328 14
1740003076122 125.20868238258952 15
1740003076150 122.743475678448 16
1740003076174 120.32701915648607 17
1740003076197 117.95849811888928 18
1740003076221 115.63688171622076 19
1740003076248 113.3611754197666 20
1740003076271 111.13059854867676 21
1740003076294 108.94413362838814 22
1740003076317 106.80101659128195 23
1740003076340 104.70028408353743 24
1740003076367 102.6411881617131 25
1740003076390 100.6228536301374 26
1740003076412 98.64443531091202 27
1740003076434 96.70521641595566 28
1740003076457 94.80435125957572 29
1740003076479 92.94113786124383 30
1740003076501 91.11477716736411 31
1740003076522 89.32458159338944 32
1740003076545 87.56979670634136 33
1740003076565 85.84974892438059 34
1740003076584 84.16372650108357 35
1740003076605 82.5110694814092 36
1740003076626 80.89110694599256 37
1740003076646 79.30319220715633 38
1740003076667 77.74669338491775 39
1740003076686 76.22097671515925 40
1740003076706 74.72544763877715 41
1740003076726 73.2594849862371 42
1740003076746 71.82252986743458 43
1740003076765 70.4139733925063 44
1740003076785 69.03329075263298 45
1740003076805 67.67988503604961 46
1740003076826 66.35326398930638 47
1740003076848 65.05284238981416 48
1740003076867 63.778159073093384 49
1740003076886 62.52864022880448 50
1740003076906 61.303854372356845 51
1740003076924 60.10323884010885 52
1740003076945 58.92639047347692 53
1740003076963 57.772803907325574 54
1740003076982 56.64196542392018 55
1740003077002 55.53351978147625 56
1740003077022 54.446923344629546 57
1740003077040 53.381845852089505 58
1740003077063 52.3377541530688 59
1740003077082 51.314341795420205 60
1740003077102 50.311147787661845 61
1740003077120 49.32770386055619 62
1740003077139 48.36374503051461 63
1740003077158 47.41875564117509 64
1740003077179 46.49249160011429 65
1740003077198 45.58444716699158 66
1740003077216 44.694398129285 67
1740003077238 43.82192293157089 68
1740003077259 42.966593679231515 69
1740003077278 42.12822202124078 70
1740003077300 41.30631838924686 71
1740003077320 40.500711769055805 72
1740003077339 39.71100497760098 73
1740003077360 38.93679515368695 74
1740003077380 38.17794351565283 75
1740003077399 37.43397596451207 76
1740003077418 36.704768755062595 77
1740003077437 35.98994716871601 78
1740003077456 35.289131406424154 79
1740003077474 34.602226673967614 80
1740003077493 33.92877370608957 81
1740003077512 33.26869066560614 82
1740003077531 32.62162357292725 83
1740003077553 31.987213906587062 84
1740003077571 31.365405815087165 85
1740003077590 30.755855387131188 86
1740003077608 30.15821456162343 87
1740003077628 29.572451718560796 88
1740003077647 28.998127100849775 89
1740003077666 28.435219055072206 90
1740003077684 27.883402075718276 91
1740003077703 27.34234695390019 92
1740003077722 26.812053757659935 93
1740003077741 26.292205756864828 94
1740003077759 25.782482857956378 95
1740003077778 25.28290534956803 96
1740003077797 24.79316487900328 97
1740003077816 24.312950049740433 98
1740003077834 23.84229995855055 99
1740003077856 23.380798175343084 100
1740003077877 22.928490328825752 101
1740003077915 22.48508386704616 102
1740003077933 22.05028352686672 103
1740003077951 21.62415176345083 104
1740003077969 21.20640335445226 105
1740003077987 20.796750642075633 106
1740003078004 20.395271701004514 107
1740003078026 20.001688321690995 108
1740003078049 19.615720117431465 109
1740003078072 19.23745964770963 110
1740003078092 18.866635416776976 111
1740003078112 18.5029739933801 112
1740003078130 18.146581355333335 113
1740003078147 17.79719243831719 114
1740003078165 17.454540468286716 115
1740003078183 17.11874383941372 116
1740003078201 16.789543651965943 117
1740003078218 16.466679507136785 118
1740003078237 16.150281274424145 119
1740003078254 15.839967609478984 120
1740003078273 15.535870274734478 121
1740003078291 15.237742751918145 122
1740003078309 14.945337185833234 123
1740003078326 14.658795561102853 124
1740003078344 14.377876785338788 125
1740003078362 14.102338609056053 126
1740003078379 13.832332437248498 127
1740003078399 13.567622388950479 128
1740003078416 13.307971593052198 129
1740003078434 13.05354012284242 130
1740003078453 12.804097105479416 131
1740003078471 12.559410832685918 132
1740003078488 12.319649340947413 133
1740003078507 12.084586572680259 134
1740003078525 11.853995777935927 135
1740003078545 11.628052295657909 136
1740003078563 11.4065347004076 137
1740003078581 11.189221006396606 138
1740003078599 10.976293236168186 139
1740003078617 10.767534422435665 140
1740003078635 10.562727159081255 141
1740003078653 10.362059572923572 142
1740003078671 10.165318989365558 143
1740003078689 9.972292406538012 144
1740003078708 9.78317351352271 145
1740003078726 9.597753770932453 146
1740003078743 9.415824414222165 147
1740003078762 9.237584187933793 148
1740003078780 9.062828537882606 149
1740003078801 8.891352777889418 150
1740003078826 8.7233602343719 151
1740003078851 8.558650195338085 152
1740003078874 8.397021901487573 153
1740003078955 8.238682818863627 154
1740003078980 8.08343594121334 155
1740003078999 7.931084291637698 156
1740003079018 7.781839063106296 157
1740003079037 7.63550682479666 158
1740003079056 7.491894244313546 159
1740003079074 7.351215856716552 160
1740003079093 7.213281682067958 161
1740003079111 7.077901900757678 162
1740003079130 6.945294031364582 163
1740003079148 6.8152714256973335 164
1740003079165 6.687647651018113 165
1740003079184 6.5626428756082 166
1740003079207 6.44007366896098 167
1740003079226 6.3197568647557665 168
1740003079244 6.201914970482816 169
1740003079262 6.086367664027697 170
1740003079281 5.9729349301652785 171
1740003079299 5.861841327071379 172
1740003079317 5.75290953621424 173
1740003079335 5.645962582974195 174
1740003079354 5.541226808378647 175
1740003079372 5.438527796886006 176
1740003079390 5.337691508541981 177
1740003079408 5.2389458188694995 178
1740003079426 5.142119118694283 179
1740003079444 5.047040201074908 180
1740003079462 4.953938246005772 181
1740003079480 4.862644357796511 182
1740003079497 4.772990064909239 183
1740003079515 4.68520563903372 184
1740003079533 4.599124808605583 185
1740003079553 4.514581743696429 186
1740003079571 4.431807611138032 187
1740003079589 4.3506386774604975 188
1740003079608 4.2709116641537825 189
1740003079626 4.192858451891485 190
1740003079644 4.116317762407925 191
1740003079662 4.041128781825208 192
1740003079681 3.967523937694902 193
1740003079698 3.895344327034324 194
1740003079717 3.824431517031858 195
1740003079735 3.7550183286226813 196
1740003079753 3.6869481569946387 197
1740003079770 3.620064869884781 198
1740003079788 3.5546015407675013 199
1740003079807 3.490403788548387 200
1740003079825 3.4273177038832667 201
1740003079845 3.365576483816642 202
1740003079863 3.305027899039989 203
1740003079881 3.2455201882360303 204
1740003079899 3.187286554193399 205
1740003079917 3.1301768498493403 206
1740003079935 3.074041389619941 207
1740003079955 3.0191132746631433 208
1740003079973 2.965244372893386 209
1740003079991 2.912287004634538 210
1740003080011 2.8604740718364328 211
1740003080035 2.80965939228164 212
1740003080063 2.759697224722534 213
1740003080094 2.7108201835031065 214
1740003080124 2.6628839732202407 215
1740003080152 2.61574472580818 216
1740003080181 2.569634688203589 217
1740003080208 2.524411390721857 218
1740003080237 2.479932775359013 219
1740003080267 2.4364306498880803 220
1740003080297 2.393764311114562 221
1740003080323 2.3517934500035547 222
1740003080348 2.310749370932942 223
1740003080373 2.270372210696781 224
1740003080393 2.230887643991303 225
1740003080412 2.19216044725246 226
1740003080430 2.1540556008540857 227
1740003080448 2.116798373215379 228
1740003080466 2.0802550622495053 229
1740003080484 2.0442921541309054 230
1740003080501 2.0091344571909047 231
1740003080519 1.974649741461482 232
1740003080537 1.9407059479716373 233
1740003080557 1.9075273772989718 234
1740003080575 1.8749832236073436 235
1740003080593 1.8429428333399123 236
1740003080612 1.811629957390785 237
1740003080632 1.78091516738475 238
1740003080651 1.750669167181712 239
1740003080669 1.7211151214127933 240
1740003080688 1.6920103240871998 241
1740003080711 1.6635722693012411 242
1740003080731 1.6356763864824004 243
1740003080753 1.6081980439751011 244
1740003080775 1.5813542883221534 245
1740003080798 1.5550217124258217 246
1740003080822 1.5290768311900602 247
1740003080844 1.5037362122505564 248
1740003080939 1.4788775734250048 249
1740003080964 1.4543785364589892 250
1740003080986 1.4304551631316598 251
1740003081007 1.4069862585713766 252
1740003081029 1.383850512709519 253
1740003081052 1.361263458618381 254
1740003081074 1.3389954267447302 255
1740003081096 1.3172563250657088 256
1740003081120 1.2959293521801185 257
1740003081141 1.2748974002643785 258
1740003081161 1.2543700076018451 259
1740003081183 1.2342312686691088 260
1740003081204 1.2143649561699357 261
1740003081226 1.1949802180948528 262
1740003081250 1.1759620141401126 263
1740003081270 1.157194965931252 264
1740003081290 1.1388878139796634 265
1740003081310 1.1208209582115902 266
1740003081331 1.1031975977013413 267
1740003081355 1.0859067302452305 268
1740003081376 1.068836829258369 269
1740003081396 1.0521908533820743 270
1740003081416 1.0358584915450484 271
1740003081435 1.0197288960012612 272
1740003081456 1.0040047684051767 273
1740003081476 0.9884744925310089 274
1740003081496 0.9733353291332933 275
1740003081515 0.9584807270533846 276
1740003081535 0.9438034187715786 277
1740003081557 0.9295005755178503 278
1740003081576 0.9154661772222887 279
1740003081594 0.9015934791006952 280
1740003081613 0.8880795462078135 281
1740003081631 0.8747200499158345 282
1740003081651 0.8617067147512352 283
1740003081669 0.8489370247096886 284
1740003081688 0.8363075658876427 285
1740003081706 0.8240101234220699 286
1740003081725 0.8119425651543597 287
1740003081743 0.8000018565312768 288
1740003081761 0.7883798259652643 289
1740003081779 0.7768787824993982 290
1740003081797 0.765685313178504 291
1740003081815 0.7547005544520843 292
1740003081834 0.743824573540833 293
1740003081856 0.7332441659989518 294
1740003081876 0.7228607165762223 295
1740003081895 0.7125745400584484 296
1740003081913 0.702572622022279 297
1740003081932 0.6926633028746334 298
1740003081954 0.6830284239421592 299
1740003081973 0.6735724217801279 300
1740003081992 0.664198502323093 301
1740003082012 0.6550888599108653 302
1740003082030 0.646057252111024 303
1740003082049 0.6372808355411915 304
1740003082068 0.6286669109148826 305
1740003082087 0.620121395319776 306
1740003082105 0.6118219550296558 307
1740003082123 0.6036759065855011 308
1740003082142 0.5955891902482384 309
1740003082161 0.587739958195173 310
1740003082179 0.5799469215802382 311
1740003082198 0.5723832826201689 312
1740003082218 0.5649590383883065 313
1740003082238 0.5575826621337194 314
1740003082257 0.5504279960506206 315
1740003082275 0.543318535629599 316
1740003082294 0.5364232736409337 317
1740003082313 0.5296547193331218 318
1740003082332 0.522923717800084 319
1740003082351 0.5164000493910933 320
1740003082372 0.5099116983647103 321
1740003082390 0.5036236919280871 322
1740003082409 0.4974508923402344 323
1740003082427 0.4913063642650589 324
1740003082446 0.485356063798585 325
1740003082464 0.47943218359208606 326
1740003082483 0.47369601874812084 327
1740003082501 0.4680646340514138 328
1740003082519 0.46245316983069207 329
1740003082538 0.45702398527951293 330
1740003082557 0.4516132155051045 331
1740003082575 0.4463786468463894 332
1740003082594 0.44123940432812014 333
1740003082614 0.4361125679409872 334
1740003082684 0.4311571173951099 335
1740003082724 0.4262128780400673 336
1740003082744 0.4214343409846095 337
1740003082763 0.41674255695584733 338
1740003082781 0.4120564170675783 339
1740003082799 0.4075317293447445 340
1740003082817 0.4030117702106701 341
1740003082836 0.39864793958120504 342
1740003082860 0.394363086672558 343
1740003082881 0.39007779223541794 344
1740003082921 0.38594489109839697 345
1740003082941 0.3818108839917109 346
1740003082959 0.37782427449048556 347
1740003082977 0.3739095900131446 348
1740003082996 0.36998898612733155 349
1740003083014 0.366212513955088 350
1740003083033 0.3624296835581341 351
1740003083052 0.35878628814755475 352
1740003083070 0.3552084196091716 353
1740003083089 0.3516196998108358 354
1740003083107 0.348167576966893 355
1740003083125 0.34470436670732224 356
1740003083144 0.34137332928741443 357
1740003083162 0.3381020135254382 358
1740003083181 0.33481540503440843 359
1740003083199 0.33165852153403486 360
1740003083218 0.3284862911213564 361
1740003083236 0.3254396102392552 362
1740003083259 0.3223775574990209 363
1740003083283 0.31943701084229614 364
1740003083302 0.3165489670908317 365
1740003083321 0.3136416442067199 366
1740003083340 0.3108539247523957 367
1740003083360 0.3080470600704669 368
1740003083378 0.30535597161697653 369
1740003083396 0.3027127853074391 370
1740003083415 0.30004677198469354 371
1740003083433 0.2974949418067333 372
1740003083453 0.29492056112405723 373
1740003083471 0.2924567337165533 374
1740003083489 0.2900366317019306 375
1740003083508 0.28759049976919104 376
1740003083527 0.2852536105510558 377
1740003083545 0.28289109589631845 378
1740003083568 0.28063437421407217 379
1740003083589 0.27835244075058774 380
1740003083609 0.2761729568449652 381
1740003083629 0.2740320063755548 382
1740003083649 0.2718625575235531 383
1740003083668 0.2697946581132654 384
1740003083687 0.2676987863231852 385
1740003083708 0.26570127670283933 386
1740003083727 0.263676324085063 387
1740003083747 0.26174664368126915 388
1740003083766 0.2598509603229254 389
1740003083786 0.2579247098536743 390
1740003083806 0.25609319470642683 391
1740003083826 0.2542317408136424 392
1740003083850 0.25246206732474397 393
1740003083870 0.25072349129858257 394
1740003083890 0.24895199293988335 395
1740003083911 0.24727193148045404 396
1740003083930 0.24555966493348533 397
1740003083951 0.24393600368077986 398
1740003083971 0.24228084925558507 399
1740003083991 0.24071155351190268 400
1740003084011 0.2391697536810328 401
1740003084032 0.23759359394325918 402
1740003084052 0.2361032479889042 403
1740003084071 0.23457933288828756 404
1740003084093 0.23313859113445137 405
1740003084114 0.2316650619496785 406
1740003084134 0.23027214422009815 407
1740003084154 0.22890357219068264 408
1740003084175 0.22749944342950498 409
1740003084194 0.22617614606474232 410
1740003084213 0.22481814398770222 411
1740003084234 0.22353850248079446 412
1740003084253 0.22222499607479448 413
1740003084273 0.22098745227025 414
1740003084294 0.21977149748165617 415
1740003084318 0.2185189894127611 416
1740003084339 0.21734289894232636 417
1740003084360 0.21613115805052185 418
1740003084381 0.21499351452023957 419
1740003084401 0.21382110853665598 420
1740003084422 0.21272054751444502 421
1740003084442 0.2116391620338251 422
1740003084463 0.2105203926202967 423
1740003084483 0.20947413193238354 424
1740003084502 0.20839143216893652 425
1740003084522 0.207379054688827 426
1740003084542 0.20633116582420982 427
1740003084564 0.20535147620185262 428
1740003084583 0.20438884805186472 429
1740003084604 0.20338814206404088 430
1740003084625 0.20245648462929072 431
1740003084645 0.20148772872625567 432
1740003084665 0.2005859538887433 433
1740003084685 0.1996480408616018 434
1740003084705 0.198775100892097 435
1740003084724 0.19786696414332883 436
1740003084743 0.19702185015395943 437
1740003084763 0.1961914728789587 438
1740003084782 0.19532334901791046 439
1740003084802 0.1945193451585345 440
1740003084821 0.193678584001953 441
1740003084842 0.1929000347380812 442
1740003084861 0.19208569698714764 443
1740003084881 0.1913317174451629 444
1740003084901 0.19059090838892376 445
1740003084919 0.1898117988803803 446
1740003084939 0.18909428343681411 447
1740003084960 0.18833948054804742 448
1740003084980 0.187644452521355 449
1740003084999 0.18691312821955003 450
1740003085019 0.1862398110946385 451
1740003085038 0.1855311673967565 452
1740003085057 0.18487881320609134 453
1740003085077 0.1842379084584581 454
1740003085098 0.183559163981882 455
1740003085118 0.1829381401458252 456
1740003085138 0.18228028831655388 457
1740003085159 0.18167846357753678 458
1740003085179 0.18104079996182207 459
1740003085198 0.18045751747935806 460
1740003085216 0.17983936303987388 461
1740003085235 0.17927398999621283 462
1740003085253 0.17871861060198796 463
1740003085271 0.17812583993719916 464
1740003085291 0.17758745114305075 465
1740003085313 0.1770126784601448 466
1740003085332 0.17649070310739595 467
1740003085352 0.17593332806435957 468
1740003085372 0.17542721002254533 469
1740003085390 0.17488665377028942 470
1740003085408 0.17439585713798675 471
1740003085427 0.173913821340419 472
1740003085445 0.17339481831656056 473
1740003085463 0.17292732238200742 474
1740003085482 0.172423860061056 475
1740003085500 0.1719704149515872 476
1740003085519 0.1714819807208038 477
1740003085539 0.17104211511733347 478
1740003085557 0.17056821458095975 479
1740003085576 0.1701414742114205 480
1740003085596 0.169722449430188 481
1740003085614 0.16926684857680044 482
1740003085633 0.16886028307380285 483
1740003085652 0.16841813431468222 484
1740003085671 0.16802361330629356 485
1740003085690 0.167594478027261 486
1740003085709 0.1672116016719081 487
1740003085727 0.16679505672514805 488
1740003085744 0.16642343955809694 489
1740003085762 0.16601907668706545 490
1740003085781 0.16565834707720847 491
1740003085800 0.16530427913214232 492
1740003085818 0.16491487706906152 493
1740003085838 0.164571147173294 494
1740003085859 0.16419304549320557 495
1740003085877 0.16385931408707194 496
1740003085895 0.16349214972955015 497
1740003085914 0.16316808938964805 498
1740003085932 0.16281151196582586 499
