1739972953885 3.754770808325058 0
1739972953913 2.5421443823989067 1
1739972953947 2.069711207473965 2
1739972953973 1.6502446873528174 3
1739972954003 1.7436126331426915 4
1739972954032 1.6393565087097213 5
1739972954059 1.3886813111714373 6
1739972954092 1.1829121131397213 7
1739972954118 1.056739981459359 8
1739972954145 1.3528536527365327 9
1739972954180 1.3518678975859257 10
1739972954209 1.2155867804729095 11
1739972954236 1.0880987998399971 12
1739972954263 1.2569527054281011 13
1739972954297 0.9504519035671118 14
1739972954325 0.9598743706840616 15
1739972954351 0.9134524334790043 16
1739972954378 1.1997614198374509 17
1739972954417 0.7222998906139128 18
1739972954443 0.7900304724126982 19
1739972954470 0.7099787292233909 20
1739972954504 0.9239593074008381 21
1739972954530 0.4874448244947532 22
1739972954556 0.5782520793455785 23
1739972954583 0.5170124340682388 24
1739972954614 0.4560947270277262 25
1739972954650 0.6371053075888704 26
1739972954677 0.7563701249704117 27
1739972954703 0.40318445225949046 28
1739972954731 0.517608991581563 29
1739972954763 0.4091792537743771 30
1739972954789 0.5282214024670837 31
1739972954814 0.5951856753112479 32
1739972954854 0.45064376867296396 33
1739972954881 0.49455937296530783 34
1739972954910 0.4219800205769532 35
1739972954938 0.5306924761510906 36
1739972954992 0.45400022368558324 37
1739972955019 0.47276080737285975 38
1739972955045 0.3705430893268793 39
1739972955071 0.46614219994104983 40
1739972955106 0.3922412713201015 41
1739972955135 0.3527609029526091 42
1739972955162 0.33894887420326325 43
1739972955194 0.3433379559194727 44
1739972955238 0.3179121492737738 45
1739972955264 0.29632151728413164 46
1739972955290 0.30296693344625897 47
1739972955317 0.3484688541587242 48
1739972955350 0.2799120365612824 49
1739972955376 0.3226696536715076 50
1739972955401 0.37019603019174296 51
1739972955433 0.37077882181832 52
1739972955459 0.32585905487258476 53
1739972955486 0.23167579041277758 54
1739972955519 0.2178832635193262 55
1739972955552 0.19315742976515143 56
1739972955581 0.2607567474355368 57
1739972955607 0.3472992697504394 58
1739972955633 0.15648067090276163 59
1739972955666 0.1626835632075478 60
1739972955693 0.253479174000495 61
1739972955719 0.20959738530192368 62
1739972955754 0.24159006339359382 63
1739972955783 0.2632939576940136 64
1739972955813 0.18483029780633323 65
1739972955840 0.19295751004547562 66
1739972955872 0.2180004584016666 67
1739972955899 0.23295032479545152 68
1739972955925 0.29690723453340206 69
1739972955951 0.1732860406791433 70
1739972955985 0.16711513901058603 71
1739972956011 0.15175366254980305 72
1739972956038 0.1655532982658806 73
1739972956076 0.1412457378258196 74
1739972956120 0.17452817289483305 75
1739972956212 0.1307393471624569 76
1739972956265 0.18304537993364092 77
1739972956292 0.12002576673267674 78
1739972956317 0.10939368853411788 79
1739972956353 0.1035147553417958 80
1739972956380 0.17550107154540373 81
1739972956407 0.18003895700098357 82
1739972956433 0.12403520748755886 83
1739972956469 0.11125723543120876 84
1739972956495 0.13983547013102182 85
1739972956522 0.11239476461704649 86
1739972956547 0.12172488433588856 87
1739972956582 0.09831699062688039 88
1739972956607 0.1069775083838889 89
1739972956633 0.1453901543183996 90
1739972956669 0.1092458493405023 91
1739972956697 0.1400951097988858 92
1739972956725 0.11039168951742198 93
1739972956751 0.1185455171783361 94
1739972956785 0.11412508122527089 95
1739972956811 0.07290318193632751 96
1739972956837 0.08314825945474288 97
1739972956873 0.14544048801250803 98
1739972956898 0.15663883285144398 99
1739972956924 0.0968595391000069 100
1739972956952 0.10047023842615548 101
1739972956989 0.11252864445048319 102
1739972957019 0.06753405563354843 103
1739972957046 0.09235840084162333 104
1739972957072 0.08751527295420222 105
1739972957098 0.08921109116086351 106
1739972957131 0.08212783241362578 107
1739972957160 0.08121950832942548 108
1739972957202 0.07714390551041914 109
1739972957229 0.07739878015738792 110
1739972957261 0.09993057529544272 111
1739972957293 0.0495068373808119 112
1739972957322 0.08746482063342582 113
1739972957360 0.1064175069368855 114
1739972957387 0.06755710223234103 115
1739972957415 0.06643527257725958 116
1739972957453 0.06578312903681635 117
1739972957485 0.055182470701829904 118
1739972957512 0.08410575619420936 119
1739972957539 0.06496543645501034 120
1739972957582 0.05842084332012893 121
1739972957609 0.08207492852676258 122
1739972957636 0.06838170809821933 123
1739972957661 0.053313136494072204 124
1739972957699 0.06701762576049233 125
1739972957726 0.05403026101209895 126
1739972957751 0.048635266148761166 127
1739972957786 0.03171874792167378 128
1739972957813 0.04605876440536605 129
1739972957840 0.0623051955036863 130
1739972957971 0.07010696952942377 131
1739972958012 0.05093939291007132 132
1739972958052 0.042490121414701605 133
1739972958086 0.04579271673872297 134
1739972958114 0.04814553051546527 135
1739972958140 0.030550536860500466 136
1739972958172 0.03631654547855352 137
1739972958198 0.05058257074634402 138
1739972958226 0.04552455312085353 139
1739972958256 0.0458845524550738 140
1739972958283 0.02852427058896634 141
1739972958314 0.05957940982019111 142
1739972958342 0.04291422785515097 143
1739972958368 0.04654483857635793 144
1739972958400 0.05276098389239094 145
1739972958426 0.0608745535830908 146
1739972958452 0.03857464376330484 147
1739972958484 0.04418996056603707 148
1739972958510 0.043091542966515815 149
1739972958537 0.04124286683035672 150
1739972958565 0.0393432693323078 151
1739972958603 0.03927599067062224 152
1739972958629 0.031628668765382006 153
1739972958655 0.03746417428350293 154
1739972958688 0.024758954590269177 155
1739972958714 0.0335313328753037 156
1739972958741 0.022820435168049106 157
1739972958773 0.04456322101695793 158
1739972958800 0.021309991442318585 159
1739972958830 0.018827449009293454 160
1739972958858 0.028223644053914042 161
1739972958890 0.03723957288942748 162
1739972958917 0.019794302232751287 163
1739972958943 0.030841020004758114 164
1739972958975 0.031323801135076774 165
1739972959002 0.0276136901191665 166
1739972959028 0.0332914535137285 167
1739972959054 0.022327616053115805 168
1739972959092 0.039136775923508435 169
1739972959123 0.017189627933815274 170
1739972959151 0.026097001501626874 171
1739972959185 0.024705702675470256 172
1739972959222 0.03845098010405156 173
1739972959249 0.018994668332597123 174
1739972959281 0.027062111917744217 175
1739972959307 0.026320440321079136 176
1739972959334 0.01783283620745117 177
1739972959361 0.020488564177081 178
1739972959388 0.024721849223493013 179
1739972959419 0.02466508474997068 180
1739972959445 0.018929170336226358 181
1739972959471 0.01684740391587789 182
1739972959502 0.025308577257428 183
1739972959528 0.021743094407202176 184
1739972959553 0.029826467094766627 185
1739972959586 0.018936034702007883 186
1739972959614 0.024139886681449816 187
1739972959644 0.020804286960401267 188
1739972959711 0.03429585977984617 189
1739972959778 0.015247828006761228 190
1739972959809 0.029819506791691368 191
1739972959836 0.01703432692813062 192
1739972959863 0.02639900009962388 193
1739972959906 0.017474996178631134 194
1739972959948 0.01648475373131961 195
1739972959986 0.017126188464805122 196
1739972960027 0.020299599504577107 197
1739972960060 0.017164318849013593 198
1739972960088 0.023733357219851644 199
1739972960115 0.015098510922485035 200
1739972960147 0.011908647952658453 201
1739972960173 0.02144976607121103 202
1739972960200 0.019985124306209853 203
1739972960232 0.02364742773851025 204
1739972960258 0.02910550450212369 205
1739972960285 0.022106987185263823 206
1739972960311 0.011261846979951386 207
1739972960343 0.014481535737389578 208
1739972960369 0.015602662213564366 209
1739972960394 0.011819055940666423 210
1739972960426 0.010886690396925908 211
1739972960452 0.01651090443922907 212
1739972960484 0.019188546734609315 213
1739972960511 0.020220760469103854 214
1739972960539 0.01674265147293929 215
1739972960565 0.014898787087991933 216
1739972960591 0.010919706565926595 217
1739972960623 0.018787198525234836 218
1739972960649 0.010576188592489065 219
1739972960674 0.012724044588308201 220
1739972960707 0.014846413544837895 221
1739972960733 0.00890200725314293 222
1739972960762 0.010920471650384907 223
1739972960807 0.014550923203805867 224
1739972960844 0.006114618530978336 225
1739972960872 0.013821270874114852 226
1739972960898 0.00918339648402257 227
1739972960929 0.012922211410588913 228
1739972960956 0.026271955319230076 229
1739972960988 0.011575835166392214 230
1739972961016 0.01150163313650678 231
1739972961043 0.012508889064145868 232
1739972961071 0.012809546836849359 233
1739972961097 0.00943585144777962 234
1739972961129 0.010631089279275691 235
1739972961155 0.01182215134998722 236
1739972961181 0.009426695640805558 237
1739972961215 0.006971633667084183 238
1739972961243 0.008584074047938558 239
1739972961269 0.00941110149284742 240
1739972961304 0.0050264339326388284 241
1739972961336 0.008881424332798865 242
1739972961362 0.011053532417609114 243
1739972961388 0.008115993799955007 244
1739972961419 0.008797730275125922 245
1739972961445 0.008606755563718765 246
1739972961470 0.009852157037552314 247
1739972961502 0.012137620970823056 248
1739972961528 0.005185400609329351 249
1739972961554 0.008771249240241514 250
1739972961582 0.006719449335039019 251
1739972961613 0.021589517112932954 252
1739972961659 0.008990908146597993 253
1739972961684 0.006221118693526207 254
1739972961716 0.01138411527844448 255
1739972961742 0.00813962269400651 256
1739972961773 0.00928909039297703 257
1739972961800 0.013223849985560768 258
1739972961832 0.010869275792636727 259
1739972961859 0.0073940490792571666 260
1739972961890 0.007671643994819772 261
1739972961917 0.011438086242091005 262
1739972961942 0.004417434124194692 263
1739972961968 0.0023378644319749105 264
1739972961999 0.006932453413998829 265
1739972962026 0.00400924506240103 266
1739972962054 0.008201138721154513 267
1739972962090 0.010004621589696226 268
1739972962117 0.006503205277298976 269
1739972962143 0.010970601280740984 270
1739972962169 0.008385868702294805 271
1739972962203 0.0045432277293229436 272
1739972962229 0.006880498427172668 273
1739972962260 0.005341146027437586 274
1739972962287 0.005378788711489556 275
1739972962313 0.00818774747080957 276
1739972962341 0.004027016347259381 277
1739972962367 0.004579843780596989 278
1739972962399 0.010182027853509966 279
1739972962425 0.0061540195018052815 280
1739972962450 0.008313931665322495 281
1739972962482 0.005900980608756751 282
1739972962507 0.006997326485963808 283
1739972962533 0.00401431185924746 284
1739972962566 0.004170998507020949 285
1739972962594 0.007096529094850438 286
1739972962620 0.006085411421105624 287
1739972962646 0.005139244858605522 288
1739972962677 0.007048242985525559 289
1739972962704 0.006482730910981955 290
1739972962730 0.006089897220095862 291
1739972962762 0.008245995514941148 292
1739972962788 0.006562280037705799 293
1739972962814 0.0027813241502995163 294
1739972962845 0.012732636310921782 295
1739972962877 0.00959355071178783 296
1739972962903 0.007960432623653087 297
1739972962929 0.004783531282342218 298
1739972962961 0.00872479780213128 299
1739972962988 0.005498104086757894 300
1739972963014 0.006791722956547386 301
1739972963047 0.004159898868753239 302
1739972963080 0.004137636103608675 303
1739972963116 0.006372876472219861 304
1739972963148 0.005543298418577257 305
1739972963188 0.00475768999357136 306
1739972963221 0.005956887264234015 307
1739972963254 0.004340693692057005 308
1739972963285 0.004177093270124107 309
1739972963317 0.007363041112129592 310
1739972963345 0.005118920515938252 311
1739972963377 0.0036896597421585734 312
1739972963418 0.0035840380321234804 313
1739972963448 0.00402284914028745 314
1739972963475 0.004707283280419449 315
1739972963501 0.005491836222022354 316
1739972963532 0.003208561738906614 317
1739972963558 0.004758340068829236 318
1739972963584 0.0056547438602958895 319
1739972963616 0.002579686182749008 320
1739972963643 0.003749810381830236 321
1739972963670 0.003806217719884369 322
1739972963698 0.004220701924749728 323
1739972963736 0.004255460327141193 324
1739972963768 0.004039765580877814 325
1739972963796 0.002787728250686416 326
1739972963833 0.004121222202834837 327
1739972963865 0.005510171964532654 328
1739972963895 0.002768039550752753 329
1739972963932 0.0036015894439457687 330
1739972963965 0.0029905206474923575 331
1739972963997 0.0020957465942046173 332
1739972964023 0.005098576581298532 333
1739972964054 0.003235906398272023 334
1739972964081 0.002755280225921607 335
1739972964107 0.0037835735942347683 336
1739972964138 0.002523135417139946 337
1739972964164 0.004271592992294056 338
1739972964192 0.002276798293465382 339
1739972964221 0.004286721736659129 340
1739972964257 0.0029967820521374163 341
1739972964283 0.003813697962134971 342
1739972964309 0.0031577087919348683 343
1739972964334 0.003581404637327863 344
1739972964366 0.006657516524924828 345
1739972964392 0.005188271277977813 346
1739972964424 0.002591076377702993 347
1739972964450 0.0026311617566799313 348
1739972964477 0.0032223609673840002 349
1739972964505 0.005232208007364653 350
1739972964531 0.0031994627286375333 351
1739972964562 0.0032214747824037414 352
1739972964588 0.005373603849838297 353
1739972964614 0.0020923748726522965 354
1739972964646 0.001361413870755553 355
1739972964671 0.004091836220158766 356
1739972964697 0.004354471841272463 357
1739972964730 0.003010764756600631 358
1739972964762 0.0023293141467432186 359
1739972964788 0.0030326998384683636 360
1739972964814 0.0023681268737945375 361
1739972964845 0.004331133710271467 362
1739972964871 0.0020298946896430262 363
1739972964896 0.001901005972328927 364
1739972964929 0.003973770125127091 365
1739972964955 0.00476578311633263 366
1739972964982 0.0031743893445335984 367
1739972965010 0.002466416225292729 368
1739972965043 0.0026776046595553635 369
1739972965071 0.0024536511472747075 370
1739972965099 0.004642040843840279 371
1739972965128 0.0035920817233141816 372
1739972965167 0.004442081125730332 373
1739972965198 0.00303394522791134 374
1739972965235 0.0028250915365305774 375
1739972965265 0.00304493586961093 376
1739972965299 0.0038387165046948613 377
1739972965329 0.002294821201615967 378
1739972965355 0.0027455681860699267 379
1739972965387 0.0036252518227347986 380
1739972965413 0.0030130193189227368 381
1739972965439 0.0029559606342005524 382
1739972965471 0.002891602520334795 383
1739972965496 0.0028497113459653198 384
1739972965523 0.0034264067957998218 385
1739972965556 0.0024062326039637144 386
1739972965582 0.003236350240328272 387
1739972965608 0.0018722170035640584 388
1739972965634 0.0027588599423668276 389
1739972965669 0.002640855069022008 390
1739972965697 0.003656495812513528 391
1739972965726 0.001984359708352454 392
1739972965765 0.005805927919455072 393
1739972965798 0.0032614326847392973 394
1739972965833 0.0017778295883965267 395
1739972965866 0.0031195873970279024 396
1739972965904 0.002881996585354653 397
1739972965937 0.0071753339776931355 398
1739972965966 0.004527701278513256 399
1739972966002 0.003990363173318871 400
1739972966034 0.003560466217661255 401
1739972966062 0.0021661509707641925 402
1739972966088 0.002353380802740106 403
1739972966129 0.0017118892922291268 404
1739972966158 0.0019388648601743382 405
1739972966185 0.001988725790620275 406
1739972966212 0.0019161322909123956 407
1739972966244 0.0024711514280069107 408
1739972966271 0.0015910325987040382 409
1739972966299 0.0011140938950832823 410
1739972966333 0.002146518638145658 411
1739972966360 0.0019118643956681873 412
1739972966387 0.002212214105770155 413
1739972966422 0.0029878810230101515 414
1739972966456 0.003964221757723353 415
1739972966489 0.002298915834842853 416
1739972966515 0.0013820332309384406 417
1739972966547 0.0017887181770424212 418
1739972966574 0.002405753577952463 419
1739972966599 0.003393161144633888 420
1739972966631 0.001731060421698976 421
1739972966658 0.001951941663150362 422
1739972966685 0.00305445612107295 423
1739972966714 0.0014664975790069736 424
1739972966743 0.002433691887357518 425
1739972966774 0.002626059551871526 426
1739972966808 0.0021853089623570664 427
1739972966845 0.002857971828269346 428
1739972966878 0.0028489313302739695 429
1739972966908 0.001344859837485373 430
1739972966935 0.0020622214811346884 431
1739972966963 0.00130300734721849 432
1739972966990 0.002592902388250514 433
1739972967017 0.002642061770617156 434
1739972967044 0.002490744542130167 435
1739972967072 0.0014134761105561874 436
1739972967098 0.0034327550386555857 437
1739972967125 0.0019926276932650676 438
1739972967153 0.0023352185035506105 439
1739972967182 0.0020189961996617224 440
1739972967212 0.0033745246884099613 441
1739972967240 0.0014614455896980393 442
1739972967267 0.0021920063833461042 443
1739972967296 0.0012374860269388107 444
1739972967325 0.0013370914602922781 445
1739972967358 0.0016509818976684272 446
1739972967387 0.0028562757844240467 447
1739972967414 0.0010440364071695372 448
1739972967451 0.0008303555438522011 449
1739972967479 0.0024419994927188118 450
1739972967506 0.0013818820260082844 451
1739972967542 0.0028020439656487334 452
1739972967573 0.0014745860310218808 453
1739972967599 0.002227596059117294 454
1739972967624 0.0016517399776703467 455
1739972967649 0.0012289685823142573 456
1739972967674 0.001377064696608454 457
1739972967698 0.0018592238603367156 458
1739972967723 0.0010970269472677214 459
1739972967747 0.0012113755526568764 460
1739972967772 0.0009833108303001108 461
1739972967796 0.0012424776508708913 462
1739972967821 0.0009682141742548281 463
1739972967845 0.0017791076195576307 464
1739972967870 0.002340447861402254 465
1739972967894 0.0011267090069910133 466
1739972967919 0.0017461864590741483 467
1739972967943 0.0012231713980468636 468
1739972967968 0.001645938649882984 469
1739972967992 0.0023083846658316404 470
1739972968018 0.0035877288441376705 471
1739972968043 0.0044590601488312094 472
1739972968069 0.0015547702198815906 473
1739972968094 0.0025068451738752095 474
1739972968118 0.001600979755753655 475
1739972968143 0.0012275650492996671 476
1739972968166 0.0014553158081850525 477
1739972968192 0.0012812972105068208 478
1739972968218 0.0010527064418965686 479
1739972968243 0.0021233399277080555 480
1739972968267 0.0015990934929355114 481
1739972968290 0.000989819087407205 482
1739972968315 0.0011667078956915091 483
1739972968337 0.0015650494137751864 484
1739972968359 0.002663657179174844 485
1739972968381 0.0014490455731674063 486
1739972968403 0.0022310987792001163 487
1739972968428 0.0014919527418671217 488
1739972968451 0.0021076752781626893 489
1739972968474 0.002322382214627785 490
1739972968496 0.0015068328918630073 491
1739972968520 0.0006564811822224036 492
1739972968547 0.0011165972239139939 493
1739972968571 0.001823622020137873 494
1739972968596 0.0007277320225736457 495
1739972968623 0.004862297728978326 496
1739972968649 0.0028677704592881205 497
1739972968677 0.001910136252764431 498
1739972968705 0.0014349960469844714 499
