1740016494448 68.42844751709254 0
1740016494544 31.625854421007443 1
1740016494644 10.773046724351282 2
1740016494740 2.506610202402811 3
1740016494832 2.5178658345994505 4
1740016494925 0.7910881756983144 5
1740016495016 0.2745356782054325 6
1740016495108 0.8172339547823906 7
1740016495201 0.6297152200728349 8
1740016495293 0.115272941564274 9
1740016495384 0.06225584615787704 10
1740016495479 0.02559343649255671 11
1740016495572 0.005471948680363076 12
1740016495665 0.26110482888735037 13
1740016495758 0.06301606720556664 14
1740016495854 0.4260123441883775 15
1740016495948 0.025050080749063147 16
1740016496107 0.08789619736882388 17
1740016496206 0.5927968207381082 18
1740016496376 0.05110201186634598 19
1740016496473 0.039254215564962606 20
1740016496565 1.0291069373323984 21
1740016496659 0.0002524892483906088 22
1740016496755 0.08743928364660516 23
1740016496852 0.0005102759436122081 24
1740016496945 0.026144987045194714 25
1740016497038 0.016337112373300315 26
1740016497130 0.03253176866772076 27
1740016497227 0.01440581150700352 28
1740016497319 0.1959048801809519 29
1740016497412 0.07476259226781316 30
1740016497506 0.04045647964571751 31
1740016497599 0.28606015015241104 32
1740016497694 0.4234216770618898 33
1740016497786 0.38407298335434575 34
1740016497879 0.005400641421083041 35
1740016497972 0.092513045983928 36
1740016498083 0.0994112065527573 37
1740016498177 0.5005403749950733 38
1740016498270 4.658388051315471e-07 39
1740016498361 0.0818542911866964 40
1740016498459 0.2730560670454573 41
1740016498551 0.03365499905678989 42
1740016498643 0.04173120122780347 43
1740016498737 0.06638330382340625 44
1740016498828 5.0987332513893535e-06 45
1740016498919 0.033963858104562324 46
1740016499012 0.013886194646243282 47
1740016499102 0.04393110287320373 48
1740016499196 0.3268681686864046 49
1740016499289 0.00016517592553672472 50
1740016499378 0.047152779254863025 51
1740016499471 0.3921300736513603 52
1740016499564 0.028672561024624763 53
1740016499657 0.0008529095243981469 54
1740016499751 0.053321600690563666 55
1740016499840 0.08869318324385453 56
1740016499934 0.004561723329121367 57
1740016500026 0.17672458454410545 58
1740016500117 0.3562149128326152 59
1740016500212 0.03995803205577714 60
1740016500304 0.11613152643989705 61
1740016500396 0.006411785876272582 62
1740016500493 0.002934605282032617 63
1740016500583 0.26204767368078963 64
1740016500675 0.06814176292206427 65
1740016500770 0.002536590489668427 66
1740016500860 0.010580065291297331 67
1740016500954 0.007267901165240986 68
1740016501044 0.07450019476432945 69
1740016501134 0.42294631385833137 70
1740016501229 0.04207772759439464 71
1740016501320 0.024625157001898785 72
1740016501411 0.007300452635198583 73
1740016501504 0.03298817434759283 74
1740016501596 0.051725209028167206 75
1740016501692 0.0037970632985971672 76
1740016501787 0.12364928841979214 77
1740016501880 0.02234573558512645 78
1740016501974 0.17602140352592816 79
1740016502065 0.07609167377213522 80
1740016502160 0.14469089790375986 81
1740016502253 4.3768913042274455e-05 82
1740016502346 0.14816378097190955 83
1740016502439 0.0008674873866636425 84
1740016502534 4.577801266996251e-06 85
1740016502629 0.07502175366876485 86
1740016502726 0.02266025396130011 87
1740016502824 0.024545453626562044 88
1740016502921 0.5824231301036736 89
1740016503013 0.0026166733994405457 90
1740016503103 0.2381809926073965 91
1740016503201 0.03661867666883374 92
1740016503297 0.07522414325423037 93
1740016503390 1.0571711898459666e-05 94
1740016503481 0.012304796709308372 95
1740016503575 0.27172988301551665 96
1740016503666 0.003157150422183428 97
1740016503762 0.03957881057856825 98
1740016503855 0.38380579109071655 99
1740016503955 0.0010803092640707325 100
1740016504046 0.08883302746069952 101
1740016504137 0.21230120976360076 102
1740016504235 0.010599765607132437 103
1740016504326 0.02917170843079848 104
1740016504418 0.5254053725548559 105
1740016504515 0.005174647603997644 106
1740016504606 0.12443165475669332 107
1740016504699 0.1823443671080875 108
1740016504790 0.6467302669580607 109
1740016504882 0.06203990128617727 110
1740016504975 0.39748306790651516 111
1740016505065 0.21444286492686887 112
1740016505159 0.06184380058767708 113
1740016505253 0.2258791111309734 114
1740016505345 0.007793869337638837 115
1740016505435 0.00524728277238934 116
1740016505527 0.008535977899188356 117
1740016505619 0.3197822947953267 118
1740016505712 0.027617617002697877 119
1740016505809 0.5671487024306825 120
1740016505904 0.26717586717274816 121
1740016505997 0.009919169402515304 122
1740016506089 1.0209574761541098 123
1740016506184 7.3538085207580794e-06 124
1740016506278 0.2041592779183784 125
1740016506374 0.19916967160866952 126
1740016506472 0.11511474816190291 127
1740016506570 0.00226594437780047 128
1740016506662 0.04711697599877239 129
1740016506757 0.003826073951411323 130
1740016506850 0.01869290402019629 131
1740016506941 0.9489081658633114 132
1740016507037 0.016176253883963026 133
1740016507132 0.18508467634497325 134
1740016507258 0.0085792829220624 135
1740016507362 0.03658975564256568 136
1740016507465 0.001037688200355321 137
1740016507565 0.09499190784835196 138
1740016507663 0.159265263757304 139
1740016507758 0.023279236304674687 140
1740016507854 0.2588673575064828 141
1740016507951 0.01912524050521843 142
1740016508048 0.6935814886587558 143
1740016508162 0.002288024297498708 144
1740016508264 0.001570907858184413 145
1740016508368 0.015237729359902369 146
1740016508473 0.02644455712128374 147
1740016508572 0.108562160347739 148
1740016508670 0.10872295818254876 149
1740016508770 0.15102669886211983 150
1740016508867 0.0692879966809553 151
1740016508966 0.01097014981905382 152
1740016509062 0.0005632826727731833 153
1740016509160 0.031070750200185234 154
1740016509262 0.4107748422004298 155
1740016509357 0.47718127064471894 156
1740016509453 0.12004297696404133 157
1740016509551 0.18908314188574832 158
1740016509649 0.0015437137567299892 159
1740016509745 0.07319219205635494 160
1740016509839 0.014270323026209309 161
1740016509937 0.02336155337293736 162
1740016510034 0.004571491842777297 163
1740016510129 0.023476651965070632 164
1740016510234 0.21649564681978858 165
1740016510334 0.0413623757126202 166
1740016510439 0.2024373185859152 167
1740016510536 0.2359937695089637 168
1740016510635 0.010730601259228655 169
1740016510733 0.01172030549690676 170
1740016510827 0.3770526653518051 171
1740016510922 0.1925077625038051 172
1740016511017 0.0008645424779472696 173
1740016511111 0.08290371851018545 174
1740016511213 0.010300499038394802 175
1740016511310 0.026097588570478624 176
1740016511404 0.13701112484601846 177
1740016511499 0.023195653831411995 178
1740016511594 0.18593704343738368 179
1740016511688 0.9804612199105142 180
1740016511785 0.033010693323223345 181
1740016511880 0.028009755370711865 182
1740016511977 0.14140626522216138 183
1740016512072 0.6817703642368728 184
1740016512166 0.0747377486025252 185
1740016512270 0.04845090673367104 186
1740016512365 0.027743915187455958 187
1740016512460 0.21225782752631647 188
1740016512555 0.11716413760726663 189
1740016512654 0.08188877529247199 190
1740016512750 0.2590713179918887 191
1740016512847 0.5891884617035711 192
1740016512945 0.20360163527164057 193
1740016513084 0.0022301862153659307 194
1740016513185 0.2360288237151675 195
1740016513282 0.15770329305707229 196
1740016513376 6.584075919478246e-05 197
1740016513473 0.015635792032852015 198
1740016513572 0.29398684594972535 199
1740016513669 0.051246970842990125 200
1740016513765 0.019908372082585092 201
1740016513861 0.005317706003558833 202
1740016513957 0.31839621715795596 203
1740016514053 0.08512437570595764 204
1740016514148 0.008421539659055058 205
1740016514250 0.16197974644436436 206
1740016514348 0.002792084179534385 207
1740016514446 0.0007458398502762204 208
1740016514542 0.03143567861429914 209
1740016514638 0.00029578467239579773 210
1740016514742 0.029118190986051517 211
1740016514841 0.004148348151115115 212
1740016514940 0.0483816033357759 213
1740016515042 0.6327862022230756 214
1740016515137 0.032607203512031946 215
1740016515238 0.00557528766657701 216
1740016515337 0.033420770070163607 217
1740016515437 0.019206634346743117 218
1740016515538 0.034712981594430314 219
1740016515644 0.03720375450246896 220
1740016515751 0.04644311190522992 221
1740016515854 0.014698266265223593 222
1740016515953 0.031225421606168625 223
1740016516048 0.25898856893950317 224
1740016516144 6.922838361136554e-05 225
1740016516246 0.08601424923619681 226
1740016516343 0.04145635671250385 227
1740016516443 0.031897516218186636 228
1740016516539 0.2535022909769937 229
1740016516636 0.18683420723325986 230
1740016516737 0.06864860343818109 231
1740016516833 7.009415732483516e-06 232
1740016516932 0.3908504380937661 233
1740016517035 0.015659770185094908 234
1740016517133 0.08220380819342947 235
1740016517232 0.08740083540216667 236
1740016517328 0.004465803894313948 237
1740016517423 0.07534611544020842 238
1740016517520 0.002101247505819148 239
1740016517615 0.0035416728132287544 240
1740016517712 0.001830342778188082 241
1740016517807 0.006866086615720474 242
1740016517902 0.040498367615973765 243
1740016517998 0.1356106890288797 244
1740016518093 0.0890729814493576 245
