1740004563550 169.25480595599964 0
1740004563569 165.88168404515733 1
1740004563596 164.26962315516363 2
1740004563615 162.65071467654235 3
1740004563636 161.04800760224254 4
1740004563659 159.46112664828655 5
1740004563685 157.8900125325282 6
1740004563705 156.33441142519942 7
1740004563724 154.79426649029944 8
1740004563744 153.26932706344712 9
1740004563763 151.75953929077755 10
1740004563783 150.26465561860292 11
1740004563802 148.78462510494924 12
1740004563820 147.31920325632504 13
1740004563843 145.86834197374532 14
1740004563862 144.43179977445433 15
1740004563883 143.00953133488872 16
1740004563904 141.6012981345817 17
1740004563922 140.20705755913374 18
1740004563941 138.82657400291197 19
1740004563961 137.45980749570867 20
1740004563980 136.10652530023987 21
1740004563998 134.76669002677966 22
1740004564016 133.44007176085705 23
1740004564034 132.12663563075645 24
1740004564054 130.826187471104 25
1740004564072 129.53857919164295 26
1740004564090 128.26376850968464 27
1740004564108 127.0015265904282 28
1740004564126 125.7518304263281 29
1740004564146 124.51445383782296 30
1740004564164 123.28937605619694 31
1740004564182 122.0763736007781 32
1740004564200 120.87542788513218 33
1740004564219 119.68631808589468 34
1740004564240 118.50902774376314 35
1740004564258 117.3433386519293 36
1740004564276 116.18923642415841 37
1740004564294 115.04653980215036 38
1740004564314 113.91511581207148 39
1740004564335 112.79494123465282 40
1740004564353 111.68579845755248 41
1740004564372 110.58768388207169 42
1740004564390 109.50038235049861 43
1740004564409 108.42389208635785 44
1740004564427 107.35800044475242 45
1740004564447 106.30270742255625 46
1740004564466 105.25780285030517 47
1740004564485 104.22328845068589 48
1740004564504 103.19899215374352 49
1740004564522 102.18479221788803 50
1740004564540 101.18068031947583 51
1740004564558 100.18644655372086 52
1740004564577 99.20210259044173 53
1740004564598 98.22744084068906 54
1740004564616 97.2624744712644 55
1740004564635 96.30699827907962 56
1740004564653 95.3610268849996 57
1740004564672 94.42435743735945 58
1740004564691 93.49700596946566 59
1740004564709 92.5788087212527 60
1740004564727 91.66965403505547 61
1740004564747 90.76954682697526 62
1740004564766 89.8782842205217 63
1740004564789 88.99589143783486 64
1740004564807 88.1221677958976 65
1740004564825 87.25713972041326 66
1740004564849 86.400608802605 67
1740004564872 85.55260263421387 68
1740004564954 84.71292504883745 69
1740004564977 83.88160476799334 70
1740004564996 83.0584855625976 71
1740004565018 82.24346483198129 72
1740004565036 81.4365592397159 73
1740004565054 80.63757234022943 74
1740004565072 79.84654135998194 75
1740004565092 79.0632719389114 76
1740004565111 78.28780224245985 77
1740004565129 77.51994008657651 78
1740004565147 76.75972454304627 79
1740004565166 76.00696557420935 80
1740004565185 75.26170312679074 81
1740004565205 74.52378781166739 82
1740004565225 73.79312516666678 83
1740004565252 73.06974225858897 84
1740004565275 72.35344854691147 85
1740004565296 71.64429186684754 86
1740004565315 70.94208366803184 87
1740004565333 70.24687248621508 88
1740004565353 69.5584718604994 89
1740004565371 68.87693099896104 90
1740004565391 68.20210493796765 91
1740004565409 67.53390509549588 92
1740004565427 66.87236700840971 93
1740004565445 66.21730358296792 94
1740004565464 65.56877142536699 95
1740004565486 64.92658537365887 96
1740004565504 64.29080254481924 97
1740004565523 63.66123981551272 98
1740004565541 63.037954788747776 99
1740004565560 62.420766353391386 100
1740004565579 61.8097325749398 101
1740004565598 61.2047143113615 102
1740004565616 60.60562970043023 103
1740004565634 60.01252251694957 104
1740004565655 59.42521083686611 105
1740004565674 58.843759616406906 106
1740004565693 58.26798878618784 107
1740004565715 57.697963617047414 108
1740004565735 57.13350600834235 109
1740004565757 56.57468152446527 110
1740004565775 56.02135470195226 111
1740004565793 55.473448510017356 112
1740004565811 54.93101358326767 113
1740004565830 54.39387090946924 114
1740004565849 53.86209253501194 115
1740004565868 53.33550125712748 116
1740004565886 52.814169278702686 117
1740004565904 52.2979213268373 118
1740004565924 51.78682974277114 119
1740004565944 51.28076247608518 120
1740004565961 50.77964692531116 121
1740004565980 50.28353992924122 122
1740004565998 49.792265215247106 123
1740004566017 49.305901231124345 124
1740004566036 48.82427347306008 125
1740004566054 48.3474604001398 126
1740004566073 47.87528940359593 127
1740004566092 47.407838938350054 128
1740004566111 46.944938267581215 129
1740004566130 46.486665827764384 130
1740004566148 46.0328942800441 131
1740004566166 45.58355613992909 132
1740004566184 45.13871396719115 133
1740004566204 44.69819588994142 134
1740004566222 44.26208607238141 135
1740004566241 43.83021435337923 136
1740004566259 43.40266476209441 137
1740004566277 42.979268979733256 138
1740004566297 42.56011088778107 139
1740004566315 42.14506601081561 140
1740004566333 41.73407051060846 141
1740004566352 41.32719193670963 142
1740004566371 40.92426076854084 143
1740004566390 40.52536630282386 144
1740004566408 40.1303406982502 145
1740004566426 39.73927299569267 146
1740004566445 39.35199716958711 147
1740004566466 38.96860199458913 148
1740004566485 38.58896566794721 149
1740004566503 38.21302769838992 150
1740004566522 37.840860125758105 151
1740004566541 37.47229566281168 152
1740004566562 37.107428212855964 153
1740004566582 36.74609213948021 154
1740004566600 36.38838097937616 155
1740004566618 36.03413088792564 156
1740004566636 35.68343502692896 157
1740004566655 35.3361740931309 158
1740004566674 34.99229066886268 159
1740004566692 34.651860826538595 160
1740004566710 34.31471940594405 161
1740004566729 33.98096443486678 162
1740004566748 33.65043237817482 163
1740004566766 33.32322079555256 164
1740004566785 32.99916792202566 165
1740004566803 32.678370842827306 166
1740004566822 32.360712596794784 167
1740004566871 32.04613859015611 168
1740004566894 31.734728508709935 169
1740004566915 31.426319223177206 170
1740004566939 31.12101244421161 171
1740004566963 30.81864664424868 172
1740004566984 30.519322972914303 173
1740004567007 30.22288165319464 174
1740004567027 29.92942326912155 175
1740004567047 29.638789774263532 176
1740004567072 29.351081183645654 177
1740004567095 29.066184069633216 178
1740004567115 28.784047180638446 179
1740004567136 28.5047530512461 180
1740004567157 28.228142177188012 181
1740004567180 27.95431897095616 182
1740004567202 27.683125490440833 183
1740004567221 27.414665499256767 184
1740004567241 27.14878276930722 185
1740004567265 26.885580412568114 186
1740004567286 26.624946996422636 187
1740004567306 26.36683360221982 188
1740004567325 26.1113256250715 189
1740004567344 25.858265341928558 190
1740004567369 25.60776006268385 191
1740004567390 25.359653608198045 192
1740004567411 25.114052562455274 193
1740004567430 24.870802445212163 194
1740004567451 24.630009113284505 195
1740004567474 24.39156301479667 196
1740004567494 24.155417377766216 197
1740004567514 23.92166014037993 198
1740004567533 23.69013529350332 199
1740004567560 23.46095270953558 200
1740004567582 23.23395790653744 201
1740004567602 23.009259960640833 202
1740004567622 22.78670607493799 203
1740004567642 22.566404529420133 204
1740004567667 22.348247548432123 205
1740004567687 22.13219033633254 206
1740004567706 21.91832308448413 207
1740004567724 21.70649143588467 208
1740004567749 21.496807519668465 209
1740004567773 21.289118490659092 210
1740004567794 21.083535617524685 211
1740004567813 20.879907727339457 212
1740004567834 20.678345229710835 213
1740004567857 20.478742029409826 214
1740004567877 20.281055151335128 215
1740004567897 20.085376775529788 216
1740004567917 19.89155414011832 217
1740004567936 19.69970135207952 218
1740004567961 19.50966714717247 219
1740004567980 19.321564713395365 220
1740004568000 19.135244446912353 221
1740004568020 18.95081861932627 222
1740004568042 18.768182727843257 223
1740004568065 18.587295475340152 224
1740004568086 18.408250789461448 225
1740004568108 18.230897450575103 226
1740004568128 18.05535128941934 227
1740004568152 17.881462570835943 228
1740004568173 17.709346153312868 229
1740004568194 17.538853951056492 230
1740004568215 17.3700998539779 231
1740004568236 17.202980870704486 232
1740004568262 17.037457251594912 233
1740004568282 16.873624452397948 234
1740004568302 16.71133274639018 235
1740004568322 16.55069945686891 236
1740004568344 16.391576329324295 237
1740004568368 16.234079666371663 238
1740004568388 16.078062852516634 239
1740004568408 15.923641174369205 240
1740004568428 15.770713077201968 241
1740004568453 15.619240239356525 242
1740004568476 15.46931944507419 243
1740004568496 15.320802414252366 244
1740004568517 15.173807752654426 245
1740004568537 15.02818864091711 246
1740004568561 14.8840626201514 247
1740004568583 14.741284500252528 248
1740004568606 14.599970763280465 249
1740004568628 14.460021221953866 250
1740004568647 14.321398873122828 251
1740004568667 14.184201648227472 252
1740004568685 14.04828267010827 253
1740004568704 13.913761636363528 254
1740004568723 13.780493119784357 255
1740004568745 13.648595713458917 256
1740004568766 13.517925610185774 257
1740004568786 13.388600304996498 258
1740004568805 13.260520913843365 259
1740004568825 13.133651651748988 260
1740004568848 13.008091432927815 261
1740004568869 12.883694741716 262
1740004568889 12.760582194854535 263
1740004568910 12.63860971643904 264
1740004568931 12.517896782632539 265
1740004568952 12.398300928718507 266
1740004568971 12.279940497520371 267
1740004568991 12.162717848471743 268
1740004569010 12.046598322763426 269
1740004569030 11.931681668489782 270
1740004569050 11.817823691937235 271
1740004569071 11.70514577282594 272
1740004569090 11.593505147531287 273
1740004569110 11.483022022618824 274
1740004569131 11.373555237199145 275
1740004569152 11.265223832644251 276
1740004569172 11.157931356107325 277
1740004569193 11.051644190540069 278
1740004569213 10.946462783314647 279
1740004569234 10.842244224740929 280
1740004569253 10.739110516578288 281
1740004569272 10.636920170008818 282
1740004569291 10.535793984275216 283
1740004569310 10.435592065153857 284
1740004569331 10.336434017996883 285
1740004569351 10.238224525487928 286
1740004569371 10.140930934860469 287
1740004569391 10.044654271310346 288
1740004569413 9.949252872619686 289
1740004569433 9.854849235662181 290
1740004569451 9.76130311027101 291
1740004569470 9.66873576439966 292
1740004569489 9.577008534599175 293
1740004569509 9.486241469140726 294
1740004569529 9.396297473716375 295
1740004569553 9.307295387318197 296
1740004569578 9.219142078500568 297
1740004569603 9.131806175603758 298
1740004569628 9.045388212761468 299
1740004569651 8.959749264789352 300
1740004569672 8.875011026047899 301
1740004569691 8.791035959268036 302
1740004569711 8.70794451633837 303
1740004569731 8.62560072242598 304
1740004569750 8.544123796678914 305
1740004569771 8.463421592421675 306
1740004569794 8.38346354148268 307
1740004569814 8.304350583247466 308
1740004569834 8.225944896130459 309
1740004569854 8.14836849843413 310
1740004569874 8.07148494916915 311
1740004569895 7.995415002650418 312
1740004569916 7.920023773759798 313
1740004569938 7.845430763074174 314
1740004569958 7.771544768310033 315
1740004569977 7.698335966351363 316
1740004569997 7.625905612763935 317
1740004570017 7.554116960001635 318
1740004570036 7.483092257544678 319
1740004570054 7.412696131334559 320
1740004570073 7.34304954765491 321
1740004570094 7.274018681859504 322
1740004570115 7.205723227761034 323
1740004570135 7.138072889197793 324
1740004570155 7.0710385343457425 325
1740004570175 7.004721655262707 326
1740004570197 6.938986549351994 327
1740004570216 6.873955614557218 328
1740004570237 6.809494514843183 329
1740004570259 6.745724347866683 330
1740004570281 6.682512320632407 331
1740004570318 6.619978241673023 332
1740004570337 6.558032684571607 333
1740004570357 6.496647159293868 334
1740004570376 6.4359233233146105 335
1740004570396 6.375726490280688 336
1740004570415 6.316179133113606 337
1740004570434 6.25714792525467 338
1740004570453 6.19875402419318 339
1740004570502 6.140865640108764 340
1740004570520 6.083602626622173 341
1740004570541 6.026834713401486 342
1740004570560 5.970680462929354 343
1740004570581 5.915052329113917 344
1740004570603 5.859922743339526 345
1740004570622 5.805392430298371 346
1740004570641 5.751329167479913 347
1740004570660 5.697854177933918 348
1740004570681 5.644836577042432 349
1740004570702 5.592396271365149 350
1740004570721 5.540403890443066 351
1740004570739 5.4889780361666345 352
1740004570759 5.4380319114439075 353
1740004570780 5.3875384824453185 354
1740004570800 5.337598564127474 355
1740004570820 5.288080820912065 356
1740004570841 5.239106483039568 357
1740004570860 5.190545547138773 358
1740004570879 5.142517914713919 359
1740004570898 5.094895091227547 360
1740004570916 5.047795661609565 361
1740004570936 5.0011335489392525 362
1740004570954 4.95488221663976 363
1740004570975 4.909142518850054 364
1740004570994 4.863783982884277 365
1740004571013 4.818927793735859 366
1740004571032 4.774444805301595 367
1740004571054 4.730454863110981 368
1740004571075 4.686830324560184 369
1740004571095 4.643689708188968 370
1740004571115 4.600906857848339 371
1740004571136 4.558598978727167 372
1740004571158 4.516681700764377 373
1740004571178 4.47512924692156 374
1740004571199 4.434041408862095 375
1740004571218 4.393289996140177 376
1740004571238 4.3529948228159485 377
1740004571258 4.313029004405592 378
1740004571276 4.273511019315042 379
1740004571295 4.234315465069849 380
1740004571314 4.195559497053968 381
1740004571334 4.157159359270324 382
1740004571359 4.119089688012277 383
1740004571378 4.081450277295443 384
1740004571398 4.044113679432451 385
1740004571418 4.007199635764134 386
1740004571437 3.970581999846303 387
1740004571457 3.9343791687025402 388
1740004571476 3.898466473399694 389
1740004571495 3.8629609795432174 390
1740004571514 3.827779522138305 391
1740004571534 3.792897122276323 392
1740004571555 3.758413540035338 393
1740004571576 3.724202050142309 394
1740004571597 3.690382284324532 395
1740004571618 3.6568288138310705 396
1740004571639 3.6236599185974607 397
1740004571658 3.590751642827229 398
1740004571677 3.5582209278071213 399
1740004571695 3.525945273817662 400
1740004571714 3.4940402978018987 401
1740004571738 3.4624243909554506 402
1740004571758 3.4310732075898525 403
1740004571776 3.4000853740563257 404
1740004571796 3.369336280332725 405
1740004571819 3.3389441275603895 406
1740004571841 3.308785582648611 407
1740004571861 3.278977502321703 408
1740004571880 3.2493980058478185 409
1740004571899 3.220162618758734 410
1740004571919 3.1911902284775056 411
1740004571939 3.1624568075867 412
1740004571959 3.134060939836614 413
1740004571978 3.1058786249700976 414
1740004571998 3.0780279565901174 415
1740004572019 3.0503862074427546 416
1740004572039 3.023070120659215 417
1740004572058 2.9959584175392378 418
1740004572077 2.9691665041764557 419
1740004572096 2.942574533708883 420
1740004572117 2.916296589784947 421
1740004572136 2.890253005431502 422
1740004572155 2.8644203114588467 423
1740004572175 2.8388959553915907 424
1740004572194 2.813557919086903 425
1740004572214 2.7885228763447842 426
1740004572235 2.7636700633484206 427
1740004572255 2.7391148123316857 428
1740004572275 2.71473778830676 429
1740004572296 2.690652995419069 430
1740004572317 2.66674251096799 431
1740004572337 2.6431190256413313 432
1740004572357 2.6197042354422555 433
1740004572377 2.5964751870740446 434
1740004572398 2.573528227824165 435
1740004572418 2.5507432143874396 436
1740004572438 2.5282354502288285 437
1740004572459 2.5058860286027547 438
1740004572478 2.483808920510372 439
1740004572497 2.4618866292410955 440
1740004572517 2.440231806841621 441
1740004572538 2.418766494790029 442
1740004572557 2.397467969339499 443
1740004572577 2.376432569466539 444
1740004572599 2.355540572233915 445
1740004572619 2.3349072295449607 446
1740004572640 2.3144140525035706 447
1740004572660 2.294174955708824 448
1740004572679 2.2740728578927607 449
1740004572699 2.254220350032271 450
1740004572719 2.2345017420744404 451
1740004572740 2.21502831620574 452
1740004572760 2.195723383608287 453
1740004572781 2.1765646784131167 454
1740004572803 2.1576474525358003 455
1740004572828 2.1388537421285787 456
1740004572852 2.120297454664385 457
1740004572874 2.101861843291554 458
1740004572896 2.083659488348415 459
1740004572925 2.0655750325130495 460
1740004572957 2.047719742673788 461
1740004572982 2.0299796347833223 462
1740004573006 2.012464677109473 463
1740004573029 1.9950993764997293 464
1740004573052 1.9778618907284635 465
1740004573072 1.9608464274626607 466
1740004573091 1.9439366835131155 467
1740004573111 1.9272452778430509 468
1740004573131 1.910657108035189 469
1740004573151 1.8942834760658978 470
1740004573171 1.8780106517978838 471
1740004573189 1.8619486339002067 472
1740004573208 1.8459850484095532 473
1740004573227 1.8302286055075485 474
1740004573248 1.8146049375493087 475
1740004573267 1.7990925943678604 476
1740004573285 1.7837847824249875 477
1740004573305 1.7685667653665667 478
1740004573326 1.7535499293555876 479
1740004573349 1.7386207233592366 480
1740004573370 1.7238892266402879 481
1740004573392 1.7092432439978797 482
1740004573412 1.6947915614624984 483
1740004573432 1.6804233237002808 484
1740004573452 1.6662460383132909 485
1740004573471 1.6521863966360388 486
1740004573493 1.638223311386799 487
1740004573512 1.6244490308841233 488
1740004573533 1.610750296139987 489
1740004573554 1.5972373158116155 490
1740004573573 1.5837980015119082 491
1740004573593 1.570541264989311 492
1740004573615 1.5573563579993939 493
1740004573637 1.5443509090324132 494
1740004573656 1.531415494155269 495
1740004573675 1.5186564733823065 496
1740004573695 1.5060015339000783 497
1740004573714 1.4934299243353797 498
1740004573734 1.4810329777580795 499
