1739995984183 169.25480595599964 0
1739995984205 169.2209064715117 1
1739995984223 169.20396140279445 2
1739995984245 169.18701718322026 3
1739995984262 169.17007466257172 4
1739995984281 169.15313384063575 5
1739995984300 169.1361947172419 6
1739995984317 169.1192572922198 7
1739995984336 169.10232156539897 8
1739995984356 169.0853875366091 9
1739995984375 169.06845520567978 10
1739995984394 169.05152457244068 11
1739995984414 169.0345956367214 12
1739995984434 169.01766839835173 13
1739995984453 169.00074285716133 14
1739995984471 168.98381901297986 15
1739995984491 168.96689686563712 16
1739995984510 168.94997641496283 17
1739995984529 168.9330576607868 18
1739995984548 168.91614060293878 19
1739995984566 168.8992252412486 20
1739995984584 168.88231157554603 21
1739995984602 168.86539960566094 22
1739995984620 168.8484893314232 23
1739995984637 168.83158075266266 24
1739995984653 168.8146738692092 25
1739995984668 168.79776868089274 26
1739995984685 168.7808651875432 27
1739995984701 168.76396338899056 28
1739995984717 168.7470632850647 29
1739995984733 168.73016487559568 30
1739995984749 168.71326816041338 31
1739995984765 168.6963731393479 32
1739995984781 168.67947981222923 33
1739995984801 168.66258817888746 34
1739995984819 168.64569823915258 35
1739995984835 168.6288099928547 36
1739995984853 168.6119234398239 37
1739995984870 168.5950385798903 38
1739995984889 168.57815541288406 39
1739995984907 168.56127393863525 40
1739995984924 168.54439415697408 41
1739995984942 168.52751606773074 42
1739995984958 168.51063967073543 43
1739995984975 168.4937649658183 44
1739995984992 168.47689195280964 45
1739995985009 168.46002063153966 46
1739995985025 168.4431510018387 47
1739995985041 168.42628306353694 48
1739995985057 168.40941681646473 49
1739995985074 168.39255226045233 50
1739995985091 168.37568939533017 51
1739995985107 168.35882822092856 52
1739995985123 168.34196873707785 53
1739995985140 168.3251109436084 54
1739995985156 168.30825484035066 55
1739995985172 168.29140042713502 56
1739995985192 168.2745477037919 57
1739995985208 168.25769667015183 58
1739995985224 168.24084732604516 59
1739995985242 168.22399967130247 60
1739995985258 168.20715370575422 61
1739995985274 168.19030942923092 62
1739995985290 168.17346684156317 63
1739995985309 168.15662594258146 64
1739995985326 168.13978673211636 65
1739995985344 168.1229492099985 66
1739995985361 168.10611337605843 67
1739995985448 168.08927923012686 68
1739995985466 168.07244677203434 69
1739995985486 168.05561600161153 70
1739995985503 168.03878691868917 71
1739995985519 168.02195952309785 72
1739995985535 168.0051338146684 73
1739995985552 167.98830979323145 74
1739995985568 167.97148745861776 75
1739995985584 167.95466681065813 76
1739995985600 167.93784784918327 77
1739995985616 167.92103057402406 78
1739995985632 167.90421498501118 79
1739995985648 167.88740108197558 80
1739995985664 167.87058886474802 81
1739995985680 167.8537783331594 82
1739995985697 167.83696948704062 83
1739995985713 167.82016232622252 84
1739995985729 167.803356850536 85
1739995985746 167.7865530598121 86
1739995985762 167.76975095388158 87
1739995985779 167.7529505325756 88
1739995985794 167.73615179572496 89
1739995985814 167.7193547431608 90
1739995985831 167.70255937471404 91
1739995985848 167.68576569021576 92
1739995985864 167.66897368949694 93
1739995985883 167.65218337238875 94
1739995985900 167.6353947387222 95
1739995985916 167.61860778832838 96
1739995985932 167.60182252103843 97
1739995985948 167.58503893668347 98
1739995985964 167.56825703509463 99
1739995985980 167.55147681610313 100
1739995985997 167.5346982795401 101
1739995986013 167.51792142523678 102
1739995986029 167.50114625302436 103
1739995986046 167.48437276273404 104
1739995986062 167.4676009541971 105
1739995986077 167.45083082724489 106
1739995986093 167.43406238170851 107
1739995986109 167.41729561741946 108
1739995986126 167.40053053420894 109
1739995986142 167.3837671319083 110
1739995986158 167.36700541034887 111
1739995986174 167.35024536936209 112
1739995986190 167.3334870087793 113
1739995986206 167.31673032843187 114
1739995986222 167.2999753281513 115
1739995986238 167.28322200776898 116
1739995986254 167.2664703671163 117
1739995986270 167.24972040602486 118
1739995986287 167.23297212432607 119
1739995986303 167.21622552185144 120
1739995986320 167.1994805984325 121
1739995986336 167.1827373539008 122
1739995986352 167.16599578808783 123
1739995986368 167.14925590082524 124
1739995986386 167.13251769194457 125
1739995986403 167.1157811612775 126
1739995986418 167.09904630865555 127
1739995986434 167.0823131339104 128
1739995986451 167.0655816368737 129
1739995986467 167.04885181737717 130
1739995986483 167.03212367525242 131
1739995986499 167.01539721033126 132
1739995986515 166.99867242244534 133
1739995986532 166.98194931142638 134
1739995986548 166.96522787710617 135
1739995986565 166.94850811931653 136
1739995986581 166.93179003788916 137
1739995986598 166.91507363265595 138
1739995986613 166.89835890344867 139
1739995986629 166.8816458500992 140
1739995986644 166.8649344724394 141
1739995986661 166.84822477030104 142
1739995986677 166.83151674351615 143
1739995986693 166.8148103919166 144
1739995986709 166.7981057153343 145
1739995986725 166.7814027136012 146
1739995986742 166.76470138654926 147
1739995986758 166.74800173401044 148
1739995986774 166.73130375581675 149
1739995986791 166.71460745180025 150
1739995986812 166.69791282179284 151
1739995986829 166.68121986562667 152
1739995986847 166.66452858313377 153
1739995986865 166.64783897414623 154
1739995986882 166.63115103849614 155
1739995986901 166.6144647760156 156
1739995986922 166.59778018653677 157
1739995986940 166.58109726989173 158
1739995986960 166.56441602591272 159
1739995986978 166.54773645443186 160
1739995986996 166.53105855528136 161
1739995987013 166.51438232829346 162
1739995987030 166.4977077733004 163
1739995987048 166.48103489013434 164
1739995987064 166.46436367862765 165
1739995987081 166.44769413861255 166
1739995987097 166.43102626992132 167
1739995987115 166.41436007238636 168
1739995987132 166.39769554583987 169
1739995987149 166.38103269011432 170
1739995987165 166.36437150504204 171
1739995987182 166.3477119904554 172
1739995987199 166.33105414618674 173
1739995987217 166.31439797206858 174
1739995987235 166.2977434679333 175
1739995987252 166.28109063361333 176
1739995987270 166.2644394689412 177
1739995987288 166.2477899737493 178
1739995987305 166.2311421478702 179
1739995987326 166.2144959911364 180
1739995987343 166.1978515033804 181
1739995987360 166.1812086844348 182
1739995987378 166.16456753413215 183
1739995987396 166.14792805230505 184
1739995987414 166.13129023878605 185
1739995987431 166.1146540934078 186
1739995987448 166.09801961600292 187
1739995987466 166.08138680640405 188
1739995987483 166.0647556644439 189
1739995987500 166.04812618995513 190
1739995987517 166.03149838277045 191
1739995987535 166.01487224272253 192
1739995987552 165.99824776964417 193
1739995987570 165.98162496336812 194
1739995987587 165.96500382372707 195
1739995987605 165.94838435055388 196
1739995987623 165.93176654368133 197
1739995987640 165.91515040294223 198
1739995987657 165.89853592816942 199
1739995987675 165.88192311919576 200
1739995987692 165.8653119758541 201
1739995987709 165.84870249797737 202
1739995987726 165.83209468539843 203
1739995987743 165.81548853795016 204
1739995987759 165.7988840554656 205
1739995987776 165.78228123777765 206
1739995987794 165.76568008471926 207
1739995987813 165.74908059612343 208
1739995987831 165.7324827718232 209
1739995987847 165.7158866116515 210
1739995987864 165.69929211544147 211
1739995987880 165.6826992830261 212
1739995987898 165.66610811423848 213
1739995987915 165.6495186089117 214
1739995987933 165.63293076687884 215
1739995987949 165.61634458797306 216
1739995987966 165.59976007202746 217
1739995987984 165.58317721887522 218
1739995988002 165.56659602834947 219
1739995988018 165.55001650028348 220
1739995988036 165.53343863451036 221
1739995988053 165.51686243086337 222
1739995988070 165.50028788917575 223
1739995988088 165.48371500928081 224
1739995988105 165.46714379101167 225
1739995988122 165.45057423420178 226
1739995988140 165.43400633868436 227
1739995988157 165.41744010429275 228
1739995988173 165.40087553086025 229
1739995988189 165.3843126182203 230
1739995988206 165.36775136620622 231
1739995988222 165.3511917746514 232
1739995988238 165.3346338433892 233
1739995988254 165.31807757225312 234
1739995988271 165.30152296107656 235
1739995988287 165.28497000969298 236
1739995988304 165.26841871793587 237
1739995988323 165.25186908563873 238
1739995988340 165.23532111263498 239
1739995988356 165.21877479875823 240
1739995988372 165.202230143842 241
1739995988390 165.18568714771982 242
1739995988407 165.16914581022525 243
1739995988424 165.15260613119193 244
1739995988442 165.1360681104534 245
1739995988459 165.11953174784335 246
1739995988476 165.10299704319542 247
1739995988494 165.0864639963432 248
1739995988511 165.06993260712045 249
1739995988528 165.05340287536077 250
1739995988545 165.0368748008979 251
1739995988562 165.02034838356556 252
1739995988579 165.00382362319758 253
1739995988596 164.98730051962752 254
1739995988613 164.9707790726893 255
1739995988631 164.9542592822167 256
1739995988647 164.93774114804347 257
1739995988665 164.92122467000348 258
1739995988681 164.90470984793058 259
1739995988698 164.88819668165857 260
1739995988714 164.87168517102134 261
1739995988731 164.85517531585282 262
1739995988749 164.83866711598685 263
1739995988766 164.82216057125743 264
1739995988784 164.80565568149845 265
1739995988805 164.78915244654385 266
1739995988824 164.77265086622765 267
1739995988843 164.75615094038383 268
1739995988859 164.73965266884633 269
1739995988876 164.72315605144928 270
1739995988894 164.70666108802666 271
1739995988912 164.6901677784125 272
1739995988930 164.67367612244095 273
1739995988949 164.65718611994603 274
1739995988966 164.64069777076188 275
1739995988983 164.6242110747226 276
1739995989000 164.60772603166237 277
1739995989016 164.59124264141528 278
1739995989033 164.57476090381556 279
1739995989050 164.5582808186974 280
1739995989067 164.54180238589498 281
1739995989084 164.52532560524247 282
1739995989102 164.50885047657425 283
1739995989119 164.49237699972448 284
1739995989136 164.4759051745274 285
1739995989155 164.4594350008174 286
1739995989172 164.44296647842873 287
1739995989189 164.42649960719567 288
1739995989206 164.41003438695267 289
1739995989223 164.39357081753397 290
1739995989241 164.37710889877403 291
1739995989258 164.36064863050717 292
1739995989275 164.34419001256785 293
1739995989293 164.32773304479048 294
1739995989310 164.31127772700947 295
1739995989329 164.2948240590593 296
1739995989346 164.27837204077443 297
1739995989362 164.26192167198934 298
1739995989378 164.2454729525386 299
1739995989395 164.22902588225665 300
1739995989412 164.21258046097807 301
1739995989430 164.19613668853742 302
1739995989447 164.17969456476925 303
1739995989464 164.16325408950814 304
1739995989480 164.14681526258877 305
1739995989498 164.13037808384567 306
1739995989515 164.11394255311347 307
1739995989534 164.09750867022694 308
1739995989553 164.08107643502063 309
1739995989572 164.06464584732933 310
1739995989589 164.04821690698765 311
1739995989608 164.03178961383037 312
1739995989627 164.01536396769222 313
1739995989644 163.99893996840794 314
1739995989660 163.98251761581227 315
1739995989677 163.9660969097401 316
1739995989693 163.94967785002612 317
1739995989709 163.93326043650524 318
1739995989725 163.91684466901222 319
1739995989741 163.900430547382 320
1739995989758 163.8840180714494 321
1739995989774 163.86760724104928 322
1739995989791 163.85119805601659 323
1739995989811 163.83479051618622 324
1739995989827 163.81838462139316 325
1739995989844 163.8019803714723 326
1739995989860 163.78557776625863 327
1739995989875 163.76917680558714 328
1739995989892 163.75277748929284 329
1739995989909 163.73637981721075 330
1739995989924 163.7199837891759 331
1739995989941 163.70358940502337 332
1739995989957 163.68719666458816 333
1739995989973 163.67080556770543 334
1739995989989 163.65441611421022 335
1739995990045 163.63802830393774 336
1739995990098 163.621642136723 337
1739995990115 163.6052576124013 338
1739995990132 163.5888747308077 339
1739995990148 163.57249349177738 340
1739995990164 163.55611389514561 341
1739995990180 163.53973594074756 342
1739995990197 163.5233596284185 343
1739995990213 163.50698495799364 344
1739995990230 163.49061192930827 345
1739995990248 163.47424054219772 346
1739995990264 163.45787079649722 347
1739995990282 163.44150269204206 348
1739995990301 163.4251362286677 349
1739995990321 163.4087714062094 350
1739995990339 163.39240822450253 351
1739995990357 163.37604668338253 352
1739995990374 163.35968678268472 353
1739995990392 163.34332852224458 354
1739995990409 163.32697190189754 355
1739995990425 163.31061692147898 356
1739995990442 163.29426358082446 357
1739995990458 163.2779118797694 358
1739995990474 163.26156181814932 359
1739995990491 163.24521339579974 360
1739995990507 163.22886661255623 361
1739995990523 163.21252146825427 362
1739995990539 163.19617796272942 363
1739995990555 163.17983609581734 364
1739995990571 163.1634958673536 365
1739995990587 163.14715727717376 366
1739995990604 163.1308203251135 367
1739995990620 163.11448501100847 368
1739995990638 163.0981513346943 369
1739995990655 163.08181929600673 370
1739995990672 163.06548889478142 371
1739995990691 163.0491601308541 372
1739995990710 163.03283300406045 373
1739995990730 163.01650751423628 374
1739995990749 163.0001836612173 375
1739995990767 162.98386144483936 376
1739995990785 162.9675408649382 377
1739995990807 162.95122192134968 378
1739995990825 162.93490461390954 379
1739995990841 162.91858894245374 380
1739995990858 162.90227490681806 381
1739995990874 162.88596250683844 382
1739995990890 162.8696517423507 383
1739995990907 162.85334261319082 384
1739995990923 162.83703511919467 385
1739995990941 162.8207292601983 386
1739995990956 162.80442503603754 387
1739995990972 162.78812244654844 388
1739995990988 162.771821491567 389
1739995991004 162.75552217092917 390
1739995991020 162.73922448447107 391
1739995991037 162.72292843202865 392
1739995991054 162.70663401343808 393
1739995991070 162.69034122853532 394
1739995991086 162.67405007715652 395
1739995991103 162.6577605591378 396
1739995991119 162.64147267431525 397
1739995991135 162.62518642252505 398
1739995991151 162.60890180360335 399
1739995991167 162.5926188173863 400
1739995991187 162.57633746371013 401
1739995991205 162.560057742411 402
1739995991222 162.54377965332517 403
1739995991240 162.52750319628882 404
1739995991258 162.51122837113837 405
1739995991276 162.49495517770993 406
1739995991296 162.47868361583986 407
1739995991314 162.46241368536442 408
1739995991336 162.44614538612 409
1739995991355 162.4298787179429 410
1739995991373 162.41361368066947 411
1739995991390 162.39735027413613 412
1739995991407 162.3810884981792 413
1739995991423 162.3648283526351 414
1739995991440 162.34856983734034 415
1739995991456 162.33231295213125 416
1739995991472 162.31605769684435 417
1739995991489 162.29980407131606 418
1739995991505 162.28355207538291 419
1739995991520 162.26730170888138 420
1739995991536 162.251052971648 421
1739995991552 162.23480586351934 422
1739995991568 162.21856038433188 423
1739995991584 162.20231653392224 424
1739995991602 162.186074312127 425
1739995991618 162.16983371878277 426
1739995991635 162.1535947537261 427
1739995991652 162.13735741679375 428
1739995991668 162.1211217078223 429
1739995991685 162.1048876266484 430
1739995991701 162.08865517310878 431
1739995991717 162.0724243470401 432
1739995991733 162.0561951482791 433
1739995991750 162.03996757666252 434
1739995991767 162.02374163202705 435
1739995991784 162.00751731420957 436
1739995991805 161.9912946230468 437
1739995991822 161.97507355837553 438
1739995991841 161.95885412003258 439
1739995991859 161.94263630785477 440
1739995991876 161.92642012167897 441
1739995991893 161.91020556134205 442
1739995991912 161.8939926266809 443
1739995991929 161.8777813175324 444
1739995991945 161.86157163373346 445
1739995991962 161.84536357512096 446
1739995991979 161.829157141532 447
1739995991995 161.81295233280335 448
1739995992012 161.79674914877216 449
1739995992029 161.78054758927533 450
1739995992046 161.76434765414984 451
1739995992063 161.7481493432328 452
1739995992079 161.73195265636127 453
1739995992097 161.71575759337227 454
1739995992115 161.6995641541028 455
1739995992133 161.6833723383901 456
1739995992151 161.66718214607118 457
1739995992168 161.65099357698318 458
1739995992185 161.6348066309633 459
1739995992202 161.61862130784866 460
1739995992220 161.60243760747642 461
1739995992237 161.58625552968377 462
1739995992253 161.57007507430797 463
1739995992269 161.55389624118615 464
1739995992285 161.5377190301557 465
1739995992301 161.52154344105372 466
1739995992318 161.5053694737176 467
1739995992337 161.48919712798457 468
1739995992353 161.47302640369196 469
1739995992369 161.4568573006771 470
1739995992385 161.44068981877726 471
1739995992402 161.42452395782988 472
1739995992418 161.4083597176723 473
1739995992434 161.39219709814193 474
1739995992450 161.37603609907612 475
1739995992467 161.35987672031234 476
1739995992485 161.34371896168804 477
1739995992523 161.3275628230406 478
1739995992542 161.31140830420756 479
1739995992558 161.29525540502638 480
1739995992574 161.27910412533456 481
1739995992590 161.26295446496962 482
1739995992607 161.24680642376913 483
1739995992623 161.23066000157058 484
1739995992639 161.2145151982116 485
1739995992655 161.1983720135297 486
1739995992672 161.18223044736254 487
1739995992687 161.16609049954772 488
1739995992703 161.1499521699229 489
1739995992719 161.13381545832567 490
1739995992736 161.11768036459372 491
1739995992752 161.10154688856477 492
1739995992768 161.08541503007646 493
1739995992784 161.06928478896657 494
1739995992802 161.05315616507278 495
1739995992819 161.03702915823283 496
1739995992835 161.02090376828454 497
1739995992851 161.00477999506563 498
1739995992867 160.98865783841393 499
