1739976602481 7.049224630891333 0
1739976602562 7.0694985884915456 1
1739976602666 6.4573285275663785 2
1739976602735 6.2447730087250335 3
1739976602810 6.146777252450951 4
1739976602878 6.764946632549588 5
1739976602946 5.7333703901649695 6
1739976603015 6.721823615458099 7
1739976603082 6.957539264180404 8
1739976603151 6.20731083582201 9
1739976603220 7.067346578355747 10
1739976603286 6.829402128505038 11
1739976603355 5.8743726852946345 12
1739976603422 6.696138544706754 13
1739976603489 6.833550086122203 14
1739976603557 6.844566869908602 15
1739976603626 6.192468312219921 16
1739976603696 7.336140046532744 17
1739976603765 6.642023461975405 18
1739976603847 6.743531378241646 19
1739976603916 5.362176620725716 20
1739976603987 6.035102436527138 21
1739976604068 6.5161381961456195 22
1739976604138 5.383819683510859 23
1739976604206 6.635822371079519 24
1739976604273 6.408604316894982 25
1739976604340 5.855641238997168 26
1739976604420 6.6630922388187415 27
1739976604504 6.410279748074883 28
1739976604591 6.106656448831845 29
1739976604670 6.840984232406255 30
1739976604744 6.816447398136795 31
1739976604818 6.282745741472469 32
1739976604889 6.489171383377897 33
1739976604965 6.4794495239433205 34
1739976605035 6.919031624021072 35
1739976605113 6.540782044018405 36
1739976605188 6.347176693155191 37
1739976605269 6.588441631516538 38
1739976605357 6.03110623042881 39
1739976605485 6.283209196394479 40
1739976605576 6.598333725181378 41
1739976605664 6.356553739479021 42
1739976605745 5.9531498836787815 43
1739976605828 6.718615488102723 44
1739976605928 6.589690554497985 45
1739976606009 6.633805575907666 46
1739976606090 6.44157078159893 47
1739976606171 6.67314899796484 48
1739976606253 6.947652707395989 49
1739976606333 5.929347291870956 50
1739976606416 6.636393247259729 51
1739976606625 6.810641080336451 52
1739976606732 6.008049949491619 53
1739976606876 6.8905247115792445 54
1739976607033 6.716502429593829 55
1739976607141 6.995142314205916 56
1739976607262 6.273954348582018 57
1739976607365 5.859125763008605 58
1739976607572 6.0065558813632265 59
1739976608109 6.721153353606706 60
1739976608315 6.622397473403456 61
1739976608554 6.872808504209283 62
1739976608818 6.861173110755003 63
1739976609106 6.910351951664912 64
1739976609312 6.336881448820178 65
1739976609574 6.320652764932223 66
1739976609707 6.621485670833617 67
1739976609899 4.925962109137932 68
1739976610075 6.400007239929109 69
1739976610189 6.444666423560701 70
1739976610364 6.667036497289164 71
1739976610530 6.724113184206941 72
1739976610678 6.231925337843021 73
1739976610779 6.742761810242301 74
1739976610865 5.91613018287013 75
1739976610949 6.444023141437587 76
1739976611033 6.095483314659551 77
1739976611118 6.661282462014412 78
1739976611208 6.703618775795096 79
1739976611298 5.663298082850062 80
1739976611413 6.755429887833443 81
1739976611515 6.38989681605924 82
1739976611607 6.593384721419391 83
1739976611715 5.9308829803183265 84
1739976611826 6.895085146390009 85
1739976611927 6.438084291796179 86
1739976612023 7.254982467466445 87
1739976612121 6.739096565179228 88
1739976612236 5.641070298234828 89
1739976612380 6.1165224173633925 90
1739976612496 6.5280812864945625 91
1739976612626 6.170505929525237 92
1739976612753 6.992978953405694 93
1739976612879 6.184241478206676 94
1739976613031 6.751673157721757 95
1739976613178 6.579008213718538 96
1739976613322 6.609857313860095 97
1739976613453 6.439430877665218 98
1739976613552 6.590236976398083 99
1739976613648 6.459250709653915 100
1739976613732 6.109961790570033 101
1739976613812 6.024600056001082 102
1739976613892 6.536035052603567 103
1739976613971 6.794358927169573 104
1739976614048 6.429848528548997 105
1739976614132 6.862403015538586 106
1739976614216 5.576683878863808 107
1739976614298 5.553952300131069 108
1739976614378 7.511087090612216 109
1739976614465 6.331658909029546 110
1739976614542 6.777438293348337 111
