1739970024480 6.657244945294131 0
1739970024506 5.410877705339174 1
1739970024532 4.608734830092202 2
1739970024565 4.069283757065415 3
1739970024599 3.688606905050202 4
1739970024635 3.4066400273249586 5
1739970024669 3.1881978489640876 6
1739970024703 3.012292063394048 7
1739970024733 2.866102830106087 8
1739970024759 2.741564437495236 9
1739970024781 2.633421715015084 10
1739970024804 2.538115694650894 11
1739970024828 2.4531382838419384 12
1739970024850 2.376653387058837 13
1739970024873 2.3072703559657883 14
1739970024895 2.243905297935859 15
1739970024917 2.185693678046374 16
1739970024939 2.131933360439056 17
1739970024962 2.082046101759232 18
1739970024984 2.0355505311613853 19
1739970025006 1.9920425096227883 20
1739970025028 1.951180399543941 21
1739970025050 1.9126737237300757 22
1739970025072 1.8762742488519124 23
1739970025095 1.841768860302842 24
1739970025117 1.808973797893974 25
1739970025140 1.777729948890811 26
1739970025164 1.7478989772076898 27
1739970025189 1.719360122797535 28
1739970025217 1.692007543668595 29
1739970025242 1.6657481005790733 30
1739970025268 1.6404995049424766 31
1739970025294 1.6161887660601055 32
1739970025321 1.5927508859008395 33
1739970025349 1.5701277592007528 34
1739970025380 1.5482672442854741 35
1739970025412 1.5271223761683066 36
1739970025445 1.5066506984672137 37
1739970025479 1.4868136947527535 38
1739970025508 1.4675763032693532 39
1739970025531 1.4489065017059855 40
1739970025555 1.430774950941423 41
1739970025578 1.4131546885432749 42
1739970025602 1.3960208643309588 43
1739970025624 1.3793505115788218 44
1739970025648 1.3631223484841715 45
1739970025674 1.347316605394577 46
1739970025723 1.3319148740109883 47
1739970025756 1.3168999753838426 48
1739970025789 1.302255844019536 49
1739970025821 1.287967425831849 50
1739970025850 1.2740205880214102 51
1739970025877 1.2604020392578594 52
1739970025899 1.2470992587836744 53
1739970025922 1.234100433263727 54
1739970025944 1.2213944003770414 55
1739970025967 1.2089705982924996 56
1739970025989 1.1968190202927798 57
1739970026011 1.1849301739144538 58
1739970026033 1.173295044059937 59
1739970026054 1.1619050596114904 60
1739970026077 1.1507520631408295 61
1739970026098 1.1398282833618936 62
1739970026120 1.129126310020442 63
1739970026140 1.1186390709535947 64
1739970026162 1.108359811086283 65
1739970026185 1.098282073160653 66
1739970026206 1.088399680019519 67
1739970026228 1.0787067182865628 68
1739970026250 1.069197523304703 69
1739970026272 1.0598666652102373 70
1739970026294 1.0507089360344537 71
1739970026316 1.0417193377366614 72
1739970026338 1.0328930710832718 73
1739970026358 1.0242255252969157 74
1739970026380 1.0157122684077546 75
1739970026402 1.0073490382463317 76
1739970026422 0.9991317340236244 77
1739970026443 0.9910564084495167 78
1739970026464 0.9831192603458306 79
1739970026487 0.9753166277143928 80
1739970026510 0.9676449812244624 81
1739970026530 0.9601009180872648 82
1739970026553 0.9526811562884101 83
1739970026579 0.9453825291516829 84
1739970026601 0.9382019802101048 85
1739970026624 0.9311365583623281 86
1739970026646 0.9241834132943486 87
1739970026668 0.9173397911482654 88
1739970026690 0.910603030421361 89
1739970026712 0.9039705580801886 90
1739970026735 0.8974398858755972 91
1739970026756 0.891008606845783 92
1739970026778 0.8846743919954675 93
1739970026800 0.8784349871402458 94
1739970026822 0.8722882099059848 95
1739970026844 0.8662319468739221 96
1739970026867 0.8602641508628109 97
1739970026890 0.8543828383400923 98
1739970026913 0.8485860869546497 99
1739970026936 0.8428720331842372 100
1739970026960 0.8372388700911473 101
1739970026983 0.8316848451801289 102
1739970027005 0.8262082583529755 103
1739970027027 0.8208074599545667 104
1739970027048 0.8154808489054992 105
1739970027070 0.810226870916746 106
1739970027091 0.8050440167820831 107
1739970027112 0.7999308207442858 108
1739970027134 0.7948858589313404 109
1739970027154 0.7899077478591557 110
1739970027176 0.78499514299746 111
1739970027198 0.7801467373957718 112
1739970027220 0.7753612603665132 113
1739970027244 0.7706374762225052 114
1739970027267 0.765974183066238 115
1739970027289 0.7613702116284626 116
1739970027312 0.7568244241537816 117
1739970027334 0.7523357133310452 118
1739970027357 0.747903001266483 119
1739970027380 0.7435252384976047 120
1739970027402 0.7392014030460172 121
1739970027424 0.7349304995073959 122
1739970027446 0.7307115581769422 123
1739970027468 0.7265436342087482 124
1739970027490 0.722425806807565 125
1739970027514 0.7183571784515507 126
1739970027536 0.7143368741446471 127
1739970027559 0.7103640406972953 128
1739970027582 0.7064378460342705 129
1739970027604 0.7025574785284737 130
1739970027626 0.6987221463595709 131
1739970027648 0.6949310768964315 132
1739970027669 0.691183516102359 133
1739970027691 0.6874787279621606 134
1739970027714 0.6838159939301477 135
1739970027736 0.6801946123981949 136
1739970027758 0.6766138981830357 137
1739970027781 0.6730731820320018 138
1739970027803 0.669571810146454 139
1739970027826 0.6661091437221901 140
1739970027848 0.6626845585061357 141
1739970027869 0.6592974443686714 142
1739970027890 0.6559472048909653 143
1739970027912 0.6526332569667138 144
1739970027933 0.6493550304177214 145
1739970027954 0.6461119676227696 146
1739970027974 0.642903523159257 147
1739970027997 0.639729163457107 148
1739970028019 0.6365883664644671 149
1739970028041 0.6334806213247433 150
1739970028063 0.6304054280645301 151
1739970028086 0.6273622972920184 152
1739970028108 0.6243507499054806 153
1739970028131 0.621370316811447 154
1739970028153 0.6184205386522089 155
1739970028174 0.615500965542291 156
1739970028197 0.6126111568135615 157
1739970028219 0.6097506807686516 158
1739970028239 0.6069191144423757 159
1739970028261 0.6041160433708562 160
1739970028283 0.6013410613680648 161
1739970028305 0.5985937703095106 162
1739970028328 0.5958737799228103 163
1739970028350 0.5931807075848887 164
1739970028372 0.5905141781255687 165
1739970028394 0.5878738236373204 166
1739970028416 0.585259283290945 167
1739970028437 0.58267020315698 168
1739970028458 0.5801062360326228 169
1739970028481 0.577567041273974 170
1739970028504 0.5750522846334111 171
1739970028526 0.5725616381019132 172
1739970028549 0.5700947797561613 173
1739970028574 0.5676513936102443 174
1739970028597 0.565231169471813 175
1739970028619 0.562833802802526 176
1739970028677 0.5604589945826394 177
1739970028732 0.5581064511795942 178
1739970028755 0.5557758842204691 179
1739970028778 0.5534670104681606 180
1739970028801 0.5511795517011698 181
1739970028823 0.5489132345968665 182
1739970028845 0.5466677906181178 183
1739970028867 0.5444429559031673 184
1739970028890 0.542238471158653 185
1739970028912 0.5400540815556633 186
1739970028933 0.5378895366287256 187
1739970028954 0.5357445901776346 188
1739970028976 0.5336190001720236 189
1739970028999 0.5315125286585893 190
1739970029021 0.5294249416708852 191
1739970029044 0.5273560091415973 192
1739970029066 0.5253055048172232 193
1739970029091 0.5232732061750758 194
1739970029115 0.5212588943425398 195
1739970029137 0.5192623540185041 196
1739970029159 0.5172833733969039 197
1739970029181 0.5153217440923069 198
1739970029204 0.5133772610674738 199
1739970029225 0.5114497225628365 200
1739970029247 0.5095389300278309 201
1739970029270 0.507644688054026 202
1739970029293 0.5057668043099967 203
1739970029316 0.5039050894778814 204
1739970029338 0.5020593571915778 205
1739970029360 0.5002294239765228 206
1739970029382 0.4984151091910088 207
1739970029406 0.4966162349689915 208
1739970029428 0.4948326261643432 209
1739970029449 0.49306411029650615 210
1739970029472 0.4913105174975062 211
1739970029494 0.4895716804602859 212
1739970029517 0.4878474343883163 213
1739970029540 0.48613761694645186 214
1739970029563 0.48444206821298813 215
1739970029586 0.4827606306328923 216
1739970029609 0.4810931489721671 217
1739970029632 0.4794394702733177 218
1739970029654 0.47779944381189016 219
1739970029677 0.47617292105404824 220
1739970029699 0.4745597556151614 221
1739970029722 0.4729598032193726 222
1739970029743 0.4713729216601199 223
1739970029763 0.46979897076158444 224
1739970029784 0.46823781234103723 225
1739970029807 0.466689310172062 226
1739970029829 0.46515332994862724 227
1739970029851 0.4636297392499852 228
1739970029872 0.4621184075063751 229
1739970029893 0.46061920596550676 230
1739970029916 0.4591320076598049 231
1739970029938 0.45765668737439336 232
1739970029960 0.4561931216157968 233
1739970029980 0.4547411885813433 234
1739970030002 0.4533007681292482 235
1739970030024 0.45187174174935885 236
1739970030046 0.45045399253454593 237
1739970030069 0.4490474051527204 238
1739970030092 0.44765186581946365 239
1739970030115 0.44626726227125063 240
1739970030137 0.4448934837392537 241
1739970030158 0.44353042092371014 242
1739970030179 0.4421779659688382 243
1739970030201 0.4408360124382897 244
1739970030223 0.43950445529112364 245
1739970030245 0.4381831908582869 246
1739970030267 0.4368721168195915 247
1739970030288 0.4355711321811731 248
1739970030310 0.4342801372534192 249
1739970030333 0.432999033629359 250
1739970030355 0.4317277241634945 251
1739970030377 0.4304661129510725 252
1739970030400 0.42921410530777865 253
1739970030422 0.4279716077498461 254
1739970030444 0.4267385279745684 255
1739970030466 0.42551477484120737 256
1739970030489 0.4243002583522828 257
1739970030511 0.4230948896352412 258
1739970030535 0.4218985809244869 259
1739970030559 0.42071124554377215 260
1739970030584 0.4195327978889358 261
1739970030607 0.4183631534109808 262
1739970030629 0.41720222859948636 263
1739970030651 0.4160499409663413 264
1739970030673 0.41490620902979647 265
1739970030696 0.4137709522988245 266
1739970030719 0.41264409125778323 267
1739970030742 0.41152554735137137 268
1739970030765 0.4104152429698751 269
1739970030787 0.40931310143469374 270
1739970030810 0.4082190469841413 271
1739970030832 0.4071330047595163 272
1739970030855 0.4060549007914336 273
1739970030877 0.40498466198641314 274
1739970030898 0.40392221611371976 275
1739970030921 0.40286749179244585 276
1739970030943 0.40182041847883687 277
1739970030966 0.4007809264538465 278
1739970030988 0.3997489468109254 279
1739970031011 0.39872441144403015 280
1739970031034 0.3977072530358527 281
1739970031056 0.39669740504626344 282
1739970031078 0.39569480170096316 283
1739970031101 0.39469937798034077 284
1739970031123 0.39371106960853025 285
1739970031145 0.3927298130426643 286
1739970031167 0.39175554546231917 287
1739970031188 0.39078820475914716 288
1739970031211 0.38982772952669315 289
1739970031232 0.38887405905039035 290
1739970031253 0.38792713329773204 291
1739970031273 0.38698689290861515 292
1739970031294 0.3860532791858528 293
1739970031317 0.38512623408585156 294
1739970031339 0.38420570020945 295
1739970031361 0.3832916207929162 296
1739970031382 0.38238393969909806 297
1739970031402 0.3814826014087284 298
1739970031425 0.3805875510118754 299
1739970031448 0.37969873419954125 300
1739970031471 0.3788160972554008 301
1739970031493 0.37793958704768194 302
1739970031515 0.37706915102118127 303
1739970031538 0.37620473718941405 304
1739970031560 0.37534629412689685 305
1739970031583 0.374493770961556 306
1739970031605 0.3736471173672656 307
1739970031627 0.3728062835565056 308
1739970031649 0.37197122027314383 309
1739970031670 0.37114187878533517 310
1739970031691 0.3703182108785379 311
1739970031713 0.3695001688486428 312
1739970031735 0.3686877054952166 313
1739970031758 0.36788077411485165 314
1739970031780 0.3670793284946271 315
1739970031802 0.36628332290567206 316
1739970031825 0.3654927120968338 317
1739970031847 0.3647074512884479 318
1739970031869 0.36392749616620595 319
1739970031891 0.36315280287512336 320
1739970031913 0.36238332801360074 321
1739970031936 0.3616190286275797 322
1739970031957 0.3608598622047926 323
1739970031978 0.36010578666909926 324
1739970031999 0.3593567603749158 325
1739970032022 0.3586127421017284 326
1739970032045 0.3578736910486928 327
1739970032067 0.3571395668293187 328
1739970032090 0.35641032946623474 329
1739970032113 0.35568593938603565 330
1739970032136 0.35496635741420823 331
1739970032158 0.3542515447701341 332
1739970032180 0.3535414630621711 333
1739970032201 0.35283607428280744 334
1739970032223 0.35213534080389025 335
1739970032245 0.3514392253719271 336
1739970032268 0.35074769110345755 337
1739970032289 0.35006070148049473 338
1739970032311 0.3493782203460359 339
1739970032334 0.34870021189963857 340
1739970032356 0.3480266406930655 341
1739970032379 0.3473574716259914 342
1739970032401 0.3466926699417752 343
1739970032424 0.3460322012232952 344
1739970032445 0.3453760313888439 345
1739970032468 0.34472412668808505 346
1739970032490 0.3440764536980691 347
1739970032513 0.3434329793193064 348
1739970032535 0.34279367077189976 349
1739970032558 0.3421584955917311 350
1739970032584 0.3415274216267037 351
1739970032606 0.3409004170330404 352
1739970032628 0.34027745027163403 353
1739970032651 0.3396584901044493 354
1739970032674 0.3390435055909792 355
1739970032697 0.3384324660847488 356
1739970032719 0.33782534122987207 357
1739970032741 0.33722210095765426 358
1739970032763 0.3366227154832463 359
1739970032784 0.33602715530234323 360
1739970032805 0.3354353911879311 361
1739970032827 0.3348473941870789 362
1739970032850 0.3342631356177766 363
1739970032872 0.33368258706581577 364
1739970032892 0.33310572038171443 365
1739970032913 0.3325325076776866 366
1739970032935 0.3319629213246495 367
1739970032957 0.3313969339492777 368
1739970032979 0.3308345184310935 369
1739970033000 0.33027564789959973 370
1739970033022 0.3297202957314514 371
1739970033044 0.32916843554766556 372
1739970033066 0.32862004121087085 373
1739970033089 0.32807508682259223 374
1739970033110 0.327533546720575 375
1739970033132 0.32699539547614315 376
1739970033154 0.3264606078915953 377
1739970033176 0.32592915899763397 378
1739970033196 0.32540102405083093 379
1739970033218 0.3248761785311258 380
1739970033241 0.32435459813935835 381
1739970033263 0.3238362587948331 382
1739970033285 0.3233211366329184 383
1739970033308 0.3228092080026748 384
1739970033332 0.3223004494645173 385
1739970033354 0.32179483778790585 386
1739970033376 0.32129234994906886 387
1739970033396 0.3207929631287557 388
1739970033418 0.3202966547100181 389
1739970033440 0.31980340227602155 390
1739970033464 0.3193131836078846 391
1739970033486 0.31882597668254653 392
1739970033508 0.3183417596706635 393
1739970033531 0.3178605109345308 394
1739970033554 0.3173822090260319 395
1739970033577 0.3169068326846157 396
1739970033599 0.3164343608352982 397
1739970033622 0.31596477258669003 398
1739970033644 0.3154980472290499 399
1739970033666 0.31503416423236225 400
1739970033687 0.3145731032444403 401
1739970033707 0.3141148440890523 402
1739970033729 0.3136593667640718 403
1739970033752 0.31320665143965154 404
1739970033773 0.31275667845642086 405
1739970033795 0.31230942832370473 406
1739970033815 0.3118648817177656 407
1739970033838 0.31142301948006856 408
1739970033860 0.31098382261556584 409
1739970033883 0.31054727229100454 410
1739970033905 0.3101133498332554 411
1739970033927 0.30968203672766104 412
1739970033950 0.30925331461640526 413
1739970033972 0.30882716529690446 414
1739970033995 0.3084035707202152 415
1739970034018 0.3079825129894647 416
1739970034042 0.30756397435829846 417
1739970034067 0.3071479372293483 418
1739970034094 0.3067343841527182 419
1739970034116 0.3063232978244895 420
1739970034139 0.30591466108524346 421
1739970034161 0.30550845691860173 422
1739970034183 0.3051046684497858 423
1739970034204 0.3047032789441925 424
1739970034225 0.3043042718059868 425
1739970034247 0.30390763057671266 426
1739970034269 0.30351333893391913 427
1739970034291 0.30312138068980427 428
1739970034313 0.30273173978987405 429
1739970034336 0.30234440031161797 430
1739970034358 0.30195934646320116 431
1739970034380 0.3015765625821698 432
1739970034401 0.3011960331341743 433
1739970034422 0.300817742711706 434
1739970034444 0.3004416760328502 435
1739970034467 0.300067817940052 436
1739970034490 0.2996961533988982 437
1739970034513 0.29932666749691295 438
1739970034537 0.2989593454423674 439
1739970034568 0.29859417256310383 440
1739970034593 0.2982311343053723 441
1739970034616 0.2978702162326821 442
1739970034640 0.297511404024666 443
1739970034664 0.29715468347595747 444
1739970034686 0.29680004049508046 445
1739970034711 0.29644746110335396 446
1739970034734 0.2960969314338068 447
1739970034758 0.2957484377301059 448
1739970034781 0.2954019663454975 449
1739970034804 0.29505750374175904 450
1739970034827 0.2947150364881641 451
1739970034850 0.2943745512604587 452
1739970034873 0.2940360348398497 453
1739970034895 0.2936994741120035 454
1739970034917 0.2933648560660582 455
1739970034939 0.293032167793644 456
1739970034962 0.2927013964879176 457
1739970034984 0.2923725294426053 458
1739970035005 0.29204555405105814 459
1739970035028 0.2917204578053168 460
1739970035050 0.2913972282951877 461
1739970035072 0.29107585320732837 462
1739970035094 0.29075632032434445 463
1739970035116 0.2904386175238954 464
1739970035138 0.2901227327778106 465
1739970035161 0.2898086541512156 466
1739970035183 0.28949636980166804 467
1739970035203 0.28918586797830187 468
1739970035224 0.28887713702098294 469
1739970035245 0.28857016535947155 470
1739970035268 0.28826494151259685 471
1739970035290 0.28796145408743806 472
1739970035313 0.287659691778516 473
1739970035336 0.28735964336699155 474
1739970035358 0.2870612977198765 475
1739970035380 0.28676464378924826 476
1739970035403 0.2864696706114772 477
1739970035425 0.2861763673064595 478
1739970035445 0.28588472307686 479
1739970035468 0.2855947272073622 480
1739970035492 0.2853063690639274 481
1739970035515 0.2850196380930601 482
1739970035537 0.28473452382108305 483
1739970035560 0.284451015853419 484
1739970035583 0.2841691038738807 485
1739970035605 0.2838887776439677 486
1739970035627 0.2836100270021712 487
1739970035650 0.28333284186328644 488
1739970035672 0.2830572122177321 489
1739970035694 0.2827831281308765 490
1739970035715 0.2825105797423717 491
1739970035735 0.2822395572654939 492
1739970035756 0.2819700509864915 493
1739970035778 0.28170205126393916 494
1739970035799 0.28143554852809965 495
1739970035819 0.28117053328029096 496
1739970035842 0.28090699609226183 497
1739970035865 0.2806449276055718 498
1739970035888 0.2803843185309797 499
