1739997693180 169.25480595599964 0
1739997693198 169.2209064715117 1
1739997693216 169.18715746160078 2
1739997693242 169.15341521468338 3
1739997693260 169.11968004509535 4
1739997693279 169.0859516356359 5
1739997693296 169.0522303006187 6
1739997693314 169.01851572286648 7
1739997693332 168.98480821667053 8
1739997693351 168.95110762277073 9
1739997693371 168.91741378174325 10
1739997693390 168.88372700804481 11
1739997693406 168.8500469843581 12
1739997693423 168.81637402511743 13
1739997693441 168.78270797099336 14
1739997693458 168.74904866249304 15
1739997693476 168.7153964142159 16
1739997693493 168.68175090870486 17
1739997693512 168.64811246053713 18
1739997693530 168.61448075227906 19
1739997693549 168.5808560984855 20
1739997693566 168.54723833976988 21
1739997693584 168.51362731658227 22
1739997693602 168.48002334364256 23
1739997693622 168.44642610337752 24
1739997693640 168.41283591048463 25
1739997693658 168.37925244741416 26
1739997693675 168.34567602884124 27
1739997693692 168.31210649532235 28
1739997693710 168.27854368725053 29
1739997693729 168.24498791946593 30
1739997693747 168.2114388742793 31
1739997693765 168.17789686650826 32
1739997693783 168.1443617366402 33
1739997693799 168.11083332499933 34
1739997693816 168.07731194656816 35
1739997693833 168.04379728351802 36
1739997693853 168.0102896508089 37
1739997693871 167.97678873063597 38
1739997693888 167.94329483793652 39
1739997693905 167.90980781314127 40
1739997693922 167.8763274965177 41
1739997693940 167.84285420316797 42
1739997693958 167.80938761514807 43
1739997693978 167.7759280475375 44
1739997693994 167.742475182416 45
1739997694011 167.70902933484052 46
1739997694028 167.67559034518507 47
1739997694046 167.6421580536605 48
1739997694066 167.60873277548853 49
1739997694083 167.5753141926098 50
1739997694099 167.54190262022334 51
1739997694117 167.5084978986342 52
1739997694133 167.47509986798468 53
1739997694151 167.4417088436384 54
1739997694169 167.408324507397 55
1739997694186 167.37494717460137 56
1739997694203 167.34157652707722 57
1739997694221 167.30821288014263 58
1739997694244 167.27485607404628 59
1739997694262 167.24150594887405 60
1739997694279 167.20816282010858 61
1739997694296 167.1748263694367 62
1739997694313 167.1414969123183 63
1739997694334 167.10817413046422 64
1739997694354 167.07485833931156 65
1739997694390 167.04154937905258 66
1739997694407 167.00824708971692 67
1739997694424 166.974951786906 68
1739997694442 166.9416631521921 69
1739997694459 166.90838150115383 70
1739997694476 166.87510667391493 71
1739997694493 166.84183851043653 72
1739997694510 166.80857732646152 73
1739997694527 166.7753228034237 74
1739997694546 166.7420752570431 75
1739997694563 166.70883436877756 76
1739997694581 166.6756004543242 77
1739997694597 166.64237335375066 78
1739997694615 166.60915290696192 79
1739997694633 166.57593942981936 80
1739997694652 166.5427326036425 81
1739997694669 166.5095327442697 82
1739997694686 166.47633953304464 83
1739997694702 166.4431532857828 84
1739997694719 166.40997384249573 85
1739997694735 166.3768010430324 86
1739997694753 166.3436352033724 87
1739997694771 166.31047600472127 88
1739997694787 166.2773237630355 89
1739997694804 166.2441783182583 90
1739997694820 166.21103951017042 91
1739997694837 166.17790765489246 92
1739997694856 166.1447824334919 93
1739997694873 166.1116641620662 94
1739997694889 166.0785525217071 95
1739997694905 166.04544782848902 96
1739997694923 166.01234992229928 97
1739997694942 165.97925864286293 98
1739997694959 165.94617430641827 99
1739997694977 165.9130965939192 100
1739997694994 165.8800258215809 101
1739997695012 165.84696167038155 102
1739997695030 165.81390445651317 103
1739997695051 165.78085401980746 104
1739997695071 165.7478101999337 105
1739997695087 165.71477331324778 106
1739997695104 165.68174304059025 107
1739997695121 165.64871969829363 108
1739997695137 165.61570312612156 109
1739997695156 165.58269316367534 110
1739997695173 165.54969012745127 111
1739997695189 165.51669369815244 112
1739997695207 165.48370419225182 113
1739997695224 165.45072129047693 114
1739997695244 165.41774530927754 115
1739997695260 165.3847760883617 116
1739997695277 165.3518134672752 117
1739997695293 165.3188577626316 118
1739997695309 165.28590865502093 119
1739997695325 165.25296646103322 120
1739997695341 165.22003102030862 121
1739997695357 165.18710217232504 122
1739997695375 165.1541802338362 123
1739997695391 165.1212648852949 124
1739997695407 165.08835644343134 125
1739997695422 165.055454588723 126
1739997695441 165.02255963787667 127
1739997695457 164.98967143047707 128
1739997695474 164.956789805947 129
1739997695490 164.92391508115682 130
1739997695506 164.89104693644677 131
1739997695522 164.85818568866367 132
1739997695537 164.82533101817253 133
1739997695553 164.79248324179665 134
1739997695570 164.75964219906564 135
1739997695586 164.7268077293471 136
1739997695602 164.6939801496278 137
1739997695618 164.6611591401357 138
1739997695634 164.62834501783408 139
1739997695650 164.59553762218468 140
1739997695666 164.56273679248753 141
1739997695682 164.5299428458691 142
1739997695698 164.4971554624206 143
1739997695714 164.4643749592449 144
1739997695729 164.43160101645802 145
1739997695745 164.39883395113924 146
1739997695762 164.36607360269537 147
1739997695779 164.3333198103715 148
1739997695795 164.3005728914101 149
1739997695811 164.26783252579048 150
1739997695827 164.23509903073153 151
1739997695843 164.20237208623738 152
1739997695859 164.16965200950312 153
1739997695875 164.1369386398808 154
1739997695891 164.10423181656068 155
1739997695907 164.07153185690098 156
1739997695923 164.03883844076938 157
1739997695939 164.0061518855004 158
1739997695955 163.97347203037847 159
1739997695972 163.94079871452647 160
1739997695987 163.90813225544187 161
1739997696003 163.87547233285608 162
1739997696019 163.84281926424282 163
1739997696035 163.81017272935836 164
1739997696050 163.77753304565266 165
1739997696066 163.74490005235555 166
1739997696084 163.7122735885352 167
1739997696100 163.6796539718045 168
1739997696116 163.64704088178357 169
1739997696133 163.61443463606145 170
1739997696150 163.58183491428323 171
1739997696167 163.54924203401407 172
1739997696183 163.5166558344292 173
1739997696199 163.4840761545424 174
1739997696216 163.45150331208157 175
1739997696240 163.4189369865559 176
1739997696257 163.38637749566934 177
1739997696276 163.35382467852995 178
1739997696292 163.32127837408413 179
1739997696308 163.28873890019878 180
1739997696325 163.25620593624703 181
1739997696341 163.22367980007178 182
1739997696359 163.19116017107135 183
1739997696376 163.15864736706456 184
1739997696392 163.12614122710502 185
1739997696408 163.093641590085 186
1739997696424 163.0611487739859 187
1739997696442 163.02866245807041 188
1739997696460 162.9961829602959 189
1739997696477 162.96371011964888 190
1739997696493 162.93124377495448 191
1739997696509 162.89878424433266 192
1739997696527 162.8663312069105 193
1739997696546 162.83388498078395 194
1739997696563 162.8014452451052 195
1739997696582 162.76901231794614 196
1739997696598 162.73658603823898 197
1739997696614 162.70416624475482 198
1739997696630 162.6717532557279 199
1739997696647 162.63934675017518 200
1739997696663 162.60694704630663 201
1739997696681 162.57455382316454 202
1739997696697 162.5421673989347 203
1739997696714 162.50978761249544 204
1739997696730 162.47741430256391 205
1739997696746 162.44504778748828 206
1739997696763 162.41268774617552 207
1739997696779 162.38033449694973 208
1739997696795 162.34798787862215 209
1739997696811 162.31564772984308 210
1739997696827 162.28331436909883 211
1739997696843 162.25098747516125 212
1739997696860 162.21866736649233 213
1739997696877 162.18635372188925 214
1739997696893 162.15404685978987 215
1739997696909 162.12174661895156 216
1739997696925 162.08945283797084 217
1739997696941 162.05716583544773 218
1739997696958 162.02488529004438 219
1739997696975 161.99261152033648 220
1739997696992 161.9603442050116 221
1739997697007 161.92808366262116 222
1739997697023 161.8958297318688 223
1739997697039 161.86358225129732 224
1739997697055 161.83134153962015 225
1739997697072 161.79910727539016 226
1739997697088 161.76687977729628 227
1739997697103 161.7346588839755 228
1739997697119 161.7024444339041 229
1739997697135 161.67023674593295 230
1739997697151 161.63803549848026 231
1739997697168 161.60584101037261 232
1739997697184 161.57365296005366 233
1739997697199 161.54147166632544 234
1739997697215 161.50929696777152 235
1739997697232 161.4771287028146 236
1739997697252 161.44496719041862 237
1739997697268 161.4128121088928 238
1739997697285 161.38066377717652 239
1739997697301 161.3485220337868 240
1739997697317 161.3163867170799 241
1739997697332 161.28425814615696 242
1739997697348 161.25213599919286 243
1739997697364 161.22002059526423 244
1739997697380 161.18791161257178 245
1739997697397 161.1558093701673 246
1739997697414 161.12371370651462 247
1739997697431 161.0916244599167 248
1739997697510 161.0595419495872 249
1739997697536 161.02746585359262 250
1739997697554 160.99539649112194 251
1739997697572 160.9633335402674 252
1739997697590 160.93127732019343 253
1739997697606 160.8992276693103 254
1739997697622 160.86718442586806 255
1739997697638 160.8351479091927 256
1739997697653 160.80311779724232 257
1739997697669 160.77109440931824 258
1739997697686 160.73907758376453 259
1739997697702 160.70706715876483 260
1739997697717 160.67506345378203 261
1739997697733 160.64306614664025 262
1739997697749 160.61107555677765 263
1739997697764 160.5790913620442 264
1739997697781 160.5471138818533 265
1739997697797 160.51514295449599 266
1739997697813 160.48317841810297 267
1739997697829 160.45122059224894 268
1739997697845 160.41926915465032 269
1739997697861 160.3873244248569 270
1739997697878 160.35538608061105 271
1739997697895 160.32345444143775 272
1739997697911 160.2915293455752 273
1739997697927 160.25961063110128 274
1739997697943 160.22769861770246 275
1739997697959 160.19579298298729 276
1739997697975 160.16389404661732 277
1739997697991 160.13200164676465 278
1739997698007 160.100115621441 279
1739997698023 160.06823629046932 280
1739997698039 160.03636333132462 281
1739997698055 160.00449706380482 282
1739997698071 159.97263716541116 283
1739997698087 159.94078395591643 284
1739997698104 159.90893727344002 285
1739997698119 159.87709695594114 286
1739997698135 159.84526332335383 287
1739997698204 159.813436053046 288
1739997698242 159.78161546492663 289
1739997698264 159.74980139704914 290
1739997698283 159.71799368730686 291
1739997698300 159.68619265576984 292
1739997698316 159.65439797967284 293
1739997698333 159.62260997906085 294
1739997698351 159.5908283311948 295
1739997698367 159.55905335609464 296
1739997698385 159.5272848917612 297
1739997698402 159.49552277603544 298
1739997698420 159.46376732909826 299
1739997698436 159.43201822807754 300
1739997698453 159.40027579312903 301
1739997698469 159.36853970140695 302
1739997698487 159.33681027304186 303
1739997698503 159.3050873459823 304
1739997698519 159.2733707580168 305
1739997698535 159.24166082943697 306
1739997698553 159.20995723726398 307
1739997698569 159.17826030176425 308
1739997698587 159.14656986082045 309
1739997698603 159.11488575215552 310
1739997698620 159.0832082961966 311
1739997698636 159.05153716983222 312
1739997698653 159.01987269346418 313
1739997698671 158.98821454400746 314
1739997698689 158.95656304183862 315
1739997698705 158.92491802478824 316
1739997698723 158.8932793305271 317
1739997698739 158.86164727959255 318
1739997698756 158.83002154876684 319
1739997698774 158.79840245856198 320
1739997698792 158.766789846743 321
1739997698809 158.73518355091508 322
1739997698825 158.70358389175095 323
1739997698842 158.67199054590031 324
1739997698858 158.64040383401053 325
1739997698876 158.60882343275793 326
1739997698894 158.5772496627643 327
1739997698911 158.54568236174265 328
1739997698928 158.51412136724642 329
1739997698944 158.4825670000579 330
1739997698961 158.45101893672117 331
1739997698979 158.41947749799314 332
1739997698998 158.38794236044453 333
1739997699015 158.35641384480672 334
1739997699032 158.3248917887409 335
1739997699047 158.29337602974852 336
1739997699064 158.26186688872158 337
1739997699081 158.23036404209859 338
1739997699099 158.19886781074587 339
1739997699115 158.1673780322592 340
1739997699132 158.13589454407477 341
1739997699148 158.10441766721945 342
1739997699165 158.07294707799966 343
1739997699182 158.0414830974166 344
1739997699200 158.01002540180343 345
1739997699217 157.9785743121358 346
1739997699235 157.9471296659577 347
1739997699254 157.91569130065383 348
1739997699271 157.88425953736004 349
1739997699287 157.8528340522777 350
1739997699305 157.82141516651706 351
1739997699323 157.79000271755683 352
1739997699340 157.7585965427166 353
1739997699357 157.72719696326678 354
1739997699373 157.69580365527693 355
1739997699390 157.6644169399919 356
1739997699409 157.63303649350794 357
1739997699426 157.60166263704417 358
1739997699443 157.57029520802797 359
1739997699459 157.53893404372732 360
1739997699476 157.50757946552147 361
1739997699494 157.4762311493752 362
1739997699512 157.44488941664198 363
1739997699528 157.4135539433133 364
1739997699545 157.382225050717 365
1739997699562 157.35090257622898 366
1739997699578 157.31958635706596 367
1739997699595 157.28827671471566 368
1739997699613 157.25697332503833 369
1739997699630 157.22567650949577 370
1739997699647 157.19438610539893 371
1739997699663 157.1631019498997 372
1739997699681 157.13182436461977 373
1739997699700 157.10055302528812 374
1739997699719 157.06928825350064 375
1739997699735 157.0380297250133 376
1739997699751 157.00677776139608 377
1739997699767 156.97553219990877 378
1739997699805 156.9442928776521 379
1739997699825 156.91306011635584 380
1739997699846 156.88183359164492 381
1739997699867 156.85061362522313 382
1739997699890 156.81940005428547 383
1739997699910 156.78819271586778 384
1739997699928 156.75699193183377 385
1739997699946 156.72579737767717 386
1739997699963 156.6946093752357 387
1739997699981 156.66342760003033 388
1739997699999 156.63225237387257 389
1739997700018 156.60108353390643 390
1739997700034 156.56992091711695 391
1739997700051 156.53876484547538 392
1739997700068 156.50761499437186 393
1739997700085 156.4764716857516 394
1739997700102 156.44533459503182 395
1739997700119 156.41420404413174 396
1739997700135 156.3830798701444 397
1739997700151 156.35196191000406 398
1739997700168 156.3208504857894 399
1739997700185 156.28974527278703 400
1739997700203 156.25864659304958 401
1739997700221 156.2275542836054 402
1739997700241 156.19646818132415 403
1739997700260 156.16538860841797 404
1739997700276 156.13431524004284 405
1739997700293 156.10324839838464 406
1739997700312 156.07218775862668 407
1739997700329 156.0411336429287 408
1739997700345 156.01008588826838 409
1739997700362 155.97904433146488 410
1739997700378 155.94800929483725 411
1739997700395 155.91698045343836 412
1739997700413 155.88595812956112 413
1739997700430 155.8549421601187 414
1739997700447 155.8239323818658 415
1739997700463 155.79292911725454 416
1739997700480 155.76193204120756 417
1739997700498 155.73094147615072 418
1739997700516 155.69995709703397 419
1739997700532 155.668979226257 420
1739997700549 155.63800770068252 421
1739997700566 155.6070423570147 422
1739997700583 155.5760835178124 423
1739997700601 155.54513085789551 424
1739997700618 155.51418469979643 425
1739997700635 155.4832447183625 426
1739997700651 155.45231123609983 427
1739997700667 155.42138408982072 428
1739997700683 155.39046311617918 429
1739997700701 155.35954863784045 430
1739997700718 155.3286403295218 431
1739997700733 155.29773851386201 432
1739997700749 155.26684302760924 433
1739997700765 155.23595370735313 434
1739997700780 155.20507087589147 435
1739997700797 155.17419420781192 436
1739997700815 155.1433240258857 437
1739997700831 155.11246000472795 438
1739997700847 155.0816024670835 439
1739997700864 155.05075124965026 440
1739997700881 155.01990618896795 441
1739997700898 154.98906760794023 442
1739997700915 154.95823518105263 443
1739997700933 154.92740923118237 444
1739997700949 154.89658959496313 445
1739997700966 154.86577610887056 446
1739997700983 154.83496909594072 447
1739997701000 154.8041682305295 448
1739997701019 154.7733738356464 449
1739997701037 154.74258558567504 450
1739997701054 154.71180380359823 451
1739997701071 154.68102832599988 452
1739997701088 154.6502589893056 453
1739997701105 154.61949611665702 454
1739997701123 154.5887393823084 455
1739997701140 154.55798910937472 456
1739997701157 154.5272449721379 457
1739997701173 154.49650729368634 458
1739997701190 154.4657759105539 459
1739997701207 154.43505065911654 460
1739997701225 154.4043318626212 461
1739997701243 154.37361919522064 462
1739997701261 154.34291298013514 463
1739997701278 154.31221305383468 464
1739997701295 154.28151925263128 465
1739997701312 154.2508318999038 466
1739997701330 154.22015066967592 467
1739997701347 154.1894758852996 468
1739997701363 154.15880722082645 469
1739997701380 154.12814499958168 470
1739997701396 154.0974890579857 471
1739997701412 154.066839232301 472
1739997701430 154.03619584601125 473
1739997701447 154.00555857303908 474
1739997701464 153.97492773684132 475
1739997701481 153.9443031737747 476
1739997701498 153.91368472003782 477
1739997701515 153.88307269924601 478
1739997701534 153.85246678519314 479
1739997701551 153.8218673014675 480
1739997701568 153.791273921891 481
1739997701584 153.76068697002498 482
1739997701601 153.7301062821767 483
1739997701619 153.69953169449542 484
1739997701636 153.66896353070106 485
1739997701653 153.63840146448666 486
1739997701669 153.6078458195451 487
1739997701686 153.57729643211985 488
1739997701702 153.5467531382967 489
1739997701720 153.51621626192673 490
1739997701737 153.48568547657453 491
1739997701754 153.45516110606417 492
1739997701770 153.42464282398836 493
1739997701787 153.39413095414415 494
1739997701803 153.36362533272572 495
1739997701822 153.33312579576975 496
1739997701839 153.3026326672313 497
1739997701856 153.2721456205748 498
1739997701873 153.24166497972834 499
