1739996232921 0.06049668986944943 0
1739996233005 0.09676150308222775 1
1739996233090 0.0009677688490051502 2
1739996233176 0.34523014708917626 3
1739996233264 0.02342168040120215 4
1739996233348 0.06012024378914511 5
1739996233431 0.11917208122516472 6
1739996233515 0.022286721864061467 7
1739996233598 0.003273666374944364 8
1739996233682 0.003173835920475538 9
1739996233767 0.02763300398808552 10
1739996233852 0.0037871724114875633 11
1739996233937 0.006526389421243675 12
1739996234021 0.01829084234240009 13
1739996234105 0.6754329383476735 14
1739996234192 0.12357308122444646 15
1739996234276 0.13303177941417638 16
1739996234360 0.5307292320651686 17
1739996234443 0.0012290206920795947 18
1739996234527 0.2893861399758657 19
1739996234611 0.01649491144962743 20
1739996234695 0.0025577317404146048 21
1739996234780 0.013115034009125956 22
1739996234911 6.362572559506555e-06 23
1739996235001 0.005100177945202543 24
1739996235089 0.026805521227637977 25
1739996235174 0.013870359426915727 26
1739996235259 0.09415177068174253 27
1739996235344 0.21861113796078743 28
1739996235429 0.03926328287150728 29
1739996235514 0.012712838257325486 30
1739996235600 0.33184673350642074 31
1739996235685 0.3341933697277821 32
1739996235769 0.011521527538289007 33
1739996235855 0.06450646579142394 34
1739996235938 0.056776755277433345 35
1739996236024 4.823917937610528e-08 36
1739996236109 0.16010808994999823 37
1739996236194 0.015411524828152254 38
1739996236278 0.009560791843543455 39
1739996236362 0.23677995835733015 40
1739996236446 0.00025205885225546064 41
1739996236531 0.19563052401310316 42
1739996236614 0.08536261175076261 43
1739996236699 0.012678008131980188 44
1739996236784 0.04378381137620727 45
1739996236871 0.11089884024886523 46
1739996236956 0.18341537792455112 47
1739996237043 0.006184947310179707 48
1739996237127 6.59190150463923e-05 49
1739996237213 0.12431235413363327 50
1739996237299 0.16390037248306538 51
1739996237384 0.04636272284178908 52
1739996237469 0.0005533299423516933 53
1739996237554 0.19604858968843145 54
1739996237638 0.028140933238092063 55
1739996237722 0.16660830358586354 56
1739996237822 0.09949136729738643 57
1739996237907 0.036263705651388596 58
1739996237990 0.003260205985843751 59
1739996238074 0.0051347380243838186 60
1739996238158 0.07085321826804589 61
1739996238242 0.00127290681027913 62
1739996238327 0.5494038385513343 63
1739996238411 0.2097953397790124 64
1739996238495 0.008571898140136034 65
1739996238582 0.163979283567169 66
1739996238667 0.0010205314682510953 67
1739996238751 0.12158717587579183 68
1739996238841 0.009221967224426725 69
1739996238940 0.0004286260812581023 70
1739996239025 0.5878229217928899 71
1739996239112 0.5619364798754652 72
1739996239196 0.4467372812590317 73
1739996239278 0.1032688162251326 74
1739996239361 0.005899428533663611 75
1739996239448 0.2649602234144231 76
1739996239534 0.0014993752717059835 77
1739996239620 0.15661322633981173 78
1739996239703 0.2023581074977804 79
1739996239787 0.00017131053406655163 80
1739996239870 0.000576096859186056 81
1739996239957 0.36935026864613213 82
1739996240042 0.008126597320774837 83
1739996240146 0.0007082284705496421 84
1739996240230 0.1436272476297165 85
1739996240314 0.28902102884688563 86
1739996240398 0.08702013984206848 87
1739996240482 0.0005832062194903748 88
1739996240566 0.03617050739741358 89
1739996240650 1.0752207447432849 90
1739996240735 0.12180849293968393 91
1739996240822 0.3809585269789147 92
1739996240908 0.03585963642975427 93
1739996240991 0.03772936406773877 94
1739996241076 0.0033653665667733946 95
1739996241160 0.11590479782036743 96
1739996241243 0.13675721769938465 97
1739996241327 0.001319205472716907 98
1739996241411 0.003556721913396425 99
1739996241496 0.013408315898002714 100
1739996241581 0.038817386952718684 101
1739996241666 0.013271097346219002 102
1739996241754 0.10376825087113487 103
1739996241840 0.005248105809879956 104
1739996241925 0.04481840566506877 105
1739996242010 0.3603709213112717 106
1739996242095 0.321890482747234 107
1739996242191 0.15241818075200525 108
1739996242278 0.053355448199139975 109
1739996242362 0.004196907354780924 110
1739996242445 0.09914692652026233 111
1739996242529 0.3981021044001463 112
1739996242613 0.3005746772419246 113
1739996242697 0.019266848056469044 114
1739996242781 0.23272710400384192 115
1739996242866 0.020800905999323268 116
1739996242950 0.4138390722849286 117
1739996243033 4.071753834788036e-05 118
1739996243117 0.02072230496669829 119
1739996243201 0.10254171529352492 120
1739996243286 0.0014087161291980147 121
1739996243371 0.32438321452934 122
1739996243454 0.13830241136685784 123
1739996243537 0.6764374015108318 124
1739996243620 0.019731715327447434 125
1739996243704 0.006796070908258047 126
1739996243787 0.00042431956811751775 127
1739996243872 0.07282465550034721 128
1739996243957 0.22071795245131257 129
1739996244041 0.004019698401717944 130
1739996244126 0.03168247568193331 131
1739996244213 0.09538037868901567 132
1739996244297 0.15267628062459632 133
1739996244381 0.21970197987231216 134
1739996244464 0.22727113339458196 135
1739996244548 0.16625428548613408 136
1739996244632 0.07057568031543036 137
1739996244716 0.10874151128528102 138
1739996244800 0.03691982335103864 139
1739996244883 0.30998485578961743 140
1739996244967 0.27418681126282357 141
1739996245051 0.12435891212361733 142
1739996245134 0.00012735887510596065 143
1739996245220 0.017893152159103518 144
1739996245306 0.34496885676715927 145
1739996245390 0.0001059494743963007 146
1739996245473 0.011474036814471275 147
1739996245557 0.45073434115872085 148
1739996245641 0.03303217101106534 149
1739996245725 0.32782657140932314 150
1739996245810 0.05791785246204256 151
1739996245895 0.03168976262540367 152
1739996245979 0.21239213398076395 153
1739996246062 0.11220074007050336 154
1739996246146 0.17613331306821856 155
1739996246231 0.12669734792357587 156
1739996246314 0.5478233667112413 157
1739996246397 0.021924521004552285 158
1739996246481 0.023024388944603954 159
1739996246564 0.09203286528417541 160
1739996246648 0.016359018197648706 161
1739996246732 0.06075791034298851 162
1739996246819 0.003311425045148865 163
1739996246957 0.013185888158971433 164
1739996247045 0.0010000244230585216 165
1739996247133 0.2638691024207871 166
1739996247221 0.06093654113397298 167
1739996247307 0.15111838015378648 168
1739996247392 0.10814082711519832 169
1739996247477 0.08912357449064427 170
1739996247561 0.5583040143270945 171
1739996247646 0.007711520380626115 172
1739996247732 0.013000232862832006 173
1739996247817 0.40786364805958636 174
1739996247903 0.006866097702960563 175
1739996247989 0.06703162709950668 176
1739996248076 0.01050928697963655 177
1739996248190 0.11046261924960692 178
1739996248300 0.00010718225684329935 179
1739996248395 0.061781295327823185 180
1739996248480 0.0014754184531853474 181
1739996248567 0.22228417679284732 182
1739996248655 0.02220900129875739 183
1739996248744 0.8495598120597356 184
1739996248842 0.028303563538775795 185
1739996248926 0.049566490039927455 186
1739996249011 0.0031473208563801884 187
1739996249095 0.037134129851399564 188
1739996249176 0.02976317796265413 189
1739996249262 0.015570786377604041 190
1739996249343 0.07658504845160595 191
1739996249426 0.00022109338908893076 192
1739996249508 0.0008692374293262592 193
1739996249590 0.11975685164656362 194
1739996249740 0.0693947003116338 195
1739996249825 0.2672219060574911 196
1739996249912 0.1622305655995436 197
1739996249996 0.2499315181694372 198
1739996250082 0.39579885206247567 199
1739996250166 0.030338217003034885 200
1739996250250 0.05208965296340923 201
1739996250332 0.060881458248004956 202
1739996250479 0.002891739672028045 203
1739996250562 0.022570673350598938 204
1739996250644 0.025096127283600354 205
1739996250725 0.00482709971569423 206
1739996250809 0.005304934347443263 207
1739996250892 0.00422714452568391 208
1739996250976 0.043521908918052396 209
1739996251060 0.6221389538246075 210
1739996251142 0.23161594385062165 211
1739996251226 0.3958409824558286 212
1739996251308 0.3718133642096618 213
1739996251392 0.1383606783023528 214
1739996251473 0.03558056699237663 215
1739996251561 0.006878781929375267 216
1739996251643 0.056632156977170035 217
1739996251747 0.011410896576579146 218
1739996251831 0.19330951453450826 219
1739996251914 0.048208691701979556 220
1739996251995 0.48502156540387 221
1739996252077 0.023330144927476877 222
1739996252160 0.025414216501024663 223
1739996252242 0.0020504114432277256 224
1739996252324 0.059988444117749624 225
1739996252407 0.7087552870986265 226
1739996252490 0.3058412195690814 227
1739996252571 0.10789275361089092 228
1739996252655 0.06370004581264067 229
1739996252737 0.06052211386249524 230
1739996252819 0.008208753014597404 231
1739996252901 0.05712357026873578 232
1739996252983 0.4759085814027714 233
1739996253063 0.06564587239336071 234
1739996253146 0.034065114291048186 235
1739996253229 0.02653103527653854 236
1739996253312 0.032104120522679754 237
1739996253393 0.012564097485727817 238
1739996253474 0.5216816011345179 239
1739996253556 0.17752536558992307 240
1739996253638 0.0016888582296920019 241
1739996253720 0.014772050795508362 242
1739996253802 0.7594378227805604 243
1739996253884 0.024078110851028615 244
1739996253966 0.9784869014500751 245
1739996254050 0.7065402690856489 246
1739996254132 0.20232975819907478 247
1739996254212 0.001814858253110026 248
1739996254294 0.06391527819166078 249
1739996254375 0.020523590784234193 250
1739996254458 0.09812395543764557 251
1739996254540 0.03663089611931584 252
1739996254622 0.042541742291461834 253
1739996254702 0.06371867469194516 254
1739996254785 0.084179466584008 255
1739996254907 0.49770008969069457 256
1739996255004 0.022211361494076504 257
1739996255086 0.034779108080063716 258
1739996255168 0.04655794529945937 259
1739996255251 0.05479602307847408 260
1739996255333 0.06574599539699509 261
1739996255415 0.07378140630380907 262
1739996255497 0.03727919082609085 263
1739996255580 0.05606323071414063 264
1739996255661 4.599910678338289e-05 265
1739996255742 0.06686166068819419 266
1739996255825 0.0008197550632428727 267
1739996255907 0.10121429668256071 268
1739996255989 0.15602773769943956 269
1739996256070 6.0653167808041256e-05 270
1739996256167 0.12459515569373593 271
1739996256281 0.020826841439855415 272
1739996256386 0.04920454539985379 273
1739996256470 0.002387621362973701 274
1739996256551 0.09438401738406137 275
1739996256632 0.03934863657251755 276
1739996256714 0.00010875790510801678 277
1739996256807 0.03191835990521179 278
1739996256892 0.17790360558930077 279
1739996256978 0.0002391465163971315 280
1739996257064 0.09613755187089278 281
1739996257149 1.1131447630244586 282
1739996257235 0.000408885800389249 283
1739996257317 0.005933478099851097 284
1739996257401 0.017107420559429317 285
1739996257486 0.00855073077790647 286
1739996257568 0.12885962927555944 287
1739996257651 0.07980671965989729 288
1739996257734 0.08620679783762986 289
1739996257818 0.2252067608525088 290
1739996257903 0.4418838391888996 291
1739996257990 0.009852047753689175 292
1739996258071 0.09949043463987055 293
1739996258153 0.007136902004867606 294
1739996258235 0.1044845430437884 295
1739996258316 0.014445470439437676 296
1739996258397 0.00043694245843065103 297
1739996258481 0.18894981944948833 298
1739996258563 0.23865063608772616 299
1739996258645 0.00929120546166565 300
1739996258727 0.2639488000971975 301
1739996258814 0.03564677784668409 302
1739996258937 0.20348724298816476 303
1739996259022 0.06406100769958602 304
1739996259107 0.21325633239900324 305
1739996259190 0.007905142321929917 306
1739996259311 0.004190397522810481 307
1739996259392 0.05455201795804831 308
1739996259476 0.12666440610462174 309
1739996259561 0.017501880663264392 310
1739996259644 0.29015074195805357 311
1739996259725 0.12780323585936232 312
1739996259813 0.20001354045982384 313
1739996259899 0.0022704551166353422 314
1739996259982 0.00013224708505207662 315
1739996260066 0.0013906338329497954 316
1739996260149 0.16414588513343958 317
1739996260231 0.24282163703012039 318
1739996260314 0.017668703587700132 319
1739996260396 0.0531466178401662 320
1739996260480 0.0004087241266922258 321
1739996260568 0.02778710224370929 322
1739996260680 0.0014263971095438816 323
1739996260766 0.14189751502630396 324
1739996260864 0.0008796990380840959 325
1739996260956 0.08356510495084957 326
1739996261043 0.02276399370326559 327
1739996261127 0.017392360721412422 328
1739996261212 0.0588754212418222 329
1739996261295 0.22245800511078487 330
1739996261379 0.000544365347374258 331
1739996261464 0.18127680889046402 332
1739996261547 0.08673683502696229 333
1739996261631 0.3218142194149261 334
1739996261714 0.00014325341760406106 335
1739996261797 0.6523129953993423 336
1739996261883 0.020895804600571916 337
1739996261967 0.02658316047520747 338
1739996262048 0.03900078036039419 339
1739996262132 0.2237103468239639 340
1739996262220 0.13567226430995546 341
1739996262328 0.01897475745175018 342
1739996262413 0.10213968402601542 343
1739996262496 0.1338932748640012 344
1739996262581 6.737541326728888e-07 345
1739996262668 0.020145510400360694 346
1739996262753 0.03883664413933113 347
1739996262845 0.021709807760840045 348
1739996262933 0.4745907194741334 349
1739996263019 0.04457441414415764 350
1739996263103 0.026538701305057057 351
1739996263188 0.34074848471983177 352
1739996263276 0.0039425979787147255 353
1739996263362 0.04691462598212368 354
1739996263445 0.1857999235281012 355
1739996263527 0.21246708556253494 356
1739996263610 0.3951883988199407 357
1739996263694 0.0005702921292387667 358
1739996263779 0.10940569895053612 359
1739996263910 2.6901180694190126e-05 360
1739996264001 0.20172025859383583 361
1739996264083 0.2176184640253978 362
1739996264167 0.011475426468062397 363
1739996264249 0.04384258300034969 364
1739996264331 0.0003274146708299007 365
1739996264419 0.6115439166325757 366
1739996264506 0.0008300544515220715 367
1739996264592 0.276441468131669 368
1739996264681 0.030144651959058907 369
1739996264763 0.0319777918879034 370
1739996264852 0.01287762297224579 371
1739996264936 0.001051901951964828 372
1739996265021 0.0007567023045280111 373
1739996265106 0.007848161690758606 374
1739996265190 0.04399766422384269 375
1739996265282 0.3907772198386079 376
1739996265369 0.11746218804650924 377
1739996265455 0.023129803866801243 378
1739996265543 0.07065172664028396 379
1739996265628 0.024867961560749628 380
1739996265722 0.034228058359478106 381
1739996265811 0.00025913642611572233 382
1739996265897 0.016627309114788633 383
1739996265987 0.07747107566312238 384
1739996266073 0.1713656601720077 385
1739996266157 0.05052684909364001 386
1739996266240 0.6213629340346255 387
1739996266327 0.07287328609361968 388
1739996266408 0.025345666287817106 389
1739996266489 0.08765405421089877 390
1739996266573 0.010380744935091727 391
1739996266658 0.0062341737548783525 392
1739996266740 0.02511844424727963 393
1739996266831 0.38106834963465563 394
1739996266936 0.00015740330979571325 395
1739996267018 0.11147333675048925 396
1739996267105 0.056939089614250274 397
1739996267187 0.0025943923181029355 398
1739996267276 0.4256193350476563 399
1739996267363 0.12383417771230601 400
1739996267449 0.014935939646967709 401
1739996267542 0.1851042800314164 402
1739996267631 0.002632476770578611 403
1739996267720 0.6653943063613222 404
1739996267812 0.19541786529312324 405
1739996267896 0.6595235725244813 406
1739996267977 0.010530586910308327 407
1739996268065 2.6188341575085606e-05 408
1739996268149 4.262096526879339e-05 409
1739996268236 0.039634285838635076 410
1739996268329 0.150231523126022 411
1739996268422 0.03435189233700454 412
1739996268512 0.012149594289563139 413
1739996268607 0.0012497295018427898 414
1739996268698 0.06437504128669312 415
1739996268791 0.012509829681441879 416
1739996268886 0.0005756619805366194 417
1739996268976 0.02072976337160597 418
1739996269069 0.0011376886330350235 419
1739996269160 0.05942118523168301 420
1739996269249 0.12946692891122236 421
1739996269340 0.06245361600235651 422
1739996269431 0.014077850494716585 423
1739996269519 0.02332674824520227 424
1739996269610 0.3021144324724488 425
1739996269698 0.015522078156200495 426
1739996269791 0.7488110512933553 427
1739996269948 0.14753186900343718 428
1739996270041 0.0637896312118288 429
1739996270135 0.2777541386122765 430
1739996270223 1.027918681283508e-05 431
1739996270315 0.0010594854494524427 432
1739996270406 0.007467165983779022 433
1739996270497 0.0007640163273574115 434
1739996270587 0.07408374374646173 435
1739996270673 3.2380191048995124e-05 436
1739996270764 0.41955503556200363 437
1739996270851 0.00035296547283906137 438
1739996270941 0.013571354830783665 439
1739996271032 0.03306115682845571 440
1739996271118 0.0010073027816222665 441
1739996271207 0.11342429668010058 442
1739996271298 0.014736501459088574 443
1739996271390 0.2576738977546491 444
1739996271476 0.0014028608917262876 445
1739996271563 4.1764039794463604e-05 446
1739996271651 0.0019409355476046738 447
1739996271740 0.08238314470022629 448
1739996271831 0.017153081627568765 449
1739996271920 0.02828833204381565 450
1739996272006 0.4664650153280553 451
1739996272091 0.09022253235550523 452
1739996272176 0.04925198986024242 453
1739996272263 0.13603468598015667 454
1739996272354 2.2712977699973855 455
1739996272446 0.10388711452472815 456
1739996272534 0.014894917503139482 457
1739996272627 0.9088711843701884 458
1739996272715 0.10188103418151533 459
1739996272806 0.0037083501390305683 460
1739996272894 0.11426713353201112 461
1739996272984 0.04291798042397988 462
1739996273072 0.13971353797161173 463
1739996273165 0.026659583322201617 464
1739996273256 0.004969767657744549 465
1739996273347 0.2590209297852051 466
1739996273443 0.001670360670786902 467
1739996273536 0.07481802774845116 468
1739996273632 0.038713969995662824 469
1739996273727 0.08385136927894024 470
1739996273893 0.0021549895947734375 471
1739996274024 0.04534397846501243 472
1739996274126 0.008841298928892821 473
1739996274225 4.291413463993906e-05 474
1739996274316 0.26011565038656 475
1739996274423 0.25926457857552343 476
1739996274523 0.01559556121292722 477
1739996274720 0.023637509937584348 478
1739996274833 0.15958552637430917 479
1739996274928 0.10037892481702136 480
1739996275030 0.013730928532304898 481
1739996275126 0.00012200185650984233 482
1739996275225 1.7092538398547897e-05 483
1739996275317 0.031485295112576764 484
1739996275413 0.014504226218604794 485
1739996275508 0.0003274570794626606 486
1739996275621 0.3127466922388784 487
1739996275745 0.02398218122988735 488
1739996275874 0.04501080586292748 489
1739996275987 0.220999282910307 490
1739996276079 0.015911572475733514 491
1739996276198 0.0057351490474572085 492
1739996276289 0.11433291354112847 493
1739996276387 0.0024379490276883803 494
1739996276485 0.0018047480798004708 495
1739996276581 0.029285446775936714 496
1739996276671 0.20465295309498788 497
1739996276768 0.015263634799790388 498
1739996276856 0.00536777062403595 499
