1740015696180 181.17613357661222 0
1740015696210 177.5283302627889 1
1740015696238 173.9537699983501 2
1740015696264 170.45098389870378 3
1740015696300 167.06939931206222 4
1740015696327 163.75522058706878 5
1740015696352 160.5071006818909 6
1740015696381 157.32371952781878 7
1740015696409 154.20378348814492 8
1740015696434 151.14602482792057 9
1740015696460 148.149201194371 10
1740015696488 145.2120951077534 11
1740015696514 142.3335134624488 12
1740015696542 139.51228703808 13
1740015696566 136.74727002045512 14
1740015696593 134.03733953213793 15
1740015696618 131.38139517245156 16
1740015696643 128.77835856672522 17
1740015696668 126.22717292459805 18
1740015696693 123.72680260719767 19
1740015696717 121.27623270301491 20
1740015696742 118.87446861229886 21
1740015696799 116.52053563980199 22
1740015696863 114.2134785957058 23
1740015696890 111.95236140456346 24
1740015696915 109.73626672209735 25
1740015696945 107.56429555969376 26
1740015696974 105.43556691643951 27
1740015697001 103.34921741854893 28
1740015697026 101.30440096603249 29
1740015697055 99.30028838646095 30
1740015697080 97.33606709568275 31
1740015697104 95.41094076535434 32
1740015697134 93.52412899714648 33
1740015697164 91.67486700349222 34
1740015697189 89.8624052947449 35
1740015697214 88.08600937261707 36
1740015697242 86.3449594297743 37
1740015697268 84.63855005545973 38
1740015697293 82.96608994702798 39
1740015697317 81.32690162727013 40
1740015697346 79.7203211674125 41
1740015697371 78.1456979156757 42
1740015697399 76.60239423128178 43
1740015697424 75.08978522380015 44
1740015697453 73.60725849772464 45
1740015697479 72.15421390217676 46
1740015697503 70.73006328563197 47
1740015697529 69.33423025556772 48
1740015697554 67.96614994293486 49
1740015697581 66.62526877135491 50
1740015697606 65.31104423094826 51
1740015697635 64.02294465670062 52
1740015697660 62.76044901127588 53
1740015697684 61.523046672186396 54
1740015697708 60.31023722323307 55
1740015697735 59.12153025012918 56
1740015697759 57.956445140224176 57
1740015697784 56.81451088624472 58
1740015697811 55.695265893972554 59
1740015697840 54.59825779377978 60
1740015697865 53.52304325594424 61
1740015697889 52.46918780966894 62
1740015697918 51.43626566573112 63
1740015697944 50.423859542688014 64
1740015697969 49.43156049656786 65
1740015697995 48.4589677539761 66
1740015698025 47.505688548548235 67
1740015698049 46.571337960682015 68
1740015698074 45.65553876048313 69
1740015698099 44.7579212538598 70
1740015698126 43.8781231317031 71
1740015698156 43.015789322090995 72
1740015698207 42.170571845455314 73
1740015698236 41.342129672652135 74
1740015698261 40.53012858587749 75
1740015698285 39.73424104237083 76
1740015698313 38.95414604085081 77
1740015698348 38.18952899062793 78
1740015698377 37.44260759380747 79
1740015698403 36.71045893668251 80
1740015698436 35.99278956495331 81
1740015698461 35.28931186985842 82
1740015698485 34.599743971511025 83
1740015698511 33.92380960456714 84
1740015698539 33.261238006179255 85
1740015698565 32.611763806189394 86
1740015698589 31.97512691951691 87
1740015698616 31.35107244069702 88
1740015698642 30.739350540527095 89
1740015698668 30.139716364778447 90
1740015698695 29.551929934932325 91
1740015698723 28.975756050899587 92
1740015698748 28.41096419568431 93
1740015698772 27.857328441952532 94
1740015698796 27.314627360467867 95
1740015698821 26.782643930356794 96
1740015698846 26.261165451166814 97
1740015698871 25.751879714837948 98
1740015698897 25.252627454581322 99
1740015698925 24.763209903984038 100
1740015698949 24.28343224637845 101
1740015698973 23.813103536213326 102
1740015699002 23.35203662199222 103
1740015699030 22.900048070747758 104
1740015699055 22.456958094021196 105
1740015699079 22.022590475317262 106
1740015699108 21.596772499004786 107
1740015699134 21.179334880634276 108
1740015699159 20.77011169864423 109
1740015699184 20.368940327428465 110
1740015699209 19.975661371737306 111
1740015699234 19.590118602385967 112
1740015699258 19.21215889324414 113
1740015699283 18.841632159481225 114
1740015699308 18.478391297042084 115
1740015699332 18.12229212332879 116
1740015699356 17.773193319064504 117
1740015699384 17.430956371315528 118
1740015699409 17.095445517648788 119
1740015699434 16.766527691401944 120
1740015699459 16.444072468043952 121
1740015699490 16.127952012604283 122
1740015699515 15.818041028149597 123
1740015699540 15.514216705286891 124
1740015699568 15.21635867267273 125
1740015699596 14.92434894850833 126
1740015699621 14.638071893001088 127
1740015699646 14.357414161773066 128
1740015699674 14.082264660197662 129
1740015699700 13.81251449864589 130
1740015699724 13.548056948624215 131
1740015699748 13.28878739978605 132
1740015699773 13.03460331779962 133
1740015699797 12.785404203055057 134
1740015699821 12.541091550193908 135
1740015699846 12.301568808444841 136
1740015699876 12.066741342749365 137
1740015699901 11.836516395661723 138
1740015699926 11.610803050007744 139
1740015699952 11.389512192287349 140
1740015699980 11.172556476805886 141
1740015700005 10.959850290519956 142
1740015700029 10.75130971858316 143
1740015700055 10.54685251057814 144
1740015700081 10.346398047421022 145
1740015700106 10.149867308924946 146
1740015700132 9.9571828420095 147
1740015700158 9.768268729543227 148
1740015700182 9.583050559806559 149
1740015700206 9.401455396562781 150
1740015700249 9.223411749724983 151
1740015700281 9.048849546607034 152
1740015700311 8.877700103747008 153
1740015700340 8.709896099291603 154
1740015700369 8.545371545930381 155
1740015700396 8.384061764368896 156
1740015700421 8.225903357329937 157
1740015700447 8.070834184072382 158
1740015700473 7.918793335417341 159
1740015700498 7.76972110927145 160
1740015700522 7.62355898663748 161
1740015700546 7.480249608102432 162
1740015700575 7.339736750793762 163
1740015700600 7.201965305794229 164
1740015700625 7.066881256006358 165
1740015700650 6.934431654457534 166
1740015700679 6.804564603036858 167
1740015700703 6.6772292316553115 168
1740015700727 6.5523756778206454 169
1740015700752 6.429955066618833 170
1740015700777 6.309919491093924 171
1740015700801 6.192221993018407 172
1740015700825 6.0768165440462765 173
1740015700850 5.963658027241164 174
1740015700875 5.8527022189720785 175
1740015700899 5.743905771169456 176
1740015700924 5.63722619393426 177
1740015700952 5.5326218384932195 178
1740015700976 5.4300518804932 179
1740015701001 5.329476303627966 180
1740015701026 5.230855883590817 181
1740015701054 5.134152172346443 182
1740015701078 5.039327482715782 183
1740015701104 4.946344873267554 184
1740015701174 4.8551681335103964 185
1740015701205 4.7657617693796315 186
1740015701229 4.678090989012755 187
1740015701255 4.592121688807921 188
1740015701282 4.507820439759757 189
1740015701307 4.425154474067073 190
1740015701331 4.344091672006896 191
1740015701356 4.264600549069679 192
1740015701383 4.186650243350389 193
1740015701408 4.110210503190397 194
1740015701433 4.03525167506521 195
1740015701460 3.961744691713092 196
1740015701486 3.889661060499814 197
1740015701510 3.818972852014834 198
1740015701534 3.7496526888942534 199
1740015701561 3.6816737348661204 200
1740015701588 3.61500968401353 201
1740015701612 3.5496347502512977 202
1740015701637 3.485523657011887 203
1740015701666 3.42265162713646 204
1740015701691 3.3609943729669065 205
1740015701716 3.30052808663496 206
1740015701742 3.241229430544345 207
1740015701771 3.183075528042203 208
1740015701795 3.126043954276022 209
1740015701819 3.0701127272323028 210
1740015701848 3.0152602989534434 211
1740015701876 2.9614655469292197 212
1740015701900 2.9087077656594076 213
1740015701925 2.856966658384173 214
1740015701958 2.8062223289788175 215
1740015701982 2.7564552740096877 216
1740015702006 2.707646374947981 217
1740015702033 2.6597768905383288 218
1740015702060 2.6128284493190694 219
1740015702084 2.5667830422911933 220
1740015702109 2.5216230157330153 221
1740015702138 2.477331064157643 222
1740015702165 2.4338902234104167 223
1740015702191 2.391283863903532 224
1740015702215 2.3494956839851326 225
1740015702241 2.3085097034401483 226
1740015702265 2.2683102571203166 227
1740015702290 2.228881988700768 228
1740015702314 2.190209844560679 229
1740015702340 2.152279067785515 230
1740015702364 2.1150751922884643 231
1740015702391 2.0785840370486497 232
1740015702421 2.042791700463841 233
1740015702448 2.0076845548153472 234
1740015702475 1.9732492408428872 235
1740015702499 1.9394726624272376 236
1740015702527 1.9063419813784968 237
1740015702553 1.873844612327915 238
1740015702577 1.8419682177211578 239
1740015702603 1.810700702911041 240
1740015702632 1.7800302113477415 241
1740015702657 1.7499451198645366 242
1740015702682 1.7204340340571618 243
1740015702707 1.6914857837549575 244
1740015702732 1.663089418581963 245
1740015702756 1.6352342036061325 246
1740015702781 1.6079096150749932 247
1740015702809 1.5811053362359566 248
1740015702836 1.5548112532396274 249
1740015702861 1.529017451124475 250
1740015702886 1.5037142098812117 251
1740015702912 1.4788920005953363 252
1740015702941 1.4545414816662388 253
1740015702968 1.4306534951013778 254
1740015702998 1.4072190628840342 255
1740015703032 1.3842293834131727 256
1740015703059 1.3616758280139571 257
1740015703084 1.3395499375175544 258
1740015703110 1.3178434189088213 259
1740015703140 1.2965481420405176 260
1740015703167 1.2756561364127528 261
1740015703193 1.255159588016332 262
1740015703222 1.2350508362387758 263
1740015703248 1.2153223708317076 264
1740015703272 1.1959668289384502 265
1740015703296 1.1769769921805875 266
1740015703327 1.1583457838023514 267
1740015703352 1.1400662658716552 268
1740015703377 1.122131636536669 269
1740015703403 1.1045352273368212 270
1740015703432 1.0872705005671606 271
1740015703457 1.0703310466949854 272
1740015703482 1.053710581827728 273
1740015703507 1.0374029452310842 274
1740015703532 1.021402096896337 275
1740015703558 1.0057021151559737 276
1740015703582 0.9902971943465567 277
1740015703608 0.9751816425179716 278
1740015703633 0.9603498791880954 279
1740015703658 0.9456880825640688 280
1740015703682 0.93140774905278 281
1740015703709 0.9173951257535929 282
1740015703734 0.9035384643540629 283
1740015703759 0.8900459629240606 284
1740015703784 0.8768060211328165 285
1740015703810 0.863708814610637 286
1740015703834 0.8509594921744877 287
1740015703858 0.8383471919287385 288
1740015703887 0.8260697205358271 289
1740015703912 0.8140214832764252 290
1740015703937 0.802098139171318 291
1740015703962 0.7904950333366207 292
1740015703991 0.7791082300124403 293
1740015704015 0.7678348560076153 294
1740015704040 0.7568680027922682 295
1740015704065 0.7460099846736784 296
1740015704092 0.7354470593256156 297
1740015704116 0.7250805285892262 298
1740015704143 0.7148122932476275 299
1740015704168 0.7048268805196258 300
1740015704192 0.6950268214204993 301
1740015704217 0.6853150877160348 302
1740015704243 0.6758746476946069 303
1740015704269 0.6665188872157641 304
1740015704293 0.657424384447093 305
1740015704318 0.6484982396993149 306
1740015704342 0.6396475819852363 307
1740015704368 0.6310478967699545 308
1740015704392 0.6225205462873031 309
1740015704416 0.6142349239642323 310
1740015704447 0.6061022618711512 311
1740015704474 0.5980334420494998 312
1740015704498 0.5901971941755721 313
1740015704522 0.5825053605980206 314
1740015704551 0.5748693232305679 315
1740015704577 0.567457266394849 316
1740015704602 0.560098581629225 317
1740015704631 0.5529557104205268 318
1740015704662 0.5459441019588516 319
1740015704687 0.5389784076866584 320
1740015704711 0.532220906776368 321
1740015704736 0.5255072694535847 322
1740015704761 0.5189942768198005 323
1740015704786 0.5126006279744629 324
1740015704812 0.5062439145306055 325
1740015704840 0.5000811073065798 326
1740015704868 0.49395352134469767 327
1740015704892 0.4880128542772772 328
1740015704917 0.4821807276332655 329
1740015704946 0.4763773711862855 330
1740015704980 0.47075499563261564 331
1740015705005 0.46515997926921504 332
1740015705030 0.4597394661050758 333
1740015705057 0.4543449735439631 334
1740015705086 0.449118738719206 335
1740015705114 0.4439876077731787 336
1740015705148 0.4388765770636504 337
1740015705175 0.43392892433352537 338
1740015705200 0.4290002979070088 339
1740015705225 0.4242292463169566 340
1740015705251 0.4195447598732782 341
1740015705278 0.41487375480123917 342
1740015705303 0.4103560754383786 343
1740015705327 0.4058510421874952 344
1740015705352 0.4014939329785865 345
1740015705377 0.39721564538556076 346
1740015705410 0.3929447975699265 347
1740015705440 0.388818197027351 348
1740015705466 0.3846984163136606 349
1740015705496 0.3807178455887611 350
1740015705521 0.3767435144548326 351
1740015705548 0.3729035338086985 352
1740015705575 0.3691327434977428 353
1740015705600 0.3653633464360564 354
1740015705642 0.36172539641110385 355
1740015705722 0.358088448527436 356
1740015705749 0.3545784035071084 357
1740015705774 0.35113142006040987 358
1740015705799 0.34768086089846956 359
1740015705824 0.3443547505832257 360
1740015705848 0.34102484429750185 361
1740015705872 0.3378151287622743 362
1740015705900 0.3346014201510224 363
1740015705926 0.33150379260695834 364
1740015705951 0.32846160427711546 365
1740015705975 0.325411118673664 366
1740015706007 0.32247487980086725 367
1740015706032 0.31953029748962125 368
1740015706056 0.31669609904513357 369
1740015706081 0.3138535267327276 370
1740015706108 0.31111760909736175 371
1740015706135 0.3084304772379866 372
1740015706160 0.3057309023994874 373
1740015706185 0.3031366905255091 374
1740015706210 0.3005301391392614 375
1740015706234 0.2980254339594065 376
1740015706259 0.2955085021216693 377
1740015706285 0.2930900204938124 378
1740015706311 0.2907145147059447 379
1740015706336 0.288322915227831 380
1740015706363 0.28602894937126966 381
1740015706390 0.2837191219889593 382
1740015706415 0.28150371453621587 383
1740015706440 0.2792726816761543 384
1740015706468 0.2771329645007724 385
1740015706498 0.27503114771877846 386
1740015706522 0.2729100123372979 387
1740015706547 0.2708797920380656 388
1740015706577 0.26883059608804916 389
1740015706606 0.26686936688155544 390
1740015706631 0.264889504276769 391
1740015706656 0.2629947596081222 392
1740015706683 0.2611334796083682 393
1740015706707 0.25925002270480096 394
1740015706731 0.2574516473005014 395
1740015706757 0.25563153339956934 396
1740015706782 0.25389378496218873 397
1740015706807 0.2521347317601185 398
1740015706831 0.2504554188261118 399
1740015706856 0.2487552299352622 400
1740015706881 0.24713224385908136 401
1740015706906 0.24553784193761455 402
1740015706931 0.24391914112115196 403
1740015706960 0.24237805082837538 404
1740015706986 0.2408131769923363 405
1740015707011 0.2393234814767533 406
1740015707035 0.23781050951819654 407
1740015707063 0.23637036415894086 408
1740015707087 0.23495553623580373 409
1740015707111 0.23351411952354953 410
1740015707139 0.23214620179865642 411
1740015707164 0.23075228128941144 412
1740015707192 0.22942959636060922 413
1740015707216 0.2280814835504246 414
1740015707242 0.22680241703283946 415
1740015707267 0.22549848647984513 416
1740015707292 0.22426148456615524 417
1740015707316 0.2230462053135778 418
1740015707344 0.22180282842003507 419
1740015707370 0.22062738639780038 420
1740015707395 0.21942448313624202 421
1740015707420 0.2182874647516096 422
1740015707449 0.21712360806391676 423
1740015707476 0.2160236525990863 424
1740015707505 0.21489746846177007 425
1740015707533 0.213833266031169 426
1740015707560 0.2127877554513089 427
1740015707588 0.21171284606713345 428
1740015707614 0.2107012071761436 429
1740015707641 0.20966084658854872 430
1740015707666 0.2086818871356315 431
1740015707691 0.20767486773663582 432
1740015707724 0.2067274398616234 433
1740015707752 0.20575259868635434 434
1740015707777 0.2048355972085428 435
1740015707801 0.20393472979217192 436
1740015707829 0.20300333022369307 437
1740015707858 0.2021312982324764 438
1740015707885 0.20122944415783273 439
1740015707912 0.20038524115885012 440
1740015707942 0.1995119092765645 441
1740015707967 0.1986945661276011 442
1740015707991 0.1978487707541811 443
1740015708017 0.19705735416952017 444
1740015708042 0.19627991083324098 445
1740015708067 0.19547093798161985 446
1740015708091 0.1947180740552503 447
1740015708118 0.19393441746518994 448
1740015708147 0.19320528260682746 449
1740015708172 0.19244607386265408 450
1740015708197 0.1917398490773915 451
1740015708225 0.19100425149788886 452
1740015708251 0.19032014793502286 453
1740015708276 0.18964819017380252 454
1740015708300 0.1889438161580472 455
1740015708330 0.18829283732368016 456
1740015708355 0.18761020095090797 457
1740015708381 0.18697948190713387 458
1740015708408 0.18631784500795856 459
1740015708435 0.18570669298771209 460
1740015708460 0.18506534419772047 461
1740015708488 0.18447309179375612 462
1740015708520 0.1838914378822193 463
1740015708546 0.1832765714351762 464
1740015708572 0.18271284708860197 465
1740015708597 0.1821166868786331 466
1740015708623 0.18157028332543643 467
1740015708648 0.18099220078545628 468
1740015708672 0.1804625314526004 469
1740015708698 0.1799019206885481 470
1740015708723 0.17938842035387492 471
1740015708749 0.1788446972877268 472
1740015708774 0.17834682126560705 473
1740015708802 0.17785798099187547 474
1740015708827 0.17733589721841336 475
1740015708851 0.17686188468591976 476
1740015708877 0.1763554024711199 477
1740015708903 0.17589572049483432 478
1740015708927 0.17540432268509948 479
1740015708952 0.1749584920721058 480
1740015708976 0.17448168000249523 481
1740015709004 0.17404923886742463 482
1740015709028 0.17358653166632326 483
1740015709052 0.1731670347736748 484
1740015709079 0.17275529493392922 485
1740015709106 0.17231026225343185 486
1740015709132 0.171910810646087 487
1740015709160 0.1714788365131166 488
1740015709260 0.17109126643338174 489
1740015709291 0.17067192410298834 490
1740015709316 0.1702958434468014 491
1740015709340 0.1698887212864788 492
1740015709369 0.1695237519970246 493
1740015709393 0.16916565636007458 494
1740015709418 0.16877351416393083 495
1740015709444 0.16842596929888282 496
1740015709469 0.16804516231906702 497
1740015709494 0.1677078226686313 498
1740015709519 0.16733798484550624 499
