1740006987999 64.72171188972912 0
1740006988085 30.688713533426917 1
1740006988169 9.387940354288421 2
1740006988251 4.805562189483734 3
1740006988339 2.520696968336491 4
1740006988422 2.1845937459387104 5
1740006988505 0.39070008937655476 6
1740006988587 0.4690137806810889 7
1740006988668 0.10836103446925319 8
1740006988750 0.20907935429140737 9
1740006988833 0.16031448899680006 10
1740006988918 0.9332387152046193 11
1740006989003 0.002977629680234931 12
1740006989096 0.008799124068832898 13
1740006989180 0.32001890806536953 14
1740006989263 0.008907031955491947 15
1740006989346 0.1617983085698946 16
1740006989428 0.26746888815205205 17
1740006989515 0.027404082746555758 18
1740006989601 0.024809823716608306 19
1740006989693 1.4324033460898793 20
1740006989775 0.06316026262463725 21
1740006989857 0.024353177709629043 22
1740006989944 0.0016095262045995994 23
1740006990102 0.032079720869630186 24
1740006990185 0.011192617172565181 25
1740006990266 0.012286599478053686 26
1740006990349 0.4058880710888928 27
1740006990433 0.05793709753824302 28
1740006990516 0.06178047921183546 29
1740006990598 0.0020961322415791305 30
1740006990683 0.02046886641623398 31
1740006990766 0.00047392414255038905 32
1740006990848 0.00846564061910654 33
1740006990932 0.00892196689473353 34
