1740000664555 140.9586230832173 0
1740000664575 120.6532859176341 1
1740000664595 99.87808871465585 2
1740000664614 85.67094752104349 3
1740000664636 71.19823206176872 4
1740000664655 63.03863841453357 5
1740000664673 51.66865249747199 6
1740000664692 45.21712227929802 7
1740000664711 40.07927895016518 8
1740000664730 34.351467033823624 9
1740000664748 30.363225493515802 10
1740000664769 26.072775537973268 11
1740000664788 23.065649577121828 12
1740000664807 21.717000456871435 13
1740000664825 18.634764454011687 14
1740000664844 16.77252769873456 15
1740000664863 15.249852182524418 16
1740000664884 14.298505643431298 17
1740000664903 12.705399839205436 18
1740000664924 12.175008586844587 19
1740000664942 11.205155022603016 20
1740000664961 10.158685886026257 21
1740000664979 9.794244513298363 22
1740000665000 8.853631136472432 23
1740000665017 8.36620014828165 24
1740000665035 8.365872298039985 25
1740000665053 8.019835265251697 26
1740000665072 7.368584055240115 27
1740000665090 7.079502698744298 28
1740000665109 6.578369633307298 29
1740000665128 6.825642481184099 30
1740000665145 6.256257746269957 31
1740000665165 6.242843976793015 32
1740000665184 6.201056623904565 33
1740000665204 5.7324771150673275 34
1740000665222 5.494185509099438 35
1740000665240 5.8472885702147765 36
1740000665261 5.50246673439645 37
1740000665281 5.4380149216496765 38
1740000665300 5.882505308887326 39
1740000665318 5.670354478801376 40
1740000665336 5.697487133077893 41
1740000665354 5.259387301984642 42
1740000665374 5.313201536234471 43
1740000665392 4.872248157991791 44
1740000665410 5.152331796858391 45
1740000665428 5.052629378496609 46
1740000665447 4.65432612601354 47
1740000665466 4.833449683856963 48
1740000665484 5.14912952472911 49
1740000665503 5.145534798386836 50
1740000665522 4.6784250787403225 51
1740000665540 4.5475675400577575 52
1740000665559 4.766818119398484 53
1740000665577 4.633954628925474 54
1740000665595 4.968535793322677 55
1740000665614 4.800444856042221 56
1740000665633 5.062171227787624 57
1740000665650 5.2118038553747805 58
1740000665668 4.926983594105923 59
1740000665687 4.494319566981064 60
1740000665705 4.863083917668895 61
1740000665723 4.756354537509812 62
1740000665747 4.99157789349642 63
1740000665768 4.697620438113148 64
1740000665791 4.660113223702862 65
1740000665868 4.822288575095732 66
1740000665891 4.976016329957499 67
1740000665912 4.926821884608856 68
1740000665934 4.851831794244662 69
1740000665953 4.911914638690668 70
1740000665972 4.616112402794286 71
1740000665993 4.978343811137721 72
1740000666012 4.700726141617017 73
1740000666032 4.2894607287654924 74
1740000666054 4.794743818099982 75
1740000666078 4.571166803791434 76
1740000666098 4.767002413154386 77
1740000666118 4.70012467642916 78
1740000666140 5.032338385292815 79
1740000666162 4.913926570303887 80
1740000666181 4.6620842862470715 81
1740000666204 5.111706420657172 82
1740000666228 4.23884080334446 83
1740000666249 4.575989969084006 84
1740000666272 4.700289625342186 85
1740000666293 4.901059647121579 86
1740000666314 4.814381496274051 87
1740000666336 4.409371264304722 88
1740000666356 4.93719050497851 89
1740000666375 4.767324600123677 90
1740000666397 4.963048844512064 91
1740000666416 5.264997249483621 92
1740000666434 4.42490280697279 93
1740000666453 5.065130227519679 94
1740000666472 5.039918562575214 95
1740000666491 5.009483686873541 96
1740000666509 5.0557823577455245 97
1740000666530 4.800266112159065 98
1740000666549 5.191795308648433 99
