1739999028033 169.25480595599964 0
1739999028053 169.22090647151168 1
1739999028072 169.2041050868846 2
1739999028089 169.18723260954812 3
1739999028109 169.17036210290178 4
1739999028125 169.15349308922185 5
1739999028141 169.13662604192854 6
1739999028158 169.11976048725097 7
1739999028176 169.10289689859204 8
1739999028191 169.08603480219804 9
1739999028210 169.06917467145473 10
1739999028226 169.05231603262564 11
1739999028241 169.03545935907945 12
1739999028258 169.01860433495494 13
1739999028275 169.00175088108963 14
1739999028290 168.98489939202713 15
1739999028305 168.9680493939278 16
1739999028319 168.95120136026662 17
1739999028334 168.93435481721815 18
1739999028351 168.91751023824025 19
1739999028369 168.90066730741245 20
1739999028384 168.88382594555767 21
1739999028402 168.86698654729375 22
1739999028417 168.85014863869222 23
1739999028433 168.83331269331708 24
1739999028450 168.81647823725422 25
1739999028466 168.79964574405042 26
1739999028481 168.78281489772615 27
1739999028496 168.7659856190896 28
1739999028510 168.7491583028328 29
1739999028526 168.73233247493863 30
1739999028541 168.71550860906 31
1739999028557 168.69868638914681 32
1739999028572 168.68186573598973 33
1739999028586 168.6650470443691 34
1739999028601 168.64822984016197 35
1739999028616 168.63141459712736 36
1739999028631 168.61460084115646 37
1739999028647 168.59778904599122 38
1739999028662 168.58097889552238 39
1739999028677 168.564170310526 40
1739999028696 168.54736368585654 41
1739999028716 168.53055854730235 42
1739999028734 168.51375536871137 43
1739999028750 168.49695367588623 44
1739999028766 168.48015394265767 45
1739999028781 168.46335585285743 46
1739999028797 168.44655932724692 47
1739999028812 168.42976476075464 48
1739999028827 168.41297167908044 49
1739999028842 168.39618055616097 50
1739999028857 168.37939107575752 51
1739999028872 168.36260315861404 52
1739999028887 168.34581719974724 53
1739999028902 168.32903272475124 54
1739999028917 168.3122502076686 55
1739999028933 168.2954691741078 56
1739999028948 168.2786900980942 57
1739999028963 168.26191266333012 58
1739999028978 168.24513679054493 59
1739999028992 168.2283628748292 60
1739999029009 168.2115904416887 61
1739999029026 168.19481996525462 62
1739999029046 168.17805097104713 63
1739999029062 168.1612839331801 64
1739999029077 168.14451853529704 65
1739999029091 168.12775469811274 66
1739999029106 168.11099281679157 67
1739999029122 168.09423241675105 68
1739999029137 168.07747397221084 69
1739999029152 168.06071716674415 70
1739999029167 168.04396192104826 71
1739999029182 168.0272086303756 72
1739999029197 168.01045682003823 73
1739999029213 167.99370696436148 74
1739999029229 167.97695858867178 75
1739999029244 167.96021216727718 76
1739999029262 167.94346738369217 77
1739999029277 167.92672415859943 78
1739999029291 167.90998288732507 79
1739999029307 167.89324309509306 80
1739999029323 167.87650525631705 81
1739999029337 167.85976889623544 82
1739999029352 167.8430344892446 83
1739999029367 167.82630171880027 84
1739999029382 167.80957050557072 85
1739999029396 167.79284124495553 86
1739999029413 167.77611346209068 87
1739999029427 167.75938763147815 88
1739999029443 167.74266343650353 89
1739999029458 167.72594079781743 90
1739999029475 167.70922011090764 91
1739999029491 167.6925009008046 92
1739999029507 167.67578364211585 93
1739999029522 167.65906785988645 94
1739999029537 167.64235402870648 95
1739999029552 167.625641831903 96
1739999029566 167.60893119011214 97
1739999029582 167.592222498895 98
1739999029598 167.57551528319433 99
1739999029613 167.55881001770578 100
1739999029628 167.54210622738643 101
1739999029642 167.52540438691454 102
1739999029657 167.50870417955863 103
1739999029673 167.49200552594036 104
1739999029689 167.4753088216942 105
1739999029707 167.45861359167512 106
1739999029725 167.44192031066672 107
1739999029759 167.42522866186738 108
1739999029775 167.4085385658814 109
1739999029791 167.39185041843103 110
1739999029806 167.37516374426605 111
1739999029821 167.3584790182755 112
1739999029836 167.3417957652236 113
1739999029850 167.32511445998185 114
1739999029866 167.30843478569028 115
1739999029881 167.29175666293864 116
1739999029896 167.27508048752253 117
1739999029911 167.258405784104 118
1739999029926 167.24173302766002 119
1739999029941 167.22506174286724 120
1739999029957 167.208392404685 121
1739999029972 167.19172469619494 122
1739999029987 167.17505853797238 123
1739999030003 167.15839432588604 124
1739999030017 167.14173158451058 125
1739999030032 167.12507078891056 126
1739999030048 167.10841162209766 127
1739999030064 167.0917540046298 128
1739999030078 167.07509833246328 129
1739999030094 167.05844413006784 130
1739999030109 167.04179187261323 131
1739999030124 167.02514108458368 132
1739999030142 167.00849224113142 133
1739999030157 166.9918450252099 134
1739999030172 166.97519935736253 135
1739999030187 166.95855563361877 136
1739999030201 166.9419133783609 137
1739999030216 166.9252730668464 138
1739999030232 166.908634223472 139
1739999030248 166.89199732347763 140
1739999030263 166.8753620497585 141
1739999030278 166.8587283228437 142
1739999030293 166.84209653883553 143
1739999030307 166.8254662220291 144
1739999030322 166.8088378477693 145
1739999030337 166.7922110988814 146
1739999030352 166.77558589587713 147
1739999030367 166.75896263494644 148
1739999030381 166.74234084027947 149
1739999030396 166.7257209873261 150
1739999030412 166.70910260029126 151
1739999030427 166.69248615460722 152
1739999030442 166.67587133304124 153
1739999030457 166.65925805609058 154
1739999030472 166.64264672001804 155
1739999030487 166.62603684892667 156
1739999030503 166.60942891835373 157
1739999030520 166.592822452417 158
1739999030536 166.57621792663616 159
1739999030552 166.55961502372034 160
1739999030566 166.54301366415257 161
1739999030581 166.52641424426832 162
1739999030596 166.5098162880836 163
1739999030613 166.49322027122304 164
1739999030628 166.47662587632604 165
1739999030643 166.46003302385822 166
1739999030658 166.44344211024242 167
1739999030673 166.42685265939008 168
1739999030688 166.41026514703054 169
1739999030705 166.39367909708994 170
1739999030720 166.37709498528 171
1739999030735 166.36051249418227 172
1739999030751 166.3439315442479 173
1739999030766 166.32735253197256 174
1739999030781 166.31077498118063 175
1739999030797 166.2941993676887 176
1739999030812 166.27762537400858 177
1739999030827 166.26105292057414 178
1739999030841 166.24448240396828 179
1739999030857 166.22791334791089 180
1739999030871 166.2113462283232 181
1739999030887 166.19478056894002 182
1739999030902 166.17821684566476 183
1739999030917 166.16165474095158 184
1739999030932 166.14509417521995 185
1739999030947 166.1285355451252 186
1739999030962 166.11197837430066 187
1739999030979 166.09542313875443 188
1739999030995 166.07886936213455 189
1739999031010 166.06231752043152 190
1739999031024 166.04576729604165 191
1739999031039 166.02921860937016 192
1739999031054 166.0126718571448 193
1739999031072 165.99612656291217 194
1739999031092 165.9795832027674 195
1739999031107 165.96304145903716 196
1739999031123 165.9465012521094 197
1739999031140 165.929962978799 198
1739999031155 165.91342616254826 199
1739999031173 165.89689127955677 200
1739999031188 165.8803578532816 201
1739999031202 165.86382635990458 202
1739999031217 165.84729648169485 203
1739999031232 165.83076813902593 204
1739999031247 165.81424172878513 205
1739999031264 165.7977167743282 206
1739999031279 165.78119375194143 207
1739999031294 165.7646721849955 208
1739999031309 165.7481525497589 209
1739999031324 165.7316345284432 210
1739999031338 165.71511804140772 211
1739999031354 165.69860348561187 212
1739999031369 165.68209038432502 213
1739999031383 165.66557921392024 214
1739999031397 165.6490696565394 215
1739999031412 165.6325616325248 216
1739999031427 165.6160555389227 217
1739999031442 165.59955089889834 218
1739999031458 165.58304818892915 219
1739999031474 165.56654693219502 220
1739999031488 165.55004760515564 221
1739999031505 165.53354988989545 222
1739999031519 165.51705370674233 223
1739999031535 165.5005594528148 224
1739999031551 165.4840666511918 225
1739999031567 165.4675757784372 226
1739999031583 165.45108635764484 227
1739999031598 165.43459886536064 228
1739999031613 165.4181129836118 229
1739999031628 165.40162863271186 230
1739999031643 165.38514620985137 231
1739999031658 165.3686652380232 232
1739999031673 165.35218619387751 233
1739999031689 165.33570875937215 234
1739999031708 165.3192328548034 235
1739999031724 165.3027588774487 236
1739999031739 165.28628635019683 237
1739999031754 165.26981574980223 238
1739999031769 165.2533465991686 239
1739999031784 165.2368793750325 240
1739999031799 165.2204137592943 241
1739999031815 165.20394967223623 242
1739999031831 165.18748751120754 243
1739999031845 165.17102679901106 244
1739999031860 165.15456801248743 245
1739999031875 165.13811067445442 246
1739999031890 165.12165526173473 247
1739999031906 165.1052014561716 248
1739999031921 165.08874917803297 249
1739999031936 165.0722988247399 250
1739999031950 165.05584991900935 251
1739999031966 165.0394029377681 252
1739999031981 165.02295756279014 253
1739999031996 165.0065137143262 254
1739999032012 164.990071789884 255
1739999032027 164.97363131207675 256
1739999032043 164.95719275793525 257
1739999032058 164.94075565008745 258
1739999032073 164.92432046554623 259
1739999032088 164.90788688602848 260
1739999032104 164.89145483177074 261
1739999032118 164.87502470035247 262
1739999032134 164.858596014301 263
1739999032149 164.84216925073318 264
1739999032163 164.8257439321913 265
1739999032180 164.80932053577413 266
1739999032195 164.7928987431415 267
1739999032210 164.77647847451576 268
1739999032225 164.76006012754803 269
1739999032240 164.74364322467994 270
1739999032255 164.72722824311424 271
1739999032271 164.71081486444157 272
1739999032287 164.69440300886708 273
1739999032302 164.6779930741285 274
1739999032317 164.6615845825638 275
1739999032332 164.64517801147952 276
1739999032346 164.62877288322875 277
1739999032362 164.61236967509996 278
1739999032377 164.59596806862677 279
1739999032392 164.57956798400033 280
1739999032407 164.56316981902975 281
1739999032422 164.54677309596752 282
1739999032437 164.53037829220597 283
1739999032453 164.51398508920963 284
1739999032471 164.49759340715246 285
1739999032486 164.48120364393006 286
1739999032500 164.4648153216914 287
1739999032516 164.44842891793252 288
1739999032531 164.43204395481743 289
1739999032546 164.41566090982403 290
1739999032562 164.39927946436006 291
1739999032576 164.38289953858538 292
1739999032592 164.36652153046688 293
1739999032608 164.3501449620682 294
1739999032623 164.33377031097098 295
1739999032638 164.31739709925392 296
1739999032655 164.30102580448047 297
1739999032669 164.28465610800154 298
1739999032684 164.26828792996292 299
1739999032700 164.2519216684028 300
1739999032714 164.23555684529947 301
1739999032729 164.21919393832013 302
1739999032745 164.20283262874668 303
1739999032761 164.18647283670774 304
1739999032776 164.17011496032788 305
1739999032791 164.15375852148202 306
1739999032806 164.1374039979409 307
1739999032821 164.1210509115946 308
1739999032836 164.10469974019566 309
1739999032852 164.08835016496923 310
1739999032866 164.0720021060299 311
1739999032881 164.0556559615734 312
1739999032896 164.03931125338957 313
1739999032911 164.02296845933444 314
1739999032927 164.00662710121304 315
1739999032942 163.9902876568632 316
1739999032958 163.97394980745347 317
1739999032973 163.95761347308434 318
1739999032988 163.9412790520226 319
1739999033002 163.9249460659731 320
1739999033019 163.90861499287715 321
1739999033035 163.89228551383442 322
1739999033050 163.87595754892837 323
1739999033065 163.8596314965119 324
1739999033079 163.8433068781867 325
1739999033095 163.82698417199737 326
1739999033114 163.8106628995609 327
1739999033133 163.79434353890355 328
1739999033149 163.77802577106857 329
1739999033164 163.76170951612534 330
1739999033179 163.74539517249775 331
1739999033194 163.7290822617026 332
1739999033210 163.71277126186965 333
1739999033226 163.69646169453088 334
1739999033241 163.68015403779788 335
1739999033256 163.66384797265724 336
1739999033272 163.64754341916438 337
1739999033286 163.63124077581404 338
1739999033304 163.61493956403822 339
1739999033319 163.59864026205173 340
1739999033334 163.58234255077252 341
1739999033349 163.5660463502389 342
1739999033363 163.54975205903162 343
1739999033378 163.53345919847973 344
1739999033395 163.5171682469012 345
1739999033410 163.5008787256403 346
1739999033425 163.48459111299664 347
1739999033440 163.46830508983186 348
1739999033455 163.4520205761702 349
1739999033470 163.43573797066335 350
1739999033486 163.41945679455554 351
1739999033502 163.40317752624964 352
1739999033516 163.38689984653857 353
1739999033532 163.3706236754296 354
1739999033548 163.3543494116603 355
1739999033562 163.338076576372 356
1739999033577 163.3218056480707 357
1739999033592 163.30553614791316 358
1739999033607 163.28926855438695 359
1739999033622 163.2730025482287 360
1739999033639 163.2567380494317 361
1739999033654 163.24047545680415 362
1739999033670 163.22421429140294 363
1739999033686 163.20795503181873 364
1739999033739 163.19169719912387 365
1739999033796 163.17544127189063 366
1739999033812 163.15918693079936 367
1739999033827 163.14293409582945 368
1739999033842 163.12668316585956 369
1739999033857 163.11043366186223 370
1739999033871 163.09418606251288 371
1739999033887 163.0779400484232 372
1739999033901 163.06169553955564 373
1739999033916 163.04545293487462 374
1739999033931 163.02921175524992 375
1739999033945 163.01297247945985 376
1739999033961 162.99673462838956 377
1739999033976 162.98049868079892 378
1739999033992 162.96426431724353 379
1739999034007 162.9480314576719 380
1739999034022 162.9318005011189 381
1739999034038 162.91557096837008 382
1739999034052 162.89934333828816 383
1739999034068 162.8831171316742 384
1739999034083 162.86689282737234 385
1739999034098 162.85067010588227 386
1739999034113 162.83444888713854 387
1739999034128 162.8182295702463 388
1739999034144 162.80201167590704 389
1739999034160 162.7857956830679 390
1739999034176 162.76958127216 391
1739999034190 162.7533683631009 392
1739999034206 162.73715735508148 393
1739999034221 162.72094776870065 394
1739999034237 162.70474008300815 395
1739999034253 162.6885338186184 396
1739999034268 162.6723294545627 397
1739999034283 162.6561266712163 398
1739999034298 162.63992538848285 399
1739999034313 162.62372600562338 400
1739999034328 162.6075280431529 401
1739999034344 162.5913319802054 402
1739999034359 162.57513733731125 403
1739999034374 162.55894459358595 404
1739999034389 162.54275342934886 405
1739999034403 162.52656376448982 406
1739999034418 162.51037599833995 407
1739999034435 162.49418965133037 408
1739999034450 162.47800520267919 409
1739999034466 162.4618223326374 410
1739999034480 162.44564096107797 411
1739999034495 162.42946148741748 412
1739999034510 162.41328343198467 413
1739999034527 162.39710727410014 414
1739999034542 162.38093253410813 415
1739999034557 162.3647596913108 416
1739999034572 162.34858842590342 417
1739999034587 162.3324186577449 418
1739999034602 162.316250786322 419
1739999034617 162.30008433187962 420
1739999034633 162.28391977382248 421
1739999034648 162.2677567922776 422
1739999034663 162.251595307087 423
1739999034679 162.2354357178228 424
1739999034696 162.21927754462766 425
1739999034712 162.20312126700873 426
1739999034728 162.18696640512417 427
1739999034742 162.17081343846252 428
1739999034757 162.1546620470951 429
1739999034772 162.13851215085018 430
1739999034787 162.12236414936976 431
1739999034803 162.1062175627128 432
1739999034819 162.0900728704704 433
1739999034834 162.07392959271712 434
1739999034849 162.05778820902523 435
1739999034863 162.04164839941058 436
1739999034878 162.02551008368746 437
1739999034894 162.00937366156774 438
1739999034910 161.9932386530269 439
1739999034924 161.97710553773976 440
1739999034939 161.96097399565383 441
1739999034954 161.94484394656664 442
1739999034968 161.92871579027528 443
1739999034984 161.91258904665315 444
1739999035000 161.89646419547725 445
1739999035014 161.88034075663663 446
1739999035030 161.8642192098896 447
1739999035046 161.84809923512827 448
1739999035060 161.83198075213633 449
1739999035075 161.8158641607805 450
1739999035090 161.79974898085095 451
1739999035105 161.78363569220824 452
1739999035121 161.767523814658 453
1739999035135 161.75141382804225 454
1739999035154 161.73530541219742 455
1739999035174 161.7191984868936 456
1739999035190 161.70309345206707 457
1739999035205 161.68698982742472 458
1739999035220 161.67088809291056 459
1739999035235 161.65478792829325 460
1739999035250 161.63868925332577 461
1739999035265 161.62259246802967 462
1739999035281 161.60649709200982 463
1739999035296 161.59040360531245 464
1739999035311 161.57431152755808 465
1739999035326 161.55822133877413 466
1739999035340 161.54213271867388 467
1739999035355 161.52604558699662 468
1739999035371 161.50996034383334 469
1739999035386 161.49387650870577 470
1739999035400 161.47779456174354 471
1739999035416 161.46171418259186 472
1739999035431 161.44563529097323 473
1739999035446 161.42955828706363 474
1739999035463 161.413482690283 475
1739999035477 161.3974089808629 476
1739999035492 161.38133667823897 477
1739999035506 161.36526626262403 478
1739999035521 161.34919741360804 479
1739999035536 161.33313005089974 480
1739999035553 161.31706457474453 481
1739999035568 161.3010005044794 482
1739999035583 161.28493832041903 483
1739999035598 161.2688775419162 484
1739999035613 161.25281864926686 485
1739999035628 161.23676132200575 486
1739999035645 161.22070547982793 487
1739999035659 161.20465152304806 488
1739999035674 161.1885989709202 489
1739999035694 161.1725483038423 490
1739999035715 161.15649920128124 491
1739999035735 161.1404515829153 492
1739999035755 161.12440584914395 493
1739999035772 161.10836151911965 494
1739999035789 161.09231907334214 495
1739999035804 161.0762780309796 496
1739999035819 161.06023887251294 497
1739999035834 161.04420127735395 498
1739999035850 161.02816516516717 499
