1739995689536 66.20984154571599 0
1739995689625 13.877011979362013 1
1739995689713 17.195772274951576 2
1739995689800 9.203241418532155 3
1739995689888 1.3759745386562714 4
1739995689975 1.100570637556712 5
1739995690061 0.27151924047380444 6
1739995690147 0.46794329409375934 7
1739995690234 0.018951859289523067 8
1739995690321 0.014147588532969373 9
1739995690409 0.2620291457513885 10
1739995690495 0.3978806204520165 11
1739995690584 0.03866670639886057 12
1739995690670 5.2395114393565484e-05 13
1739995690778 0.15144338913029864 14
1739995690865 0.06890982390995748 15
1739995690952 0.04178729342167326 16
1739995691039 0.00831574704071642 17
1739995691125 0.014988344404641769 18
1739995691212 0.036469530194150834 19
1739995691299 0.0286652544820759 20
1739995691384 0.0007506271506240431 21
1739995691471 0.0019143803474941771 22
1739995691557 0.03380706571859587 23
1739995691645 5.620877090679634e-05 24
1739995691732 0.0035605478413374926 25
1739995691819 0.01630493404027882 26
1739995691906 0.14273285798048665 27
1739995691993 0.04676133887769674 28
1739995692079 0.0641907083233866 29
1739995692165 0.14364796363312857 30
1739995692252 0.0035434784231444852 31
1739995692338 0.013310380499632986 32
1739995692425 0.06625443109933325 33
1739995692511 0.08618520211959807 34
1739995692599 0.06910635596118456 35
1739995692686 0.13535612874004765 36
1739995692773 0.02875377916678926 37
1739995692861 0.5061965773884998 38
1739995692948 0.21545441010841707 39
1739995693034 0.023791584132902957 40
1739995693121 0.040472610960291866 41
