1740007103252 64.74119142444984 0
1740007103344 29.27238342815251 1
1740007103430 15.48620661206788 2
1740007103515 4.727484384006636 3
1740007103603 0.7914029507826356 4
1740007103688 0.5992187670665143 5
1740007103771 0.11534109294033652 6
1740007103854 0.08027347856550393 7
1740007103943 0.037095575725997684 8
1740007104028 0.021907440078911662 9
1740007104109 0.062441725943581626 10
1740007104192 0.01223788524540214 11
1740007104287 0.0003863224637084141 12
1740007104375 0.0409958072582637 13
1740007104464 0.014823128452016948 14
1740007104549 0.1297535917034913 15
1740007104631 0.024242837507048236 16
1740007104714 0.004600400520621566 17
1740007104799 0.01315233247896331 18
1740007104882 0.026515060026462228 19
1740007105023 0.13744420341030536 20
1740007105115 0.02228746470088791 21
1740007105199 0.0370445798136149 22
1740007105283 0.04443933464100563 23
1740007105367 0.0006671741989301975 24
1740007105452 0.022504516263071397 25
1740007105536 0.09690374421172543 26
1740007105620 5.931352379511266e-05 27
1740007105703 0.022766519537111524 28
1740007105787 0.006500453089454029 29
1740007105872 0.0008619440970220808 30
1740007105957 0.014666380054637301 31
1740007106041 0.007630966041340291 32
