1739988396199 5.927692983212183 0
1739988396278 6.2152605637907605 1
1739988396357 6.267459194700051 2
1739988396440 8.62721997212653 3
1739988396520 6.411512280555737 4
1739988396598 4.2978591412936735 5
1739988396680 7.4250932992934215 6
1739988396761 6.611465853886866 7
1739988396842 5.823767262404164 8
1739988396924 8.24277276997891 9
1739988397000 5.76257766870707 10
1739988397074 6.338198538477899 11
1739988397154 6.02779985931501 12
1739988397231 7.1986534958636685 13
1739988397308 5.53366946534534 14
1739988397445 6.2009930968392295 15
1739988397522 6.770172715505018 16
1739988397597 6.391486332858878 17
1739988397677 4.609836814253772 18
1739988397758 6.037054490065453 19
1739988397837 7.119388618297477 20
1739988397918 7.4897646078786 21
1739988397995 6.571169737154696 22
1739988398070 14.699397595087934 23
1739988398152 9.966639725147985 24
1739988398229 7.297618705249703 25
1739988398304 5.219466739080177 26
1739988398387 11.205052612603108 27
1739988398469 5.290888859083747 28
1739988398547 2.8994097776238674 29
1739988398623 5.111755978609308 30
1739988398704 3.412740032181289 31
1739988398787 5.847268450567739 32
1739988398869 7.009036958868283 33
1739988398953 5.424740077521733 34
1739988399029 6.7768280928812485 35
1739988399104 7.682257873811323 36
1739988399187 9.267814501947681 37
1739988399263 7.137682680573754 38
1739988399342 7.588054261377442 39
1739988399434 5.9209612096822 40
1739988399520 6.838438003866121 41
1739988399605 5.920522018259172 42
1739988399694 6.031194306667036 43
1739988399778 9.90145884608853 44
1739988399863 6.875811887092647 45
1739988399952 6.235266207724231 46
1739988400032 9.103614527124313 47
1739988400111 7.273529000723722 48
1739988400197 6.407208675257883 49
1739988400276 5.795439450442192 50
1739988400356 7.421710841253115 51
1739988400443 7.158130740037075 52
1739988400523 6.361187854115621 53
1739988400601 6.287826887603559 54
1739988400681 6.587673898790051 55
1739988400762 6.964944957017882 56
1739988400841 5.915509002169879 57
1739988400926 10.695450664321859 58
1739988401010 6.70472017789717 59
1739988401090 5.756057924303388 60
1739988401173 7.176709997837007 61
1739988401255 6.281651879076416 62
1739988401331 6.903545047795085 63
1739988401412 4.190709522519094 64
1739988401492 5.946066066778452 65
1739988401570 13.030068228147641 66
1739988401649 4.142877237741153 67
1739988401727 7.564362440468274 68
1739988401805 7.203793507529848 69
1739988401881 7.169608148035433 70
1739988401962 6.956814233481439 71
1739988402038 7.7045015284888265 72
1739988402113 8.813770204330362 73
1739988402195 6.873187067814093 74
1739988402274 6.5303685367069475 75
1739988402349 8.131282208603928 76
1739988402430 6.30282661942393 77
1739988402507 8.012559439323619 78
1739988402582 4.5570763630177575 79
1739988402663 6.021973895578221 80
1739988402768 5.408836311115265 81
1739988402849 7.263315713947864 82
1739988402939 7.505973727121995 83
1739988403015 6.739652890891083 84
1739988403090 5.726647971620715 85
1739988403169 6.47274967559651 86
1739988403245 5.859532894226059 87
1739988403320 7.437364879646799 88
1739988403401 7.4680922490708195 89
1739988403483 6.996394409473346 90
1739988403566 7.595326656317087 91
1739988403651 6.465654757226214 92
1739988403731 7.430319125637408 93
1739988403810 6.427238786397783 94
1739988403886 10.61566949802564 95
1739988403969 8.157830656199977 96
1739988404052 4.704102867759815 97
1739988404152 5.035268381413601 98
1739988404231 5.799051812568208 99
1739988404307 4.1781345121782385 100
1739988404384 6.345848530952361 101
1739988404467 6.158316290990115 102
1739988404543 6.787934450359309 103
1739988404619 6.3183638398244195 104
1739988404703 7.908228529175018 105
1739988404786 6.7068845552139775 106
1739988404915 6.767400047967598 107
1739988404998 8.345055418759062 108
1739988405080 6.279140524880576 109
1739988405166 6.840703258624526 110
1739988405244 5.008830746111359 111
1739988405326 6.71073595784338 112
1739988405411 6.9827936565559385 113
1739988405491 5.982229355427928 114
1739988405571 6.100386686260792 115
1739988405647 6.565978571129664 116
1739988405730 6.990188244359441 117
1739988405809 10.022167531965394 118
1739988405885 6.815725065275003 119
1739988405969 6.159082546430946 120
1739988406050 8.055580717320119 121
1739988406127 6.74269992884946 122
1739988406211 7.275071186945506 123
1739988406287 8.983749286014993 124
1739988406363 5.473309703995069 125
1739988406443 4.563600391312828 126
1739988406524 7.019245095854911 127
1739988406602 5.529467823631411 128
1739988406684 4.722579232107394 129
1739988406762 6.6693612867764145 130
1739988406842 5.302500406295306 131
1739988406928 5.4267361256004225 132
1739988407007 9.569492187389736 133
1739988407085 9.81394511305092 134
1739988407168 6.868160364418966 135
1739988407247 7.477545000438178 136
1739988407325 6.929903417394683 137
1739988407401 8.835893700417197 138
1739988407485 6.8694349083920265 139
1739988407565 5.722271633440272 140
1739988407644 8.047721669479433 141
1739988407729 4.669381364253212 142
1739988407807 5.117703572342709 143
1739988407882 4.836367877338311 144
1739988407964 7.448865329855076 145
1739988408043 6.657688915726572 146
1739988408120 6.096564866433755 147
1739988408203 2.702960417246003 148
1739988408282 6.121021228850863 149
1739988408356 4.3921167539898605 150
1739988408437 6.070860994630312 151
1739988408515 7.845081495419672 152
1739988408594 5.935094537580116 153
1739988408675 5.39341434838594 154
1739988408755 8.036487185690037 155
1739988408851 4.106764553755829 156
1739988408950 5.180951998309022 157
1739988409033 5.995557086347674 158
1739988409118 5.689900609292476 159
1739988409201 3.462887082935423 160
1739988409285 8.127157532602764 161
1739988409410 7.658866890131194 162
1739988409524 8.12758246924014 163
1739988409639 6.565394528636625 164
1739988409729 5.11532604503194 165
1739988409900 6.740248717308016 166
1739988410002 6.272263350765949 167
1739988410116 5.159165351267939 168
1739988410244 10.953860775765921 169
1739988410329 6.915837153581722 170
1739988410427 6.821742799948786 171
1739988410518 5.770902766012633 172
1739988410603 1.339404549887288 173
1739988410694 6.92420911011204 174
1739988410777 9.050036132050652 175
1739988410862 8.967976404305022 176
1739988410958 6.887772933376651 177
1739988411043 5.307215448370698 178
1739988411124 4.574107827668376 179
1739988411207 8.252012465643668 180
1739988411289 8.143363425984154 181
1739988411368 7.502081099518583 182
1739988411452 6.623446841346135 183
1739988411531 6.703380856101644 184
1739988411625 7.241691249269829 185
1739988411709 6.627823170619656 186
1739988411788 6.578120165172138 187
1739988411868 8.166232578504207 188
1739988411957 6.40866884540111 189
1739988412040 4.7814376544571005 190
1739988412122 5.752830248574847 191
1739988412207 7.613600661021417 192
1739988412285 6.454670513036018 193
1739988412364 2.6790145179439677 194
1739988412452 6.126331394603925 195
1739988412535 5.357573718482635 196
1739988412614 7.122959974505388 197
1739988412703 6.373732170477167 198
1739988412787 6.278456045548534 199
1739988412870 4.461272617988006 200
1739988412956 13.666788438077816 201
1739988413036 6.911911041677031 202
1739988413145 6.830628231208077 203
1739988413232 7.244524814216303 204
1739988413338 5.74324314843443 205
1739988413424 3.238358513644796 206
1739988413507 6.538072810454082 207
1739988413592 8.482935510687932 208
1739988413696 9.993037857043301 209
1739988413889 6.212823232772626 210
1739988415756 7.169069816041382 211
1739988415848 9.147101256808273 212
1739988415936 3.870986344177699 213
1739988416023 5.334180350746604 214
1739988416115 8.017788826053973 215
1739988416215 7.2522526369653875 216
1739988416303 7.748331949723895 217
1739988416391 6.9185690232549915 218
1739988416484 6.818220393008217 219
1739988416570 7.681151960942338 220
1739988416654 5.46289169996271 221
1739988416744 9.083756406223312 222
1739988416856 6.814570925547649 223
1739988416959 5.243520466802818 224
1739988417046 6.682854009690129 225
1739988417133 5.694311876089083 226
1739988417224 6.668444017115138 227
1739988417310 5.42973604725767 228
1739988417399 6.369877286075165 229
1739988417489 5.5886687586501695 230
1739988417573 9.597767583601232 231
1739988417661 7.794758843329 232
1739988417822 7.318267350118577 233
1739988417945 6.605687165120854 234
1739988418047 7.5300792753041375 235
1739988418133 7.401822256682361 236
1739988418231 8.69392205242172 237
1739988418421 5.190130799455829 238
1739988418527 7.358525729708698 239
1739988418633 7.777111511777353 240
1739988418768 6.909965991211403 241
1739988418879 3.8622425284190407 242
1739988418973 6.696517220088725 243
1739988419062 5.508885019873975 244
1739988419148 6.511216393814012 245
1739988419240 4.432149119082123 246
1739988419373 5.12933798926113 247
1739988419465 6.654374405272665 248
1739988419569 7.438497141672187 249
1739988419659 14.255036074719916 250
1739988419755 6.446261248233289 251
1739988419890 6.660006962835185 252
1739988419976 8.595880130661508 253
1739988420058 4.715587449557515 254
1739988420139 5.950479008421897 255
1739988420223 5.980137298466743 256
1739988420303 3.639297471244425 257
1739988420382 5.004653052017798 258
1739988420466 6.9320500397471765 259
1739988420549 6.6226651630729485 260
1739988420628 6.371805590133131 261
1739988420709 5.8741566658982896 262
1739988420788 5.370277473379685 263
1739988420864 7.423604441518335 264
1739988420944 5.295080273153228 265
1739988421021 5.0397788350914485 266
1739988421097 12.11546605517487 267
1739988421174 6.806199444625043 268
1739988421258 7.544101551345146 269
1739988421334 7.027353325081895 270
1739988421410 6.023656981709878 271
1739988421493 5.657901049290845 272
1739988421571 6.928062568372545 273
1739988421647 4.010098234835368 274
1739988421729 5.070499731237452 275
1739988421817 6.899348779824842 276
1739988421896 8.308784974747294 277
1739988421976 6.441402052279262 278
1739988422052 6.6255260566510366 279
1739988422129 5.190496620751053 280
1739988422210 4.988773522596123 281
1739988422288 7.825084855624168 282
1739988422364 6.311508832828191 283
1739988422443 6.398738016230376 284
1739988422521 6.20412972831452 285
1739988422596 5.607077188334023 286
1739988422672 5.872379055461545 287
1739988422754 6.80800247372192 288
1739988422838 7.256165031818081 289
1739988422920 7.224566338685663 290
1739988423007 5.379439720206327 291
1739988423089 8.489103253447134 292
1739988423170 4.054256533437897 293
1739988423313 6.4114500855684184 294
1739988423391 5.162014008475362 295
1739988423474 5.677683064804649 296
1739988423556 6.17337207000933 297
1739988423637 6.724141660025427 298
1739988423722 4.777617017384944 299
1739988423803 5.8936796872226145 300
1739988423887 5.663615040239846 301
1739988423977 8.431671199282775 302
1739988424056 7.9409128734081 303
1739988424147 6.737183004863776 304
1739988424269 7.0944287009301785 305
1739988424377 6.128725218758349 306
1739988424482 7.268004390056153 307
1739988424566 4.281498262377394 308
1739988424657 5.954241404048226 309
1739988424744 7.2725998183367935 310
1739988424831 12.452982270269157 311
1739988424917 6.389577314705086 312
1739988425008 8.426875417796259 313
1739988425090 6.757577625175094 314
1739988425172 4.15456319373324 315
1739988425255 5.08253441372791 316
1739988425333 6.255679502375203 317
1739988425409 6.043205903531621 318
1739988425492 6.093838779537546 319
1739988425572 5.624481965213146 320
1739988425648 6.887609727814211 321
1739988425731 7.113699567580597 322
1739988425814 7.087448981336808 323
1739988425890 6.5427783729627516 324
1739988425974 6.768467377991138 325
1739988426052 6.1842061502796914 326
1739988426128 7.698460744224268 327
1739988426208 7.892810525349906 328
1739988426287 19.857474140049465 329
1739988426362 6.141025032186154 330
1739988426438 4.644549816597236 331
1739988426520 5.672787077417499 332
1739988426598 7.746074110358714 333
1739988426675 6.952260726241726 334
1739988426761 9.640968878148232 335
1739988426844 5.9357769305471075 336
1739988426929 7.003928555042856 337
1739988427104 6.392209500086069 338
1739988427204 6.784975655297442 339
1739988427284 7.478480247915986 340
1739988427367 6.72155103114914 341
1739988427455 5.858822143790476 342
1739988427538 6.283627875664499 343
1739988427620 6.4345107383639615 344
1739988427702 6.464934651110564 345
1739988427782 3.695183087089885 346
1739988427862 7.516347042990998 347
1739988427945 6.066285251253279 348
1739988428032 10.812813572940188 349
1739988428110 5.6690306484808755 350
1739988428187 3.977294190330622 351
1739988428273 8.038796297703557 352
1739988428351 4.808449548512347 353
1739988428433 6.783620488385436 354
1739988428523 6.314411138665321 355
1739988428604 6.2322533460708724 356
1739988428685 10.59731232274592 357
1739988428772 6.624934115282105 358
1739988428853 6.951222902167062 359
1739988428930 6.270866508043137 360
1739988429013 6.616997967258417 361
1739988429092 6.220005019529066 362
1739988429171 9.517865336950395 363
1739988429253 6.443218489057305 364
1739988429331 4.104578708917135 365
1739988429408 6.531670968250046 366
1739988429494 5.684422266360944 367
1739988429573 5.751935611201001 368
1739988429651 5.691783556606266 369
1739988429733 5.748516399470163 370
1739988429817 6.872194455885791 371
1739988429899 7.941315615246909 372
1739988429985 6.355683400997375 373
1739988430069 6.657564866404458 374
1739988430150 6.258108792824744 375
1739988430235 5.986894388528845 376
1739988430317 6.494838059523246 377
1739988430395 7.653112269593193 378
1739988430478 6.555028725076788 379
1739988430556 6.020205669174726 380
1739988430635 8.75484376511438 381
1739988430716 8.321131367076035 382
1739988430798 6.235762358456074 383
1739988430880 1.1885556351064486 384
1739988430963 5.907340116672294 385
1739988431045 8.751015868915085 386
1739988431126 7.606343871549127 387
1739988431204 6.995902601908346 388
1739988431291 6.761394337773685 389
1739988431372 4.077961593968729 390
1739988431451 6.601837659211915 391
1739988431534 8.782254881471756 392
1739988431613 4.794737211701199 393
1739988431694 7.714079794492313 394
1739988431782 8.531268191030401 395
1739988431862 9.152750500502599 396
1739988431939 6.741969411817056 397
1739988432025 4.333604858153869 398
1739988432106 6.859509140491752 399
1739988432185 7.700786616461396 400
1739988432274 6.7199005907874225 401
1739988432353 4.24700700449591 402
1739988432435 8.24484826882541 403
1739988432519 6.445821443220815 404
1739988432596 7.320438653042869 405
1739988432672 8.131877829043304 406
1739988432755 6.112650697905246 407
1739988432836 5.413762350014517 408
1739988432912 5.815642497648455 409
1739988432993 6.469256183554651 410
1739988433070 5.5634826949117855 411
1739988433145 6.96974918698177 412
1739988433226 10.174851565132373 413
1739988433305 5.3460573549315695 414
1739988433382 5.9878986422735885 415
1739988433461 6.531118442041183 416
1739988433544 5.934009930832186 417
1739988433626 4.042583561878752 418
1739988433707 10.330089707038711 419
1739988433795 7.268673337855014 420
1739988433877 6.224788164884848 421
1739988433956 5.783405380543245 422
1739988434047 3.4954712659468594 423
1739988434125 5.859038308013858 424
1739988434202 6.473308073359206 425
1739988434285 6.922784426694508 426
1739988434363 8.29695599214331 427
1739988434441 4.8518901983022005 428
1739988434524 5.246859680376733 429
1739988434601 8.94237369245443 430
1739988434676 4.105761910512931 431
1739988434758 7.112525934215088 432
1739988434837 8.914340732939172 433
1739988434912 5.811961904582368 434
1739988434994 6.408262413213177 435
1739988435072 6.316689325311854 436
1739988435151 6.468815251323507 437
1739988435249 4.29709631422699 438
1739988435328 4.296071518207828 439
1739988435404 6.875514621931814 440
1739988435484 5.803802295114637 441
1739988435560 5.819799665917116 442
1739988435635 4.619064810535385 443
1739988435711 6.691688897996961 444
1739988435798 6.415142231803477 445
1739988435894 9.142856889298955 446
1739988435993 5.999114538657526 447
1739988436076 4.638877368789574 448
1739988436156 6.985097368602441 449
1739988436239 8.154554559044577 450
1739988436319 6.95468351531837 451
1739988436398 7.28802669689959 452
1739988436500 6.817170606973416 453
1739988436589 6.796843390796543 454
1739988436674 7.39400998203681 455
1739988436760 5.875442395989156 456
1739988436846 7.49772157044077 457
1739988436931 7.373395933338469 458
1739988437018 7.870613272061985 459
1739988437102 6.994591688069935 460
1739988437180 8.545170042198567 461
1739988437261 6.587646198168778 462
1739988437340 6.564860538384215 463
1739988437416 8.100990932868337 464
1739988437497 9.510729809831124 465
1739988437575 4.893253255609798 466
1739988437652 6.584207363843504 467
1739988437733 7.52437125917176 468
1739988437815 6.319804204320794 469
1739988437890 7.0757293626294 470
1739988437964 6.092554288615357 471
1739988438047 6.966537242948868 472
1739988438129 6.864753901009477 473
1739988438207 5.066178742447561 474
1739988438293 5.811093692627706 475
1739988438374 7.145256294926899 476
1739988438456 8.79797920580128 477
1739988438542 3.34627601455608 478
1739988438620 7.582089649778934 479
1739988438699 7.78447747537027 480
1739988438787 6.525656105905188 481
1739988438911 6.536714019765075 482
1739988439002 7.5859392697267545 483
1739988439086 5.022887197970397 484
1739988439171 5.134386458136726 485
1739988439256 6.402438498368087 486
1739988439335 8.077678341412778 487
1739988439412 5.095601981234004 488
1739988439558 3.586289035913293 489
1739988439661 6.467651260153091 490
1739988439751 5.002374612341294 491
1739988439837 6.978687970944126 492
1739988439917 6.727083766195281 493
1739988440002 6.962371722596588 494
1739988440083 5.8106714905514725 495
1739988440188 6.087712660940169 496
1739988440276 7.344244800830504 497
1739988440359 5.734047511184973 498
1739988440441 5.170061846415531 499
