1740016011240 162.95912080477518 0
1740016011270 162.47224008833973 1
1740016011301 162.7926418353441 2
1740016011333 158.10769928948937 3
1740016011361 155.31994678401344 4
1740016011388 154.2845403350832 5
1740016011415 155.06135209274777 6
1740016011441 144.96643545081923 7
1740016011467 149.04731577079227 8
1740016011493 144.84265107498766 9
1740016011522 138.18194592227712 10
1740016011552 137.3384158191337 11
1740016011579 132.4344641391041 12
1740016011614 131.27900073767395 13
1740016011641 133.27080693560376 14
1740016011668 129.55668198040752 15
1740016011696 124.66305254728414 16
1740016011723 120.03447797550396 17
1740016011748 119.86093737463715 18
1740016011775 118.81478400795953 19
1740016011804 120.23831052346438 20
1740016011834 112.07778656406309 21
1740016011866 113.76788752031347 22
1740016011892 112.41255873140793 23
1740016011920 109.25453966477154 24
1740016011947 113.43111795286444 25
1740016011973 101.44264895783516 26
1740016011999 99.8115982801343 27
1740016012026 102.64153472659602 28
1740016012052 100.5416672366193 29
1740016012078 96.93145053230572 30
1740016012110 97.45624255327779 31
1740016012142 92.39062296101854 32
1740016012173 95.12736843478872 33
1740016012201 88.90677075809803 34
1740016012228 90.41532465783847 35
1740016012254 83.72386324262463 36
1740016012280 87.49083935805801 37
1740016012313 87.65227817006222 38
1740016012338 80.89738634093565 39
1740016012365 81.10163107401569 40
1740016012393 78.90211750804559 41
1740016012419 77.01115132582947 42
1740016012449 76.57447960825361 43
1740016012475 75.38326615681561 44
1740016012509 72.64893929537841 45
1740016012535 73.09742989297125 46
1740016012562 71.97109912385562 47
1740016012589 68.46430619293434 48
1740016012616 68.9100552201074 49
1740016012643 68.93197516306483 50
1740016012669 66.15864599117876 51
1740016012702 66.48496758564092 52
1740016012727 65.09822026316515 53
1740016012753 61.34368399655001 54
1740016012783 64.18328704011725 55
1740016012813 61.838792388553735 56
1740016012838 59.805093655365475 57
1740016012864 57.764925218023805 58
1740016012891 59.224485626756824 59
1740016012919 55.8972229156801 60
1740016012945 55.9988404794455 61
1740016012971 55.283241249786435 62
1740016013000 56.489541031731754 63
1740016013027 53.92285720870005 64
1740016013054 53.99610700032199 65
1740016013085 52.75469329582446 66
1740016013111 49.96915025895595 67
1740016013140 49.18895821507498 68
1740016013170 49.039370433622736 69
1740016013263 48.02895066268802 70
1740016013292 46.17507365639567 71
1740016013326 47.74373086119356 72
1740016013356 45.59386368734976 73
1740016013385 44.44550164617654 74
1740016013412 43.262674517426575 75
1740016013439 42.97179386719988 76
1740016013469 43.28278800692529 77
1740016013496 41.14207860847856 78
1740016013522 40.65627939667486 79
1740016013552 39.46028139288532 80
1740016013678 39.240900109882666 81
1740016013710 38.00222826279547 82
1740016013736 39.30557949943193 83
1740016013762 37.99771319660974 84
1740016013791 36.15499564087984 85
1740016013818 35.654039384402125 86
1740016013844 34.53677640069031 87
1740016013872 35.05765124761579 88
1740016013904 35.05257552506643 89
1740016013931 33.448688318529506 90
1740016013958 35.122911295094 91
1740016013989 31.998444333183524 92
1740016014016 32.76945185968717 93
1740016014042 30.608726886328707 94
1740016014069 29.56027141873936 95
1740016014096 29.81719512007783 96
1740016014122 30.3361293646942 97
1740016014150 29.824111755961173 98
1740016014179 28.24943508829216 99
1740016014207 29.208867364359286 100
1740016014233 27.678790092271438 101
1740016014259 26.277683193494507 102
1740016014294 27.10334976635751 103
1740016014321 26.887924087735737 104
1740016014347 27.80393031982171 105
1740016014375 24.967567975747848 106
1740016014401 25.190336321628138 107
1740016014427 24.649626704092555 108
1740016014453 25.175894624087974 109
1740016014480 23.499971614198476 110
1740016014506 23.779367473893274 111
1740016014532 22.352457239925155 112
1740016014559 21.34655116525573 113
1740016014590 21.218364984366037 114
1740016014616 22.497648169727842 115
1740016014642 21.860355967397712 116
1740016014672 20.960036685465234 117
1740016014699 21.23831455269627 118
1740016014725 19.339307579625494 119
1740016014751 19.776019191038102 120
1740016014778 19.312208745521623 121
1740016014803 18.84876210695057 122
1740016014829 19.581269012055234 123
1740016014856 18.043177761993835 124
1740016014884 18.59836972099389 125
1740016014911 18.20945449382209 126
1740016014937 16.652693270121144 127
1740016014969 18.011898744033054 128
1740016014994 17.394546679858948 129
1740016015020 16.416874218838807 130
1740016015047 16.90105392486498 131
1740016015074 16.302672708676887 132
1740016015100 16.283367495814577 133
1740016015126 16.046527951040908 134
1740016015155 14.808642112255662 135
1740016015182 16.734058081108355 136
1740016015207 15.000924110537586 137
1740016015234 14.408818977544575 138
1740016015264 13.803907903840484 139
1740016015290 14.491121466932876 140
1740016015318 14.172974924586477 141
1740016015346 13.364163695120263 142
1740016015373 14.096754404214716 143
1740016015399 13.097371783032575 144
1740016015425 12.86590975501906 145
1740016015452 12.562963827083152 146
1740016015478 12.79551092002351 147
1740016015504 13.647350585388116 148
1740016015532 11.874631014521272 149
1740016015562 12.425666224850538 150
1740016015588 11.378116037983329 151
1740016015615 11.396887175708038 152
1740016015642 11.173376710326686 153
1740016015668 10.460645563116856 154
1740016015694 11.198140722034742 155
1740016015720 10.12152752776956 156
1740016015747 10.15067848614186 157
1740016015773 9.93788403761739 158
1740016015799 9.633549952579214 159
1740016015830 10.04201021496701 160
1740016015856 9.764463797631771 161
1740016015882 10.13302479967243 162
1740016015911 9.63553602256387 163
1740016015943 9.099271626397996 164
1740016015969 9.299000410168198 165
1740016015995 8.888910217349169 166
1740016016022 8.258828778586157 167
1740016016048 9.126675809024777 168
1740016016074 8.974479230546542 169
1740016016101 8.523330455538256 170
1740016016133 8.395264728681097 171
1740016016161 7.6353459312154 172
1740016016187 7.678538830735316 173
1740016016217 7.96501234463669 174
1740016016243 7.811735792372073 175
1740016016268 7.108195942648682 176
1740016016295 7.730853514016991 177
1740016016321 7.722434831425331 178
1740016016349 7.51016865964517 179
1740016016377 7.015493618356247 180
1740016016405 6.80007908912021 181
1740016016433 6.386787764138209 182
1740016016459 6.94298230180163 183
1740016016485 6.987113645930094 184
1740016016513 6.2278520370875095 185
1740016016539 6.46406312404323 186
1740016016565 6.04338776780043 187
1740016016592 5.594688789071153 188
1740016016620 6.119422281644234 189
1740016016646 5.861658353901262 190
1740016016672 5.41136364424755 191
1740016016706 5.400798255188852 192
1740016016732 6.040165813137988 193
1740016016757 6.40649507892338 194
1740016016786 5.062696235373377 195
1740016016815 5.324274354672448 196
1740016016841 5.463025664277499 197
1740016016868 5.165228434894584 198
1740016016895 4.6261177648044916 199
1740016016922 5.090048134454932 200
1740016016950 5.013086202253271 201
1740016016976 5.361114820737579 202
1740016017005 4.605340041732089 203
1740016017031 4.107167417995505 204
1740016017057 4.4878369451664275 205
1740016017087 4.902025978245214 206
1740016017114 4.933548365591727 207
1740016017142 4.587638128317872 208
1740016017169 4.311070966784904 209
1740016017197 4.135403855663341 210
1740016017222 3.9511483081047194 211
1740016017249 4.554685217387856 212
1740016017277 4.621756597908326 213
1740016017304 3.7206976482624756 214
1740016017330 3.483851446621501 215
1740016017356 3.68530597533095 216
1740016017391 4.056010772662126 217
1740016017417 3.8643607645581017 218
1740016017443 3.4195912188679416 219
1740016017469 3.818874518661132 220
1740016017495 3.3797281167783177 221
1740016017521 2.963680988326855 222
1740016017547 2.934725525513449 223
1740016017578 3.0452262012752 224
1740016017603 3.3521662058947395 225
1740016017629 3.2138204540574526 226
1740016017657 3.3478453199179747 227
1740016017684 2.8043747904262424 228
1740016017710 3.149859322361932 229
1740016017736 3.268877124325889 230
1740016017763 2.620840320800914 231
1740016017788 3.0978874082996084 232
1740016017814 2.942843566549783 233
1740016017841 2.9483038913311344 234
1740016017870 2.6567216543518692 235
1740016017896 2.5866078031705926 236
1740016017923 2.530340393721587 237
1740016017955 2.90533882256272 238
1740016017986 2.803172908466834 239
1740016018011 2.852015116931102 240
1740016018038 2.688196817523629 241
1740016018064 2.403985271166915 242
1740016018090 2.314353885631681 243
1740016018117 2.41795998999306 244
1740016018146 2.2100596936937817 245
1740016018174 2.3415438737736975 246
1740016018200 2.3735841875983996 247
1740016018226 2.2387426206680625 248
1740016018256 2.2807157656748185 249
1740016018282 2.3177729758817964 250
1740016018307 2.56251617355438 251
1740016018334 2.0725872740708753 252
1740016018361 2.3666576316040806 253
1740016018387 1.892564577261402 254
1740016018413 1.9443912272255741 255
1740016018445 2.0015573455865505 256
1740016018472 1.9557625445997815 257
1740016018498 1.9836267476640148 258
1740016018525 2.115046240143455 259
1740016018555 1.779460945442217 260
1740016018582 1.8570353179030517 261
1740016018608 1.4759767677970375 262
1740016018639 1.7230009062393057 263
1740016018665 1.9012723610313176 264
1740016018691 1.7611633273773637 265
1740016018718 1.7346038672515458 266
1740016018744 1.7043682933658932 267
1740016018770 1.7489409416709782 268
1740016018795 1.610033718207634 269
1740016018822 1.4729887453454107 270
1740016018848 1.6213579352377725 271
1740016018875 1.5370716196470124 272
1740016018900 1.4848560522248615 273
1740016018931 1.6498652980106727 274
1740016018957 1.3868538212799804 275
1740016018983 1.4656089097755316 276
1740016019012 1.3992054797284175 277
1740016019039 1.6351191250929102 278
1740016019067 1.379866500463124 279
1740016019096 1.4995057972430412 280
1740016019123 1.226892717740381 281
1740016019152 1.3383840854267417 282
1740016019178 1.1882007447617688 283
1740016019205 1.256248480320881 284
1740016019235 1.3430114712025896 285
1740016019261 1.237676362180685 286
1740016019287 1.3248370681540997 287
1740016019317 1.3574323533251895 288
1740016019343 1.1392357386250427 289
1740016019369 1.2667602764332033 290
1740016019396 1.1812634356132519 291
1740016019422 1.114407518964931 292
1740016019448 1.4416056463023084 293
1740016019476 1.0872418911614756 294
1740016019505 1.031827026122666 295
1740016019533 1.1567730308049302 296
1740016019559 0.9776601414711528 297
1740016019588 1.2225255686409773 298
1740016019615 0.9306968896641092 299
1740016019642 1.0972839628206594 300
1740016019668 1.09641485057389 301
1740016019696 1.0280849406501171 302
1740016019724 1.2688533355163913 303
1740016019749 0.8011912840690761 304
1740016019775 0.9655115357881796 305
1740016019809 0.8895047040956285 306
1740016019835 1.016742334576134 307
1740016019861 0.9999089213062788 308
1740016019890 0.8491373552729887 309
1740016019917 0.8873869932243922 310
1740016019943 1.1275354875368302 311
1740016019969 0.9579640132750528 312
1740016020003 0.9836876061184404 313
1740016020029 0.8273215180630044 314
1740016020055 0.8278266333599616 315
1740016020082 0.8915007724457416 316
1740016020112 0.9341269066464183 317
1740016020146 0.8070991039634166 318
1740016020172 0.6480121546822257 319
1740016020202 0.7563499825954262 320
1740016020229 0.6299112154559545 321
1740016020256 0.7645543075661071 322
1740016020282 0.7061783160427693 323
1740016020308 0.8205618308007617 324
1740016020335 0.6990040362344087 325
1740016020361 0.6662724204309469 326
1740016020391 0.8034419192681667 327
1740016020419 0.7125882386886153 328
1740016020444 0.6617652051024144 329
1740016020470 0.6677204495628489 330
1740016020499 0.7127408904985452 331
1740016020526 0.6658706515548564 332
1740016020553 0.7585445372842753 333
1740016020579 0.615109642006337 334
1740016020606 0.5865226413188852 335
1740016020632 0.6777535150047667 336
1740016020659 0.6825962863483941 337
1740016020694 0.45054444165924395 338
1740016020720 0.6089351577748439 339
1740016020750 0.6053451474200848 340
1740016020777 0.6790660637655115 341
1740016020803 0.5818584994845547 342
1740016020829 0.6786302727727606 343
1740016020855 0.6250475686234108 344
1740016020885 0.6240330899708599 345
1740016020912 0.7115183046204322 346
1740016020937 0.5798218688453328 347
1740016020965 0.49143654265363906 348
1740016020991 0.4766117712504866 349
1740016021017 0.3958833473235574 350
1740016021043 0.5542417770815233 351
1740016021069 0.40343387199124564 352
1740016021095 0.4262247799275531 353
1740016021121 0.5026649467540766 354
1740016021151 0.47234982037320367 355
1740016021182 0.6276911175253996 356
1740016021207 0.5142907928210717 357
1740016021233 0.5231091439451575 358
1740016021262 0.5151614460574994 359
1740016021288 0.4592336684849229 360
1740016021314 0.4498676987819492 361
1740016021340 0.44029124553927357 362
1740016021367 0.4899335380845958 363
1740016021393 0.5022763636835256 364
1740016021419 0.6080279200825011 365
1740016021447 0.3739266103455922 366
1740016021474 0.6028924865527344 367
1740016021500 0.37400785420776944 368
1740016021528 0.45836363922946 369
1740016021561 0.34617526765335355 370
1740016021587 0.4693882250724744 371
1740016021613 0.4210543536321635 372
1740016021640 0.30991637578233355 373
1740016021667 0.37813140796137285 374
1740016021693 0.4550771934262613 375
1740016021719 0.38461892158811867 376
1740016021748 0.4371010536574214 377
1740016021774 0.360570535856903 378
1740016021800 0.40834496823087346 379
1740016021829 0.39318351180934014 380
1740016021856 0.4192965605944954 381
1740016021882 0.4481403786453788 382
1740016021909 0.44266338730893207 383
1740016021937 0.3058074443722413 384
1740016021964 0.3706634416060709 385
1740016021990 0.40023905461590503 386
1740016022019 0.44678968256476115 387
1740016022053 0.4097832914849113 388
1740016022079 0.33240463234747464 389
1740016022105 0.24542046108856846 390
1740016022134 0.5088257439283953 391
1740016022161 0.30890111223166206 392
1740016022187 0.3977111929206069 393
1740016022214 0.3738598548281392 394
1740016022245 0.33305204354701246 395
1740016022271 0.2962656785737798 396
1740016022297 0.289723981119667 397
1740016022327 0.3820028090906934 398
1740016022355 0.3725187141371843 399
1740016022380 0.29380495416273056 400
1740016022407 0.38132966033495597 401
1740016022433 0.32600096358937075 402
1740016022460 0.282543083717634 403
1740016022486 0.303881779741874 404
1740016022513 0.32542750315231883 405
1740016022540 0.3208527213684864 406
1740016022567 0.32255003891289824 407
1740016022596 0.3335575330925113 408
1740016022623 0.2489868707723161 409
1740016022648 0.2449320180310729 410
1740016022675 0.26284158390183404 411
1740016022704 0.34089575533663075 412
1740016022732 0.34468786765534 413
1740016022758 0.24136712686204156 414
1740016022784 0.29607726881877827 415
1740016022817 0.29620488010920765 416
1740016022843 0.21565745140758888 417
1740016022869 0.24769354212025618 418
1740016022897 0.2584229735330527 419
1740016022925 0.18929956466907027 420
1740016022950 0.27383664464847934 421
1740016022976 0.32618971922999174 422
1740016023003 0.24970648731164752 423
1740016023029 0.3618746962004485 424
1740016023055 0.22406906807495142 425
1740016023082 0.3091993308934288 426
1740016023115 0.15836567461883536 427
1740016023144 0.2203891414802784 428
1740016023171 0.23486236486869735 429
1740016023198 0.33219566352012403 430
1740016023224 0.23792185283244968 431
1740016023250 0.21812447893602982 432
1740016023276 0.2407426083217743 433
1740016023306 0.19031967839593736 434
1740016023332 0.3290210533179743 435
1740016023359 0.29504639300418706 436
1740016023393 0.17511320134850347 437
1740016023426 0.26687920395711007 438
1740016023457 0.23409633358625861 439
1740016023484 0.25941711749655505 440
1740016023511 0.21922168624913674 441
1740016023538 0.2270039068385086 442
1740016023565 0.27469324209281354 443
1740016023596 0.36569550182080124 444
1740016023626 0.32508010980207364 445
1740016023652 0.17970585243923642 446
1740016023680 0.2611792256360553 447
1740016023708 0.2789234422174805 448
1740016023734 0.20761735904938342 449
1740016023760 0.22608623895804442 450
1740016023787 0.14972244641152216 451
1740016023815 0.175263007416298 452
1740016023841 0.18767046160656037 453
1740016023867 0.2229190048410423 454
1740016023898 0.305197605997153 455
1740016023925 0.2907767852976281 456
1740016023951 0.1442118139611314 457
1740016023979 0.25762895601449776 458
1740016024005 0.2148837306519147 459
1740016024031 0.18176988393536647 460
1740016024059 0.19258370191646845 461
1740016024091 0.17076308384767558 462
1740016024117 0.15531529024258178 463
1740016024144 0.24612222003116943 464
1740016024172 0.25267021239190723 465
1740016024203 0.29104112701591034 466
1740016024229 0.3511636580228719 467
1740016024256 0.2538228762056658 468
1740016024283 0.18491524555972647 469
1740016024310 0.19834738195737675 470
1740016024336 0.18873404503150265 471
1740016024364 0.1951678194418252 472
1740016024394 0.33375536434754616 473
1740016024422 0.19922110027646206 474
1740016024448 0.19946432415514662 475
1740016024477 0.14908269755911027 476
1740016024503 0.22458488363962756 477
1740016024529 0.1887317379828516 478
1740016024555 0.3003139172925638 479
1740016024582 0.22746520861951586 480
1740016024609 0.1745326502115217 481
1740016024634 0.28670120410909994 482
1740016024666 0.21240258011138877 483
1740016024695 0.1408170900871956 484
1740016024722 0.3218642976623352 485
1740016024748 0.24102523523359032 486
1740016024776 0.17957344833047803 487
1740016024802 0.1411303394605475 488
1740016024828 0.13931461474892848 489
1740016024854 0.18375174106880732 490
1740016024881 0.22448476386258315 491
1740016024907 0.15187465528020297 492
1740016024933 0.26550352290632456 493
1740016024967 0.17564123169048731 494
1740016024993 0.15212362049180522 495
1740016025019 0.2022858815911623 496
1740016025047 0.18391706076394307 497
1740016025074 0.18701381110013726 498
1740016025099 0.12282826679446968 499
