1740003341705 28.585563507617632 0
1740003341726 5.189512797151887 1
1740003341750 1.3120418429750809 2
1740003341772 0.27104146161549886 3
1740003341798 0.1428137991364012 4
1740003341818 0.16670982532411896 5
1740003341839 0.1360888254202515 6
1740003341866 0.11402104123392127 7
1740003341888 0.1650836334644636 8
1740003341908 0.11293340085931529 9
1740003341928 0.120757635570705 10
1740003341949 0.12509760124326186 11
1740003341970 0.1416032477550439 12
1740003341991 0.13504584004354497 13
1740003342011 0.08381704822473057 14
1740003342034 0.07377821588919153 15
1740003342060 0.14714432203374142 16
1740003342082 0.13300465238089973 17
1740003342103 0.12587274286577885 18
1740003342123 0.12261684862875334 19
1740003342146 0.17635567510945768 20
1740003342166 0.08882173565737958 21
1740003342186 0.17532603703019936 22
1740003342206 0.11880621325902861 23
1740003342229 0.12257532332782799 24
1740003342249 0.15149735959844476 25
1740003342269 0.11424685962802114 26
1740003342289 0.19335235521082889 27
1740003342314 0.13415980090407265 28
1740003342334 0.10590779241627073 29
1740003342354 0.0746356772381214 30
1740003342374 0.1766852987876986 31
1740003342398 0.1689850625285371 32
1740003342419 0.1047817476655408 33
1740003342439 0.1493700929385604 34
1740003342459 0.16798856465814466 35
1740003342481 0.17206540980308385 36
1740003342502 0.12376463590855104 37
1740003342522 0.19437460549500843 38
1740003342543 0.11080092234584073 39
1740003342564 0.1119689394452281 40
1740003342586 0.10523030356835471 41
1740003342607 0.11800255756217762 42
1740003342628 0.142967785908773 43
1740003342648 0.1448388049677296 44
