1740014033519 5.800335960872935 0
1740014033614 5.181736715983139 1
1740014033710 6.653682234083511 2
1740014033802 6.7354438629344004 3
1740014033893 6.889937897056993 4
1740014033984 3.5293200038527637 5
1740014034077 8.175707712528009 6
1740014034186 3.9710338957391365 7
1740014034274 5.479135115151256 8
1740014034367 2.8247901698442295 9
1740014034459 3.2870891195919674 10
1740014034553 4.464850027407403 11
1740014034647 5.83704538664699 12
1740014034736 4.754113851425366 13
1740014034824 4.239577920913397 14
1740014034919 5.446769181465302 15
1740014035008 5.5584351661215825 16
1740014035100 7.2273494657186115 17
1740014035217 6.465622002692615 18
1740014035309 5.808379067933248 19
1740014035397 4.669532289673006 20
1740014035488 5.357417965699187 21
1740014035576 3.3436165956002264 22
1740014035664 4.134865296549604 23
1740014035750 3.0151891301947713 24
1740014035839 4.04657166023851 25
1740014035930 4.99121930267388 26
1740014036022 3.067272243420557 27
1740014036114 2.8135196582934467 28
1740014036201 3.751576911121049 29
1740014036293 3.373658668102273 30
1740014036385 3.11931954601022 31
1740014036477 6.068119078234426 32
1740014036570 4.876247608662385 33
1740014036664 8.514846613208892 34
1740014036754 4.021630389724407 35
1740014036843 4.9728987293253 36
1740014036931 5.334069845281905 37
1740014037020 3.7503581201270455 38
1740014037110 6.596014754405348 39
1740014037198 4.385976233785398 40
1740014037289 3.6714842103124554 41
1740014037380 3.412964647806235 42
1740014037470 3.5129311660588924 43
1740014037559 3.9571918729288518 44
1740014037648 5.239088808386618 45
1740014037734 3.04849994789142 46
1740014037822 4.318977668045988 47
1740014037912 4.980429669458756 48
1740014038003 5.067881784028359 49
1740014038093 8.033270729672491 50
1740014038183 3.1070963369160376 51
1740014038269 8.831303024585567 52
1740014038356 3.729432958142 53
1740014038451 4.862295665023296 54
1740014038542 2.8017529281039923 55
1740014038634 4.976082234739691 56
1740014038801 3.623012626689889 57
1740014038893 0.9876209140813641 58
1740014038980 4.2889595679046 59
1740014039068 3.397865334085416 60
1740014039161 2.1739404732075456 61
1740014039254 3.3610403175497665 62
1740014039346 6.667855987588561 63
1740014039432 3.0734963956853654 64
1740014039518 6.096314629516917 65
1740014039609 2.6328699181429163 66
1740014039698 6.392751740758093 67
1740014039783 4.214537694589648 68
1740014039872 1.5863749646701033 69
1740014040006 5.081282807948154 70
1740014040096 0.08222477129985417 71
1740014040188 2.8199388610965292 72
1740014040278 4.435327930895941 73
1740014040366 3.757279421200243 74
1740014040455 4.790840665266356 75
1740014040544 4.54053430297387 76
1740014040635 2.479267837024319 77
1740014040723 9.96009510160113 78
1740014040815 5.339141301350617 79
1740014040911 5.517475052608993 80
1740014041001 3.614023528626253 81
1740014041092 6.510115407486514 82
1740014041183 7.156884874629852 83
1740014041274 5.199746938276208 84
1740014041362 3.42277750321131 85
1740014041448 5.438377125066769 86
1740014041537 6.799688970513601 87
1740014041627 5.510792032500854 88
1740014041716 10.25528746716057 89
1740014041803 3.9784871544473916 90
1740014041890 5.32742850479162 91
1740014041976 4.508170606240305 92
1740014042071 5.296810217219375 93
1740014042174 5.276951139012445 94
1740014042264 7.968264842597259 95
1740014042355 5.096431265991652 96
1740014042446 3.0080079887633784 97
1740014042535 4.644180517718698 98
1740014042629 3.2542036227070272 99
1740014042730 4.9844421210021945 100
1740014042819 4.685443553776291 101
1740014042906 3.6840335835509723 102
1740014042993 7.162782115665346 103
1740014043087 5.164354722921545 104
1740014043180 3.5736872206732024 105
1740014043279 4.337039358960654 106
1740014043366 5.663510046272413 107
1740014043453 6.04399414789017 108
1740014043556 4.122736809018276 109
1740014043646 7.720199538727985 110
1740014043738 3.657023417749034 111
1740014043827 6.422524051569564 112
1740014043915 5.796289561178869 113
1740014044003 9.567417091424677 114
1740014044094 6.725868593212252 115
1740014044231 4.034753748674908 116
1740014044321 5.008057296103081 117
1740014044408 4.749221292196667 118
1740014044496 6.190736019716661 119
1740014044581 6.497223425267918 120
1740014044671 6.275986511744221 121
1740014044768 4.154866492228745 122
1740014044860 7.3827442408343185 123
1740014044949 2.291469938798056 124
1740014045038 3.502514744216919 125
1740014045125 5.093718400533977 126
1740014045210 4.339065211733931 127
1740014045299 3.0233140319072658 128
1740014045392 4.176793732660771 129
1740014045482 5.521286307378635 130
1740014045571 11.272112632540678 131
1740014045725 4.847001342872621 132
1740014045815 5.376229545496627 133
1740014045901 5.071738680752155 134
1740014045989 8.422891267767266 135
1740014046076 6.200555755500381 136
1740014046163 5.866413479411231 137
1740014046254 3.0003404135672342 138
1740014046349 3.341365776649547 139
1740014046439 1.4212519485387736 140
1740014046525 4.980973547448941 141
1740014046612 3.385286670430135 142
1740014046700 3.5901016329489543 143
1740014046795 3.4162733073584097 144
1740014046887 5.607301464469643 145
1740014046977 7.184137483692375 146
1740014047065 1.6577136879400356 147
1740014047183 2.1811253949321365 148
1740014047287 6.052209049701633 149
1740014047396 2.737481909428257 150
1740014047494 10.508393953987746 151
1740014047592 4.728772215070311 152
1740014047684 5.243535518101775 153
1740014047776 3.3988306475725523 154
1740014047870 6.005761940457819 155
1740014047961 4.990317333082776 156
1740014048050 5.985826765924746 157
1740014048139 4.612894151624712 158
1740014048227 4.591078110457184 159
1740014048319 5.768602361188971 160
1740014048418 6.811509939267926 161
1740014048510 4.674824532019507 162
1740014048599 5.4807504297796195 163
1740014048688 4.052504896335547 164
1740014048781 4.418116766420912 165
1740014048875 4.600928805510744 166
1740014048966 6.034137950202227 167
1740014049054 3.4953031793794254 168
1740014049145 5.660066187583511 169
1740014049233 5.000917150648424 170
1740014049323 4.843949782227488 171
1740014049412 4.78960048711423 172
1740014049503 2.684438863243646 173
1740014049596 4.632844463127936 174
1740014049687 4.528237400827772 175
1740014049774 2.8648449835410457 176
1740014049863 3.9042985576934024 177
1740014049952 5.134840180983709 178
1740014050045 4.5911349403318225 179
1740014050139 2.7222440832279564 180
1740014050233 8.248031711241822 181
1740014050334 6.581877629346592 182
1740014050422 2.6932768830040708 183
1740014050538 4.992556045907008 184
1740014050628 4.775464204833952 185
1740014050717 4.442939492582607 186
1740014050813 6.246135329119368 187
1740014050910 3.5032183990188352 188
1740014051001 1.792199735874104 189
1740014051095 9.164745929760164 190
1740014051187 6.033350670510806 191
1740014051281 3.492773844654384 192
1740014051375 4.643213333633635 193
1740014051465 2.8243815182135408 194
1740014051560 3.1755108973245667 195
1740014051657 3.419435171953187 196
1740014051749 1.1195133427780146 197
1740014051839 5.755261690674253 198
1740014051937 7.656750680807241 199
1740014052034 5.047632482378685 200
1740014052133 3.2053332171928233 201
1740014052222 5.229431937700589 202
1740014052313 5.65123217593452 203
1740014052410 2.712463165902498 204
1740014052507 6.655676903111736 205
1740014052602 9.410911562845737 206
1740014052695 5.253964421590925 207
1740014052794 1.1995130993406293 208
1740014052893 4.515694891312727 209
1740014052983 5.218399603689243 210
1740014053075 5.905405241352641 211
1740014053175 5.934203592117146 212
1740014053269 5.669650321764409 213
1740014053363 3.8733847589433608 214
1740014053453 3.0826475756972553 215
1740014053548 6.161980802177672 216
1740014053695 6.216318456208134 217
1740014053786 4.837961706554449 218
1740014053881 10.599004611095896 219
1740014053972 4.252424262414641 220
1740014054063 2.018120048365076 221
1740014054162 3.787612475080368 222
1740014054252 3.44898485037426 223
1740014054345 4.2780709306966775 224
1740014054435 4.556547502465748 225
1740014054536 2.256307893481456 226
1740014054628 3.1709856562344956 227
1740014054720 9.023315486079126 228
1740014054813 4.324963562648309 229
1740014054913 4.86294853698205 230
1740014055007 7.711681468737263 231
1740014055098 3.4067318953979537 232
1740014055192 3.8091741931864607 233
1740014055295 3.7022042692159185 234
1740014055386 2.459902889552459 235
1740014055477 2.6408441134916623 236
1740014055578 4.060852556532873 237
1740014055674 4.311942055034896 238
1740014055765 4.639767333554467 239
1740014055858 4.25075942015793 240
1740014055953 4.352093471115985 241
1740014056050 7.686563004211307 242
1740014056145 8.984979496008632 243
1740014056239 5.0104696317529855 244
1740014056337 0.8968881840285658 245
1740014056436 5.10682665810199 246
1740014056526 3.9913000303824377 247
1740014056624 5.357541271590505 248
1740014056718 4.389436317615146 249
1740014056812 2.4827331743686476 250
1740014056910 1.9423407427667865 251
1740014057013 3.071208864156296 252
1740014057117 4.602128390714061 253
1740014057228 3.780745589973499 254
1740014057325 5.231705743393635 255
1740014057419 3.5738466759315886 256
1740014057509 3.096838589842329 257
1740014057603 4.386295078548537 258
1740014057701 7.99479300206278 259
1740014057795 3.60726468916848 260
1740014057890 2.570159288469092 261
1740014057982 6.013484576434238 262
1740014058076 2.8918848887185282 263
1740014058180 3.6293145177521664 264
1740014058270 5.774048433116527 265
1740014058363 2.6436841580513017 266
1740014058455 1.3393629544225025 267
1740014058547 2.984313680160122 268
1740014058646 4.521990191533755 269
1740014058742 4.453066683464009 270
1740014058836 5.3993745532165835 271
1740014058931 4.758374102737618 272
1740014059030 4.43191982351939 273
1740014059127 5.373003188489601 274
1740014059223 6.695274914406355 275
1740014059317 3.774906758224774 276
1740014059414 6.285077704326911 277
1740014059511 4.801759679038835 278
1740014059603 4.426183948298866 279
1740014059697 7.647195688518674 280
1740014059796 7.207365687964549 281
1740014059891 4.678968990101553 282
1740014059984 9.273204100385794 283
1740014060083 4.795394657782386 284
1740014060176 4.95278554230877 285
1740014060264 3.691858593923591 286
1740014060353 2.9963038993731392 287
1740014060443 5.508684056791073 288
1740014060534 1.6924123367154393 289
1740014060621 4.629662539474935 290
1740014060709 4.206419297324442 291
1740014060796 5.884768050781573 292
1740014060883 5.011065496513657 293
1740014060972 6.055824641855473 294
1740014061066 5.958509242828489 295
1740014061162 4.014774656769013 296
1740014061295 3.547474553362913 297
1740014061381 5.079292846451308 298
1740014061470 3.128877886628238 299
1740014061560 5.980962763313046 300
1740014061650 3.3930688458731724 301
1740014061740 4.6175350984953925 302
1740014061826 4.7801613336962765 303
1740014061916 5.952687700279746 304
1740014062005 4.159515362995372 305
1740014062095 4.59796748438773 306
1740014062190 4.655442746942803 307
1740014062277 2.852965816973403 308
1740014062365 6.6444653866569885 309
1740014062451 2.9421485465794155 310
1740014062538 8.211778197902314 311
1740014062632 4.796659429512676 312
1740014062721 3.3163357246887912 313
1740014062808 5.066047110795597 314
1740014062895 5.012375433244415 315
1740014062982 7.6466274249111965 316
1740014063078 5.235951097358088 317
1740014063171 6.178348104412681 318
1740014063260 2.775245059475912 319
1740014063350 5.2347837782717805 320
1740014063436 3.1392294282420536 321
1740014063525 4.061919161773529 322
1740014063614 5.110574920397389 323
1740014063719 3.5837621082141853 324
1740014063811 5.883489461017138 325
1740014063899 4.7483627791091285 326
1740014063988 5.7209608983933835 327
1740014064081 6.974379737072887 328
1740014064168 3.671342706446302 329
1740014064255 8.510131041108512 330
1740014064342 7.236772319202662 331
1740014064430 3.7309233650093234 332
1740014064521 7.462674756457438 333
1740014064611 3.4454791275524816 334
1740014064703 4.59441016899983 335
1740014064794 5.679888783190123 336
1740014064885 3.9293361328997514 337
1740014064977 3.8490099864112723 338
1740014065071 8.505375248448534 339
1740014065167 4.5409982092680785 340
1740014065256 3.1855677093301566 341
1740014065349 3.2704354164227962 342
1740014065436 5.448928491104017 343
1740014065524 5.060633483439707 344
1740014065611 6.436684077615771 345
1740014065697 5.320663162922041 346
1740014065786 5.775043633187209 347
1740014065877 3.1407300011852968 348
1740014065964 4.866297325287399 349
1740014066052 3.714753113021139 350
1740014066140 3.9239676371601475 351
1740014066227 6.545385892589892 352
1740014066317 3.6206172967524464 353
1740014066407 2.6313303524995506 354
1740014066496 2.642713490493629 355
1740014066582 3.3924778984775608 356
1740014066674 5.7909003110434325 357
1740014066764 4.702398669947206 358
1740014066851 3.896443202527047 359
1740014066941 5.5593992903346825 360
1740014067028 2.0051930285123114 361
1740014067120 4.045301693049961 362
1740014067215 1.4685975364736712 363
1740014067306 7.263439597591447 364
1740014067392 2.993419333982121 365
1740014067479 6.0855571289774435 366
1740014067566 5.412744493185303 367
1740014067652 1.8516094433408128 368
1740014067740 3.2224486802229353 369
1740014067829 4.035294922018685 370
1740014067919 4.14408110360559 371
1740014068008 5.37016130607075 372
1740014068101 3.081752534793678 373
1740014068191 5.212424516660817 374
1740014068283 4.652723969159387 375
1740014068375 4.631967940380998 376
1740014068471 5.678613699267782 377
1740014068559 4.350150950567224 378
1740014068646 2.8323834823464016 379
1740014068732 3.969638009803956 380
1740014068820 3.3672704601710852 381
1740014068910 7.1967233493094955 382
1740014068998 3.054056789816463 383
1740014069085 5.383581535606791 384
1740014069240 4.286672119149278 385
1740014069338 3.9001240269029345 386
1740014069425 4.299224249586601 387
1740014069511 6.011224941746601 388
1740014069602 5.125637133847327 389
1740014069690 7.044233960500744 390
1740014069777 2.722066678382626 391
1740014069868 4.2801512572601625 392
1740014069961 7.703457221917169 393
1740014070052 4.860715606039771 394
1740014070149 3.4284676439186272 395
1740014070294 4.307400991077546 396
1740014070390 3.918825849836351 397
1740014070485 1.6599495141340106 398
1740014070577 4.680373495743194 399
1740014070674 4.115740403068857 400
1740014070763 6.790270825733336 401
1740014070852 1.5476176869861358 402
1740014070941 1.1918184463925752 403
1740014071033 6.279228442525642 404
1740014071125 5.300773078404112 405
1740014071219 4.604373587291643 406
1740014071312 5.598133151448157 407
1740014071407 2.305318256736639 408
1740014071500 5.8987448030425575 409
1740014071594 8.541171127391397 410
1740014071690 4.322038991770736 411
1740014071782 4.471375303437451 412
1740014071871 4.621385976420214 413
1740014071965 4.99075587041591 414
1740014072062 3.459690435509765 415
1740014072155 4.441688586840683 416
1740014072245 5.212331083296682 417
1740014072339 4.573569862757634 418
1740014072435 3.5964332665062897 419
1740014072523 4.423809606060027 420
1740014072612 7.320149032344839 421
1740014072709 5.390589501820648 422
1740014072801 4.318794153969193 423
1740014072891 5.493053896119256 424
1740014072978 6.371150670870426 425
1740014073072 4.215282458188854 426
1740014073169 3.1795450115655917 427
1740014073262 6.973199987628848 428
1740014073354 4.063988853047595 429
1740014073449 1.6720355627219514 430
1740014073538 6.901080594513826 431
1740014073628 3.3536343031477482 432
1740014073720 4.467397373197018 433
1740014073825 3.602358986038057 434
1740014073919 4.576628196996958 435
1740014074008 1.909316217854342 436
1740014074105 6.919715675971632 437
1740014074197 1.5310849664223027 438
1740014074285 3.8828865084433275 439
1740014074376 4.777130734357209 440
1740014074470 4.812476852934493 441
1740014074564 1.9405638598324646 442
1740014074651 4.175983283459276 443
1740014074745 2.9696835895807734 444
1740014074838 4.957362209946557 445
1740014074926 6.026164594850642 446
1740014075015 6.9982641508154355 447
1740014075106 3.7330066434023412 448
1740014075198 8.045117242401947 449
1740014075297 5.135649526296873 450
1740014075385 2.987038914786967 451
1740014075476 4.486063241808261 452
1740014075571 3.565944854656757 453
1740014075662 3.9132553706126814 454
1740014075751 3.4125282422917347 455
1740014075840 6.261646964104419 456
1740014075934 5.066725225340385 457
1740014076031 2.126114894956083 458
1740014076131 6.061395142675117 459
1740014076220 3.3725666559155583 460
1740014076312 5.087909685943734 461
1740014076403 4.182947629367546 462
1740014076491 4.201604247388759 463
1740014076581 5.264457576254847 464
1740014076725 6.538721970736087 465
1740014076817 8.331853395928297 466
1740014076908 3.8041075222095126 467
1740014076998 4.800833243163309 468
1740014077092 6.996275744527113 469
1740014077182 4.4565252619474105 470
1740014077277 2.6853875241125174 471
1740014077374 9.0985180161213 472
1740014077464 2.2140585765165683 473
1740014077552 5.561784944051399 474
1740014077646 4.342775465916793 475
1740014077736 3.8095355453563635 476
1740014077825 4.005022773769442 477
1740014077914 5.569346386874533 478
1740014078002 5.936130924529011 479
1740014078096 3.507544775765504 480
1740014078188 3.79045084392518 481
1740014078276 2.981168038260406 482
1740014078365 7.57251882064473 483
1740014078453 3.2638662133478418 484
1740014078545 6.110192121894283 485
1740014078639 7.456667658788598 486
1740014078726 6.465771892320633 487
1740014078817 6.846539266073075 488
1740014078912 4.975015915277539 489
1740014079003 3.8163999193134805 490
1740014079094 7.0018748508809665 491
1740014079179 5.147297551054785 492
1740014079269 5.785549208794389 493
1740014079370 7.7403335105887825 494
1740014079460 4.423559604340342 495
1740014079546 3.667716898181629 496
1740014079635 3.8792187458619223 497
1740014079728 2.404979244448367 498
1740014079820 7.276158783419778 499
