1740009164384 173.51925025099084 0
1740009164412 173.48429106701477 1
1740009164439 173.4493390992229 2
1740009164464 173.41439434610726 3
1740009164487 173.37945680616014 4
1740009164510 173.34452647787418 5
1740009164537 173.30960335974237 6
1740009164562 173.27468745025806 7
1740009164585 173.23977874791473 8
1740009164609 173.20487725120643 9
1740009164633 173.16998295862737 10
1740009164657 173.13509586867207 11
1740009164692 173.1002159798354 12
1740009164722 173.06534329061262 13
1740009164746 173.03047779949918 14
1740009164770 172.99561950499088 15
1740009164796 172.96076840558396 16
1740009164824 172.92592449977477 17
1740009164850 172.89108778606013 18
1740009164871 172.85625826293716 19
1740009164893 172.8214359289032 20
1740009164916 172.78662078245605 21
1740009164942 172.7518128220937 22
1740009164966 172.71701204631455 23
1740009164988 172.68221845361725 24
1740009165011 172.6474320425008 25
1740009165038 172.61265281146447 26
1740009165068 172.5778807590079 27
1740009165095 172.54311588363103 28
1740009165122 172.50835818383413 29
1740009165145 172.47360765811774 30
1740009165169 172.43886430498273 31
1740009165193 172.40412812293036 32
1740009165218 172.36939911046204 33
1740009165242 172.33467726607978 34
1740009165264 172.29996258828552 35
1740009165286 172.26525507558193 36
1740009165310 172.23055472647158 37
1740009165338 172.1958615394577 38
1740009165363 172.16117551304362 39
1740009165385 172.1264966457331 40
1740009165407 172.09182493603024 41
1740009165433 172.0571603824393 42
1740009165457 172.02250298346496 43
1740009165481 171.98785273761223 44
1740009165504 171.95320964338634 45
1740009165527 171.91857369929303 46
1740009165550 171.8839449038381 47
1740009165575 171.84932325552788 48
1740009165600 171.81470875286888 49
1740009165631 171.780101394368 50
1740009165654 171.74550117853238 51
1740009165677 171.7109081038695 52
1740009165700 171.67632216888725 53
1740009165725 171.6417433720937 54
1740009165751 171.60717171199735 55
1740009165775 171.57260718710688 56
1740009165797 171.5380497959314 57
1740009165819 171.5034995369803 58
1740009165844 171.46895640876326 59
1740009165869 171.4344204097903 60
1740009165896 171.39989153857175 61
1740009165921 171.36536979361819 62
1740009165944 171.33085517344063 63
1740009165967 171.29634767655037 64
1740009165991 171.26184730145886 65
1740009166017 171.22735404667813 66
1740009166040 171.1928679107203 67
1740009166068 171.15838889209792 68
1740009166093 171.1239169893238 69
1740009166143 171.0894522009111 70
1740009166167 171.05499452537327 71
1740009166189 171.0205439612241 72
1740009166212 170.98610050697766 73
1740009166235 170.95166416114836 74
1740009166261 170.91723492225083 75
1740009166285 170.8828127888002 76
1740009166307 170.84839775931178 77
1740009166329 170.81398983230113 78
1740009166353 170.77958900628434 79
1740009166380 170.74519527977756 80
1740009166404 170.71080865129747 81
1740009166428 170.67642911936093 82
1740009166449 170.6420566824851 83
1740009166472 170.60769133918757 84
1740009166498 170.57333308798613 85
1740009166521 170.53898192739896 86
1740009166545 170.5046378559445 87
1740009166568 170.47030087214148 88
1740009166591 170.43623027487155 89
1740009166617 170.40216668320144 90
1740009166640 170.3681100956701 91
1740009166663 170.3340605108167 92
1740009166685 170.3000179271808 93
1740009166708 170.2659823433022 94
1740009166731 170.23195375772104 95
1740009166754 170.1979321689778 96
1740009166782 170.1639175756132 97
1740009166805 170.12990997616834 98
1740009166832 170.09590936918454 99
1740009166857 170.06191575320346 100
1740009166885 170.02792912676716 101
1740009166910 169.99394948841785 102
1740009166972 169.95997683669813 103
1740009166995 169.92601117015096 104
1740009167018 169.8920524873195 105
1740009167041 169.85810078674723 106
1740009167072 169.82415606697802 107
1740009167097 169.79021832655596 108
1740009167123 169.75628756402554 109
1740009167145 169.72236377793143 110
1740009167168 169.68844696681873 111
1740009167193 169.65453712923272 112
1740009167217 169.62063426371913 113
1740009167241 169.5867383688239 114
1740009167264 169.55284944309327 115
1740009167286 169.5189674850738 116
1740009167309 169.4850924933124 117
1740009167334 169.4512244663563 118
1740009167359 169.41736340275293 119
1740009167380 169.38350930105008 120
1740009167404 169.34966215979586 121
1740009167429 169.3158219775387 122
1740009167453 169.28198875282732 123
1740009167478 169.24816248421064 124
1740009167500 169.21434317023812 125
1740009167522 169.18053080945927 126
1740009167547 169.14672540042412 127
1740009167572 169.11292694168284 128
1740009167597 169.07913543178603 129
1740009167620 169.04535086928448 130
1740009167642 169.01157325272933 131
1740009167668 168.9778025806721 132
1740009167692 168.94403885166452 133
1740009167715 168.91028206425864 134
1740009167737 168.87653221700685 135
1740009167760 168.84278930846185 136
1740009167785 168.80905333717655 137
1740009167809 168.77532430170427 138
1740009167832 168.74160220059863 139
1740009167854 168.7078870324135 140
1740009167877 168.67417879570306 141
1740009167902 168.6404774890218 142
1740009167934 168.6067831109246 143
1740009167960 168.5730956599665 144
1740009167984 168.53941513470286 145
1740009168010 168.50574153368953 146
1740009168039 168.47207485548242 147
1740009168067 168.43841509863793 148
1740009168094 168.40476226171265 149
1740009168146 168.3711163432635 150
1740009168171 168.33747734184774 151
1740009168194 168.30384525602292 152
1740009168216 168.27022008434682 153
1740009168241 168.23660182537768 154
1740009168266 168.2029904776738 155
1740009168289 168.1693860397941 156
1740009168313 168.13578851029752 157
1740009168335 168.10219788774344 158
1740009168358 168.06861417069155 159
1740009168382 168.03503735770178 160
1740009168406 168.00146744733448 161
1740009168431 167.9679044381501 162
1740009168456 167.93434832870955 163
1740009168481 167.90079911757402 164
1740009168505 167.867256803305 165
1740009168531 167.83372138446424 166
1740009168556 167.80019285961384 167
1740009168578 167.76667122731618 168
1740009168601 167.73315648613396 169
1740009168626 167.69964863463017 170
1740009168648 167.66614767136804 171
1740009168672 167.63265359491123 172
1740009168697 167.59916640382363 173
1740009168721 167.5656860966694 174
1740009168743 167.5322126720131 175
1740009168766 167.49874612841947 176
1740009168790 167.46528646445364 177
1740009168815 167.431833678681 178
1740009168840 167.3983877696673 179
1740009168864 167.3649487359785 180
1740009168886 167.33151657618095 181
1740009168908 167.29809128884122 182
1740009168933 167.26467287252623 183
1740009168958 167.23126132580325 184
1740009168980 167.1978566472397 185
1740009169002 167.16445883540348 186
1740009169025 167.1310678888627 187
1740009169049 167.09768380618576 188
1740009169078 167.06430658594132 189
1740009169101 167.03093622669851 190
1740009169123 166.9975727270266 191
1740009169146 166.96421608549525 192
1740009169170 166.9308663006743 193
1740009169195 166.897523371134 194
1740009169218 166.86418729544496 195
1740009169240 166.83085807217793 196
1740009169262 166.7975356999041 197
1740009169286 166.76422017719477 198
1740009169313 166.73091150262178 199
1740009169336 166.6976096747572 200
1740009169359 166.66431469217318 201
1740009169383 166.63102655344252 202
1740009169407 166.5977452571381 203
1740009169433 166.5644708018331 204
1740009169457 166.5312031861011 205
1740009169479 166.4979424085159 206
1740009169505 166.46468846765165 207
1740009169529 166.43144136208278 208
1740009169554 166.39820109038402 209
1740009169579 166.3649676511304 210
1740009169601 166.3317410428972 211
1740009169625 166.29852126426013 212
1740009169650 166.26530831379506 213
1740009169677 166.23210219007822 214
1740009169700 166.19890289168615 215
1740009169722 166.1657104171957 216
1740009169745 166.13252476518394 217
1740009169769 166.09934593422832 218
1740009169793 166.0661739229066 219
1740009169816 166.03300872979673 220
1740009169840 165.99985035347711 221
1740009169864 165.96669879252627 222
1740009169888 165.93355404552324 223
1740009169912 165.90041611104715 224
1740009169935 165.86728498767758 225
1740009169959 165.83416067399432 226
1740009169987 165.80104316857745 227
1740009170012 165.76793247000742 228
1740009170042 165.73482857686494 229
1740009170065 165.70173148773097 230
1740009170088 165.66864120118694 231
1740009170110 165.63555771581434 232
1740009170134 165.60248103019512 233
1740009170165 165.56941114291146 234
1740009170189 165.53634805254592 235
1740009170212 165.50329175768124 236
1740009170236 165.47024225690055 237
1740009170259 165.43719954878725 238
1740009170284 165.40416363192503 239
1740009170308 165.3711345048978 240
1740009170331 165.33811216629002 241
1740009170355 165.30509661468616 242
1740009170377 165.27208784867105 243
1740009170402 165.23908586683004 244
1740009170426 165.20609066774847 245
1740009170449 165.17310225001216 246
1740009170472 165.14012061220723 247
1740009170495 165.10714575291996 248
1740009170521 165.07417767073713 249
1740009170550 165.0412163642456 250
1740009170573 165.0082618320327 251
1740009170597 164.97531407268602 252
1740009170620 164.94237308479333 253
1740009170643 164.90943886694282 254
1740009170667 164.87651141772298 255
1740009170692 164.8435907357225 256
1740009170715 164.8106768195305 257
1740009170738 164.77776966773624 258
1740009170760 164.7448692789294 259
1740009170784 164.7119756516999 260
1740009170811 164.67908878463803 261
1740009170835 164.64620867633423 262
1740009170895 164.61333532537938 263
1740009170919 164.5804687303646 264
1740009170943 164.54760888988133 265
1740009170968 164.5147558025212 266
1740009170990 164.48190946687632 267
1740009171012 164.4490698815389 268
1740009171035 164.41623704510158 269
1740009171061 164.38341095615732 270
1740009171086 164.35059161329923 271
1740009171112 164.31777901512086 272
1740009171134 164.28497316021597 273
1740009171157 164.2521740471786 274
1740009171182 164.21938167460323 275
1740009171209 164.1865960410844 276
1740009171231 164.15381714521723 277
1740009171253 164.12104498559682 278
1740009171276 164.08827956081885 279
1740009171299 164.05552086947918 280
1740009171324 164.02276891017385 281
1740009171348 163.9900236814994 282
1740009171371 163.95728518205257 283
1740009171394 163.92455341043032 284
1740009171417 163.89182836523005 285
1740009171443 163.85911004504936 286
1740009171467 163.82639844848615 287
1740009171489 163.79369357413867 288
1740009171511 163.76099542060544 289
1740009171534 163.72830398648526 290
1740009171560 163.69561927037716 291
1740009171588 163.6629412708806 292
1740009171613 163.63026998659527 293
1740009171638 163.5976054161211 294
1740009171662 163.56494755805844 295
1740009171687 163.53229641100782 296
1740009171711 163.49965197357008 297
1740009171734 163.46701424434644 298
1740009171756 163.4343832219383 299
1740009171779 163.40175890494749 300
1740009171803 163.36914129197595 301
1740009171828 163.3365303816261 302
1740009171852 163.3039261725005 303
1740009171875 163.2713286632021 304
1740009171897 163.2387378523341 305
1740009171923 163.20615373850012 306
1740009171946 163.17357632030382 307
1740009171968 163.14100559634937 308
1740009171992 163.10844156524118 309
1740009172020 163.07588422558388 310
1740009172044 163.04333357598247 311
1740009172071 163.01078961504226 312
1740009172095 162.97825234136874 313
1740009172118 162.94572175356788 314
1740009172141 162.91319785024575 315
1740009172166 162.88068063000878 316
1740009172190 162.8481700914638 317
1740009172214 162.81566623321774 318
1740009172236 162.78316905387794 319
1740009172258 162.75067855205208 320
1740009172281 162.71819472634803 321
1740009172306 162.68571757537404 322
1740009172331 162.6532470977385 323
1740009172354 162.62078329205028 324
1740009172376 162.58832615691847 325
1740009172399 162.55587569095238 326
1740009172422 162.52343189276172 327
1740009172448 162.49099476095645 328
1740009172473 162.4585642941468 329
1740009172495 162.42614049094334 330
1740009172518 162.39372334995687 331
1740009172541 162.36131286979852 332
1740009172566 162.32890904907975 333
1740009172592 162.2965118864122 334
1740009172616 162.26412138040797 335
1740009172640 162.23173752967926 336
1740009172666 162.1993603328387 337
1740009172691 162.16698978849914 338
1740009172714 162.1346258952738 339
1740009172736 162.10226865177611 340
1740009172760 162.06991805661985 341
1740009172785 162.03757410841902 342
1740009172808 162.00523680578797 343
1740009172832 161.97290614734135 344
1740009172855 161.94058213169404 345
1740009172878 161.90826475746127 346
1740009172902 161.8759540232586 347
1740009172928 161.84364992770173 348
1740009172952 161.81135246940678 349
1740009172974 161.7790616469901 350
1740009172997 161.74677745906843 351
1740009173020 161.71449990425867 352
1740009173045 161.68222898117804 353
1740009173073 161.64996468844413 354
1740009173097 161.61770702467473 355
1740009173119 161.58545598848795 356
1740009173141 161.55321157850227 357
1740009173164 161.52097379333637 358
1740009173190 161.48874263160917 359
1740009173214 161.45651809193998 360
1740009173237 161.42430017294842 361
1740009173259 161.39208887325432 362
1740009173283 161.35988419147785 363
1740009173308 161.3276861262394 364
1740009173333 161.29549467615973 365
1740009173356 161.2633098398599 366
1740009173378 161.23113161596115 367
1740009173401 161.19896000308518 368
1740009173426 161.16679499985375 369
1740009173453 161.13463660488918 370
1740009173476 161.1024848168138 371
1740009173499 161.0703396342505 372
1740009173522 161.03820105582224 373
1740009173547 161.00606908015243 374
1740009173572 160.97394370586468 375
1740009173595 160.94182493158283 376
1740009173619 160.9097127559312 377
1740009173644 160.8776071775342 378
1740009173672 160.8455081950167 379
1740009173697 160.8134158070037 380
1740009173720 160.78133001212063 381
1740009173742 160.74925080899305 382
1740009173764 160.71717819624698 383
1740009173789 160.68511217250867 384
1740009173814 160.65305273640456 385
1740009173837 160.62099988656155 386
1740009173861 160.58895362160666 387
1740009173883 160.5569139401673 388
1740009173907 160.5248808408712 389
1740009173932 160.49285432234626 390
1740009173955 160.4608343832207 391
1740009173977 160.4288210221232 392
1740009174000 160.3968142376824 393
1740009174024 160.3648140285276 394
1740009174054 160.3328203932881 395
1740009174078 160.30083333059363 396
1740009174101 160.26885283907413 397
1740009174124 160.23687891735992 398
1740009174147 160.20491156408156 399
1740009174174 160.17295077786983 400
1740009174197 160.14099655735595 401
1740009174219 160.10904890117126 402
1740009174241 160.07710780794753 403
1740009174265 160.04517327631675 404
1740009174290 160.01324530491118 405
1740009174314 159.9813238923634 406
1740009174337 159.94940903730628 407
1740009174359 159.91750073837298 408
1740009174382 159.88559899419687 409
1740009174406 159.85370380341178 410
1740009174432 159.8218151646516 411
1740009174457 159.7899330765507 412
1740009174479 159.7580575377437 413
1740009174501 159.7261885468654 414
1740009174526 159.69432610255095 415
1740009174552 159.66247020343584 416
1740009174575 159.6306208481558 417
1740009174597 159.59877803534678 418
1740009174620 159.5669417636452 419
1740009174646 159.53511203168756 420
1740009174671 159.50328883811076 421
1740009174696 159.47147218155203 422
1740009174723 159.43966206064871 423
1740009174746 159.40785847403862 424
1740009174768 159.37606142035975 425
1740009174791 159.34427089825044 426
1740009174817 159.31248690634928 427
1740009174842 159.28070944329514 428
1740009174865 159.24893850772713 429
1740009174888 159.21717409828486 430
1740009174910 159.18541621360794 431
1740009174935 159.15366485233645 432
1740009174961 159.12192001311067 433
1740009174983 159.09018169457124 434
1740009175005 159.05844989535905 435
1740009175028 159.02672461411524 436
1740009175055 158.99500584948126 437
1740009175081 158.96329360009886 438
1740009175104 158.93158786461012 439
1740009175129 158.8998886416573 440
1740009175156 158.86819592988303 441
1740009175185 158.83650972793018 442
1740009175212 158.80483003444186 443
1740009175237 158.77315684806166 444
1740009175259 158.7414901674332 445
1740009175281 158.70982999120056 446
1740009175306 158.67817631800804 447
1740009175332 158.64652914650026 448
1740009175354 158.61488847532206 449
1740009175379 158.58325430311862 450
1740009175401 158.5516266285354 451
1740009175425 158.52000545021815 452
1740009175451 158.48839076681284 453
1740009175473 158.45678257696582 454
1740009175495 158.42518087932365 455
1740009175518 158.39358567253325 456
1740009175543 158.36199695524172 457
1740009175568 158.33041472609654 458
1740009175591 158.29883898374544 459
1740009175614 158.26726972683642 460
1740009175638 158.2357069540178 461
1740009175661 158.20415066393807 462
1740009175683 158.17260085524617 463
1740009175709 158.14105752659125 464
1740009175735 158.10952067662274 465
1740009175760 158.07799030399033 466
1740009175782 158.04646640734407 467
1740009175806 158.0149489853342 468
1740009175832 157.98343803661126 469
1740009175857 157.95193355982622 470
1740009175879 157.92043555363006 471
1740009175902 157.8889440166743 472
1740009175925 157.8574589476106 473
1740009175949 157.82598034509098 474
1740009175974 157.79450820776768 475
1740009175997 157.7630425342933 476
1740009176019 157.7315833233206 477
1740009176041 157.70013057350275 478
1740009176071 157.66868428349312 479
1740009176102 157.63724445194546 480
1740009176125 157.60581107751364 481
1740009176148 157.57438415885198 482
1740009176171 157.54296369461503 483
1740009176195 157.51154968345756 484
1740009176221 157.48014212403467 485
1740009176244 157.44874101500176 486
1740009176268 157.4173463550145 487
1740009176291 157.3859581427288 488
1740009176314 157.354576376801 489
1740009176338 157.3232010558875 490
1740009176362 157.2918321786451 491
1740009176385 157.26046974373094 492
1740009176407 157.22911374980234 493
1740009176430 157.19776419551692 494
1740009176455 157.16642107953268 495
1740009176480 157.13508440050776 496
1740009176502 157.10375415710067 497
1740009176524 157.0724303479702 498
1740009176547 157.04111297177533 499
