1740003036397 169.15949537300654 0
1740003036418 168.82097777822898 1
1740003036438 168.48600149277183 2
1740003036461 168.15169326613005 3
1740003036480 167.81802865576947 4
1740003036501 167.48505263447475 5
1740003036520 167.1527406727418 6
1740003036538 166.82109144294947 7
1740003036563 166.49010362013527 8
1740003036581 166.15975297720803 9
1740003036600 165.8300840949985 10
1740003036618 165.50107266040135 11
1740003036636 165.17271735903682 12
1740003036654 164.8449941502808 13
1740003036673 164.5179472728569 14
1740003036692 164.1915526009241 15
1740003036714 163.86580883060074 16
1740003036731 163.54071466061626 17
1740003036751 163.21624626095937 18
1740003036770 162.89244748736212 19
1740003036788 162.56929442553587 20
1740003036805 162.2467857846033 21
1740003036823 161.9248979171882 22
1740003036844 161.6036743440259 23
1740003036863 161.28309133424733 24
1740003036885 160.96314760728524 25
1740003036903 160.64384188513685 26
1740003036922 160.32515072628894 27
1740003036942 160.0071172772993 28
1740003036959 159.68971801408557 29
1740003036976 159.37295166885204 30
1740003036993 159.05679497895255 31
1740003037012 158.7412907629408 32
1740003037030 158.4264156763733 33
1740003037047 158.1121684615799 34
1740003037064 157.79854786340871 35
1740003037082 157.48553082040604 36
1740003037101 157.17315978561615 37
1740003037118 156.8614116166959 38
1740003037136 156.55028506851795 39
1740003037154 156.23975725479045 40
1740003037171 155.92987030743004 41
1740003037189 155.620601260015 42
1740003037208 155.3119488773621 43
1740003037226 155.00391192676156 44
1740003037243 154.6964677185213 45
1740003037260 154.38965802757258 46
1740003037277 154.0834600849861 47
1740003037294 153.77787266789684 48
1740003037312 153.4728732581316 49
1740003037332 153.16850331625636 50
1740003037350 152.86474024560763 51
1740003037368 152.56158283308667 52
1740003037388 152.259008730396 53
1740003037405 151.9570590867924 54
1740003037423 151.65571147622992 55
1740003037444 151.35496469529778 56
1740003037461 151.05481754299487 57
1740003037478 150.7552478610712 58
1740003037496 150.45629645396895 59
1740003037515 150.1579410865603 60
1740003037533 149.86018056743538 61
1740003037551 149.5629929046651 62
1740003037568 149.2664185979818 63
1740003037585 148.97043557930823 64
1740003037610 148.67504266674908 65
1740003037628 148.380218033092 66
1740003037648 148.0860018763439 67
1740003037666 147.7923722938685 68
1740003037684 147.49932811320915 69
1740003037702 147.20684767027802 70
1740003037719 146.91497086431883 71
1740003037737 146.6236759565389 72
1740003037754 146.3329617838446 73
1740003037772 146.04280684369218 74
1740003037789 145.7532507395029 75
1740003037806 145.46427189474184 76
1740003037824 145.17586915560352 77
1740003037888 144.8880211795198 78
1740003037949 144.60076727700798 79
1740003037968 144.31408603221723 80
1740003037986 144.0279763005558 81
1740003038005 143.74241689787436 82
1740003038023 143.45744684468335 83
1740003038040 143.17304488425367 84
1740003038058 142.88920988113387 85
1740003038076 142.60592080804807 86
1740003038094 142.32321639837537 87
1740003038111 142.04107555295798 88
1740003038128 141.75949714541164 89
1740003038146 141.47846030380023 90
1740003038163 141.19800347722554 91
1740003038182 140.91810572256247 92
1740003038199 140.63876592242124 93
1740003038216 140.35996335868325 94
1740003038234 140.0817361990061 95
1740003038254 139.80406365476978 96
1740003038273 139.5269446175072 97
1740003038290 139.25035852140644 98
1740003038308 138.97434325549267 99
1740003038327 138.69887818413517 100
1740003038346 138.42396220771806 101
1740003038362 138.14957491123653 102
1740003038380 137.87575390787444 103
1740003038398 137.60247871348554 104
1740003038418 137.3297482372345 105
1740003038439 137.05754221343537 106
1740003038457 136.7858979822007 107
1740003038478 136.51479520937542 108
1740003038500 136.24423281283455 109
1740003038518 135.97419067473385 110
1740003038536 135.70470586486402 111
1740003038554 135.43575819757908 112
1740003038571 135.1673276849829 113
1740003038589 134.89945115580963 114
1740003038607 134.63210855490766 115
1740003038624 134.3652988152282 116
1740003038642 134.0990020940608 117
1740003038659 133.83325495477547 118
1740003038678 133.5680374880648 119
1740003038696 133.30334863540003 120
1740003038713 133.0391686978103 121
1740003038730 132.77553397599362 122
1740003038748 132.51242470503567 123
1740003038766 132.24983983485967 124
1740003038784 131.98775980879864 125
1740003038802 131.72622066755113 126
1740003038819 131.4652027891552 127
1740003038838 131.20468674276628 128
1740003038858 130.94470833571722 129
1740003038876 130.6852480724007 130
1740003038893 130.42630491736884 131
1740003038911 130.16785957949736 132
1740003038929 129.909947610943 133
1740003038947 129.6525496564588 134
1740003038965 129.39566468886431 135
1740003038983 129.13927355535023 136
1740003039003 128.88341155551365 137
1740003039021 128.62805947305773 138
1740003039038 128.37321628900338 139
1740003039055 128.1188629874615 140
1740003039075 127.86503461806635 141
1740003039093 127.61171210207158 142
1740003039112 127.35887654539901 143
1740003039129 127.10656277179577 144
1740003039147 126.85475182484502 145
1740003039165 126.60344269976275 146
1740003039183 126.35261663687791 147
1740003039200 126.10230821466752 148
1740003039217 125.85249861174375 149
1740003039235 125.60316918837373 150
1740003039253 125.35435430064432 151
1740003039271 125.1060352476182 152
1740003039288 124.85821103850841 153
1740003039306 124.6108631655089 154
1740003039325 124.36402574406846 155
1740003039343 124.11768020578998 156
1740003039360 123.87182556779683 157
1740003039378 123.62644345286274 158
1740003039395 123.38156773830649 159
1740003039414 123.13717998691953 160
1740003039433 122.89326193856238 161
1740003039451 122.64984725348329 162
1740003039470 122.40691761206307 163
1740003039488 122.16447204511658 164
1740003039507 121.922492420654 165
1740003039524 121.6810121653323 166
1740003039541 121.44001308828253 167
1740003039558 121.19947717279094 168
1740003039576 120.9594376318259 169
1740003039594 120.71987639029098 170
1740003039612 120.48079249250148 171
1740003039630 120.24216804749496 172
1740003039647 120.00403603912835 173
1740003039665 119.76637851864879 174
1740003039683 119.52917770858302 175
1740003039701 119.29246638243717 176
1740003039718 119.0562267054379 177
1740003039736 118.82044101280046 178
1740003039755 118.58514186918137 179
1740003039772 118.35031155298337 180
1740003039790 118.11594912748228 181
1740003039807 117.88203705021728 182
1740003039824 117.64860766314315 183
1740003039846 117.41564336756733 184
1740003039863 117.1831267319644 185
1740003039881 116.95108989271448 186
1740003039900 116.71951536254198 187
1740003039919 116.48840221777031 188
1740003039937 116.2577331468758 189
1740003039954 116.02754006787497 190
1740003039972 115.79780561406669 191
1740003039989 115.56851258313256 192
1740003040012 115.33969269074662 193
1740003040032 115.11132867988866 194
1740003040052 114.88341963974779 195
1740003040072 114.65594848571561 196
1740003040094 114.42894671938387 197
1740003040113 114.20239720200738 198
1740003040130 113.97628295647567 199
1740003040149 113.75063528522786 200
1740003040169 113.52543715748646 201
1740003040191 113.30067170287208 202
1740003040210 113.07637002610942 203
1740003040228 112.85251520361932 204
1740003040246 112.62910634265975 205
1740003040265 112.40612668728429 206
1740003040283 112.18360713426564 207
1740003040301 111.96153087501132 208
1740003040319 111.73988125863102 209
1740003040336 111.51868898731259 210
1740003040355 111.2979373579811 211
1740003040373 111.07760982404949 212
1740003040391 110.85773689453318 213
1740003040408 110.63830197111935 214
1740003040425 110.4192886107753 215
1740003040444 110.20072713074882 216
1740003040462 109.98260103673783 217
1740003040479 109.76490945895439 218
1740003040499 109.547636064591 219
1740003040522 109.33081097082058 220
1740003040541 109.11441779410556 221
1740003040559 108.8984403035596 222
1740003040576 108.68290842763979 223
1740003040594 108.46780588518045 224
1740003040613 108.25311654648095 225
1740003040630 108.03887015266233 226
1740003040648 107.82505052419282 227
1740003040665 107.61164163182649 228
1740003040683 107.39867303072012 229
1740003040702 107.1861286422423 230
1740003040719 106.97400761896812 231
1740003040736 106.76229403777104 232
1740003040754 106.55101726142013 233
1740003040772 106.34016131792862 234
1740003040791 106.129710383032 235
1740003040809 105.91969363651113 236
1740003040826 105.71009520568151 237
1740003040845 105.50089936442266 238
1740003040865 105.2921351108746 239
1740003040882 105.08378667093463 240
1740003040899 104.87583841591233 241
1740003040916 104.66831916364671 242
1740003040936 104.46121323790048 243
1740003040955 104.25450510670336 244
1740003040972 104.04822340892567 245
1740003040990 103.8423525654831 246
1740003041008 103.63689175568571 247
1740003041027 103.43182554873613 248
1740003041045 103.22718240038316 249
1740003041062 103.02294683322366 250
1740003041079 102.81910351163695 251
1740003041097 102.61568071528761 252
1740003041115 102.4126630623767 253
1740003041132 102.21003531176301 254
1740003041149 102.00782556833536 255
1740003041166 101.80601854519946 256
1740003041184 101.60459909500051 257
1740003041203 101.40359514915255 258
1740003041222 101.2029915149704 259
1740003041240 101.00277313819635 260
1740003041258 100.80296777806346 261
1740003041275 100.6035603354041 262
1740003041293 100.40453584837213 263
1740003041311 100.20592190530628 264
1740003041330 100.00770349986861 265
1740003041348 99.80986576194306 266
1740003041366 99.61243611025337 267
1740003041384 99.41539963060735 268
1740003041402 99.2187415439414 269
1740003041462 99.02248910063634 270
1740003041483 98.82662747796577 271
1740003041502 98.63115589533221 272
1740003041522 98.43605966733794 273
1740003041542 98.24136587531696 274
1740003041563 98.047059790691 275
1740003041582 97.8531268176458 276
1740003041599 97.65959387191775 277
1740003041618 97.46644631492035 278
1740003041636 97.27366963975744 279
1740003041654 97.08129059781693 280
1740003041673 96.88929463983641 281
1740003041690 96.6976673471762 282
1740003041708 96.506435308118 283
1740003041727 96.31558406205946 284
1740003041745 96.1250992779595 285
1740003041763 95.93500738222876 286
1740003041780 95.74529400226487 287
1740003041798 95.55594489397117 288
1740003041816 95.36698632311543 289
1740003041833 95.17840400443885 290
1740003041854 94.99018378013865 291
1740003041872 94.80235175656112 292
1740003041890 94.61489373513827 293
1740003041909 94.42779564371449 294
1740003041927 94.24108343042896 295
1740003041944 94.05474298275547 296
1740003041962 93.86876031354241 297
1740003041980 93.68316121392945 298
1740003041998 93.49793165678682 299
1740003042015 93.31305773932752 300
1740003042033 93.12856509689236 301
1740003042051 92.94443978710635 302
1740003042068 92.7606679909112 303
1740003042086 92.57727518904291 304
1740003042104 92.39424752324321 305
1740003042121 92.21157125755028 306
1740003042139 92.02927171928245 307
1740003042157 91.84733513366375 308
1740003042174 91.66574784720027 309
1740003042191 91.48453503497315 310
1740003042209 91.3036830050579 311
1740003042226 91.1231781858034 312
1740003042244 90.94304560122744 313
1740003042261 90.76327164162976 314
1740003042279 90.58384281658053 315
1740003042297 90.40478400020129 316
1740003042315 90.2260816643924 317
1740003042334 90.04772239932738 318
1740003042352 89.869730930392 319
1740003042370 89.69208118979189 320
1740003042387 89.51479775088787 321
1740003042406 89.33786724699284 322
1740003042424 89.16127642788021 323
1740003042444 88.98504972029025 324
1740003042464 88.80917383739266 325
1740003042482 88.63363560783627 326
1740003042500 88.45845931288297 327
1740003042517 88.283631744949 328
1740003042535 88.1091398109538 329
1740003042557 87.9350076478166 330
1740003042577 87.76122212659338 331
1740003042596 87.58777023187285 332
1740003042614 87.4146759573609 333
1740003042632 87.24192625214982 334
1740003042649 87.06950817789979 335
1740003042667 86.89744558622618 336
1740003042685 86.72572550365764 337
1740003042705 86.55433506833133 338
1740003042724 86.3832979908886 339
1740003042742 86.21260137469795 340
1740003042760 86.0422324337825 341
1740003042777 85.87221473891965 342
1740003042795 85.70253546972462 343
1740003042816 85.53318191551887 344
1740003042835 85.36417750831957 345
1740003042858 85.19549754237138 346
1740003042881 85.02716530428563 347
1740003042917 84.85916812623425 348
1740003042937 84.69149344836386 349
1740003042956 84.52416442054667 350
1740003042975 84.35716844953848 351
1740003042992 84.19049304913622 352
1740003043011 84.02416123355937 353
1740003043028 83.85816048356703 354
1740003043046 83.6924783860316 355
1740003043066 83.52713782059969 356
1740003043088 83.36212634145687 357
1740003043114 83.19743160797918 358
1740003043136 83.03307636631432 359
1740003043155 82.8690482435005 360
1740003043174 82.70533497084905 361
1740003043192 82.5419591620764 362
1740003043210 82.37889697270278 363
1740003043228 82.21617087523808 364
1740003043246 82.05376864366335 365
1740003043264 81.89167815455245 366
1740003043348 81.72992174994543 367
1740003043367 81.5684872750643 368
1740003043385 81.40736267682105 369
1740003043403 81.24657016783667 370
1740003043421 81.0860976640127 371
1740003043439 80.92593318204324 372
1740003043459 80.76609880617468 373
1740003043476 80.60658252243019 374
1740003043494 80.44737241673296 375
1740003043512 80.28849044599345 376
1740003043531 80.12991345683085 377
1740003043548 79.9716632683299 378
1740003043567 79.81372800893922 379
1740003043585 79.65609590536847 380
1740003043603 79.49878865127982 381
1740003043623 79.34179444367298 382
1740003043642 79.1851015769306 383
1740003043660 79.02873162031423 384
1740003043677 78.87267283882865 385
1740003043697 78.71691359398861 386
1740003043715 78.56147533167108 387
1740003043732 78.40634638434312 388
1740003043751 78.25151518011384 389
1740003043768 78.09700304248582 390
1740003043786 77.94278748482711 391
1740003043804 77.78888969610655 392
1740003043822 77.63529814681833 393
1740003043842 77.48200140149997 394
1740003043861 77.32902052861239 395
1740003043879 77.1763440645818 396
1740003043897 77.02396063902394 397
1740003043915 76.87189120088561 398
1740003043933 76.7201243519942 399
1740003043952 76.56864878651749 400
1740003043970 76.41748533487635 401
1740003043988 76.26661202905277 402
1740003044007 76.11604956748735 403
1740003044025 75.96578668662542 404
1740003044042 75.81581221368549 405
1740003044060 75.6661467304121 406
1740003044078 75.51677903715283 407
1740003044096 75.36769802419306 408
1740003044113 75.21892415755353 409
1740003044131 75.07043585181617 410
1740003044150 74.9222534428807 411
1740003044168 74.77436586323327 412
1740003044186 74.62676213375342 413
1740003044204 74.4794624764205 414
1740003044222 74.33245588614669 415
1740003044244 74.18573144541554 416
1740003044271 74.03930926324259 417
1740003044301 73.8931783964549 418
1740003044332 73.74732798863401 419
1740003044361 73.6017780367824 420
1740003044392 73.45650744907577 421
1740003044420 73.3115360948576 422
1740003044449 73.16685315980675 423
1740003044480 73.02244791484235 424
1740003044511 72.87834011906307 425
1740003044538 72.73451901861664 426
1740003044563 72.59097394408738 427
1740003044589 72.44772454526448 428
1740003044611 72.3047500950542 429
1740003044631 72.1620701173805 430
1740003044649 72.01967398485122 431
1740003044668 71.87755115301847 432
1740003044686 71.73572103823933 433
1740003044705 71.59417307216638 434
1740003044724 71.45289676860587 435
1740003044744 71.31191143726812 436
1740003044768 71.17119670837602 437
1740003044789 71.03077176754137 438
1740003044810 70.89062617052124 439
1740003044832 70.75074955375592 440
1740003044854 70.61116099792784 441
1740003044874 70.4718501164362 442
1740003044893 70.3328066025859 443
1740003044912 70.19404943303492 444
1740003044931 70.05555858802117 445
1740003044956 69.917352921844 446
1740003044978 69.77942216968755 447
1740003045001 69.64175614519239 448
1740003045022 69.50437360032578 449
1740003045040 69.36725475045617 450
1740003045063 69.23041822631512 451
1740003045081 69.09385388337837 452
1740003045102 68.95755165414268 453
1740003045122 68.821530068684 454
1740003045140 68.68577903785 455
1740003045159 68.5502885487525 456
1740003045177 68.41507703169259 457
1740003045196 68.28012504023029 458
1740003045215 68.14545088512766 459
1740003045233 68.01104459526196 460
1740003045252 67.87689627436028 461
1740003045275 67.74302413506177 462
1740003045295 67.6094182602689 463
1740003045316 67.4760688069895 464
1740003045335 67.34299389060612 465
1740003045357 67.21017439585918 466
1740003045377 67.07762832026295 467
1740003045396 66.94534586252222 468
1740003045414 66.81331729405318 469
1740003045433 66.68156051674153 470
1740003045451 66.55005663883206 471
1740003045470 66.41882344542229 472
1740003045488 66.28785124958311 473
1740003045507 66.15713043571625 474
1740003045526 66.02667869490325 475
1740003045544 65.89648639205879 476
1740003045563 65.76654396270419 477
1740003045581 65.63686900474768 478
1740003045601 65.50744294625426 479
1740003045620 65.37828326997305 480
1740003045639 65.24938045301326 481
1740003045657 65.12072504173024 482
1740003045675 64.99233442728887 483
1740003045695 64.86419025424642 484
1740003045714 64.73630979966313 485
1740003045733 64.60868365144097 486
1740003045752 64.48130246538051 487
1740003045770 64.35418342853175 488
1740003045789 64.2273083992183 489
1740003045808 64.10069445142985 490
1740003045826 63.974332282472815 491
1740003045846 63.84821265621737 492
1740003045865 63.7223525582022 493
1740003045884 63.59674273462329 494
1740003045902 63.47137399754343 495
1740003045920 63.34626324486119 496
1740003045939 63.221392639332194 497
1740003045957 63.09677896736705 498
1740003045975 62.972413082470005 499
