1739996096766 178.06699465810647 0
1739996096783 177.84766056553394 1
1739996096801 177.66996426720834 2
1739996096816 177.49242490945142 3
1739996096833 177.3150631565426 4
1739996096850 177.13787882023846 5
1739996096866 176.96087172297567 6
1739996096904 176.78404168736338 7
1739996096919 176.60738853618835 8
1739996096935 176.43091209241504 9
1739996096950 176.2546121791851 10
1739996096965 176.07848861981728 11
1739996096979 175.90254123780738 12
1739996096994 175.72676985682796 13
1739996097008 175.55117430072818 14
1739996097024 175.37575439353364 15
1739996097039 175.2005099594462 16
1739996097053 175.0254408228438 17
1739996097069 174.85054680828023 18
1739996097086 174.67582774048515 19
1739996097101 174.50128344436357 20
1739996097118 174.32691374499606 21
1739996097142 174.15271846763824 22
1739996097161 173.97869743772083 23
1739996097178 173.8048504808494 24
1739996097195 173.63117742280417 25
1739996097213 173.45767808953988 26
1739996097230 173.28435230718557 27
1739996097247 173.11119990204435 28
1739996097264 172.9382207005935 29
1739996097298 172.76541452948388 30
1739996097364 172.59278121554013 31
1739996097381 172.4203205857603 32
1739996097399 172.24803246731565 33
1739996097416 172.0759166875506 34
1739996097434 171.90397307398248 35
1739996097451 171.73220145430145 36
1739996097468 171.56060165637007 37
1739996097485 171.3891735082235 38
1739996097501 171.21791683806902 39
1739996097517 171.04683147428605 40
1739996097533 170.87591724542588 41
1739996097548 170.7051739802114 42
1739996097563 170.53460150753722 43
1739996097579 170.36419965646928 44
1739996097597 170.19396825624457 45
1739996097613 170.0239071362714 46
1739996097629 169.85401612612864 47
1739996097644 169.684295055566 48
1739996097659 169.51474375450374 49
1739996097674 169.34536205303235 50
1739996097692 169.1761497814126 51
1739996097707 169.0071067700752 52
1739996097722 168.83823284962074 53
1739996097739 168.6695278508194 54
1739996097754 168.50099160461096 55
1739996097769 168.33262394210442 56
1739996097785 168.16442469457803 57
1739996097801 167.9963936934789 58
1739996097815 167.82853077042307 59
1739996097830 167.6608357571952 60
1739996097845 167.49330848574837 61
1739996097860 167.32594878820404 62
1739996097874 167.15875649685177 63
1739996097891 166.99173144414908 64
1739996097906 166.8248734627213 65
1739996097922 166.65818238536147 66
1739996097937 166.49165804502996 67
1739996097952 166.32530027485456 68
1739996097967 166.15910890813004 69
1739996097983 165.99308377831832 70
1739996098000 165.827224719048 71
1739996098016 165.66153156411428 72
1739996098031 165.49600414747894 73
1739996098047 165.33064230326997 74
1739996098063 165.1654458657815 75
1739996098078 165.00041466947357 76
1739996098093 164.83554854897216 77
1739996098110 164.67084733906867 78
1739996098126 164.50631087472019 79
1739996098143 164.34193899104895 80
1739996098159 164.17773152334235 81
1739996098173 164.01368830705272 82
1739996098189 163.84980917779725 83
1739996098204 163.68609397135782 84
1739996098218 163.5225425236806 85
1739996098234 163.3591546708762 86
1739996098249 163.19593024921934 87
1739996098263 163.03286909514873 88
1739996098278 162.8699710452668 89
1739996098293 162.70723593633977 90
1739996098309 162.54466360529722 91
1739996098324 162.38225388923215 92
1739996098339 162.2200066254006 93
1739996098355 162.05792165122168 94
1739996098370 161.89599880427735 95
1739996098386 161.7342379223122 96
1739996098401 161.5726388432332 97
1739996098417 161.41120140510992 98
1739996098432 161.24992544617388 99
1739996098447 161.0888108048187 100
1739996098462 160.9278573195999 101
1739996098477 160.76706482923456 102
1739996098495 160.60643317260138 103
1739996098510 160.44596218874045 104
1739996098527 160.28565171685295 105
1739996098543 160.1255015963012 106
1739996098558 159.9655116666084 107
1739996098574 159.8056817674584 108
1739996098591 159.6460117386956 109
1739996098606 159.4865014203249 110
1739996098621 159.3271506525114 111
1739996098637 159.16795927558013 112
1739996098653 159.00892713001627 113
1739996098668 158.85005405646464 114
1739996098683 158.69133989572958 115
1739996098700 158.53278448877498 116
1739996098715 158.3743876767239 117
1739996098731 158.2161493008587 118
1739996098746 158.05806920262043 119
1739996098761 157.90014722360917 120
1739996098776 157.7423832055835 121
1739996098791 157.58477699046054 122
1739996098808 157.42732842031563 123
1739996098825 157.2700373373825 124
1739996098924 157.1129035840526 125
1739996098945 156.95592700287537 126
1739996098962 156.79910743655796 127
1739996098979 156.64244472796497 128
1739996098994 156.4859387201184 129
1739996099009 156.3295892561975 130
1739996099024 156.17339617953846 131
1739996099040 156.01735933363452 132
1739996099055 155.8614785621355 133
1739996099070 155.70575370884794 134
1739996099085 155.55018461773474 135
1739996099099 155.39477113291505 136
1739996099114 155.2395130986642 137
1739996099128 155.08441035941334 138
1739996099143 154.92946275974958 139
1739996099159 154.77467014441558 140
1739996099177 154.62003235830946 141
1739996099197 154.4655492464848 142
1739996099214 154.31122065415025 143
1739996099231 154.1570464266694 144
1739996099246 154.0030264095609 145
1739996099261 153.84916044849797 146
1739996099277 153.69544838930844 147
1739996099292 153.54189007797447 148
1739996099308 153.3884853606326 149
1739996099324 153.2352340835733 150
1739996099339 153.08213609324108 151
1739996099354 152.9291912362342 152
1739996099370 152.77639935930446 153
1739996099385 152.62376030935738 154
1739996099399 152.47127393345147 155
1739996099414 152.31894007879865 156
1739996099431 152.16675859276378 157
1739996099446 152.01472932286447 158
1739996099462 151.8628521167712 159
1739996099478 151.71112682230697 160
1739996099493 151.55955328744702 161
1739996099509 151.40813136031903 162
1739996099524 151.25686088920276 163
1739996099539 151.1057417225297 164
1739996099554 150.95477370888335 165
1739996099571 150.80395669699877 166
1739996099586 150.6532905357625 167
1739996099601 150.5027750742124 168
1739996099616 150.35241016153756 169
1739996099631 150.20219564707804 170
1739996099646 150.0521313803248 171
1739996099663 149.90221721091953 172
1739996099678 149.7524529886545 173
1739996099696 149.6028385634724 174
1739996099711 149.45337378546617 175
1739996099727 149.30405850487892 176
1739996099743 149.15489257210368 177
1739996099758 149.00587583768333 178
1739996099773 148.85700815231044 179
1739996099788 148.70828936682707 180
1739996099803 148.55971933222466 181
1739996099818 148.4112978996439 182
1739996099833 148.26302492037445 183
1739996099848 148.114900245855 184
1739996099865 147.96692372767308 185
1739996099882 147.81909521756464 186
1739996099902 147.67141456741425 187
1739996099920 147.52388162925473 188
1739996099937 147.37649625526717 189
1739996099953 147.2292582977806 190
1739996099968 147.08216760927203 191
1739996099983 146.9352240423661 192
1739996099998 146.78842744983504 193
1739996100014 146.6417776845986 194
1739996100033 146.49527459972376 195
1739996100049 146.34891804842468 196
1739996100064 146.20270788406248 197
1739996100080 146.05664396014507 198
1739996100095 145.91072613032722 199
1739996100111 145.7649542484101 200
1739996100126 145.61932816834135 201
1739996100141 145.47384774421485 202
1739996100157 145.32851283027068 203
1739996100172 145.1833232808947 204
1739996100187 145.03827895061877 205
1739996100204 144.8933796941203 206
1739996100220 144.74862536622234 207
1739996100236 144.6040158218932 208
1739996100251 144.45955091624654 209
1739996100267 144.315230504541 210
1739996100282 144.1710544421803 211
1739996100297 144.0270225847128 212
1739996100313 143.88313478783164 213
1739996100329 143.7393909073744 214
1739996100344 143.59579079932305 215
1739996100360 143.45233431980378 216
1739996100379 143.30902132508686 217
1739996100394 143.1658516715865 218
1739996100409 143.02282521586065 219
1739996100424 142.87994181461087 220
1739996100439 142.73720132468245 221
1739996100454 142.5946036030637 222
1739996100470 142.45214850688637 223
1739996100485 142.30983589342526 224
1739996100500 142.16766562009798 225
1739996100515 142.02563754446496 226
1739996100530 141.88375152422935 227
1739996100545 141.74200741723678 228
1739996100560 141.60040508147506 229
1739996100576 141.45894437507448 230
1739996100592 141.31762515630717 231
1739996100607 141.1764472835873 232
1739996100623 141.03541061547074 233
1739996100638 140.8945150106551 234
1739996100653 140.75376032797948 235
1739996100668 140.6131464264242 236
1739996100683 140.47267316511096 237
1739996100699 140.3323404033024 238
1739996100715 140.19214800040226 239
1739996100730 140.05209581595483 240
1739996100746 139.91218370964526 241
1739996100761 139.77241154129914 242
1739996100776 139.63277917088234 243
1739996100791 139.49328645850107 244
1739996100807 139.3539332644017 245
1739996100822 139.21471944897021 246
1739996100837 139.0756448727328 247
1739996100852 138.93670939635507 248
1739996100867 138.7979128806422 249
1739996100883 138.65925518653881 250
1739996100898 138.52073617512875 251
1739996100913 138.3823557076349 252
1739996100927 138.24411364541916 253
1739996100943 138.10600984998234 254
1739996100958 137.96804418296375 255
1739996100973 137.83021650614145 256
1739996100988 137.69252668143176 257
1739996101002 137.55497457088933 258
1739996101017 137.41756003670696 259
1739996101034 137.28028294121546 260
1739996101048 137.14314314688338 261
1739996101064 137.00614051631706 262
1739996101080 136.86927491226052 263
1739996101096 136.7325461975951 264
1739996101112 136.59595423533946 265
1739996101127 136.45949888864942 266
1739996101142 136.3231800208179 267
1739996101158 136.1869974952746 268
1739996101173 136.0509511755861 269
1739996101188 135.9150409254555 270
1739996101205 135.77926660872242 271
1739996101221 135.64362808936283 272
1739996101239 135.5081252314889 273
1739996101254 135.37275789934884 274
1739996101269 135.23752595732682 275
1739996101285 135.10242926994286 276
1739996101300 134.9674677018525 277
1739996101315 134.832641117847 278
1739996101333 134.69794938285284 279
1739996101348 134.56339236193185 280
1739996101363 134.4289699202809 281
1739996101379 134.294681923232 282
1739996101394 134.1605282362518 283
1739996101410 134.02650872494178 284
1739996101425 133.89262325503796 285
1739996101440 133.7588716924109 286
1739996101457 133.62525390306538 287
1739996101476 133.49176975314035 288
1739996101497 133.3584191089088 289
1739996101521 133.22520183677764 290
1739996101544 133.0921178032876 291
1739996101568 132.95916687511294 292
1739996101595 132.8263489190615 293
1739996101626 132.69366380207447 294
1739996101654 132.5611113912263 295
1739996101676 132.42869155372443 296
1739996101702 132.29640415690952 297
1739996101727 132.16424906825472 298
1739996101751 132.0322261553662 299
1739996101774 131.90033528598246 300
1739996101796 131.76857632797464 301
1739996101816 131.63694914934595 302
1739996101836 131.505453618232 303
1739996101856 131.37408960290034 304
1739996101877 131.24285697175037 305
1739996101895 131.11175559331332 306
1739996101909 130.98078533625213 307
1739996101924 130.8499460693611 308
1739996101939 130.71923766156604 309
1739996101954 130.5886599819239 310
1739996101969 130.45821289962288 311
1739996101983 130.327896283982 312
1739996101998 130.19771000445124 313
1739996102013 130.0676539306113 314
1739996102028 129.9377279321734 315
1739996102043 129.80793187897933 316
1739996102057 129.67826564100108 317
1739996102072 129.5487290883409 318
1739996102087 129.41932209123112 319
1739996102102 129.29004452003403 320
1739996102117 129.16089624524162 321
1739996102132 129.03187713747565 322
1739996102149 128.90298706748746 323
1739996102164 128.77422590615765 324
1739996102180 128.6455935244963 325
1739996102196 128.51708979364247 326
1739996102211 128.38871458486435 327
1739996102226 128.26046776955903 328
1739996102245 128.13234921925235 329
1739996102262 128.00435880559877 330
1739996102277 127.87649640038131 331
1739996102298 127.7487618755113 332
1739996102316 127.6211551030284 333
1739996102342 127.49367595510037 334
1739996102358 127.36632430402291 335
1739996102373 127.23910002221966 336
1739996102392 127.112002982242 337
1739996102408 126.98503305676887 338
1739996102423 126.85819011860676 339
1739996102439 126.73147404068948 340
1739996102454 126.60488469607802 341
1739996102468 126.47842195796056 342
1739996102483 126.35208569965222 343
1739996102498 126.22587579459494 344
1739996102513 126.09979211635742 345
1739996102528 125.97383453863496 346
1739996102543 125.84800293524928 347
1739996102558 125.72229718014847 348
1739996102574 125.59671714740678 349
1739996102590 125.4712627112247 350
1739996102605 125.34593374592846 351
1739996102620 125.22073012597028 352
1739996102635 125.09565172592806 353
1739996102650 124.97069842050523 354
1739996102665 124.84587008453076 355
1739996102680 124.72116659295882 356
1739996102696 124.59658782086895 357
1739996102713 124.47213364346564 358
1739996102727 124.34780393607839 359
1739996102744 124.22359857416147 360
1739996102758 124.09951743329398 361
1739996102774 123.97556038917945 362
1739996102795 123.851727317646 363
1739996102817 123.72801809464592 364
1739996102832 123.60443259625586 365
1739996102848 123.48097069867644 366
1739996102864 123.35763227823232 367
1739996102880 123.23441721137193 368
1739996102896 123.1113253746674 369
1739996102912 122.98835664481454 370
1739996102929 122.86551089863245 371
1739996102946 122.74278801306374 372
1739996102962 122.62018786517415 373
1739996102977 122.49771033215248 374
1739996102993 122.37535529131053 375
1739996103007 122.25312262008296 376
1739996103022 122.13101219602713 377
1739996103041 122.009023896823 378
1739996103056 121.88715760027301 379
1739996103072 121.76541318430188 380
1739996103087 121.64379052695665 381
1739996103102 121.52228950640644 382
1739996103117 121.40091000094236 383
1739996103134 121.2796518889773 384
1739996103159 121.158515049046 385
1739996103177 121.03749935980477 386
1739996103192 120.91660470003139 387
1739996103207 120.79583094862501 388
1739996103222 120.67517798460612 389
1739996103237 120.55464568711623 390
1739996103253 120.43423393541795 391
1739996103269 120.31394260889466 392
1739996103284 120.19377158705065 393
1739996103299 120.07372074951071 394
1739996103316 119.95378997602027 395
1739996103332 119.8339791464451 396
1739996103347 119.71428814077127 397
1739996103362 119.59471683910503 398
1739996103377 119.47526512167265 399
1739996103392 119.35593286882029 400
1739996103406 119.23671996101397 401
1739996103421 119.11762627883938 402
1739996103437 118.9986517030017 403
1739996103452 118.87979611432567 404
1739996103467 118.76105939375523 405
1739996103483 118.64244142235366 406
1739996103500 118.52394208130318 407
1739996103515 118.40556125190507 408
1739996103531 118.28729881557939 409
1739996103546 118.16915465386494 410
1739996103561 118.05112864841921 411
1739996103576 117.93322068101804 412
1739996103591 117.8154306335557 413
1739996103607 117.69775838804482 414
1739996103622 117.58020382661593 415
1739996103637 117.46276683151777 416
1739996103653 117.34544728511688 417
1739996103667 117.22824506989757 418
1739996103684 117.1111600684619 419
1739996103705 116.99419216352936 420
1739996103728 116.87734123793692 421
1739996103746 116.76060717463886 422
1739996103761 116.6439898567066 423
1739996103777 116.52748916732872 424
1739996103792 116.41110498981065 425
1739996103809 116.29483720757473 426
1739996103825 116.17868570415995 427
1739996103894 116.06265036322195 428
1739996103915 115.94673106853286 429
1739996103930 115.83092770398117 430
1739996103946 115.71524015357157 431
1739996103962 115.59966830142498 432
1739996103977 115.48421203177827 433
1739996103995 115.3688712289842 434
1739996104012 115.25364577751135 435
1739996104029 115.13853556194401 436
1739996104045 115.02354046698196 437
1739996104060 114.9086603774404 438
1739996104075 114.79389517824991 439
1739996104090 114.67924475445626 440
1739996104105 114.56470899122031 441
1739996104120 114.45028777381789 442
1739996104136 114.3359809876397 443
1739996104152 114.22178851819118 444
1739996104167 114.10771025109237 445
1739996104182 113.99374607207788 446
1739996104198 113.8798958669967 447
1739996104213 113.76615952181213 448
1739996104228 113.65253692260157 449
1739996104243 113.53902795555653 450
1739996104258 113.4256325069825 451
1739996104274 113.31235046329871 452
1739996104289 113.1991817110382 453
1739996104304 113.0861261368475 454
1739996104320 112.97318362748673 455
1739996104335 112.86035406982936 456
1739996104350 112.74763735086206 457
1739996104366 112.63503335768472 458
1739996104381 112.52254197751022 459
1739996104396 112.41016309766438 460
1739996104411 112.29789660558582 461
1739996104426 112.18574238882587 462
1739996104442 112.07370033504843 463
1739996104458 111.96177033202981 464
1739996104473 111.84995226765878 465
1739996104488 111.73824602993628 466
1739996104503 111.6266515069754 467
1739996104517 111.51516858700126 468
1739996104532 111.40379715835087 469
1739996104547 111.29253710947302 470
1739996104562 111.18138832892822 471
1739996104577 111.07035070538855 472
1739996104592 110.95942412763748 473
1739996104607 110.84860848456988 474
1739996104622 110.73790366519188 475
1739996104637 110.62730955862068 476
1739996104652 110.5168260540845 477
1739996104668 110.4064530409225 478
1739996104683 110.29619040858458 479
1739996104701 110.18603804663135 480
1739996104721 110.07599584473398 481
1739996104737 109.96606369267408 482
1739996104752 109.85624148034366 483
1739996104767 109.74652909774487 484
1739996104784 109.63692643499006 485
1739996104802 109.52743338230158 486
1739996104817 109.41804983001168 487
1739996104833 109.3087756685624 488
1739996104848 109.19961078850548 489
1739996104862 109.09055508050221 490
1739996104878 108.98160843532335 491
1739996104892 108.87277074384905 492
1739996104908 108.76404189706864 493
1739996104923 108.65542178608065 494
1739996104938 108.54691030209256 495
1739996104953 108.43850733642088 496
1739996104968 108.33021278049084 497
1739996104982 108.22202652583637 498
1739996104997 108.11394846410005 499
