1740009105673 158.60942866140877 0
1740009105702 133.3118934965719 1
1740009105729 101.49794047920867 2
1740009105753 90.05943126868408 3
1740009105778 79.74712608357505 4
1740009105806 64.81503209297483 5
1740009105840 55.22983343102722 6
1740009105864 45.966177221665625 7
1740009105888 37.74019769825798 8
1740009105912 33.32483045931976 9
1740009105939 26.23972610078018 10
1740009105970 23.471468560057243 11
1740009105995 19.87646561847581 12
1740009106023 16.031027174728965 13
1740009106047 14.991799883197798 14
1740009106076 12.616981802713632 15
1740009106104 11.381428804284836 16
1740009106128 8.982851916629208 17
1740009106151 7.785750868761526 18
1740009106175 7.639114754232085 19
1740009106201 5.647632288437179 20
1740009106228 5.079361450414462 21
1740009106252 4.785267341165436 22
1740009106276 4.172403940874892 23
1740009106300 3.701653827767024 24
1740009106326 3.081845289080746 25
1740009106354 2.652974602635917 26
1740009106378 2.5918571259205305 27
1740009106403 2.2987321599804607 28
1740009106427 2.306977525881967 29
1740009106454 1.9642164114276122 30
1740009106479 1.872539769616811 31
1740009106502 2.1048419036814603 32
1740009106528 1.383418542963249 33
1740009106555 1.3049467488070718 34
1740009106581 1.3411345726888695 35
1740009106605 1.3747580358673617 36
1740009106628 1.2289039966103912 37
1740009106652 1.163858755613536 38
1740009106678 1.0882880461739641 39
1740009106704 1.0605146725036485 40
1740009106727 0.9715628050663555 41
1740009106752 0.9986140427492104 42
1740009106784 0.7681928933510062 43
1740009106811 0.8624696407811866 44
1740009106836 0.8786624346346751 45
1740009106861 0.7329436658114683 46
1740009106886 0.8147181765455098 47
1740009106912 0.5419700711733839 48
1740009106941 0.6230209149741831 49
1740009106968 0.7071661533271115 50
1740009106992 0.7469080899675192 51
1740009107016 0.6787877923134783 52
1740009107040 0.5965518851679616 53
1740009107069 0.6173811448648286 54
1740009107157 0.6350705639329861 55
1740009107188 0.7307729995200442 56
1740009107212 0.5967011140848038 57
1740009107238 0.6544219171363923 58
1740009107264 0.6137463192921503 59
1740009107292 0.6011684934623079 60
1740009107317 0.609916668655673 61
1740009107340 0.5920489768103251 62
1740009107364 0.5773097517213488 63
1740009107389 0.587997080246851 64
1740009107417 0.5723036473796271 65
1740009107442 0.5288133795594496 66
1740009107466 0.5472026219148902 67
1740009107491 0.7306699184492206 68
1740009107519 0.5431410561171746 69
1740009107545 0.4488225264175214 70
1740009107569 0.5189692877886097 71
1740009107593 0.5611031513793313 72
1740009107619 0.5613153337650917 73
1740009107646 0.5051859614483076 74
1740009107670 0.6238737456538621 75
1740009107693 0.5600848288344086 76
1740009107717 0.5715081824860804 77
1740009107745 0.6384155246852325 78
1740009107771 0.7023271813512993 79
1740009107795 0.5979921001134444 80
1740009107819 0.6192465236470671 81
1740009107848 0.6099341791194678 82
1740009107875 0.5952633158836956 83
1740009107898 0.6962770414886819 84
1740009107922 0.5144377655691422 85
1740009107947 0.5276066453211112 86
1740009107975 0.5769184221104043 87
1740009108000 0.4849861669774879 88
1740009108025 0.5457613114210936 89
1740009108050 0.53904118805881 90
1740009108081 0.5290007538599976 91
1740009108106 0.4973528374655064 92
1740009108131 0.5963477138556093 93
1740009108155 0.5943710165675807 94
1740009108182 0.5122487455506752 95
1740009108208 0.5989438066526737 96
1740009108231 0.702103286649683 97
1740009108258 0.514477356898081 98
1740009108283 0.6261330175089695 99
1740009108307 0.515417455519081 100
1740009108335 0.5892172396685516 101
1740009108367 0.6300406980942348 102
1740009108393 0.523103942140034 103
1740009108419 0.5373216088494533 104
1740009108445 0.5185220534279009 105
1740009108469 0.5028127903487791 106
1740009108497 0.5303385456810326 107
1740009108524 0.602206382637182 108
1740009108549 0.5626014082754496 109
1740009108573 0.5639361361536803 110
1740009108598 0.5716594477389279 111
1740009108631 0.5897379290725661 112
1740009108656 0.5263722233774422 113
