1740000534987 180.31554687494065 0
1740000535004 176.68746543534843 1
1740000535020 173.13947395239805 2
1740000535038 169.6697322573519 3
1740000535057 166.2764434370127 4
1740000535075 162.9578528038033 5
1740000535092 159.71224689055546 6
1740000535108 156.53795246941124 7
1740000535125 153.43333559425628 8
1740000535143 150.39680066611743 9
1740000535161 147.4267895209712 10
1740000535177 144.52178053942302 11
1740000535193 141.68028777773037 12
1740000535209 138.9008601196549 13
1740000535224 136.18208044864267 14
1740000535240 133.52256483984164 15
1740000535256 130.92096177147943 16
1740000535273 128.37595135513453 17
1740000535291 125.88624458444635 18
1740000535307 123.4505826018192 19
1740000535327 121.0677359826881 20
1740000535344 118.73650403692254 21
1740000535360 116.45571412695615 22
1740000535376 114.22422100223943 23
1740000535392 112.04090614962267 24
1740000535408 109.90467715928573 25
1740000535424 107.81446710584031 26
1740000535440 105.76923394423989 27
1740000535456 103.76795992014075 28
1740000535472 101.80965099436678 29
1740000535488 99.89333628113823 30
1740000535504 98.01806749973402 31
1740000535520 96.18291843926386 32
1740000535536 94.38698443623535 33
1740000535553 92.62938186460816 34
1740000535568 90.90924763803507 35
1740000535584 89.225738723997 36
1740000535600 87.57803166954602 37
1740000535616 85.96532213837725 38
1740000535632 84.38682445895745 39
1740000535647 82.84177118344466 40
1740000535663 81.3294126571395 41
1740000535678 79.84901659821497 42
1740000535696 78.39986768747814 43
1740000535712 76.98126716792238 44
1740000535728 75.59253245383529 45
1740000535744 74.23299674923261 46
1740000535759 72.90200867539423 47
1740000535779 71.59893190728381 48
1740000535796 70.32314481863872 49
1740000535812 69.07404013552187 50
1740000535828 67.85102459813294 51
1740000535844 66.65351863068005 52
1740000535861 65.480956019119 53
1740000535879 64.33278359657096 54
1740000535894 63.208460936234616 55
1740000535909 62.10746005161269 56
1740000535925 61.02926510387782 57
1740000535941 59.97337211620602 58
1740000535957 58.93928869491111 59
1740000535975 57.926533757216774 60
1740000535992 56.93463726550713 61
1740000536008 55.96313996790057 62
1740000536024 55.01159314499531 63
1740000536041 54.07955836263852 64
1740000536061 53.166607230575025 65
1740000536082 52.27232116683438 66
1740000536097 51.396291167719 67
1740000536113 50.538117583259115 68
1740000536129 49.69740989800357 69
1740000536145 48.87378651701886 70
1740000536161 48.066874556971264 71
1740000536177 47.27630964217086 72
1740000536193 46.501735705458316 73
1740000536210 45.74280479381856 74
1740000536229 44.9991768786083 75
1740000536247 44.27051967028689 76
1740000536263 43.55650843754276 77
1740000536279 42.856825830710335 78
1740000536296 42.17116170937469 79
1740000536312 41.4992129740639 80
1740000536327 40.840683401931145 81
1740000536344 40.19528348633131 82
1740000536360 39.562730280198956 83
1740000536376 38.94274724313658 84
1740000536391 38.33506409212483 85
1740000536407 37.73941665576773 86
1740000536424 37.1555467319887 87
1740000536440 36.583201949094835 88
1740000536456 36.02213563012886 89
1740000536472 35.47210666043044 90
1740000536487 34.93287935833003 91
1740000536503 34.40422334890052 92
1740000536520 33.8859134406936 93
1740000536536 33.37772950538974 94
1740000536553 32.87945636029199 95
1740000536570 32.39088365359601 96
1740000536585 31.911805752369844 97
1740000536602 31.442021633178836 98
1740000536619 30.981334775292805 99
1740000536635 30.529553056413505 100
1740000536652 30.086488650862528 101
1740000536668 29.651957930170973 102
1740000536684 29.225781366013457 103
1740000536701 28.80778343543074 104
1740000536717 28.39779252828636 105
1740000536733 27.995640856903997 106
1740000536748 27.60116436783369 107
1740000536765 27.214202655696106 108
1740000536785 26.834598879055438 109
1740000536805 26.462199678272565 110
1740000536839 26.096855095291343 111
1740000536855 25.738418495312004 112
1740000536870 25.386746490306727 113
1740000536888 25.041698864333576 114
1740000536903 24.70313850060597 115
1740000536919 24.370931310275935 116
1740000536935 24.044946162890337 117
1740000536951 23.725054818480444 118
1740000536967 23.41113186124575 119
1740000536984 23.103054634794322 120
1740000537000 22.80070317890271 121
1740000537017 22.50396016775911 122
1740000537034 22.21271084965472 123
1740000537050 21.92684298808877 124
1740000537066 21.646246804253717 125
1740000537082 21.370814920867847 126
1740000537098 21.100442307323124 127
1740000537113 20.83502622611728 128
1740000537129 20.574466180539538 129
1740000537146 20.318663863580245 130
1740000537163 20.06752310803535 131
1740000537179 19.820949837777455 132
1740000537195 19.578852020165733 133
1740000537211 19.341139619567613 134
1740000537227 19.107724551966065 135
1740000537244 18.8785206406266 136
1740000537260 18.65344357279896 137
1740000537276 18.43241085742889 138
1740000537292 18.21534178385617 139
1740000537308 18.00215738147547 140
1740000537324 17.792780380337334 141
1740000537340 17.587135172666837 142
1740000537357 17.385147775278437 143
1740000537372 17.186745792865697 144
1740000537388 16.9918583821451 145
1740000537404 16.800416216833927 146
1740000537420 16.612351453442372 147
1740000537436 16.42759769786063 148
1740000537451 16.246089972722224 149
1740000537467 16.067764685525248 150
1740000537483 15.892559597493504 151
1740000537498 15.720413793160144 152
1740000537516 15.551267650656824 153
1740000537532 15.385062812691524 154
1740000537547 15.221742158198952 155
1740000537563 15.061249774647578 156
1740000537579 14.90353093098787 157
1740000537597 14.748532051226485 158
1740000537615 14.59620068861181 159
1740000537632 14.446485500416351 160
1740000537649 14.299336223301918 161
1740000537666 14.154703649253884 162
1740000537687 14.012539602071083 163
1740000537702 13.872796914398343 164
1740000537718 13.735429405288775 165
1740000537736 13.600391858283466 166
1740000537753 13.467639999996226 167
1740000537772 13.337130479191742 168
1740000537790 13.208820846345336 169
1740000537806 13.082669533673112 170
1740000537822 12.958635835621374 171
1740000537852 12.836679889804614 172
1740000537871 12.716762658381406 173
1740000537890 12.598845909858074 174
1740000537909 12.482892201309896 175
1740000537925 12.368864861010286 176
1740000537942 12.256727971458155 177
1740000537958 12.146446352794264 178
1740000537976 12.037985546597385 179
1740000537993 11.931311800051368 180
1740000538009 11.826392050474423 181
1740000538026 11.723193910202177 182
1740000538043 11.621685651816147 183
1740000538060 11.521836193709621 184
1740000538077 11.423615085982956 185
1740000538095 11.326992496660683 186
1740000538113 11.231939198222838 187
1740000538130 11.13842655444319 188
1740000538147 11.046426507527176 189
1740000538162 10.955911565542545 190
1740000538179 10.866854790135928 191
1740000538195 10.779229784528544 192
1740000538213 10.693010681784648 193
1740000538229 10.608172133346288 194
1740000538245 10.52468929782816 195
1740000538261 10.442537830066541 196
1740000538276 10.361693870416339 197
1740000538292 10.282134034290486 198
1740000538310 10.203835401936033 199
1740000538327 10.126775508441444 200
1740000538343 10.050932333969724 201
1740000538358 9.976284294212064 202
1740000538374 9.902810231056982 203
1740000538390 9.830489403469779 204
1740000538408 9.759301478577678 205
1740000538423 9.689226522955586 206
1740000538439 9.620244994108054 207
1740000538455 9.552337732142714 208
1740000538470 9.4854859516309 209
1740000538486 9.419671233650964 210
1740000538502 9.354875518010159 211
1740000538518 9.29108109564091 212
1740000538533 9.22827060116745 213
1740000538550 9.166427005638853 214
1740000538567 9.105533609424656 215
1740000538583 9.04557403526924 216
1740000538599 8.98653222150139 217
1740000538615 8.92839241539537 218
1740000538630 8.871139166680061 219
1740000538646 8.814757321192724 220
1740000538664 8.759232014674053 221
1740000538680 8.704548666701257 222
1740000538697 8.650692974756002 223
1740000538713 8.597650908424084 224
1740000538728 8.545408703723842 225
1740000538745 8.493952857560261 226
1740000538762 8.443270122301993 227
1740000538780 8.393347500478345 228
1740000538796 8.344172239593599 229
1740000538811 8.295731827055835 230
1740000538827 8.248013985217764 231
1740000538843 8.201006666526895 232
1740000538860 8.154698048782576 233
1740000538879 8.109076530497452 234
1740000538896 8.064130726360984 235
1740000538912 8.019849462802549 236
1740000538929 7.976221773652087 237
1740000538946 7.933236895895798 238
1740000538961 7.89088426552493 239
1740000538977 7.849153513475372 240
1740000538993 7.808034461656103 241
1740000539009 7.767517119064397 242
1740000539025 7.727591677985782 243
1740000539041 7.688248510276922 244
1740000539057 7.649478163729424 245
1740000539073 7.611271358512796 246
1740000539090 7.573618983694737 247
1740000539107 7.5365120938369605 248
1740000539124 7.499941905664923 249
1740000539141 7.463899794809658 250
1740000539156 7.428377292620216 251
1740000539172 7.393366083044986 252
1740000539188 7.358857999580427 253
1740000539204 7.3248450222855945 254
1740000539221 7.291319274861082 255
1740000539237 7.258273021790812 256
1740000539252 7.225698665545325 257
1740000539268 7.193588743845144 258
1740000539284 7.161935926982858 259
1740000539301 7.130733015202664 260
1740000539318 7.09997293613594 261
1740000539333 7.0696487422916965 262
1740000539349 7.039753608600661 263
1740000539364 7.010280830011715 264
1740000539380 6.981223819139614 265
1740000539397 6.952576103962717 266
1740000539413 6.924331325569712 267
1740000539428 6.896483235954162 268
1740000539444 6.869025695855846 269
1740000539459 6.841952672647821 270
1740000539476 6.815258238268172 271
1740000539493 6.7889365671955195 272
1740000539508 6.762981934467167 273
1740000539523 6.73738871373911 274
1740000539540 6.7121513753868145 275
1740000539556 6.687264484645989 276
1740000539573 6.662722699792336 277
1740000539589 6.638520770359502 278
1740000539605 6.614653535394358 279
1740000539621 6.591115921748747 280
1740000539636 6.567902942406932 281
1740000539652 6.5450096948479155 282
1740000539671 6.522431359441867 283
1740000539687 6.500163197879953 284
1740000539703 6.4782005516367445 285
1740000539718 6.456538840464523 286
1740000539734 6.435173560918798 287
1740000539750 6.414100284914332 288
1740000539806 6.393314658310978 289
1740000539829 6.372812399528721 290
1740000539848 6.3525892981911865 291
1740000539884 6.33264121379715 292
1740000539902 6.3129640744192566 293
1740000539918 6.293553875429464 294
1740000539933 6.274406678250584 295
1740000539949 6.255518609133364 296
1740000539966 6.236885857958531 297
1740000539983 6.218504677063293 298
1740000540000 6.200371380091684 299
1740000540017 6.182482340868323 300
1740000540034 6.164833992295016 301
1740000540049 6.147422825269736 302
1740000540065 6.130245387627453 303
1740000540082 6.113298283102411 304
1740000540097 6.096578170311277 305
1740000540114 6.080081761756838 306
1740000540136 6.063805822851702 307
1740000540157 6.047747170961576 308
1740000540174 6.031902674467805 309
1740000540190 6.016269251848576 310
1740000540206 6.000843870778576 311
1740000540222 5.985623547246522 312
1740000540237 5.970605344690355 313
1740000540253 5.9557863731495715 314
1740000540270 5.941163788434403 315
1740000540285 5.926734791311487 316
1740000540302 5.912496626705601 317
1740000540318 5.89844658291723 318
1740000540334 5.884581990855491 319
1740000540351 5.870900223286222 320
1740000540367 5.85739869409484 321
1740000540383 5.844074857563615 322
1740000540398 5.830926207663171 323
1740000540414 5.81795027735779 324
1740000540430 5.805144637924301 325
1740000540447 5.792506898284232 326
1740000540462 5.780034704348945 327
1740000540479 5.767725738377517 328
1740000540494 5.755577718347037 329
1740000540510 5.743588397335125 330
1740000540526 5.73175556291431 331
1740000540543 5.720077036558171 332
1740000540559 5.708550673058836 333
1740000540576 5.697174359955732 334
1740000540595 5.685946016975245 335
1740000540612 5.674863595481106 336
1740000540636 5.663925077935323 337
1740000540655 5.653128477369352 338
1740000540674 5.642471836865348 339
1740000540691 5.631953229047287 340
1740000540707 5.621570755581714 341
1740000540724 5.611322546687973 342
1740000540740 5.6012067606576545 343
1740000540756 5.591221583383153 344
1740000540775 5.581365227895069 345
1740000540790 5.571635933908292 346
1740000540806 5.56203196737664 347
1740000540822 5.552551620055812 348
1740000540838 5.543193209074476 349
1740000540854 5.5339550765134184 350
1740000540869 5.524835588992457 351
1740000540885 5.5158331372651 352
1740000540902 5.506946135820651 353
1740000540920 5.498173022493734 354
1740000540935 5.4895122580809925 355
1740000540951 5.48096232596487 356
1740000540966 5.4725217317442985 357
1740000540983 5.464189002872191 358
1740000541000 5.455962688299549 359
1740000541015 5.44784135812612 360
1740000541031 5.439823603257367 361
1740000541047 5.431908035067741 362
1740000541062 5.42409328507007 363
1740000541078 5.416378004590922 364
1740000541094 5.40876086445186 365
1740000541110 5.401240554656462 366
1740000541126 5.393815784082969 367
1740000541141 5.3864852801825 368
1740000541156 5.379247788682636 369
1740000541175 5.372102073296362 370
1740000541193 5.3650469154362135 371
1740000541209 5.358081113933478 372
1740000541225 5.3512034847624825 373
1740000541241 5.344412860769701 374
1740000541257 5.337708091407716 375
1740000541274 5.331088042473886 376
1740000541290 5.324551595853635 377
1740000541305 5.318097649268256 378
1740000541321 5.311725116027143 379
1740000541337 5.305432924784424 380
1740000541353 5.299220019299797 381
1740000541370 5.2930853582036095 382
1740000541386 5.287027914766001 383
1740000541402 5.28104667667007 384
1740000541418 5.275140645789001 385
1740000541433 5.2693088379670625 386
1740000541450 5.263550282804364 387
1740000541466 5.257864023445361 388
1740000541482 5.252249116371008 389
1740000541497 5.2467046311944765 390
1740000541513 5.241229650460377 391
1740000541529 5.235823269447435 392
1740000541546 5.230484595974548 393
1740000541561 5.225212750210113 394
1740000541578 5.220006864484652 395
1740000541594 5.2148660831066005 396
1740000541609 5.2097895621811965 397
1740000541626 5.2047764694324865 398
1740000541642 5.199825984028297 399
1740000541658 5.194937296408149 400
1740000541676 5.190109608114126 401
1740000541692 5.185342131624501 402
1740000541708 5.180634090190237 403
1740000541725 5.175984717674128 404
1740000541741 5.17139325839271 405
1740000541757 5.166858966960735 406
1740000541774 5.162381108138284 407
1740000541790 5.1579589566803765 408
1740000541807 5.153591797189088 409
1740000541823 5.149278923968086 410
1740000541839 5.145019640879608 411
1740000541855 5.140813261203748 412
1740000541871 5.136659107500069 413
1740000541887 5.132556511471479 414
1740000541903 5.128504813830334 415
1740000541920 5.124503364166738 416
1740000541935 5.1205515208189585 417
1740000541951 5.116648650745958 418
1740000541967 5.11279412940201 419
1740000541983 5.108987340613319 420
1740000542000 5.105227676456654 421
1740000542015 5.101514537139912 422
1740000542031 5.09784733088462 423
1740000542046 5.094225473810328 424
1740000542062 5.090648389820836 425
1740000542079 5.087115510492247 426
1740000542095 5.0836262749628185 427
1740000542110 5.080180129824536 428
1740000542126 5.076776529016448 429
1740000542141 5.07341493371966 430
1740000542158 5.070094812254016 431
1740000542180 5.066815639976377 432
1740000542197 5.063576899180552 433
1740000542215 5.060378078998749 434
1740000542232 5.057218675304633 435
1740000542248 5.054098190617841 436
1740000542265 5.05101613401003 437
1740000542281 5.04797202101239 438
1740000542297 5.044965373524568 439
1740000542313 5.041995719725047 440
1740000542331 5.039062593982899 441
1740000542347 5.036165536770887 442
1740000542364 5.033304094579946 443
1740000542382 5.0304778198349425 444
1740000542398 5.0276862708117696 445
1740000542414 5.024929011555702 446
1740000542431 5.022205611800981 447
1740000542447 5.0195156468916675 448
1740000542463 5.016858697703692 449
1740000542480 5.0142343505680635 450
1740000542495 5.011642197195311 451
1740000542511 5.009081834601006 452
1740000542527 5.006552865032459 453
1740000542544 5.00405489589651 454
1740000542560 5.001587539688399 455
1740000542576 4.9991504139217495 456
1740000542591 4.996743141059551 457
1740000542607 4.99436534844622 458
1740000542625 4.992016668240681 459
1740000542641 4.9896967373504015 460
1740000542656 4.987405197366489 461
1740000542674 4.985141694499683 462
1740000542690 4.982905879517352 463
1740000542706 4.980697407681401 464
1740000542723 4.9785159386871 465
1740000542739 4.97636113660284 466
1740000542755 4.974232669810771 467
1740000542775 4.972130210948301 468
1740000542791 4.970053436850463 469
1740000542807 4.968002028493152 470
1740000542823 4.965975670937174 471
1740000542839 4.963974053273112 472
1740000542855 4.961996868567024 473
1740000542870 4.960043813806912 474
1740000542886 4.95811458984998 475
1740000542903 4.956208901370657 476
1740000542919 4.954326456809374 477
1740000542935 4.952466968322099 478
1740000542951 4.9506301517305955 479
1740000542966 4.94881572647338 480
1740000542982 4.947023415557427 481
1740000542999 4.945252945510536 482
1740000543014 4.943504046334415 483
1740000543030 4.941776451458399 484
1740000543045 4.940069897693885 485
1740000543061 4.9383841251893585 486
1740000543078 4.936718877386128 487
1740000543094 4.935073900974632 488
1740000543111 4.933448945851415 489
1740000543127 4.931843765076701 490
1740000543142 4.930258114832558 491
1740000543158 4.928691754381659 492
1740000543175 4.927144446026655 493
1740000543190 4.925615955070091 494
1740000543208 4.92410604977491 495
1740000543224 4.922614501325486 496
1740000543240 4.921141083789254 497
1740000543259 4.919685574078818 498
1740000543276 4.918247751914655 499
