1740014782879 168.81788247382886 0
1740014782907 168.48062380782815 1
1740014782932 168.14685365161898 2
1740014782960 167.81374803340907 3
1740014782986 167.4813056271635 4
1740014783013 167.1495251094967 5
1740014783038 166.8183743664489 6
1740014783066 166.48791380755188 7
1740014783093 166.15811118234106 8
1740014783117 165.82896517797818 9
1740014783141 165.50047448424786 10
1740014783174 165.1726377935528 11
1740014783203 164.84545380090825 12
1740014783227 164.5189212039368 13
1740014783254 164.19303870286322 14
1740014783278 163.8677747241342 15
1740014783302 163.54318866457265 16
1740014783327 163.21924881657372 17
1740014783352 162.89595389072105 18
1740014783377 162.5733026001745 19
1740014783402 162.25129366066497 20
1740014783426 161.92992579048945 21
1740014783451 161.6091977105057 22
1740014783475 161.28907832666152 23
1740014783499 160.96962613626783 24
1740014783525 160.65080991339045 25
1740014783549 160.3326283890814 26
1740014783574 160.01508029692792 27
1740014783599 159.69816437304752 28
1740014783677 159.38187935608295 29
1740014783718 159.06619457411233 30
1740014783742 158.75116773143722 31
1740014783767 158.4367680261514 32
1740014783792 158.12299420695 33
1740014783816 157.8098450250281 34
1740014783840 157.49731923407572 35
1740014783865 157.185415590273 36
1740014783890 156.8741328522853 37
1740014783913 156.5634408103556 38
1740014783938 156.25339630218105 39
1740014783962 155.94396899013051 40
1740014783987 155.6351576427619 41
1740014784011 155.32696103109328 42
1740014784037 155.01937792859817 43
1740014784062 154.7124071112006 44
1740014784090 154.40601877631372 45
1740014784121 154.10026899702456 46
1740014784170 153.79512784471862 47
1740014784199 153.49059410507473 48
1740014784225 153.186666566198 49
1740014784252 152.8833440186145 50
1740014784278 152.58062525526688 51
1740014784302 152.2784808738504 52
1740014784326 151.97696619592384 53
1740014784356 151.6760516949775 54
1740014784380 151.37573617357322 55
1740014784405 151.076018436665 56
1740014784433 150.77689729159442 57
1740014784460 150.47837154808576 58
1740014784486 150.18041219731734 59
1740014784509 149.88307382223334 60
1740014784538 149.58632729160666 61
1740014784564 149.29017142464693 62
1740014784588 148.99460504292273 63
1740014784613 148.69962697035697 64
1740014784643 148.40520854167343 65
1740014784667 148.11140369360388 66
1740014784692 147.81818364001964 67
1740014784717 147.52554721421572 68
1740014784744 147.23349325181792 69
1740014784768 146.94202059077827 70
1740014784795 146.65112807137015 71
1740014784826 146.3607874093041 72
1740014784855 146.07105182644432 73
1740014784880 145.78189291940564 74
1740014784906 145.49330953770308 75
1740014784933 145.20530053315017 76
1740014784958 144.91786475985427 77
1740014784983 144.6309742664885 78
1740014785009 144.3446816488165 79
1740014785035 144.05895883793244 80
1740014785059 143.77380469707484 81
1740014785083 143.48921809175323 82
1740014785109 143.20519788974363 83
1740014785134 142.92171646783612 84
1740014785158 142.6388258049082 85
1740014785182 142.3564981616711 86
1740014785207 142.07473241492286 87
1740014785232 141.79352744370559 88
1740014785258 141.51288212930064 89
1740014785282 141.23276917182295 90
1740014785308 140.953239942377 91
1740014785332 140.67426702648228 92
1740014785356 140.39584931433464 93
1740014785384 140.11798569834704 94
1740014785409 139.84067507314492 95
1740014785435 139.563890457429 96
1740014785467 139.28768262354345 97
1740014785498 139.01202447706055 98
1740014785523 138.7369149214139 99
1740014785550 138.46235286222762 100
1740014785575 138.1883115936729 101
1740014785600 137.91484136877762 102
1740014785625 137.64191536982864 103
1740014785650 137.36953251117058 104
1740014785676 137.0976917093166 105
1740014785700 136.82639188294448 106
1740014785724 136.5556066361576 107
1740014785749 136.2853856396915 108
1740014785774 136.01570238720277 109
1740014785798 135.74655580598528 110
1740014785822 135.47794482547584 111
1740014785847 135.2098433181104 112
1740014785872 134.94230044889275 113
1740014785897 134.67528998103165 114
1740014785922 134.40881085249418 115
1740014785946 134.14286200336903 116
1740014785971 133.87744237586216 117
1740014785995 133.6125261438634 118
1740014786019 133.34816190622078 119
1740014786044 133.08432372900486 120
1740014786068 132.82101056285012 121
1740014786095 132.55822136048724 122
1740014786122 132.2959305571451 123
1740014786148 132.03418625925096 124
1740014786177 131.7729627954097 125
1740014786206 131.51225912669668 126
1740014786235 131.25207421626243 127
1740014786260 130.9923827574968 128
1740014786284 130.73323237046006 129
1740014786312 130.4745976431025 130
1740014786338 130.2164775468362 131
1740014786361 129.95887105512787 132
1740014786385 129.7017531163798 133
1740014786416 129.44517087028305 134
1740014786440 129.18909916097394 135
1740014786464 128.93353697009837 136
1740014786492 128.67848328133638 137
1740014786522 128.42391329498312 138
1740014786546 128.1698736763035 139
1740014786571 127.91633952248932 140
1740014786600 127.66330982531836 141
1740014786626 127.41078357858241 142
1740014786650 127.15873623137877 143
1740014786674 126.90721398043411 144
1740014786704 126.65619217289445 145
1740014786728 126.4056698105686 146
1740014786752 126.15564589725923 147
1740014786779 125.90609612780405 148
1740014786806 125.6570662362249 149
1740014786830 125.40853181654954 150
1740014786854 125.16049188051787 151
1740014786883 124.91294544184372 152
1740014786910 124.66586843807156 153
1740014786935 124.41930614629833 154
1740014786959 124.17323440438923 155
1740014786988 123.92765223391636 156
1740014787011 123.6825357807118 157
1740014787035 123.43792992784327 158
1740014787061 123.19381072240152 159
1740014787090 122.95017719375414 160
1740014787115 122.70702837320745 161
1740014787141 122.46434064380932 162
1740014787166 122.22215844217455 163
1740014787191 121.98045805372146 164
1740014787215 121.73923851747425 165
1740014787240 121.4984988743766 166
1740014787266 121.2582157417375 167
1740014787290 121.01843311534866 168
1740014787314 120.77912751599098 169
1740014787339 120.54029799224925 170
1740014787364 120.30192136302009 171
1740014787389 120.06404124284018 172
1740014787412 119.82663435499275 173
1740014787437 119.58969975564257 174
1740014787461 119.35323650283952 175
1740014787485 119.11722164439105 176
1740014787509 118.8816983642159 177
1740014787536 118.64664361559093 178
1740014787561 118.41205646407069 179
1740014787585 118.17791415480565 180
1740014787609 117.94425949855584 181
1740014787634 117.71106964684101 182
1740014787659 117.47834367266039 183
1740014787683 117.24605901659869 184
1740014787707 117.01425811990269 185
1740014787731 116.78291833041955 186
1740014787755 116.55203872853384 187
1740014787780 116.32161839646682 188
1740014787805 116.09163499608628 189
1740014787829 115.86213055257635 190
1740014787853 115.63308263612366 191
1740014787878 115.40449033626125 192
1740014787903 115.1763315061488 193
1740014787927 114.94864780935907 194
1740014787951 114.7214170082493 195
1740014787977 114.49463819960602 196
1740014788001 114.2682894260169 197
1740014788025 114.04241199300334 198
1740014788049 113.8169838532228 199
1740014788075 113.59200411065747 200
1740014788104 113.36747187107909 201
1740014788127 113.14336539091349 202
1740014788153 112.9197255738272 203
1740014788177 112.6965305873463 204
1740014788204 112.47377954436651 205
1740014788232 112.25145088669949 206
1740014788259 112.02958516767178 207
1740014788283 111.80816074105348 208
1740014788307 111.5871767268074 209
1740014788331 111.36661175031122 210
1740014788356 111.14650601802785 211
1740014788380 110.926838068145 212
1740014788404 110.7076070276364 213
1740014788429 110.48879170363931 214
1740014788454 110.27043195920352 215
1740014788478 110.05250651512193 216
1740014788501 109.83501450532306 217
1740014788530 109.61793491691084 218
1740014788554 109.40130727294712 219
1740014788581 109.1851104750306 220
1740014788607 108.96934366398929 221
1740014788635 108.75398600511411 222
1740014788660 108.53907668487862 223
1740014788684 108.32459478390157 224
1740014788712 108.11053944985534 225
1740014788737 107.89689002445158 226
1740014788762 107.68368536094994 227
1740014788787 107.47090471721673 228
1740014788817 107.25854724771408 229
1740014788841 107.04659246882127 230
1740014788865 106.83507890393335 231
1740014788891 106.62398598640483 232
1740014788918 106.41331287743361 233
1740014788942 106.2030392663263 234
1740014788965 105.99320334993794 235
1740014788992 105.7837847353651 236
1740014789016 105.57478259048754 237
1740014789040 105.3661767758123 238
1740014789064 105.15800516495403 239
1740014789093 104.95024753701821 240
1740014789117 104.74290306651322 241
1740014789141 104.5359517834323 242
1740014789166 104.32943124142489 243
1740014789190 104.12332138988512 244
1740014789214 103.91762140989721 245
1740014789238 103.71231149923915 246
1740014789263 103.50742889484596 247
1740014789287 103.3029537146931 248
1740014789311 103.09886630166041 249
1740014789334 102.89520361647173 250
1740014789359 102.69194592284882 251
1740014789383 102.48909241325795 252
1740014789408 102.28662359531546 253
1740014789433 102.08457611886448 254
1740014789457 101.88293041314924 255
1740014789481 101.68168567706851 256
1740014789505 101.4808225813092 257
1740014789530 101.2803774680171 258
1740014789554 101.0803309302869 259
1740014789578 100.88068217339875 260
1740014789604 100.68141202945648 261
1740014789630 100.48255653606816 262
1740014789655 100.28409644851966 263
1740014789679 100.08601273927204 264
1740014789703 99.88834117879519 265
1740014789728 99.69106266336001 266
1740014789752 99.494176409292 267
1740014789776 99.29766354750386 268
1740014789801 99.10155954960341 269
1740014789825 98.90584547107697 270
1740014789849 98.71052053449243 271
1740014789874 98.51556602759516 272
1740014789899 98.32101712622458 273
1740014789968 98.12685504345785 274
1740014789995 97.9330612039819 275
1740014790019 97.73967052303213 276
1740014790045 97.54666435124298 277
1740014790069 97.35404192198706 278
1740014790094 97.16178481387846 279
1740014790120 96.96992765194587 280
1740014790144 96.77845194149882 281
1740014790168 96.58733939592796 282
1740014790193 96.39662438380203 283
1740014790218 96.20628854581534 284
1740014790244 96.016331125995 285
1740014790273 95.82673398879123 286
1740014790300 95.63753121805546 287
1740014790326 95.44870460627932 288
1740014790350 95.26025340351137 289
1740014790373 95.07215962369766 290
1740014790402 94.88445706896061 291
1740014790426 94.69712768202001 292
1740014790450 94.5101536082968 293
1740014790476 94.32356839977017 294
1740014790502 94.13735413123126 295
1740014790526 93.95151006315112 296
1740014790551 93.7660184876369 297
1740014790579 93.58091268031755 298
1740014790605 93.39617486339286 299
1740014790629 93.21178745835145 300
1740014790655 93.0277834946868 301
1740014790688 92.84414532456924 302
1740014790716 92.66087221874723 303
1740014790741 92.47794674262283 304
1740014790766 92.29540165464785 305
1740014790794 92.11321945161863 306
1740014790818 91.93138282625263 307
1740014790842 91.74992429482164 308
1740014790870 91.56882648201929 309
1740014790894 91.38807220695773 310
1740014790918 91.20769374549539 311
1740014790943 91.0276738492992 312
1740014790969 90.84801180355232 313
1740014790994 90.66869056732399 314
1740014791018 90.48974215301087 315
1740014791043 90.31114945293555 316
1740014791068 90.13289555053498 317
1740014791093 89.95501222167343 318
1740014791121 89.77748248361263 319
1740014791151 89.60030563146938 320
1740014791181 89.42346488595271 321
1740014791211 89.24699176460591 322
1740014791237 89.07086942265198 323
1740014791266 88.89508120316717 324
1740014791290 88.71965839099263 325
1740014791315 88.54458426428297 326
1740014791341 88.36984228758881 327
1740014791367 88.19546351476264 328
1740014791390 88.02143134599466 329
1740014791414 87.84774509035343 330
1740014791443 87.67438834582931 331
1740014791467 87.50139191529708 332
1740014791491 87.32873933306213 333
1740014791517 87.15641431662667 334
1740014791544 86.98444744163464 335
1740014791569 86.81282236245757 336
1740014791593 86.64152291523263 337
1740014791620 86.4705794500558 338
1740014791647 86.2999757404847 339
1740014791671 86.12969574041976 340
1740014791700 85.95976957608217 341
1740014791731 85.79018113934086 342
1740014791756 85.62092975698938 343
1740014791780 85.45199951145209 344
1740014791807 85.2834202873956 345
1740014791834 85.11517610587094 346
1740014791858 84.94725116515171 347
1740014791882 84.77967512969477 348
1740014791910 84.61243213694165 349
1740014791936 84.44550650015907 350
1740014791960 84.2789276652374 351
1740014791984 84.11267988514953 352
1740014792009 83.94674758730393 353
1740014792034 83.78116000065859 354
1740014792059 83.6159014928634 355
1740014792086 83.45095660462212 356
1740014792112 83.28635434958518 357
1740014792138 83.12207920922998 358
1740014792163 82.95813053154178 359
1740014792190 82.79449297983021 360
1740014792214 82.63119533753925 361
1740014792239 82.46822220938932 362
1740014792263 82.30555837012996 363
1740014792293 82.14323239145064 364
1740014792318 81.98122899003724 365
1740014792342 81.81953305124799 366
1740014792367 81.65817293661347 367
1740014792391 81.49713347395092 368
1740014792416 81.3363996584007 369
1740014792440 81.17599964292114 370
1740014792464 81.0159183656314 371
1740014792489 80.85614093063207 372
1740014792512 80.69669528388707 373
1740014792537 80.53756647299258 374
1740014792563 80.37873971019219 375
1740014792587 80.22024273602432 376
1740014792612 80.06206070674209 377
1740014792638 79.90417894191933 378
1740014792663 79.74662497822919 379
1740014792688 79.58938407976606 380
1740014792711 79.43244167262604 381
1740014792740 79.27582509116826 382
1740014792767 79.11951970651751 383
1740014792792 78.96352489844217 384
1740014792817 78.80782620667303 385
1740014792842 78.65245075257364 386
1740014792868 78.49738402150868 387
1740014792893 78.3426116579649 388
1740014792918 78.18816058437449 389
1740014792943 78.0340163913599 390
1740014792967 77.88016482737027 391
1740014792992 77.72663261742984 392
1740014793016 77.57340545662255 393
1740014793041 77.42046919657108 394
1740014793065 77.26785036640638 395
1740014793091 77.11553476488204 396
1740014793116 76.96350834600995 397
1740014793140 76.81179744453388 398
1740014793163 76.66038796208997 399
1740014793188 76.5092659542991 400
1740014793213 76.35845756301562 401
1740014793237 76.20794879197533 402
1740014793261 76.05772579763266 403
1740014793288 75.90781453044164 404
1740014793312 75.75820109545936 405
1740014793337 75.6088717492026 406
1740014793361 75.45985225220589 407
1740014793385 75.31112881007367 408
1740014793410 75.16268777861819 409
1740014793433 75.01455472992686 410
1740014793458 74.86671596938199 411
1740014793482 74.71915795132878 412
1740014793507 74.57190606087161 413
1740014793532 74.42494670240539 414
1740014793558 74.27826642805016 415
1740014793583 74.1318904373831 416
1740014793606 73.98580523305085 417
1740014793631 73.83999746419444 418
1740014793658 73.69449214631133 419
1740014793682 73.54927587954339 420
1740014793706 73.40433540930306 421
1740014793730 73.2596955684475 422
1740014793755 73.11533046393856 423
1740014793782 72.97126475324261 424
1740014793807 72.82748522457149 425
1740014793833 72.683978809214 426
1740014793857 72.54076998458045 427
1740014793882 72.39784563427948 428
1740014793906 72.25519278379197 429
1740014793932 72.11283573188915 430
1740014793956 71.97076145683589 431
1740014793980 71.82895707757162 432
1740014794007 71.68744671563714 433
1740014794033 71.54621744321736 434
1740014794057 71.40525647198078 435
1740014794082 71.26458774763861 436
1740014794114 71.1241984355637 437
1740014794138 70.9840758394283 438
1740014794162 70.84424373050686 439
1740014794188 70.70468936663228 440
1740014794214 70.56540014275942 441
1740014794238 70.42639965711082 442
1740014794262 70.28767525925565 443
1740014794288 70.14921443471442 444
1740014794315 70.01104061003475 445
1740014794345 69.87314122580246 446
1740014794369 69.73550385739074 447
1740014794400 69.59815176104142 448
1740014794424 69.46106067436801 449
1740014794448 69.3242536864057 450
1740014794474 69.18771841509444 451
1740014794501 69.05144261106669 452
1740014794525 68.91544919551984 453
1740014794549 68.77972587540977 454
1740014794577 68.6442604892391 455
1740014794601 68.50907579171505 456
1740014794626 68.37415957810511 457
1740014794650 68.23949977408448 458
1740014794676 68.10511896921 459
1740014794700 67.97100504636059 460
1740014794724 67.83714601769034 461
1740014794749 67.70356430893796 462
1740014794774 67.57023651613775 463
1740014794799 67.43718490212639 464
1740014794824 67.30439752150444 465
1740014794851 67.17186255610474 466
1740014794876 67.03960210735274 467
1740014794900 66.90760431551094 468
1740014794924 66.77585744695944 469
1740014794950 66.64438344302356 470
1740014794974 66.51317052894255 471
1740014794998 66.38220705496506 472
1740014795023 66.2515148036198 473
1740014795048 66.12108208444158 474
1740014795072 65.99089733087278 475
1740014795099 65.86098216794156 476
1740014795126 65.73131401953606 477
1740014795150 65.60191435197432 478
1740014795175 65.47277164102812 479
1740014795200 65.34387448438484 480
1740014795226 65.21524419320913 481
1740014795250 65.08686932566896 482
1740014795274 64.9587385607635 483
1740014795303 64.83087305577952 484
1740014795329 64.7032614506146 485
1740014795354 64.57589250491948 486
1740014795377 64.44878722337114 487
1740014795408 64.32192367099249 488
1740014795432 64.19532269699536 489
1740014795456 64.06897310327028 490
1740014795483 63.9428638095082 491
1740014795511 63.81701551461205 492
1740014795535 63.69141710034136 493
1740014795560 63.566057565195216 494
1740014795588 63.440957459015564 495
1740014795615 63.316095316471625 496
1740014795639 63.19149153429482 497
1740014795663 63.067135153160066 498
1740014795690 62.943015328557614 499
