1740001247283 60.59240256893233 0
1740001247419 30.231300526687985 1
1740001247505 16.911764051678993 2
1740001247593 11.290845743034334 3
1740001247677 10.516519766559092 4
1740001247761 3.538967187888662 5
1740001247844 8.027305599732967 6
1740001247926 4.113969276604613 7
1740001248007 4.940910084608404 8
1740001248091 7.47024902681939 9
1740001248174 2.4897604573245515 10
1740001248256 4.439724804390739 11
1740001248339 3.389423648554429 12
1740001248422 4.734674637844068 13
1740001248507 4.233993426286659 14
1740001248590 6.611659381556245 15
1740001248674 4.544576525778372 16
1740001248760 4.686412790398638 17
1740001248847 3.8038666318824634 18
1740001248929 3.589561493753202 19
1740001249014 3.8623008883833827 20
1740001249096 4.343421345437734 21
1740001249179 8.639552447330376 22
1740001249260 5.118915294049255 23
1740001249343 5.128300123048326 24
1740001249425 6.010894104971713 25
1740001249505 4.218862894821364 26
1740001249586 8.393390172576108 27
1740001249668 7.498876030564475 28
1740001249751 5.331709789104765 29
1740001249839 8.55966563145368 30
1740001249920 4.816831455013293 31
1740001250001 6.182862364755825 32
1740001250082 4.397423265595041 33
1740001250168 6.84083598363867 34
1740001250254 4.388133475406303 35
1740001250336 4.591474037012582 36
1740001250462 4.939142223506746 37
1740001250544 7.773370568563137 38
1740001250625 3.8382550592580915 39
1740001250707 4.862105012947826 40
1740001250797 6.98691031233443 41
1740001250878 8.269538837720637 42
1740001250959 3.2807736087410913 43
1740001251039 4.645570423291826 44
1740001251120 6.425568620544507 45
1740001251203 6.564386357415392 46
1740001251286 4.509087339432657 47
1740001251367 6.286006497871503 48
1740001251449 3.0485084226997916 49
1740001251529 3.687775864410411 50
1740001251612 6.568098785142415 51
1740001251694 4.843005260920168 52
1740001251778 2.8327385189037453 53
1740001251862 2.913894577486731 54
1740001251942 4.606023400286364 55
1740001252023 3.986201244940426 56
1740001252105 2.724089468235847 57
1740001252186 4.8503662724744 58
1740001252271 3.7673784540615305 59
1740001252352 5.544599205613575 60
1740001252434 4.78396676929044 61
1740001252516 3.6073982014868093 62
1740001252598 4.4882544441319885 63
1740001252680 4.913827394538395 64
1740001252764 3.585192973795684 65
1740001252853 4.252849405882126 66
1740001252934 5.815450502002755 67
1740001253015 4.23887898734435 68
1740001253097 6.712771049767197 69
1740001253182 5.409639005242245 70
1740001253267 7.813129828985103 71
1740001253348 3.3052361564547295 72
1740001253432 8.683439318489611 73
1740001253512 6.61082472333869 74
1740001253594 3.0319846304109053 75
1740001253679 4.617710309795948 76
1740001253762 4.633816250432171 77
1740001253849 5.651416268801127 78
1740001253931 3.0640140871616532 79
1740001254013 7.680076799125994 80
1740001254094 5.395465570794565 81
1740001254177 3.2101203080771668 82
1740001254260 1.092663140938449 83
1740001254345 5.642959547303853 84
1740001254428 6.577018301492608 85
1740001254512 3.2314476587905387 86
1740001254594 4.436448313675515 87
1740001254675 4.866041294615933 88
1740001254757 7.578649849801188 89
1740001254841 5.664044588352673 90
1740001254929 3.5052530983204266 91
1740001255011 5.348165062689178 92
1740001255094 3.986427532674734 93
1740001255174 4.238338621802005 94
1740001255259 6.760787546772709 95
1740001255341 5.070691872842847 96
