1740013865039 5.003020390867582 0
1740013865138 4.832739687577411 1
1740013865236 8.798002284295796 2
1740013865335 3.4120081240125115 3
1740013865426 6.744584747969235 4
1740013865523 5.167560910069804 5
1740013865618 3.9819537977528636 6
1740013865713 3.581717681778948 7
1740013865805 4.8265228348662035 8
1740013865900 3.1840578290533053 9
1740013865996 4.251398437312149 10
1740013866091 8.46941289020081 11
1740013866197 6.191958605263841 12
1740013866302 3.7031556158581362 13
1740013866400 5.8356203379762785 14
1740013866495 3.7565500859456904 15
1740013866587 3.4004708319433132 16
1740013866683 3.7657836561940883 17
1740013866775 4.1841727045136485 18
1740013866872 5.956967975343771 19
1740013866967 1.3873677087436123 20
1740013867063 5.289492373772108 21
1740013867245 4.485983754014962 22
1740013867364 5.8026244643454685 23
1740013867466 3.7098624431046976 24
1740013867570 3.261321376209576 25
1740013867673 4.488890034449773 26
1740013867767 2.0880532841262704 27
1740013867864 3.085486904187227 28
1740013867960 5.468003791172798 29
1740013868061 3.58468479140807 30
1740013868168 6.2376164312331746 31
1740013868265 3.6967323132261107 32
1740013868365 4.079080220087614 33
1740013868462 4.62378433782668 34
1740013868564 5.032789741152146 35
1740013868666 6.958198444890692 36
1740013868763 3.6335109252771463 37
1740013868859 4.8705904513312 38
1740013868957 3.0292943234465195 39
1740013869056 5.59086366005513 40
1740013869169 2.3315881721958673 41
1740013869263 3.7752501333538824 42
1740013869360 3.0469014411211597 43
1740013869461 6.415435301455818 44
1740013869565 5.132470454595139 45
1740013869660 6.436233160409255 46
1740013869756 6.26073420674908 47
1740013869857 4.12311227594871 48
1740013869955 5.88320046521134 49
1740013870050 4.723546039130214 50
1740013870153 5.710995383415922 51
1740013870253 6.683498214013148 52
1740013870356 1.9771268695744366 53
1740013870454 2.7701663582980096 54
1740013870554 3.4389647668269925 55
1740013870651 2.101387417300682 56
1740013870745 2.5063058238451243 57
1740013870885 5.306623572910929 58
1740013870987 3.571123284691218 59
1740013871085 7.250994614139091 60
1740013871182 4.015399590481205 61
1740013871281 2.1176168430894022 62
1740013871378 4.660002819442533 63
1740013871473 6.4505030968160275 64
1740013871578 4.580790996809613 65
1740013871677 4.758287466719394 66
1740013871775 9.104556880629078 67
1740013871888 4.64757221930354 68
1740013871985 2.4290928747522647 69
1740013872082 4.173144542788387 70
1740013872180 5.471269337842413 71
1740013872279 3.8472563177459445 72
1740013872373 4.835019125709643 73
1740013872475 4.340335016140823 74
1740013872574 4.253075365691165 75
1740013872670 6.169138984753692 76
1740013872774 4.132634675407386 77
1740013872890 7.562901390878747 78
1740013872989 5.106140424323442 79
1740013873087 3.7539889840631417 80
1740013873192 3.4007820467682546 81
1740013873291 5.375611241497301 82
1740013873389 5.052415079005728 83
1740013873484 2.176493592188531 84
1740013873585 9.154511759382357 85
1740013873696 4.680078089741312 86
1740013873793 8.123242945220325 87
1740013873890 4.066559130084489 88
1740013873985 7.325640023554451 89
1740013874087 3.7391163240153547 90
1740013874233 4.351999699958788 91
1740013874333 2.5764583011954034 92
1740013874428 7.1742538832839475 93
1740013874521 4.097998628511492 94
1740013874620 3.722273607702357 95
1740013874723 4.476418602637258 96
1740013874820 2.6969930656781327 97
1740013874936 7.566830900263815 98
1740013875048 4.699136463554354 99
1740013875150 3.4997466573284246 100
1740013875247 3.9523239265263994 101
1740013875348 6.0087381394268 102
1740013875444 3.2421105938378125 103
1740013875539 4.384593752471221 104
1740013875642 5.422246096667304 105
1740013875751 5.328380657526088 106
1740013875866 3.150947173023383 107
1740013875968 5.338265805870036 108
1740013876070 5.122516499262944 109
1740013876187 4.814865079552584 110
1740013876298 6.1060722363685125 111
1740013876402 3.106988965107941 112
1740013876507 4.814683205145276 113
1740013876604 3.933107101959707 114
1740013876706 6.895759939300886 115
1740013876805 2.820277638517155 116
1740013876902 5.680194673495676 117
1740013877003 2.742810231839042 118
1740013877123 7.434689614934368 119
1740013877234 5.843831640636919 120
1740013877344 6.185563853223257 121
1740013877455 4.396287951488463 122
1740013877557 3.6685799640577965 123
1740013877658 6.25594947846023 124
1740013877765 4.961247096624735 125
1740013877861 7.171799579008642 126
1740013877955 3.449773166885283 127
1740013878048 6.730770082263222 128
1740013878147 2.2912857541103757 129
1740013878246 3.4235495817992714 130
1740013878339 4.486177671468447 131
1740013878430 5.861759865515653 132
1740013878522 4.353879170019344 133
1740013878615 5.726011520518062 134
1740013878704 4.426015035514018 135
1740013878793 3.720892790784032 136
1740013878882 2.8757719623689737 137
1740013878971 5.43941318856585 138
1740013879061 5.730616147071433 139
1740013879206 3.0843894779952565 140
1740013879312 6.419650844821063 141
1740013879408 2.0920601638512375 142
1740013879565 3.4118559335531162 143
1740013879656 4.95305506162622 144
1740013879748 4.994225546433125 145
1740013879837 4.056000657338523 146
1740013879928 4.80554117116678 147
1740013880016 4.011273760942969 148
1740013880106 6.829727830365998 149
1740013880197 6.400233399787855 150
1740013880287 3.655373210766445 151
1740013880378 4.708435418549993 152
1740013880513 7.259379309190223 153
1740013880649 5.976859753174186 154
1740013880762 7.296687868999088 155
1740013880852 6.809587221457363 156
1740013880948 7.039005905865247 157
1740013881043 6.091277677377552 158
1740013881145 5.715674533517821 159
1740013881251 4.999248624158234 160
1740013881350 4.81469276427021 161
1740013881446 4.769873244343519 162
1740013881544 4.410250516915981 163
1740013881640 7.231694959587313 164
1740013881738 6.480874530832396 165
1740013881837 6.150742856505165 166
1740013881950 3.025050035327422 167
1740013882050 4.784141408091071 168
1740013882144 5.021107272208839 169
1740013882236 5.328529515033144 170
1740013882326 3.819707128481036 171
1740013882420 5.091829534326437 172
1740013882512 3.505448771902847 173
1740013882603 6.287753932459357 174
1740013882697 2.970613310764997 175
1740013882788 3.570761635880505 176
1740013882881 4.420836953874522 177
1740013882973 2.1347603242789552 178
1740013883068 1.9790999288722353 179
1740013883213 3.813939947122472 180
1740013883305 5.35111659578297 181
1740013883398 3.4434350792249138 182
1740013883491 5.523218155109601 183
1740013883599 3.871553200531488 184
1740013883692 5.082044560501905 185
1740013883789 5.580240291241391 186
1740013883882 4.209289415133203 187
1740013883977 4.755184157985193 188
1740013884079 6.081036482029913 189
1740013884182 2.0864708944783605 190
1740013884274 3.63345364035873 191
1740013884368 8.319132906163219 192
1740013884464 2.9311665292109397 193
1740013884569 3.1766671349500077 194
1740013884661 6.140216512012992 195
1740013884752 4.576979110577649 196
1740013884846 3.0497910293483037 197
1740013884938 4.1008490162408195 198
1740013885031 6.148744676680741 199
1740013885129 8.41604710426401 200
1740013885256 5.559912170748756 201
1740013885351 4.8780083397675975 202
1740013885440 6.718283167373375 203
1740013885532 5.8322066755372015 204
1740013885624 2.472944900154351 205
1740013885789 0.8216317762298787 206
1740013885890 5.67255145333993 207
1740013885983 4.2849332444688315 208
1740013886079 2.521762897493369 209
1740013886182 6.053446955207511 210
1740013886279 2.551932024157211 211
1740013886376 4.181707050037844 212
1740013886475 7.519631022577741 213
1740013886578 5.295991211640229 214
1740013886679 1.4137658658737162 215
1740013886773 4.487502894907562 216
1740013886865 5.52910520821799 217
1740013886957 5.467193998834874 218
1740013887051 5.187023468134299 219
1740013887151 5.54937408027488 220
1740013887250 3.6493734257033066 221
1740013887346 2.9817948933627196 222
1740013887439 8.34190609457738 223
1740013887531 1.6507347395030836 224
1740013887624 4.722198164525801 225
1740013887717 7.436247345574079 226
1740013887816 5.083326378548898 227
1740013887919 3.6077859185327767 228
1740013888014 5.723677799071197 229
1740013888112 3.8968043355210766 230
1740013888207 2.281569361194225 231
1740013888300 4.512330579111176 232
1740013888393 4.647612137171476 233
1740013888489 5.085624178156723 234
1740013888586 3.110350829742978 235
1740013888684 7.226257913434249 236
1740013888778 6.101690808215881 237
1740013888872 3.828374576764856 238
1740013888963 3.44225495226837 239
1740013889055 5.885418699425166 240
1740013889150 4.360331003402026 241
1740013889246 5.749476901741219 242
1740013889344 9.037011870113135 243
1740013889437 3.7437730661520616 244
1740013889527 3.2642560071898723 245
1740013889620 4.938643663010501 246
1740013889710 5.941316127888215 247
1740013889803 3.2581167568524485 248
1740013889901 6.723722994363369 249
1740013889995 5.245220994978043 250
1740013890089 3.505421388254246 251
1740013890186 5.245526212104708 252
1740013890282 3.9353429284838137 253
1740013890372 3.704306807284903 254
1740013890463 5.108135699732484 255
1740013890556 3.6755761934963926 256
1740013890648 5.170475157051301 257
1740013890784 3.3456094327248977 258
1740013890902 5.610984468267532 259
1740013891057 4.325563925905874 260
1740013891164 4.962894319114459 261
1740013891267 3.6364433993402185 262
1740013891372 4.603392541452328 263
1740013891474 5.287664334827468 264
1740013891573 3.9550526267818675 265
1740013891674 4.995780754569544 266
1740013891792 4.148934790870246 267
1740013891891 2.48565788403371 268
1740013891996 4.5383083596848826 269
1740013892097 4.316850054272016 270
1740013892191 5.077842528440459 271
1740013892283 4.434035468714645 272
1740013892379 3.508101738242227 273
1740013892471 4.384494270781981 274
1740013892562 4.643988875855292 275
1740013892732 4.488299455432739 276
1740013892827 4.051239264677069 277
1740013892922 4.6057093253355985 278
1740013893013 2.44593594453373 279
1740013893107 3.1294650899895506 280
1740013893202 5.04914731914331 281
1740013893296 4.100872842717571 282
1740013893393 7.055826741373878 283
1740013893488 4.294194467110336 284
1740013893583 3.4534178087916563 285
1740013893679 3.4184005891865623 286
1740013893776 6.175756291969628 287
1740013893871 17.358566043877836 288
1740013893973 4.06652243627559 289
1740013894065 5.496645480969727 290
1740013894159 5.0306064158614126 291
1740013894250 5.583578361985092 292
1740013894341 3.264634433666903 293
1740013894434 6.644559973585525 294
1740013894526 7.6277647212322295 295
1740013894620 2.971142761804938 296
1740013894715 4.984618743937005 297
1740013894809 6.881693922841454 298
1740013894907 3.2855459627666037 299
1740013895005 5.259441114177782 300
1740013895104 4.445410829810191 301
1740013895201 4.194121444732602 302
1740013895298 4.88732021820206 303
1740013895396 7.429501893508209 304
1740013895490 5.013943166231908 305
1740013895582 4.350593827760379 306
1740013895673 3.931964598039352 307
1740013895765 4.156329137666188 308
1740013895856 4.725535480395365 309
1740013895948 4.118682519984612 310
1740013896046 7.392889574591232 311
1740013896186 2.1039647794514846 312
1740013896286 5.990820877831076 313
1740013896381 3.2228618481943885 314
1740013896477 9.688654858789086 315
1740013896570 5.1750710496641945 316
1740013896663 5.028872242536778 317
1740013896756 6.7050496677470965 318
1740013896850 5.130927067584314 319
1740013896944 3.399617965428156 320
1740013897036 5.561226180666491 321
1740013897134 4.670950797057279 322
1740013897229 5.4310667253698925 323
1740013897326 4.284266474129958 324
1740013897421 5.706710682837046 325
1740013897516 8.993059781384835 326
1740013897609 4.167532410924349 327
1740013897700 4.581468526210467 328
1740013897790 3.410567478896949 329
1740013897882 5.63746826246733 330
1740013897970 3.6550866567378946 331
1740013898066 6.006893517490592 332
1740013898164 3.818326944285317 333
1740013898259 4.7415626634940296 334
1740013898354 3.7356483948806973 335
1740013898450 2.356266209715806 336
1740013898546 3.5913491700306035 337
1740013898643 3.7585551888642597 338
1740013898735 1.5910240584580413 339
1740013898828 4.86522883827364 340
1740013898920 3.736944694385894 341
1740013899011 4.027036445317099 342
1740013899102 6.636724948723622 343
1740013899193 2.1122849072627483 344
1740013899288 4.063817749495474 345
1740013899383 3.504852877705975 346
1740013899475 7.092435144553597 347
1740013899573 4.859276014301325 348
1740013899671 5.944734031270784 349
1740013899767 4.550030491650155 350
1740013899860 3.726627236056272 351
1740013899950 5.022485429934802 352
1740013900045 4.620015368274657 353
1740013900158 4.810158052266396 354
1740013900254 5.169414229156509 355
1740013900348 5.696912354712641 356
1740013900443 3.4462282043565535 357
1740013900539 4.799697804951761 358
1740013900633 5.114785300965996 359
1740013900731 3.391641220007238 360
1740013900823 4.63792316842547 361
1740013900915 6.273360254731546 362
1740013901006 4.041889921876304 363
1740013901097 3.4251120672379156 364
1740013901189 5.704629160810997 365
1740013901284 6.796682062028253 366
1740013901382 4.169323499123942 367
1740013901475 4.173678850328449 368
1740013901569 4.355192913443889 369
1740013901661 3.9183753704097217 370
1740013901756 3.510385632006629 371
1740013901847 3.745220116010733 372
1740013901939 5.736381578922347 373
1740013902031 8.728077657912518 374
1740013902139 3.72016145158051 375
1740013902232 6.3309185047833525 376
1740013902325 3.0214950275930663 377
1740013902417 4.4666065394653485 378
1740013902506 4.410101930285132 379
1740013902600 4.232072510730725 380
1740013902692 5.463432806389534 381
1740013902792 2.99624523799065 382
1740013902893 1.1089928591022595 383
1740013903002 3.476452506822078 384
1740013903099 5.579842718834652 385
1740013903202 7.1425844055743 386
1740013903299 4.2942840422094095 387
1740013903392 4.593470057563521 388
1740013903483 3.76565935487763 389
1740013903577 4.6184412630651295 390
1740013903670 2.581401684984801 391
1740013903762 4.124082126082466 392
1740013903859 4.129538158896364 393
1740013903954 4.054094708934815 394
1740013904046 4.007555549422617 395
1740013904144 4.7842211031838415 396
1740013904235 2.6649478543341907 397
1740013904332 6.8409678832669165 398
1740013904427 4.394875032480041 399
1740013904522 3.0239110822640347 400
1740013904617 7.232349721220897 401
1740013904709 7.428360055582763 402
1740013904807 5.603677189594136 403
1740013904909 6.811127792546035 404
1740013905012 4.129352920728311 405
1740013905116 6.11319817496473 406
1740013905210 3.465364991469461 407
1740013905305 5.747082788812568 408
1740013905416 6.034412946502663 409
1740013905510 4.230727785048727 410
1740013905603 4.601573980688215 411
1740013905697 3.819166455907003 412
1740013905789 3.1967694465574343 413
1740013905887 1.3035863581889535 414
1740013905980 5.100475406602154 415
1740013906076 3.0467805160829973 416
1740013906178 4.793401419238888 417
1740013906271 3.3328505047829347 418
1740013906368 4.574263372018674 419
1740013906463 3.4805897490713957 420
1740013906558 4.135066631970017 421
1740013906655 6.326433655521421 422
1740013906753 6.290819530872347 423
1740013906848 3.0178907248682183 424
1740013906943 7.3515639439708265 425
1740013907036 4.607260307246989 426
1740013907128 3.3213623866966 427
1740013907222 8.549601039777734 428
1740013907319 7.384865493833545 429
1740013907415 4.1886166189693395 430
1740013907507 4.960912259710526 431
1740013907599 4.0109259740318635 432
1740013907691 3.7305262642039967 433
1740013907781 1.7439708019364697 434
1740013907875 1.4039585891719977 435
1740013907969 4.272537306334327 436
1740013908064 8.387429801837003 437
1740013908159 2.273094762940717 438
1740013908260 5.387473621437041 439
1740013908356 6.489813742486768 440
1740013908451 3.1329446913140475 441
1740013908551 4.487849293800787 442
1740013908644 5.982928943646348 443
1740013908735 6.164465287445917 444
1740013908827 5.1125858572068115 445
1740013908919 6.53546205617434 446
1740013909011 4.373149155142478 447
1740013909104 2.6032681676627516 448
1740013909197 5.19331680871986 449
1740013909288 4.881621395875173 450
1740013909385 3.0014520877020807 451
1740013909483 3.2106277554763984 452
1740013909577 3.0486043873883824 453
1740013909670 3.2877491589942562 454
1740013909761 4.733090226552989 455
1740013909852 4.389125308882186 456
1740013909944 4.641756678947987 457
1740013910037 5.926881195595851 458
1740013910133 6.711864267354876 459
1740013910284 8.564307859470878 460
1740013910377 5.052764784135346 461
1740013910468 4.904102342450457 462
1740013910558 6.279504134689897 463
1740013910651 4.1706041861346135 464
1740013910746 5.419598551950444 465
1740013910842 7.702929747351284 466
1740013910939 6.204776704111901 467
1740013911035 7.822117738456383 468
1740013911130 4.660428033118457 469
1740013911223 4.807046547512827 470
1740013911316 4.277282547914167 471
1740013911408 3.713221399335864 472
1740013911501 7.160917929889326 473
1740013911592 6.962060614554234 474
1740013911688 9.151750986671454 475
1740013911784 4.821573347574024 476
1740013911879 5.081254899216716 477
1740013911973 3.0031234546958805 478
1740013912068 5.426254612649778 479
1740013912173 5.04321524458368 480
1740013912278 2.951155197079368 481
1740013912371 5.9767305636724215 482
1740013912461 7.007110637398184 483
1740013912557 1.9654100284220126 484
1740013912649 2.0829031943643432 485
1740013912740 5.032927597475801 486
1740013912832 4.62624775903798 487
1740013912924 4.831823539140164 488
1740013913017 2.2246857210098865 489
1740013913110 5.173183160452259 490
1740013913203 3.4896972460378612 491
1740013913296 2.4269156307815445 492
1740013913391 5.833058964144415 493
1740013913482 2.849076076910005 494
1740013913575 3.915818786456218 495
1740013913668 7.315292497364338 496
1740013913758 4.90430167315023 497
1740013913850 4.240838334560813 498
1740013913941 6.145076840828543 499
