1739997814767 194.4169621035669 0
1739997814786 194.0248519463088 1
1739997814804 193.63355043479115 2
1739997814821 193.24305588288726 3
1739997814838 192.85336660800854 4
1739997814854 192.46448093109703 5
1739997814870 192.0763971766182 6
1739997814886 191.6891136725531 7
1739997814903 191.3026287503915 8
1739997814921 190.91694074512407 9
1739997814938 190.5320479952351 10
1739997814956 190.1479488426953 11
1739997814974 189.76464163295427 12
1739997814994 189.38212471493316 13
1739997815011 189.0003964410176 14
1739997815028 188.61945516705023 15
1739997815044 188.23929925232315 16
1739997815060 187.85992705957125 17
1739997815078 187.4813369549645 18
1739997815094 187.10352730810078 19
1739997815111 186.72649649199874 20
1739997815128 186.35024288309071 21
1739997815144 185.9747648612152 22
1739997815161 185.60006080960997 23
1739997815177 185.22612911490478 24
1739997815194 184.85296816711426 25
1739997815211 184.48057635963076 26
1739997815229 184.10895208921727 27
1739997815245 183.73809375600024 28
1739997815261 183.3679997634627 29
1739997815278 182.99866851843686 30
1739997815294 182.6300984310973 31
1739997815310 182.26228791495393 32
1739997815326 181.89523538684477 33
1739997815343 181.5289392669292 34
1739997815359 181.16339797868073 35
1739997815375 180.79860994888017 36
1739997815392 180.4345736076085 37
1739997815409 180.07128738824028 38
1739997815425 179.70874972743613 39
1739997815441 179.34695906513636 40
1739997815458 178.9859138445538 41
1739997815474 178.62561251216687 42
1739997815490 178.2660535177129 43
1739997815506 177.90723531418098 44
1739997815523 177.54915635780534 45
1739997815540 177.19181510805856 46
1739997815555 176.83521002764445 47
1739997815571 176.4793395824915 48
1739997815589 176.12420224174602 49
1739997815604 175.7697964777654 50
1739997815621 175.41612076611122 51
1739997815639 175.0631735855426 52
1739997815658 174.71095341800944 53
1739997815675 174.35945874864578 54
1739997815691 174.0086880657629 55
1739997815707 173.6586398608429 56
1739997815726 173.30931262853167 57
1739997815742 172.9607048666326 58
1739997815758 172.61281507609962 59
1739997815775 172.26564176103085 60
1739997815790 171.91918342866163 61
1739997815807 171.5734385893583 62
1739997815825 171.2284057566112 63
1739997815841 170.8840834470286 64
1739997815857 170.54047018032944 65
1739997815873 170.1975644793376 66
1739997815889 169.85795383108712 67
1739997815905 169.51903991241304 68
1739997815922 169.1808212745564 69
1739997815939 168.84329647179376 70
1739997815957 168.50646406143105 71
1739997815975 168.17032260379673 72
1739997816057 167.83487066223577 73
1739997816078 167.50010680310325 74
1739997816095 167.16602959575783 75
1739997816111 166.83263761255574 76
1739997816129 166.49992942884413 77
1739997816146 166.16790362295504 78
1739997816162 165.83655877619898 79
1739997816178 165.50589347285882 80
1739997816194 165.17590630018316 81
1739997816211 164.84659584838056 82
1739997816229 164.51796071061298 83
1739997816247 164.18999948298972 84
1739997816265 163.86271076456111 85
1739997816281 163.53609315731242 86
1739997816297 163.2101452661576 87
1739997816314 162.88486569893325 88
1739997816331 162.56025306639222 89
1739997816347 162.23630598219768 90
1739997816363 161.91302306291698 91
1739997816380 161.5904029280154 92
1739997816396 161.26844419985025 93
1739997816412 160.9471455036646 94
1739997816430 160.62650546758127 95
1739997816446 160.30652272259687 96
1739997816462 159.9871959025755 97
1739997816479 159.668523644243 98
1739997816495 159.3505450080269 99
1739997816512 159.03321793698822 100
1739997816529 158.7165410775657 101
1739997816545 158.40051307903164 102
1739997816561 158.08513259348587 103
1739997816577 157.77039827584994 104
1739997816593 157.45630878386098 105
1739997816611 157.14286277806596 106
1739997816628 156.83005892181578 107
1739997816644 156.51789588125914 108
1739997816663 156.20637232533701 109
1739997816679 155.89548692577648 110
1739997816695 155.58523835708496 111
1739997816712 155.27562529654455 112
1739997816729 154.96664642420575 113
1739997816745 154.65830042288212 114
1739997816761 154.3505859781442 115
1739997816779 154.04350177831373 116
1739997816794 153.73704651445797 117
1739997816811 153.43121888038382 118
1739997816828 153.12601757263212 119
1739997816845 152.82144129047185 120
1739997816862 152.51748873589443 121
1739997816878 152.2141586136081 122
1739997816895 151.91144963103193 123
1739997816911 151.60936049829036 124
1739997816929 151.30788992820743 125
1739997816946 151.00703663630117 126
1739997816964 150.70679934077774 127
1739997816979 150.40717676252606 128
1739997816995 150.1081676251119 129
1739997817012 149.80977065477245 130
1739997817029 149.51198458041063 131
1739997817045 149.21480813358937 132
1739997817061 148.91824004852626 133
1739997817078 148.62227906208773 134
1739997817093 148.32692391378367 135
1739997817109 148.03217334576175 136
1739997817127 147.73802610280183 137
1739997817143 147.44448093231065 138
1739997817159 147.15153658431606 139
1739997817176 146.8591918114616 140
1739997817192 146.56744536900115 141
1739997817208 146.27629601479305 142
1739997817224 145.98574250929514 143
1739997817241 145.69578361555887 144
1739997817258 145.40641809922403 145
1739997817274 145.11764472851326 146
1739997817290 144.82946227422678 147
1739997817307 144.5418695097367 148
1739997817323 144.25486521098176 149
1739997817340 143.96844815646196 150
1739997817357 143.68261712723313 151
1739997817373 143.39737090690147 152
1739997817388 143.11270828161847 153
1739997817404 142.8286280400752 154
1739997817422 142.54512897349716 155
1739997817440 142.262209875639 156
1739997817455 141.97986954277914 157
1739997817471 141.69810677371433 158
1739997817488 141.41692036975468 159
1739997817504 141.13630913471795 160
1739997817520 140.8562718749247 161
1739997817538 140.5768073991927 162
1739997817554 140.2979145188319 163
1739997817570 140.0195920476391 164
1739997817586 139.7418388018927 165
1739997817603 139.4646536003475 166
1739997817619 139.1880352642295 167
1739997817636 138.91198261723082 168
1739997817652 138.63649448550427 169
1739997817672 138.36156969765835 170
1739997817687 138.08720708475204 171
1739997817703 137.81340548028973 172
1739997817720 137.54016372021596 173
1739997817736 137.26748064291033 174
1739997817753 136.99535508918237 175
1739997817768 136.72378590226657 176
1739997817784 136.45277192781694 177
1739997817799 136.1823120139024 178
1739997817815 135.91240501100125 179
1739997817832 135.6430497719965 180
1739997817849 135.37424515217043 181
1739997817865 135.10599000919987 182
1739997817881 134.83828320315098 183
1739997817898 134.57112359647434 184
1739997817913 134.3045100539998 185
1739997817930 134.03844144293157 186
1739997817947 133.77291663284333 187
1739997817962 133.50793449567303 188
1739997817978 133.24349390571808 189
1739997817994 132.97959373963027 190
1739997818009 132.716232876411 191
1739997818026 132.4534101974062 192
1739997818043 132.19112458630136 193
1739997818059 131.9293749291168 194
1739997818076 131.66816011420255 195
1739997818092 131.4074790322336 196
1739997818108 131.147330576205 197
1739997818124 130.88771364142693 198
1739997818142 130.6286271255198 199
1739997818158 130.3700699284096 200
1739997818174 130.11204095232267 201
1739997818192 129.8545391017813 202
1739997818207 129.5975632835987 203
1739997818224 129.34111240687406 204
1739997818243 129.08518538298793 205
1739997818259 128.8297811255974 206
1739997818275 128.5748985506313 207
1739997818292 128.32053657628538 208
1739997818308 128.06669412301756 209
1739997818325 127.81337011354324 210
1739997818342 127.56056347283047 211
1739997818358 127.3082731280953 212
1739997818374 127.05649800879691 213
1739997818390 126.80523704663318 214
1739997818406 126.55448917553561 215
1739997818423 126.30425333166498 216
1739997818441 126.05452845340633 217
1739997818457 125.80531348136465 218
1739997818474 125.5566073583599 219
1739997818490 125.30840902942252 220
1739997818506 125.06071744178871 221
1739997818523 124.81353154489587 222
1739997818540 124.56685029037793 223
1739997818556 124.32067263206075 224
1739997818573 124.07499752595743 225
1739997818590 123.82982393026391 226
1739997818606 123.5851508053541 227
1739997818621 123.34097711377564 228
1739997818640 123.09730182024505 229
1739997818656 122.85412389164323 230
1739997818673 122.61144229701111 231
1739997818689 122.36925600754482 232
1739997818705 122.1275639965914 233
1739997818723 121.8863652396441 234
1739997818741 121.64565871433807 235
1739997818757 121.40544340044558 236
1739997818774 121.16571827987183 237
1739997818791 120.92648233665025 238
1739997818806 120.68773455693821 239
1739997818823 120.4494739290123 240
1739997818840 120.2116994432642 241
1739997818856 119.97441009219592 242
1739997818871 119.73760487041565 243
1739997818888 119.50128277463315 244
1739997818904 119.26544280365533 245
1739997818921 119.03008395838194 246
1739997818939 118.79520524180117 247
1739997818955 118.56080565898515 248
1739997818971 118.32688421708572 249
1739997818989 118.09343992532992 250
1739997819005 117.86047179501574 251
1739997819020 117.62797883950776 252
1739997819038 117.39596007423265 253
1739997819055 117.16441451667505 254
1739997819070 116.93334118637321 255
1739997819087 116.70273910491451 256
1739997819104 116.47260729593133 257
1739997819119 116.24294478509668 258
1739997819135 116.01375060011993 259
1739997819153 115.78502377074253 260
1739997819169 115.55676332873372 261
1739997819185 115.32896830788633 262
1739997819201 115.1016377440124 263
1739997819218 114.87477067493914 264
1739997819237 114.64836614050449 265
1739997819255 114.42242318255308 266
1739997819272 114.1969408449318 267
1739997819288 113.97191817348583 268
1739997819304 113.74735421605426 269
1739997819319 113.52324802246599 270
1739997819337 113.29959864453556 271
1739997819354 113.07640513605891 272
1739997819370 112.85366655280927 273
1739997819386 112.63138195253299 274
1739997819402 112.4095503949454 275
1739997819418 112.18817094172668 276
1739997819434 111.96724265651774 277
1739997819450 111.74676460491605 278
1739997819468 111.5267358544716 279
1739997819483 111.30715547468274 280
1739997819499 111.08802253699214 281
1739997819516 110.86933611478264 282
1739997819532 110.65109528337331 283
1739997819549 110.43329912001514 284
1739997819566 110.21594670388724 285
1739997819582 109.99903711609265 286
1739997819600 109.78256943965434 287
1739997819634 109.56654275951115 288
1739997819654 109.35095616251375 289
1739997819672 109.13580873742077 290
1739997819688 108.92109957489451 291
1739997819706 108.70682776749727 292
1739997819722 108.4929924096871 293
1739997819738 108.27959259781399 294
1739997819756 108.06662743011574 295
1739997819773 107.85409600671416 296
1739997819789 107.64199742961102 297
1739997819807 107.43033080268405 298
1739997819827 107.21909523168316 299
1739997819845 107.00828982422634 300
1739997819870 106.79791368979586 301
1739997819887 106.58796593973426 302
1739997819903 106.37844568724053 303
1739997819921 106.16945132252565 304
1739997819937 105.96088237827207 305
1739997819954 105.75273797396119 306
1739997819970 105.54501723091364 307
1739997819986 105.33771927228565 308
1739997820002 105.13084322306499 309
1739997820018 104.92438821006728 310
1739997820034 104.71835336193206 311
1739997820051 104.51273780911899 312
1739997820068 104.30754068390404 313
1739997820084 104.10276112037556 314
1739997820101 103.89839825443072 315
1739997820117 103.69445122377145 316
1739997820132 103.49091916790083 317
1739997820149 103.28780122811919 318
1739997820165 103.08509654752042 319
1739997820181 102.88280427098815 320
1739997820198 102.68092354519199 321
1739997820214 102.47945351858384 322
1739997820230 102.27839334139406 323
1739997820247 102.07774216562787 324
1739997820264 101.87749914506142 325
1739997820281 101.67766343523824 326
1739997820297 101.47823419346548 327
1739997820313 101.2792105788102 328
1739997820329 101.08059175209563 329
1739997820346 100.88237687589759 330
1739997820363 100.68456511454067 331
1739997820379 100.48715563409472 332
1739997820395 100.29014760237104 333
1739997820411 100.09354018891877 334
1739997820427 99.89733256502129 335
1739997820443 99.70152390369255 336
1739997820461 99.50611337967338 337
1739997820477 99.31110016942793 338
1739997820493 99.11648345114006 339
1739997820510 98.92226240470966 340
1739997820526 98.7284362117491 341
1739997820543 98.53500405557962 342
1739997820560 98.34196512122777 343
1739997820576 98.14931859542176 344
1739997820592 97.95706366658796 345
1739997820608 97.76519952484728 346
1739997820624 97.57372536201167 347
1739997820643 97.38264037158051 348
1739997820661 97.19194374873706 349
1739997820681 97.00163469034506 350
1739997820697 96.81171239494498 351
1739997820714 96.62217606275068 352
1739997820729 96.43302489564584 353
1739997820745 96.24425809718043 354
1739997820762 96.05587487256722 355
1739997820780 95.8678744286783 356
1739997820796 95.68025597404167 357
1739997820812 95.49301871883753 358
1739997820828 95.30616187489514 359
1739997820844 95.1196846556891 360
1739997820860 94.93358627633597 361
1739997820878 94.74786595359086 362
1739997820894 94.56252290584402 363
1739997820910 94.37755635311727 364
1739997820926 94.19296551706067 365
1739997820942 94.00874962094916 366
1739997820958 93.82490788967898 367
1739997820975 93.64143954976446 368
1739997820991 93.45834382933444 369
1739997821008 93.27561995812901 370
1739997821024 93.09326716749612 371
1739997821040 92.91128469038813 372
1739997821057 92.72967176135847 373
1739997821074 92.54842761655834 374
1739997821090 92.36755149373326 375
1739997821106 92.1870426322198 376
1739997821122 92.0069002729422 377
1739997821138 91.82712365840906 378
1739997821154 91.64771203271 379
1739997821172 91.46866464151229 380
1739997821189 91.2899807320577 381
1739997821274 91.11165955315897 382
1739997821293 90.93370035519675 383
1739997821310 90.75610239011607 384
1739997821325 90.57886491142327 385
1739997821341 90.40198717418252 386
1739997821357 90.2254684350128 387
1739997821376 90.04930795208436 388
1739997821392 89.87350498511572 389
1739997821408 89.69805879537014 390
1739997821424 89.52296864565272 391
1739997821440 89.34823380030682 392
1739997821455 89.1738535252111 393
1739997821472 88.99982708777614 394
1739997821488 88.82615375694128 395
1739997821504 88.65283280317139 396
1739997821520 88.47986349845371 397
1739997821536 88.30724511629462 398
1739997821552 88.13497693171642 399
1739997821568 87.96305822125427 400
1739997821585 87.79148826295287 401
1739997821602 87.62026633636334 402
1739997821617 87.44939172254013 403
1739997821633 87.27886370403776 404
1739997821754 87.10868156490773 405
1739997821776 86.93884459069538 406
1739997821795 86.76935206843676 407
1739997821811 86.60020328665541 408
1739997821828 86.43139753535941 409
1739997821844 86.2629341060381 410
1739997821860 86.09481229165905 411
1739997821877 85.92703138666495 412
1739997821893 85.75959068697051 413
1739997821910 85.59248948995942 414
1739997821926 85.4257270944811 415
1739997821941 85.25930280084789 416
1739997821958 85.0932159108317 417
1739997821975 84.92746572766113 418
1739997821991 84.76205155601842 419
1739997822007 84.59697270203624 420
1739997822024 84.43222847329484 421
1739997822040 84.26781817881886 422
1739997822056 84.10374112907441 423
1739997822075 83.93999663596591 424
1739997822091 83.77658401283327 425
1739997822107 83.61350257444867 426
1739997822123 83.45075163701374 427
1739997822139 83.2883305181564 428
1739997822157 83.12623853692791 429
1739997822174 82.96447501380003 430
1739997822190 82.8030392706618 431
1739997822207 82.64193063081676 432
1739997822223 82.48114841897987 433
1739997822240 82.32069196127463 434
1739997822256 82.16056058523 435
1739997822274 82.00075361977764 436
1739997822290 81.84127039524878 437
1739997822306 81.68211024337138 438
1739997822323 81.52327249726721 439
1739997822339 81.3647564914489 440
1739997822355 81.20656156181697 441
1739997822372 81.048687045657 442
1739997822389 80.8911322816367 443
1739997822404 80.73389660980298 444
1739997822420 80.57697937157911 445
1739997822437 80.4203799097618 446
1739997822453 80.26409756851825 447
1739997822470 80.10813169338347 448
1739997822487 79.95248163125716 449
1739997822503 79.79714673040104 450
1739997822518 79.64212634043591 451
1739997822535 79.48741981233884 452
1739997822551 79.33302649844023 453
1739997822567 79.17894575242114 454
1739997822584 79.02517692931022 455
1739997822600 78.87171938548116 456
1739997822617 78.7185724786496 457
1739997822633 78.56573556787058 458
1739997822648 78.41320801353545 459
1739997822665 78.2609891773693 460
1739997822685 78.10907842242806 461
1739997822702 77.95747511309567 462
1739997822720 77.80617861508141 463
1739997822737 77.65518829541698 464
1739997822754 77.5045035224539 465
1739997822770 77.35412366586053 466
1739997822787 77.20404809661947 467
1739997822804 77.05427618702478 468
1739997822821 76.90480731067916 469
1739997822837 76.75564084249126 470
1739997822852 76.60677615867289 471
1739997822868 76.45821263673638 472
1739997822884 76.30994965549174 473
1739997822901 76.16198659504407 474
1739997822918 76.01432283679067 475
1739997822934 75.86695776341853 476
1739997822950 75.71989075890144 477
1739997822966 75.57312120849737 478
1739997822983 75.42664849874585 479
1739997822999 75.28047201746512 480
1739997823016 75.13459115374962 481
1739997823032 74.98900529796721 482
1739997823049 74.84371384175648 483
1739997823065 74.69871617802416 484
1739997823082 74.55401170094243 485
1739997823099 74.40959980594623 486
1739997823115 74.26547988973067 487
1739997823133 74.1216513502484 488
1739997823149 73.97811358670683 489
1739997823165 73.83486599956571 490
1739997823181 73.69190799053435 491
1739997823199 73.54923896256899 492
1739997823215 73.40685831987034 493
1739997823235 73.2647654678808 494
1739997823251 73.12295981328195 495
1739997823269 72.98144076399196 496
1739997823286 72.84020772916286 497
1739997823303 72.69926011917819 498
1739997823320 72.5585973456502 499
