1740015509953 168.996543037322 0
1740015509985 165.63345451079238 1
1740015510020 162.36514738632619 2
1740015510051 159.16149292763765 3
1740015510080 156.02151762995652 4
1740015510107 152.94380087221776 5
1740015510137 149.92695444691086 6
1740015510247 146.97007006199826 7
1740015510273 144.07180612195035 8
1740015510304 141.23099787604613 9
1740015510334 138.44635622927788 10
1740015510363 135.71705921911683 11
1740015510389 133.04186079506022 12
1740015510414 130.41954302459916 13
1740015510444 127.84934046040871 14
1740015510470 125.33007577082215 15
1740015510497 122.86059800403562 16
1740015510522 120.44019494875619 17
1740015510551 118.0677539550732 18
1740015510575 115.74218711283092 19
1740015510601 113.46283236422009 20
1740015510626 111.2286379381478 21
1740015510655 109.03857525572613 22
1740015510680 106.89202951484745 23
1740015510705 104.78800624088971 24
1740015510732 102.72553269128414 25
1740015510763 100.70403859546478 26
1740015510792 98.72258340075996 27
1740015510817 96.78024690892642 28
1740015510845 94.87650081992827 29
1740015510871 93.01045532432481 30
1740015510898 91.18123966740633 31
1740015510924 89.38836511196041 32
1740015510950 87.63098959753026 33
1740015510974 85.90828889227733 34
1740015510999 84.21981155816037 35
1740015511024 82.56476046325929 36
1740015511058 80.94235514764361 37
1740015511084 79.35217934415148 38
1740015511110 77.7933655961345 39
1740015511139 76.26551465331508 40
1740015511237 74.7679011266512 41
1740015511279 73.2998143544405 42
1740015511309 71.86088718195492 43
1740015511336 70.45043230466132 44
1740015511361 69.06777616201943 45
1740015511385 67.71258188130452 46
1740015511410 66.38419798147252 47
1740015511435 65.08198579817905 48
1740015511459 63.805637035193826 49
1740015511483 62.55443111696764 50
1740015511510 61.32807258987248 51
1740015511535 60.1259676968183 52
1740015511559 58.94753390715177 53
1740015511585 57.79250191678859 54
1740015511612 56.66030828706851 55
1740015511637 55.55040001946823 56
1740015511662 54.46253250363501 57
1740015511689 53.39607443464012 58
1740015511716 52.35079158728575 59
1740015511740 51.32616977011778 60
1740015511764 50.321703859493205 61
1740015511792 49.33718227981253 62
1740015511818 48.37211646181492 63
1740015511843 47.426026238963566 64
1740015511867 46.498721440592064 65
1740015511893 45.58964655442766 66
1740015511917 44.69861971324591 67
1740015511942 43.82519436402675 68
1740015511969 42.9689311715111 69
1740015511998 42.12966795297384 70
1740015512022 41.30689256327233 71
1740015512046 40.500450034905 72
1740015512071 39.70993179977153 73
1740015512097 38.934935430120845 74
1740015512122 38.175324094066944 75
1740015512151 37.43062482729718 76
1740015512178 36.70070703339042 77
1740015512203 35.98519647768404 78
1740015512232 35.28372408640351 79
1740015512257 34.59617600415962 80
1740015512288 33.922114651389045 81
1740015512312 33.26143152595937 82
1740015512337 32.613783419342255 83
1740015512363 31.97883139364419 84
1740015512390 31.356482431956387 85
1740015512415 30.746330897522 86
1740015512439 30.14828833221378 87
1740015512464 29.56203955820578 88
1740015512489 28.98727285929925 89
1740015512513 28.423914131586958 90
1740015512537 27.87158656057353 91
1740015512566 27.33021988555638 92
1740015512594 26.79952424658091 93
1740015512619 26.279212510305985 94
1740015512643 25.769227751479207 95
1740015512672 25.269219149010073 96
1740015512697 24.779132976223444 97
1740015512722 24.29870223428561 98
1740015512746 23.82766198335131 99
1740015512771 23.365970914349337 100
1740015512803 22.9133016354651 101
1740015512828 22.46961545537548 102
1740015512856 22.03466601166873 103
1740015512882 21.608208394668345 104
1740015512908 21.19021550355772 105
1740015512932 20.780381051929133 106
1740015512961 20.37868003325003 107
1740015512987 19.984817189820667 108
1740015513012 19.598769493520265 109
1740015513037 19.220317725086044 110
1740015513065 18.84924326675231 111
1740015513095 18.485533772455145 112
1740015513120 18.1289120076579 113
1740015513146 17.77936714686485 114
1740015513171 17.43669599344034 115
1740015513198 17.100695478007662 116
1740015513222 16.771364804825364 117
1740015513249 16.448442940882178 118
1740015513274 16.13193019794304 119
1740015513302 15.82157474025504 120
1740015513326 15.517377912148472 121
1740015513355 15.219157920410368 122
1740015513382 14.926732413319666 123
1740015513407 14.640112071583577 124
1740015513431 14.359058805369042 125
1740015513457 14.083583965008756 126
1740015513481 13.813518140095903 127
1740015513505 13.548690993219113 128
1740015513529 13.289122693653601 129
1740015513559 13.034587474455536 130
1740015513584 12.7851058466397 131
1740015513609 12.540459792324382 132
1740015513635 12.300670120897573 133
1740015513663 12.065584298281387 134
1740015513689 11.835048310154733 135
1740015513713 11.609091257377923 136
1740015513738 11.38750548670283 137
1740015513763 11.17032010762291 138
1740015513787 10.95733448426653 139
1740015513811 10.748577705510195 140
1740015513838 10.543911871907472 141
1740015513864 10.343197118998892 142
1740015513890 10.146470373836923 143
1740015513915 9.953539655631308 144
1740015513943 9.764441613745507 145
1740015513968 9.578990646102373 146
1740015513992 9.39722310721376 147
1740015514018 9.219013779104259 148
1740015514045 9.044235054261971 149
1740015514069 8.87293073559146 150
1740015514095 8.70492238412899 151
1740015514120 8.540253278824276 152
1740015514150 8.378750802146154 153
1740015514174 8.220457702274249 154
1740015514199 8.065259741250168 155
1740015514228 7.913039920062147 156
1740015514254 7.763848099868987 157
1740015514279 7.617517524642896 158
1740015514305 7.474097319608799 159
1740015514336 7.333426064089705 160
1740015514361 7.1955521494170185 161
1740015514386 7.060319306901162 162
1740015514410 6.927775196798854 163
1740015514436 6.7978186719573825 164
1740015514462 6.6703453471105085 165
1740015514486 6.545409712191546 166
1740015514512 6.4228597939601135 167
1740015514538 6.302749168291872 168
1740015514562 6.184930611495204 169
1740015514586 6.069456795592382 170
1740015514614 5.956234351558241 171
1740015514639 5.845166405166544 172
1740015514665 5.736312212131705 173
1740015514689 5.6295279049926785 174
1740015514715 5.524871669720004 175
1740015514740 5.422204037944633 176
1740015514764 5.321582142422778 177
1740015514788 5.2228707660771265 178
1740015514817 5.12612600510505 179
1740015514843 5.031264060472356 180
1740015514868 4.938197267121986 181
1740015514897 4.8469881173657825 182
1740015514929 4.757503584947703 183
1740015514954 4.669804974556067 184
1740015514979 4.58376322316448 185
1740015515005 4.4994384698142005 186
1740015515031 4.416752354677316 187
1740015515057 4.335622463001325 188
1740015515085 4.256115145813786 189
1740015515117 4.178102859369964 190
1740015515149 4.101650650309613 191
1740015515174 4.026634687836355 192
1740015515204 3.953118740743044 193
1740015515236 3.8809825696474447 194
1740015515263 3.8102886917086445 195
1740015515292 3.740965746847543 196
1740015515319 3.672938046230364 197
1740015515347 3.606274197556491 198
1740015515373 3.5408546112207904 199
1740015515400 3.476746514260809 200
1740015515426 3.413833704891671 201
1740015515452 3.3521820595895746 202
1740015515477 3.291678655110668 203
1740015515502 3.2323880469688877 204
1740015515529 3.174244694024206 205
1740015515554 3.1171784949826904 206
1740015515579 3.061259997926403 207
1740015515606 3.0063761979387795 208
1740015515634 2.9525962008675433 209
1740015515660 2.8998101161960084 210
1740015515684 2.8480856404781787 211
1740015515710 2.79731589867353 212
1740015515736 2.7475672103418245 213
1740015515760 2.6987788628487794 214
1740015515784 2.650885388138383 215
1740015515810 2.603959019091783 216
1740015515835 2.5578921842021076 217
1740015515860 2.512755624264592 218
1740015515884 2.4684446524429404 219
1740015515916 2.4250285526484965 220
1740015515942 2.3824054325410735 221
1740015515968 2.3406431535967016 222
1740015515993 2.2996850013812233 223
1740015516020 2.259469341526399 224
1740015516044 2.2200698844891127 225
1740015516069 2.181383525230398 226
1740015516094 2.143482441594844 227
1740015516119 2.106266220396301 228
1740015516146 2.0698055438659817 229
1740015516170 2.0340026078867988 230
1740015516198 1.9989266352320627 231
1740015516223 1.9645242140407515 232
1740015516248 1.9307368741726219 233
1740015516272 1.897639634883052 234
1740015516302 1.8651330463807843 235
1740015516327 1.8332905621867155 236
1740015516353 1.802015262721906 237
1740015516381 1.7713790741967261 238
1740015516409 1.741287530702323 239
1740015516435 1.7118110686471406 240
1740015516460 1.6828576016732315 241
1740015516486 1.654496112998747 242
1740015516513 1.626677309250677 243
1740015516537 1.5993466480701757 244
1740015516562 1.5725789193342525 245
1740015516591 1.5462798531544808 246
1740015516617 1.5205226808668695 247
1740015516641 1.4952154612442643 248
1740015516667 1.4704299057996228 249
1740015516693 1.4460763327856723 250
1740015516717 1.4222249716550432 251
1740015516741 1.3988285749847171 252
1740015516765 1.3758345588145529 253
1740015516794 1.3533189180030787 254
1740015516818 1.3311895075205804 255
1740015516842 1.3095207374547029 256
1740015516868 1.2882226872418192 257
1740015516896 1.2673682218852402 258
1740015516920 1.2468695802672598 259
1740015516946 1.2267981209916086 260
1740015516970 1.2070681793717661 261
1740015516997 1.187749645318134 262
1740015517022 1.1687981243957284 263
1740015517046 1.1501637470032495 264
1740015517072 1.1319221883772852 265
1740015517097 1.1139849385120792 266
1740015517120 1.0964261010076337 267
1740015517149 1.0791592471860119 268
1740015517186 1.0622569485730038 269
1740015517210 1.0456347980403027 270
1740015517235 1.0293638735842352 271
1740015517259 1.0134009754197437 272
1740015517285 0.9976973767255464 273
1740015517309 0.982329905070695 274
1740015517333 0.9672111341769608 275
1740015517360 0.9524162970772043 276
1740015517388 0.937859984327768 277
1740015517413 0.9236158747033955 278
1740015517437 0.9096005185347064 279
1740015517464 0.8958860795673587 280
1740015517488 0.8823910125615838 281
1740015517512 0.8691860044401208 282
1740015517536 0.8562298527844749 283
1740015517563 0.843475726038798 284
1740015517588 0.8310000851314181 285
1740015517613 0.8187180912726743 286
1740015517638 0.806704626696601 287
1740015517669 0.7948767666479126 288
1740015517694 0.7833078545942829 289
1740015517718 0.7719168265259737 290
1740015517743 0.7607755260215606 291
1740015517768 0.7498433710895103 292
1740015517793 0.7390741237139474 293
1740015517818 0.7285453680862867 294
1740015517844 0.7181726459149915 295
1740015517872 0.7080319411947857 296
1740015517896 0.6980406725639764 297
1740015517921 0.6882732643318344 298
1740015517948 0.6786489604937316 299
1740015517973 0.6692406651114537 300
1740015517997 0.6599693974791074 301
1740015518022 0.6509065798035709 302
1740015518049 0.6420130519028894 303
1740015518074 0.6332439209923542 304
1740015518098 0.6246763760598998 305
1740015518122 0.6162278419132113 306
1740015518154 0.6079739241903058 307
1740015518179 0.5998338496209106 308
1740015518204 0.5918816805405596 309
1740015518229 0.5840383967789048 310
1740015518256 0.5763765563496813 311
1740015518281 0.5688188447781254 312
1740015518306 0.561436353698192 313
1740015518331 0.5541910614589352 314
1740015518357 0.5470391511907867 315
1740015518381 0.5400575037031602 316
1740015518407 0.5331650470445994 317
1740015518434 0.5264370930532606 318
1740015518463 0.5197943106708528 319
1740015518491 0.5133104823860366 320
1740015518523 0.5069079714703654 321
1740015518556 0.5006590696254082 322
1740015518581 0.4945257991836259 323
1740015518606 0.4884643873983105 324
1740015518632 0.482552879657357 325
1740015518662 0.47670985677970845 326
1740015518687 0.47101177224018137 327
1740015518713 0.4653789390424375 328
1740015518738 0.4598862589240635 329
1740015518764 0.454455731193521 330
1740015518788 0.44916074495032304 331
1740015518813 0.44392494123467807 332
1740015518838 0.43882023455929264 333
1740015518862 0.4338094913610585 334
1740015518887 0.4288497340464658 335
1740015518912 0.42401865419058954 336
1740015518942 0.41923598715292004 337
1740015518966 0.41457784756692606 338
1740015518991 0.4099656568135493 339
1740015519017 0.40547399228879016 340
1740015519045 0.40102591721161673 341
1740015519071 0.3966945103789968 342
1740015519096 0.3924044339121022 343
1740015519122 0.38822730561029795 344
1740015519148 0.3841266674574529 345
1740015519174 0.38006017743699205 346
1740015519204 0.37610524998213346 347
1740015519230 0.3721825412589765 348
1740015519255 0.3683679012699574 349
1740015519280 0.3645836346648869 350
1740015519305 0.36090406630673877 351
1740015519331 0.35725310654030135 352
1740015519355 0.35370359332494755 353
1740015519380 0.35018100111038314 354
1740015519406 0.34675671816133247 355
1740015519433 0.3433948253464977 356
1740015519458 0.3400534869962743 357
1740015519482 0.33680990425595453 358
1740015519510 0.3335854642148055 359
1740015519536 0.3304558139518736 360
1740015519560 0.3273439585910088 361
1740015519585 0.3243240300780001 362
1740015519610 0.3213206099280852 363
1740015519635 0.3184063528407159 364
1740015519660 0.31550737623760616 365
1740015519685 0.3126948944411072 366
1740015519712 0.3099334166003095 367
1740015519737 0.3071815089299367 368
1740015519761 0.3045162119974898 369
1740015519787 0.30185948995571465 370
1740015519814 0.29928683781310833 371
1740015519839 0.29672181312773316 372
1740015519863 0.2942384039733915 373
1740015519888 0.2917617206101445 374
1740015519914 0.2893642817638363 375
1740015519938 0.2870101651041512 376
1740015519962 0.2846575302629001 377
1740015519989 0.2823846800558102 378
1740015520015 0.2801126125030833 379
1740015520039 0.27791805760128035 380
1740015520064 0.2757236228054372 381
1740015520095 0.2736045045697219 382
1740015520121 0.2714848788620779 383
1740015520148 0.26943844681612517 384
1740015520174 0.267390913116156 385
1740015520201 0.26541452077089717 386
1740015520225 0.26347371662235824 387
1740015520250 0.2615270057848693 388
1740015520275 0.25965243148740336 389
1740015520347 0.2577715299795426 390
1740015520382 0.25596078196422895 391
1740015520414 0.2541433120743673 392
1740015520445 0.2523940774103511 393
1740015520473 0.25063775084069134 394
1740015520497 0.2489478037420146 395
1740015520521 0.2472504181692947 396
1740015520546 0.24561761663796042 397
1740015520571 0.24401414265479 398
1740015520595 0.2423987786824512 399
1740015520621 0.24084936075288196 400
1740015520647 0.23928785676767228 401
1740015520672 0.23779054870552688 402
1740015520697 0.2362809757388973 403
1740015520724 0.23483390441670762 404
1740015520750 0.23337440567211518 405
1740015520774 0.23197576821193933 406
1740015520798 0.23056455629625947 407
1740015520824 0.22921261736995138 408
1740015520848 0.2278849327845652 409
1740015520872 0.2265405071500372 410
1740015520897 0.22525701231899106 411
1740015520924 0.22395676130571177 412
1740015520950 0.22271587883924665 413
1740015520974 0.22145823533446263 414
1740015521000 0.2202584467666418 415
1740015521027 0.21904190196542445 416
1740015521052 0.21788174549410463 417
1740015521076 0.2167048466692698 418
1740015521102 0.2155829149840362 419
1740015521128 0.21448112202548217 420
1740015521154 0.21335864993096593 421
1740015521180 0.21229304146097058 422
1740015521208 0.2112068846874945 423
1740015521238 0.21017618087490508 424
1740015521263 0.20912506429040947 425
1740015521287 0.20812803285863 426
1740015521319 0.20711072848675793 427
1740015521343 0.20614618289470413 428
1740015521368 0.20516150811717226 429
1740015521392 0.2042283058109429 430
1740015521417 0.20331189936254843 431
1740015521442 0.20237161246522514 432
1740015521467 0.20148488719447297 433
1740015521493 0.20057453016598104 434
1740015521520 0.19971644649284195 435
1740015521545 0.19883497996748678 436
1740015521569 0.19800453671821625 437
1740015521597 0.19715095951194783 438
1740015521623 0.19634719245422613 439
1740015521648 0.1955205401143557 440
1740015521672 0.19474252054931693 441
1740015521698 0.19397857800620683 442
1740015521723 0.1931881488225605 443
1740015521747 0.19244859719593466 444
1740015521771 0.19168290287598133 445
1740015521800 0.19096689671732203 446
1740015521824 0.19022508841922017 447
1740015521849 0.18953181332201025 448
1740015521875 0.1888130731610809 449
1740015521903 0.18814174458049088 450
1740015521929 0.1874826373977752 451
1740015521954 0.1867945907317642 452
1740015521979 0.18615627992470388 453
1740015522003 0.1854894543459295 454
1740015522028 0.1848712253611463 455
1740015522052 0.1842249000676776 456
1740015522077 0.18362606445214705 457
1740015522102 0.18299954476280586 458
1740015522128 0.18241943917388062 459
1740015522158 0.1818120555433832 460
1740015522190 0.18125004079718818 461
1740015522215 0.18069837448213905 462
1740015522242 0.18011605419224033 463
1740015522268 0.17958153626648057 464
1740015522297 0.1790168516819952 465
1740015522321 0.17849889964762664 466
1740015522346 0.1779512596504945 467
1740015522371 0.17744931213905102 468
1740015522396 0.17691814685317242 469
1740015522420 0.17643166282693026 470
1740015522444 0.17591642282096848 471
1740015522473 0.1754448808051759 472
1740015522499 0.17498215727697683 473
1740015522524 0.1744873814973737 474
1740015522548 0.1740388257410436 475
1740015522576 0.17355875570295295 476
1740015522600 0.17312389220567628 477
1740015522711 0.17265804186815373 478
1740015522741 0.1722364122391695 479
1740015522766 0.17178431286975365 480
1740015522793 0.17137547519545826 481
1740015522819 0.170936674723865 482
1740015522844 0.17054020294785682 483
1740015522868 0.17015129768339132 484
1740015522893 0.16972919786604354 485
1740015522920 0.16935202065287225 486
1740015522945 0.16894222789297325 487
1740015522969 0.1685763899879913 488
1740015522996 0.16817850347828256 489
1740015523025 0.16782363002782918 490
1740015523049 0.16743726309622345 491
1740015523074 0.167092992614876 492
1740015523101 0.16671777219951509 493
1740015523127 0.16638375606902228 494
1740015523156 0.1660562799783329 495
1740015523180 0.16569467452021536 496
1740015523206 0.16537692565253556 497
1740015523237 0.16502565971567554 498
1740015523269 0.1647173197865416 499
