1740017095721 0.051352435384233515 0
1740017095825 0.08870960697557918 1
1740017095922 0.06893994986599189 2
1740017096022 0.10160510726631629 3
1740017096123 0.0074707817092214916 4
1740017096222 0.024539904539350888 5
1740017096317 0.7821684721375545 6
1740017096420 0.0017653116722974665 7
1740017096517 0.015059665557568913 8
1740017096612 0.0044319087383495725 9
1740017096711 0.17324301532358471 10
1740017096811 0.08020408336703444 11
1740017096909 0.07687218978063165 12
1740017097011 0.03380443831325713 13
1740017097115 0.012020941436045086 14
1740017097253 0.032765533971366674 15
1740017097362 0.07612969360569731 16
1740017097459 0.12404632347981688 17
1740017097553 0.022205304503688312 18
1740017097653 0.11047783425987019 19
1740017097749 0.0008259133278113916 20
1740017097848 0.22067826865172896 21
1740017097949 0.02037300661684261 22
1740017098045 0.0025356491544615417 23
1740017098142 0.0018181314538397442 24
1740017098246 0.09654367372920425 25
1740017098340 0.0010508755452345142 26
1740017098438 0.29082065813142727 27
1740017098540 0.025648412447187338 28
1740017098640 0.781187703926839 29
1740017098742 0.3305191450987305 30
1740017098839 0.020847754973219945 31
1740017098937 0.09799757020235023 32
1740017099035 0.3664143703210779 33
1740017099141 0.15442155384223621 34
1740017099237 7.561143195584822e-07 35
1740017099336 0.0008778017815828815 36
1740017099434 0.050017348167766235 37
1740017099529 0.10371024627811348 38
1740017099627 0.09375913225647106 39
1740017099725 0.14143900799165737 40
1740017099820 0.014607847653941424 41
1740017099919 0.0001356594239274838 42
1740017100021 0.0059324683714500935 43
1740017100116 0.16491503123427864 44
1740017100220 1.1717394991777916 45
1740017100316 0.038197956872084195 46
1740017100411 0.009811134395642731 47
1740017100510 0.7328905867273051 48
1740017100608 0.10739259817508122 49
1740017100707 0.1278240686460546 50
1740017100805 0.15405967079990618 51
1740017100899 0.1842605698460602 52
1740017100999 0.06932946718775126 53
1740017101097 0.020325607258748254 54
1740017101198 0.038785194031665166 55
1740017101301 0.04662232268499078 56
1740017101397 0.2540713858672398 57
1740017101493 0.36318580259265604 58
1740017101594 0.2735910279914863 59
1740017101693 0.03683869446650613 60
1740017101788 0.004274800919651221 61
1740017101887 0.036892098315604534 62
1740017101987 3.778018541169702e-05 63
1740017102082 0.7645388047660069 64
1740017102179 0.1587394145296562 65
1740017102282 0.05816722824164308 66
1740017102377 0.1427471775274238 67
1740017102472 0.1529261135537009 68
1740017102570 0.029305946875769637 69
1740017102671 0.09475799898334593 70
1740017102768 0.08158325474151346 71
1740017102871 0.03671191876787643 72
1740017102969 0.009201699774493487 73
1740017103063 0.07528837563026243 74
1740017103167 0.020753693759441447 75
1740017103264 0.27439104010847604 76
1740017103362 0.682526897460061 77
1740017103463 0.11774683652601009 78
1740017103559 0.109923795968159 79
1740017103656 0.06340317805162844 80
1740017103759 0.007841874750704953 81
1740017103855 0.0974635882747543 82
1740017103968 0.18190283506897686 83
1740017104067 0.04642543841095828 84
1740017104162 0.22082065564154213 85
1740017104263 0.18742544274240217 86
1740017104360 0.07749503032534 87
1740017104455 0.025311863697705814 88
1740017104558 0.030223646426923434 89
1740017104661 0.012758383037202475 90
1740017104760 0.026462631316141332 91
1740017104864 0.014762836269309723 92
1740017104962 0.18048901468597522 93
1740017105060 0.6593705645908023 94
1740017105160 0.03494479446087244 95
1740017105261 2.1227423705958315e-05 96
1740017105358 0.33177412933169564 97
1740017105457 0.315941720373256 98
1740017105552 0.0041174391083943105 99
1740017105649 0.10997831632379856 100
1740017105757 0.7038755008460243 101
1740017105853 0.019121865504483748 102
1740017105951 0.32701588165281925 103
1740017106052 0.016354953050313016 104
1740017106153 0.11293556037436028 105
1740017106265 0.32928074151989334 106
1740017106366 0.11246020109477096 107
1740017106464 0.39005676872328776 108
1740017106560 0.00793516333962356 109
1740017106661 0.01702520868618971 110
1740017106758 0.09103883712594052 111
1740017106854 0.034234396782747915 112
1740017106952 0.03613707770688248 113
1740017107050 0.014565272292172308 114
1740017107177 0.06661501301439661 115
1740017107337 0.4685393915917908 116
1740017107439 0.1799697295113279 117
1740017107543 0.024637499794409413 118
1740017107644 0.019971238512349148 119
1740017107750 0.6314450040522217 120
1740017107851 0.35958133481847976 121
1740017107953 0.007745626483864263 122
1740017108059 0.04538967671809686 123
1740017108162 0.9644545293196018 124
1740017108263 0.005680581633193191 125
1740017108368 0.052701135013448676 126
1740017108472 0.04826810137259133 127
1740017108583 0.01114511365794959 128
1740017108685 1.0143615813613154 129
1740017108793 0.09777216031637376 130
1740017108896 0.0019010418837074527 131
1740017109004 0.0031354595338965803 132
1740017109103 0.1856505275501307 133
1740017109211 0.027529985589299068 134
1740017109315 0.010706269443256838 135
1740017109417 0.17127472202169766 136
1740017109518 0.15285212364723966 137
1740017109620 0.019568507571896633 138
1740017109723 0.00486565984557461 139
1740017109829 0.020749637279888728 140
1740017109932 0.18446640084108054 141
1740017110044 0.04973381153853706 142
1740017110148 0.03250049286727697 143
1740017110253 0.04660755225307501 144
1740017110357 0.05604836869297053 145
1740017110467 0.0035420094075636344 146
1740017110568 0.024948523447309034 147
1740017110677 0.0962326072969018 148
1740017110775 0.10579069513287546 149
1740017110882 0.13072571964222543 150
1740017110983 0.014486286326646173 151
1740017111084 0.01909470744507818 152
1740017111190 0.000557205376827186 153
1740017111295 0.016900941638725162 154
1740017111398 0.004192327535699355 155
1740017111502 0.02396644883967422 156
1740017111606 0.08006768901400194 157
1740017111712 0.02900413332655344 158
1740017111813 0.010403449526087048 159
1740017111916 0.1248704154302801 160
1740017112022 0.44810440672580704 161
1740017112124 0.06793314397756829 162
1740017112231 0.015010807773404961 163
1740017112332 0.1479669033736975 164
1740017112434 0.10681547643982574 165
1740017112535 0.1426373944439222 166
1740017112647 0.007165153621406333 167
1740017112748 0.09196637206020178 168
1740017112855 0.10135945763012962 169
1740017112955 0.002652546970911254 170
1740017113061 0.0942225695650169 171
1740017113161 0.045595244821040576 172
1740017113267 0.5719436548995573 173
1740017113372 0.0008689781382950005 174
1740017113478 0.08937588191713532 175
1740017113580 0.003860249904180894 176
1740017113685 0.03043900169221902 177
1740017113792 0.007861460502593903 178
1740017113892 0.10568903184842791 179
1740017114009 4.57269611506781e-05 180
1740017114123 0.09306124727603997 181
1740017114222 0.11218319840822859 182
1740017114326 0.0037776574478912126 183
1740017114429 0.15307500573305582 184
1740017114528 0.004194873893302994 185
1740017114635 0.026049019230313292 186
1740017114743 3.625325385503112e-05 187
1740017114843 0.08377950746610957 188
1740017114950 0.07214381530642647 189
1740017115055 0.015339124825712853 190
1740017115161 0.48234058924055884 191
1740017115264 0.07975079191998027 192
1740017115365 0.0016911945022203803 193
1740017115478 0.0068424012879633135 194
1740017115578 0.04233417747358633 195
1740017115691 0.07785590675514388 196
1740017115794 0.0033127860691731298 197
1740017115898 0.02419616962720614 198
1740017116001 0.10180908685647384 199
1740017116102 0.05474008506474904 200
1740017116213 0.07604854430885377 201
1740017116314 0.15100510801135628 202
1740017116420 0.012715636582627077 203
1740017116525 0.19329612143551547 204
1740017116627 0.026004542105318416 205
1740017116732 0.01985827702580212 206
1740017116834 0.008651756674595308 207
1740017116942 0.08720153459912813 208
1740017117050 0.053199564100420746 209
1740017117157 0.009353706340901682 210
1740017117256 0.03295222350006711 211
1740017117361 0.042376837928956954 212
1740017117470 0.12815721118308965 213
1740017117574 0.3898196088757592 214
1740017117677 0.028706962623496823 215
1740017117781 0.30846095737919654 216
1740017117889 1.575906593551233e-05 217
1740017117989 0.00789049933279924 218
1740017118093 0.05529476186172591 219
1740017118197 0.03395568692145462 220
1740017118301 0.5484137776810659 221
1740017118408 0.16610754927248655 222
1740017118509 0.008334739609323159 223
1740017118610 0.04089039543749925 224
1740017118715 0.007740446762742483 225
1740017118816 0.076950638432875 226
1740017118924 0.011322384093278747 227
1740017119024 0.20028943567893662 228
1740017119129 0.009766029638980355 229
1740017119231 0.08991462413995499 230
1740017119347 0.021071390483462706 231
1740017119453 0.05589921494751843 232
1740017119556 0.06540915426528034 233
1740017119664 0.01745205751561265 234
1740017119763 0.41704068171641645 235
1740017119865 0.0009074040218469701 236
1740017119967 0.03237165959316474 237
1740017120064 0.061612528083186374 238
1740017120164 0.20151239760589096 239
1740017120261 0.39597126374340813 240
1740017120357 0.07135567532330456 241
1740017120459 0.0014778792285572034 242
1740017120553 0.2167514458244838 243
1740017120652 0.2675793894062287 244
1740017120756 0.07831203890141071 245
1740017120852 0.16630354592965169 246
1740017120951 0.14590033136558264 247
1740017121051 0.257833142805822 248
1740017121147 0.4402874964991812 249
1740017121288 0.43323618355862414 250
1740017121384 0.29459674858488955 251
1740017121483 0.017695596189380748 252
1740017121588 0.11351017997614046 253
1740017121686 0.022473924366288613 254
1740017121781 0.02683514409056205 255
1740017121882 0.045135333329343726 256
1740017121982 0.014407577134157131 257
1740017122076 0.12481718720822571 258
1740017122178 0.4939673579270055 259
1740017122278 0.021130275156305483 260
1740017122372 0.6310176254392676 261
1740017122471 0.14042998227509756 262
1740017122565 0.054411450176863246 263
1740017122664 0.018470085201368624 264
1740017122764 0.14617982384647826 265
1740017122859 0.11655772083636129 266
1740017122954 0.024349876031863553 267
1740017123093 0.29519806730290266 268
1740017123190 0.059943380008572016 269
1740017123289 3.243639247640167e-07 270
1740017123386 0.05323598075892685 271
1740017123481 0.04786144568537001 272
1740017123588 0.11599540714118112 273
1740017123684 0.28253359627657215 274
1740017123783 0.049825734458953844 275
1740017123884 0.14861723571029903 276
1740017123981 0.09283531574577279 277
1740017124078 0.013077154795519783 278
1740017124199 0.0007240546851130341 279
1740017124296 1.0022179349571811 280
1740017124397 0.9824453237786324 281
1740017124495 0.012846581990963439 282
1740017124590 0.30369327201355945 283
1740017124691 0.031337490339616546 284
1740017124790 0.0329600439780427 285
1740017124885 0.08014580432117534 286
1740017124983 0.04797631134939366 287
1740017125086 0.00035669686780192617 288
1740017125183 0.4319959271525721 289
1740017125284 0.0368889570543484 290
1740017125380 0.028788243385766302 291
1740017125475 0.06246884484587248 292
1740017125580 0.027140887515383853 293
1740017125677 0.005294968131900285 294
1740017125775 0.5051915955453299 295
1740017125874 0.10479156213015314 296
1740017125969 0.1749567115677383 297
1740017126066 0.13894232919995153 298
1740017126169 0.04187689723202942 299
1740017126264 0.0003430462183038379 300
1740017126361 0.06238791491813584 301
1740017126462 0.21029920201269278 302
1740017126558 0.038306638506767327 303
1740017126654 0.00029928865160350123 304
1740017126751 0.9840482092665435 305
1740017126845 0.3437836705144558 306
1740017126945 0.00047540095427783515 307
1740017127041 0.13715607791201495 308
1740017127137 0.3026406297978622 309
1740017127243 0.18252767211866355 310
1740017127338 0.10673166672120815 311
1740017127434 0.07726798661127748 312
1740017127534 0.09759617560201402 313
1740017127637 0.015823337777006768 314
1740017127737 0.06627348227941049 315
1740017127835 0.004502962267979432 316
1740017127933 0.05999106770641749 317
1740017128028 0.027468326937590867 318
1740017128128 0.4422346407354221 319
1740017128227 0.021429454964343807 320
1740017128325 0.1925284371535459 321
1740017128425 0.17058331342954128 322
1740017128521 2.2462068783385156e-05 323
1740017128623 0.001439474941452196 324
1740017128724 0.022970992674123933 325
1740017128821 0.003258622140530408 326
1740017128919 0.13906321265003757 327
1740017129018 0.3210551129358003 328
1740017129113 0.17664880098162358 329
1740017129211 0.08991073514516562 330
1740017129311 0.05309495599323829 331
1740017129408 0.33994191515720157 332
1740017129509 0.4607635910354576 333
1740017129603 0.040620256780379664 334
1740017129710 0.0008655491166466014 335
1740017129806 0.0005408300759279647 336
1740017129902 0.0818579049234817 337
1740017130001 0.0004896779999172212 338
1740017130099 0.42578103322981353 339
1740017130196 0.03946184949970492 340
1740017130296 0.09533473974311708 341
1740017130393 0.0069467834137123315 342
1740017130489 0.04182105982287776 343
1740017130590 0.08398256971174534 344
1740017130688 0.006788076362177776 345
1740017130783 0.1486730344522006 346
1740017130884 0.0038451515725736697 347
1740017130979 0.00026136959387714235 348
1740017131076 0.308863587776044 349
1740017131176 0.20883891251362738 350
1740017131271 0.231346606591032 351
1740017131374 0.3659567774527949 352
1740017131470 0.21310240583514875 353
1740017131566 0.0027926246566500456 354
1740017131671 0.40977994476163293 355
1740017131769 0.008940737796937223 356
1740017131868 0.04286060035149246 357
1740017131968 0.008115324218707146 358
1740017132064 0.08709535427076273 359
1740017132161 0.00756797947385112 360
1740017132262 0.05804329093727356 361
1740017132357 0.23527981662319253 362
1740017132456 0.10022952733415706 363
1740017132554 0.03047476880117436 364
1740017132648 0.3364775615868227 365
1740017132752 2.2618999607359376e-05 366
1740017132855 0.18600563007651805 367
1740017132951 0.08279226638081208 368
1740017133048 0.26673575017357243 369
1740017133150 0.057230129758949255 370
1740017133249 0.04678724022135972 371
1740017133344 0.021943782332212176 372
1740017133443 0.010699786063621274 373
1740017133538 0.07868782272451848 374
1740017133631 0.17930520711312167 375
1740017133734 0.02949828854884597 376
1740017133831 0.2116718810991309 377
1740017133925 0.619555804744697 378
1740017134017 0.4995336816399288 379
1740017134110 0.004238284399747816 380
1740017134215 0.07431057519674197 381
1740017134315 0.3511679170134855 382
1740017134408 0.000995018092667553 383
1740017134501 0.11425755716811348 384
1740017134595 0.0433158443235478 385
1740017134691 0.013020407895879235 386
1740017134789 0.2205292689835065 387
1740017134882 0.0014057568981148524 388
1740017134977 0.5504832238928365 389
1740017135070 0.04644538915370043 390
1740017135168 0.07291535969291375 391
1740017135310 0.04966633838133367 392
1740017135416 0.013033834003803424 393
1740017135509 0.762588220247073 394
1740017135602 0.23884692366761046 395
1740017135698 0.08800984312115306 396
1740017135798 0.3996768448656159 397
1740017135890 0.013690021791280154 398
1740017135983 0.0038352493600265283 399
1740017136075 0.022026845568875443 400
1740017136170 0.4305156292063055 401
1740017136264 0.2840875662180844 402
1740017136357 0.002994756221315763 403
1740017136453 0.16013102724606376 404
1740017136592 0.022591654698871734 405
1740017136731 0.01366247845045154 406
1740017136839 0.8586002303829194 407
1740017136933 0.2893468924241196 408
1740017137031 0.11022710976853836 409
1740017137131 0.4041919174199296 410
1740017137252 0.18990215236539978 411
1740017137444 0.0008791233703556518 412
1740017137551 0.4008557155445424 413
1740017137652 0.2949848817687696 414
1740017137752 0.07292317089437553 415
1740017137854 0.03512483739171966 416
1740017137954 0.017738868173814464 417
1740017138052 0.3968343315928687 418
1740017138146 0.01703062958217647 419
1740017138245 0.12685223152846273 420
1740017138344 0.16152396002334882 421
1740017138439 0.1337005541386903 422
1740017138536 0.26437708651917974 423
1740017138639 0.41245827250125744 424
1740017138737 4.487972276642468e-06 425
1740017138837 1.3021707445838526e-05 426
1740017138933 4.613712427303521e-06 427
1740017139030 0.0002553090525828069 428
1740017139132 0.02178718855193462 429
1740017139286 0.2695345058863514 430
1740017139386 0.11934243310647522 431
1740017139486 0.22472671935886843 432
1740017139584 0.18389959261178046 433
1740017139685 0.011168901046662485 434
1740017139787 0.14623795804906062 435
1740017139888 0.046799156021716234 436
1740017139991 0.0744702860553626 437
1740017140089 0.10040608358027235 438
1740017140188 0.15574328278464974 439
1740017140288 0.012422510455623325 440
1740017140416 0.8347556952021389 441
1740017140524 0.09184692812806886 442
1740017140639 0.07490589123924003 443
1740017140747 0.007761340077359543 444
1740017140852 0.007135684254400343 445
1740017140959 0.964507517666513 446
1740017141068 0.0028238948805223937 447
1740017141168 0.3703189850108451 448
1740017141270 0.4608637367953634 449
1740017141367 0.05069507036378137 450
1740017141463 0.013192507140240247 451
1740017141564 0.01993298551087923 452
1740017141663 0.026976200848338076 453
1740017141762 0.04192985560075513 454
1740017141867 0.07748541159397197 455
1740017141964 0.003478064219763609 456
1740017142060 0.1238149457541008 457
1740017142166 0.014767859347822269 458
1740017142309 0.10833669458459945 459
1740017142409 1.0037421846329027 460
1740017142505 0.14444993611325851 461
1740017142600 0.03887565034323454 462
1740017142707 0.034060753795087995 463
1740017142806 0.044310480092931454 464
1740017142907 0.4780873921806325 465
1740017143004 0.0705808619508042 466
1740017143099 0.002008742741930283 467
1740017143207 0.03794697608017802 468
1740017143303 0.04466032833818579 469
1740017143399 0.02234701579555801 470
1740017143500 0.17855485391131798 471
1740017143595 0.0005914170139191166 472
1740017143694 0.10368103777708515 473
1740017143794 0.00102132246308275 474
1740017143895 0.0352171177974426 475
1740017143998 0.0935307107997417 476
1740017144096 0.23752094482007566 477
1740017144193 0.01424491376262685 478
1740017144292 0.04761730737229701 479
1740017144401 0.006132919930163707 480
1740017144497 0.9278552199229395 481
1740017144594 0.2592115045802263 482
1740017144700 0.14171456135542101 483
1740017144803 0.04793373835149457 484
1740017144903 0.33018214812215463 485
1740017144999 0.1554839842651437 486
1740017145094 0.2542528266181054 487
1740017145196 0.15569118748275418 488
1740017145292 0.11490084684255211 489
1740017145390 0.0006205569594650486 490
1740017145488 0.03755093794910288 491
1740017145584 0.02220404673456213 492
1740017145683 0.03752658063906933 493
1740017145783 0.46945853100667706 494
1740017145881 0.20604597701761126 495
1740017145989 0.5894101055243822 496
1740017146087 0.2086072149970038 497
1740017146184 0.024315977856841864 498
1740017146283 0.00623614257962158 499
