1740012451679 168.79801204511594 0
1740012451708 168.46082860009182 1
1740012451737 168.12438665903443 2
1740012451761 167.7886845235428 3
1740012451786 167.4537204991955 4
1740012451813 167.11949289554104 5
1740012451843 166.78600002608886 6
1740012451871 166.45324020829943 7
1740012451895 166.1212117635753 8
1740012451919 165.78991301725148 9
1740012451943 165.45934229858625 10
1740012451969 165.12949794075186 11
1740012451998 164.8003782808251 12
1740012452030 164.47198165977827 13
1740012452058 164.1443064224697 14
1740012452084 163.81735091763477 15
1740012452108 163.49111349787646 16
1740012452135 163.16559251965643 17
1740012452164 162.84078634328569 18
1740012452193 162.5166933329156 19
1740012452218 162.19331185652862 20
1740012452243 161.87064028592937 21
1740012452267 161.54867699673545 22
1740012452295 161.2274203683685 23
1740012452320 160.9068687840451 24
1740012452345 160.5870206307678 25
1740012452369 160.26787429931622 26
1740012452394 159.9494281842379 27
1740012452421 159.63168068383956 28
1740012452447 159.31463020017807 29
1740012452473 158.9982751390517 30
1740012452498 158.68261390999103 31
1740012452521 158.3676449262503 32
1740012452546 158.05336660479847 33
1740012452573 157.73977736631045 34
1740012452603 157.42687563515832 35
1740012452629 157.11465983940258 36
1740012452653 156.80312841078333 37
1740012452677 156.4922797847117 38
1740012452701 156.18211240026088 39
1740012452730 155.87262470015781 40
1740012452758 155.56381513077415 41
1740012452783 155.25568214211788 42
1740012452807 154.94822418782456 43
1740012452832 154.64143972514887 44
1740012452858 154.3353272149559 45
1740012452885 154.02988512171254 46
1740012452912 153.72511191347914 47
1740012452943 153.42100606190087 48
1740012452969 153.1175660421992 49
1740012452993 152.81479033316347 50
1740012453016 152.51267741714247 51
1740012453043 152.21122578003593 52
1740012453075 151.9104339112861 53
1740012453107 151.61030030386948 54
1740012453183 151.3108234542883 55
1740012453211 151.01200186256216 56
1740012453235 150.71383403221984 57
1740012453258 150.41631847029083 58
1740012453284 150.1194536872972 59
1740012453311 149.82323819724513 60
1740012453338 149.52767051761677 61
1740012453365 149.23274916936194 62
1740012453390 148.93847267689 63
1740012453413 148.64483956806166 64
1740012453437 148.3518483741806 65
1740012453462 148.05949762998563 66
1740012453507 147.7677858736422 67
1740012453587 147.4767116467346 68
1740012453619 147.18627349425762 69
1740012453646 146.89646996460868 70
1740012453670 146.6072996095795 71
1740012453694 146.3187609843484 72
1740012453718 146.03085264747187 73
1740012453744 145.74357316087702 74
1740012453775 145.4569210898532 75
1740012453803 145.17089500304422 76
1740012453828 144.88549347244046 77
1740012453852 144.6007150733707 78
1740012453876 144.31655838449458 79
1740012453903 144.03302198779434 80
1740012453931 143.75010446856712 81
1740012453957 143.46780441541716 82
1740012453981 143.18612042024793 83
1740012454005 142.9050510782542 84
1740012454030 142.6245949879143 85
1740012454059 142.34475075098248 86
1740012454094 142.06551697248102 87
1740012454119 141.7868922606925 88
1740012454143 141.50887522715206 89
1740012454167 141.2314644866397 90
1740012454191 140.95465865717276 91
1740012454219 140.67845635999794 92
1740012454246 140.40285621958395 93
1740012454270 140.1278568636137 94
1740012454294 139.8534569229767 95
1740012454320 139.5796550317616 96
1740012454346 139.30644982724846 97
1740012454372 139.03383994990128 98
1740012454396 138.76182404336038 99
1740012454420 138.490400754435 100
1740012454444 138.21956873309568 101
1740012454470 137.94932663246675 102
1740012454497 137.67967310881914 103
1740012454523 137.41060682156248 104
1740012454547 137.14212643323808 105
1740012454571 136.87423060951122 106
1740012454596 136.60691801916394 107
1740012454622 136.34018733408763 108
1740012454651 136.07403722927555 109
1740012454676 135.8084663828156 110
1740012454701 135.5434734758829 111
1740012454725 135.27905719273272 112
1740012454748 135.0152162206928 113
1740012454774 134.7519492501564 114
1740012454802 134.48925497457486 115
1740012454831 134.2271320904505 116
1740012454856 133.96557929732933 117
1740012454881 133.70459529779367 118
1740012454905 133.44417879745535 119
1740012454930 133.18432850494818 120
1740012454956 132.92504313192094 121
1740012454984 132.6663213930303 122
1740012455009 132.4081620059336 123
1740012455033 132.15056369128172 124
1740012455057 131.89352517271223 125
1740012455083 131.6370451768419 126
1740012455110 131.3811224332601 127
1740012455137 131.12575567452146 128
1740012455162 130.87094363613895 129
1740012455186 130.61668505657696 130
1740012455210 130.36297867724414 131
1740012455235 130.1098232424865 132
1740012455262 129.8572174995806 133
1740012455289 129.60516019872642 134
1740012455314 129.3536500930405 135
1740012455340 129.1026859385491 136
1740012455363 128.85226649418115 137
1740012455388 128.60239052176175 138
1740012455415 128.35305678600474 139
1740012455442 128.10426405450647 140
1740012455468 127.85601109773852 141
1740012455492 127.60829668904117 142
1740012455516 127.36111960461642 143
1740012455539 127.11447862352134 144
1740012455566 126.86837252766138 145
1740012455596 126.62280010178347 146
1740012455622 126.37776013346927 147
1740012455646 126.1332514131287 148
1740012455669 125.88927273399308 149
1740012455694 125.64582289210837 150
1740012455721 125.40290068632872 151
1740012455747 125.1605049183097 152
1740012455772 124.91863439250164 153
1740012455797 124.67728791614317 154
1740012455820 124.43646429925447 155
1740012455847 124.19616235463074 156
1740012455875 123.95638089783569 157
1740012455902 123.71711874719483 158
1740012455927 123.47837472378916 159
1740012455950 123.24014765144852 160
1740012455974 123.00243635674511 161
1740012455997 122.7652396689869 162
1740012456023 122.5285564202114 163
1740012456052 122.29238544517897 164
1740012456084 122.05672558136646 165
1740012456114 121.8215756689609 166
1740012456140 121.58693455085287 167
1740012456164 121.35280107263029 168
1740012456191 121.11917408257194 169
1740012456218 120.8860524316411 170
1740012456243 120.65343497347929 171
1740012456267 120.42132056439985 172
1740012456291 120.18970806338157 173
1740012456316 119.95859633206257 174
1740012456343 119.72798423473384 175
1740012456368 119.497870638333 176
1740012456393 119.26825441243814 177
1740012456417 119.03913442926145 178
1740012456440 118.81050956364302 179
1740012456467 118.58237869304473 180
1740012456495 118.35474069754395 181
1740012456521 118.12759445982724 182
1740012456547 117.90093886518449 183
1740012456571 117.67477280150253 184
1740012456596 117.449095159259 185
1740012456621 117.22390483151635 186
1740012456648 116.99920071391554 187
1740012456675 116.7749817046702 188
1740012456700 116.55124670456024 189
1740012456725 116.3279946169261 190
1740012456748 116.10522434766244 191
1740012456773 115.88293480521219 192
1740012456801 115.66112490056061 193
1740012456827 115.43979354722917 194
1740012456853 115.21893966126956 195
1740012456878 114.99856216125777 196
1740012456903 114.7786599682881 197
1740012456929 114.55923200596716 198
1740012456957 114.34027720040801 199
1740012456983 114.12179448022417 200
1740012457008 113.90378277652373 201
1740012457032 113.68624102290349 202
1740012457057 113.46916815544296 203
1740012457083 113.25256311269871 204
1740012457111 113.03642483569824 205
1740012457137 112.82075226793435 206
1740012457163 112.60554435535929 207
1740012457189 112.39080004637877 208
1740012457214 112.17651829184645 209
1740012457240 111.96269804505783 210
1740012457267 111.74933826174478 211
1740012457295 111.53643790006959 212
1740012457322 111.3239959206193 213
1740012457347 111.1120112863999 214
1740012457372 110.90048296283076 215
1740012457396 110.68940991773874 216
1740012457423 110.47879112135267 217
1740012457453 110.26862554629757 218
1740012457480 110.05891216758899 219
1740012457504 109.8496499626274 220
1740012457527 109.64083791119259 221
1740012457552 109.43247499543791 222
1740012457578 109.22456019988486 223
1740012457606 109.0170925114173 224
1740012457635 108.81007091927599 225
1740012457663 108.60349441505296 226
1740012457692 108.39736199268604 227
1740012457721 108.19167264845319 228
1740012457748 107.9864253809671 229
1740012457776 107.78161919116955 230
1740012457804 107.57725308232602 231
1740012457829 107.37332606002013 232
1740012457854 107.16983713214825 233
1740012457878 106.96678530891383 234
1740012457901 106.76416960282226 235
1740012457929 106.56198902867514 236
1740012457960 106.36024260356501 237
1740012457986 106.15892934686998 238
1740012458011 105.9580482802482 239
1740012458035 105.7575984276325 240
1740012458059 105.55757881522513 241
1740012458087 105.35798847149229 242
1740012458115 105.15882642715879 243
1740012458147 104.96009171520281 244
1740012458175 104.76178337085041 245
1740012458199 104.56390043157039 246
1740012458224 104.36644193706891 247
1740012458250 104.16940692928424 248
1740012458278 103.9727944523814 249
1740012458305 103.77660355274705 250
1740012458330 103.5808332789841 251
1740012458354 103.38548268190657 252
1740012458378 103.19055081453435 253
1740012458402 102.99603673208796 254
1740012458430 102.80193949198333 255
1740012458459 102.60825815382678 256
1740012458489 102.41499177940958 257
1740012458515 102.22213943270305 258
1740012458539 102.02970017985326 259
1740012458563 101.83767308917591 260
1740012458588 101.64605723115129 261
1740012458617 101.45485167841906 262
1740012458645 101.26405550577324 263
1740012458671 101.07366779015705 264
1740012458696 100.8836876106579 265
1740012458719 100.69411404850233 266
1740012458743 100.50494618705089 267
1740012458769 100.31618311179315 268
1740012458796 100.12782391034268 269
1740012458822 99.93986767243203 270
1740012458847 99.7523134899077 271
1740012458871 99.5651604567252 272
1740012458895 99.37840766894402 273
1740012458922 99.19205422472274 274
1740012458950 99.00609922431393 275
1740012458978 98.82054177005939 276
1740012459003 98.63538096638511 277
1740012459026 98.45061591979632 278
1740012459050 98.2662457388727 279
1740012459080 98.0822695342634 280
1740012459107 97.89868641868216 281
1740012459132 97.71549550690243 282
1740012459156 97.53269591575258 283
1740012459180 97.350286764111 284
1740012459204 97.16826717290122 285
1740012459231 96.98663626508714 286
1740012459258 96.80539316566826 287
1740012459283 96.62453700167474 288
1740012459307 96.4440669021627 289
1740012459332 96.26398199820952 290
1740012459361 96.08428142290882 291
1740012459387 95.904964311366 292
1740012459412 95.7260298006933 293
1740012459438 95.5474770300051 294
1740012459462 95.36930514041327 295
1740012459488 95.19151327502232 296
1740012459516 95.01410057892484 297
1740012459542 94.8370661991968 298
1740012459567 94.66040928489267 299
1740012459592 94.48412898704106 300
1740012459615 94.30822445863984 301
1740012459641 94.13269485465153 302
1740012459667 93.95753933199876 303
1740012459694 93.78275704955955 304
1740012459719 93.60834716816274 305
1740012459743 93.43430885058339 306
1740012459767 93.26064126153815 307
1740012459791 93.08734356768072 308
1740012459818 92.9144149375973 309
1740012459847 92.74185454180196 310
1740012459873 92.56966155273213 311
1740012459897 92.39783514474415 312
1740012459921 92.22637449410855 313
1740012459946 92.05527877900573 314
1740012459972 91.88454717952136 315
1740012459999 91.71417887764188 316
1740012460028 91.54417305725006 317
1740012460053 91.37452890412047 318
1740012460079 91.2052456059151 319
1740012460103 91.03632235217887 320
1740012460132 90.86775833433514 321
1740012460161 90.69955274568134 322
1740012460193 90.53170478138459 323
1740012460218 90.36421363847715 324
1740012460265 90.19707851585218 325
1740012460295 90.03029861425927 326
1740012460331 89.86387313630006 327
1740012460360 89.69780128642387 328
1740012460385 89.53208227092341 329
1740012460409 89.36671529793037 330
1740012460433 89.2016995774111 331
1740012460459 89.03703432116228 332
1740012460487 88.87271874280664 333
1740012460513 88.70875205778857 334
1740012460538 88.54513348336995 335
1740012460563 88.38186223862576 336
1740012460587 88.21893754443985 337
1740012460612 88.05635862350066 338
1740012460639 87.89412470029701 339
1740012460666 87.73223500111382 340
1740012460692 87.57068875402784 341
1740012460716 87.40948518890349 342
1740012460741 87.24862353738865 343
1740012460765 87.0881030329104 344
1740012460791 86.92792291067086 345
1740012460819 86.76808240764302 346
1740012460846 86.60858076256656 347
1740012460869 86.4494172159436 348
1740012460893 86.2905910100347 349
1740012460919 86.13210138885466 350
1740012460948 85.97394759816832 351
1740012460975 85.81612888548646 352
1740012460999 85.65864450006175 353
1740012461023 85.5014936928846 354
1740012461049 85.34467571667903 355
1740012461080 85.1881898258987 356
1740012461109 85.0320352767227 357
1740012461134 84.87621132705155 358
1740012461161 84.72071723650315 359
1740012461184 84.56555226640873 360
1740012461208 84.41071567980876 361
1740012461234 84.25620674144905 362
1740012461262 84.10202471777657 363
1740012461288 83.94816887693558 364
1740012461312 83.79463848876351 365
1740012461336 83.64143282478713 366
1740012461360 83.4885511582184 367
1740012461385 83.33599276395061 368
1740012461413 83.18375691855437 369
1740012461440 83.0318429002737 370
1740012461464 82.88024998902202 371
1740012461488 82.72897746637834 372
1740012461512 82.57802461558319 373
1740012461539 82.42739072153479 374
1740012461567 82.27707507078517 375
1740012461592 82.12707695153617 376
1740012461616 81.9773956536357 377
1740012461639 81.82803046857371 378
1740012461665 81.67898068947848 379
1740012461694 81.53024561111259 380
1740012461719 81.3818245298692 381
1740012461745 81.23371674376823 382
1740012461771 81.08592155245238 383
1740012461798 80.93843825718344 384
1740012461829 80.79126616083842 385
1740012461857 80.64440456790582 386
1740012461884 80.49785278448172 387
1740012461909 80.35161011826607 388
1740012461935 80.20567587855892 389
1740012461959 80.06004937625663 390
1740012461986 79.91472992384804 391
1740012462013 79.76971683541089 392
1740012462038 79.62500942660796 393
1740012462065 79.48060701468333 394
1740012462094 79.33650891845872 395
1740012462122 79.19271445832973 396
1740012462151 79.04922295626216 397
1740012462180 78.90603373578828 398
1740012462212 78.7631461220032 399
1740012462238 78.62055944156118 400
1740012462262 78.47827302267184 401
1740012462286 78.33628619509672 402
1740012462312 78.19459829014541 403
1740012462338 78.05320864067207 404
1740012462364 77.91211658107169 405
1740012462389 77.7713214472765 406
1740012462413 77.63082257675235 407
1740012462437 77.49061930849516 408
1740012462461 77.35071098302716 409
1740012462490 77.21109694239348 410
1740012462518 77.07177653015849 411
1740012462544 76.93274909140214 412
1740012462567 76.79401397271661 413
1740012462592 76.65557052220248 414
1740012462616 76.51741808946538 415
1740012462644 76.37955602561243 416
1740012462673 76.24198368324858 417
1740012462699 76.10470041647321 418
1740012462727 75.96770558087657 419
1740012462752 75.83099853353629 420
1740012462776 75.69457863301388 421
1740012462801 75.55844523935119 422
1740012462830 75.42259771406697 423
1740012462857 75.28703542015337 424
1740012462881 75.15175772207256 425
1740012462905 75.01676398575316 426
1740012462930 74.88205357858682 427
1740012462955 74.74762586942485 428
1740012462986 74.61348022857466 429
1740012463012 74.47961602779644 430
1740012463038 74.34603264029974 431
1740012463066 74.21272944073996 432
1740012463093 74.07970580521511 433
1740012463176 73.94696111126225 434
1740012463205 73.81449473785422 435
1740012463233 73.68230606539619 436
1740012463261 73.55039447572237 437
1740012463287 73.4187593520926 438
1740012463311 73.28740007918897 439
1740012463335 73.15631604311254 440
1740012463360 73.02550663137997 441
1740012463387 72.89497123292018 442
1740012463414 72.76470923807106 443
1740012463438 72.63472003857612 444
1740012463462 72.50500302758124 445
1740012463487 72.37555759963126 446
1740012463515 72.24638315066692 447
1740012463542 72.11747907802125 448
1740012463567 71.98884478041657 449
1740012463592 71.86047965796115 450
1740012463616 71.73238311214585 451
1740012463642 71.60455454584103 452
1740012463670 71.47699336329313 453
1740012463696 71.34969897012165 454
1740012463720 71.22267077331573 455
1740012463745 71.09590818123098 456
1740012463769 70.96941060358638 457
1740012463795 70.84317745146089 458
1740012463823 70.71720813729041 459
1740012463850 70.59150207486458 460
1740012463874 70.4660586793234 461
1740012463898 70.34087736715435 462
1740012463922 70.21595755618903 463
1740012463947 70.09129866560002 464
1740012463974 69.9669001158978 465
1740012464002 69.84276132892755 466
1740012464028 69.71888172786603 467
1740012464051 69.59526073721845 468
1740012464079 69.47189778281535 469
1740012464103 69.34879229180949 470
1740012464131 69.2259436926727 471
1740012464158 69.10335141519288 472
1740012464183 68.98101489047079 473
1740012464207 68.85893355091703 474
1740012464235 68.73710683024902 475
1740012464266 68.61553416348774 476
1740012464294 68.49421498695489 477
1740012464321 68.37314873826969 478
1740012464346 68.25233485634593 479
1740012464370 68.13177278138879 480
1740012464394 68.01146195489197 481
1740012464419 67.89140181963452 482
1740012464446 67.77159181967794 483
1740012464474 67.65203140036309 484
1740012464498 67.5327200083072 485
1740012464523 67.41365709140085 486
1740012464547 67.2948420988051 487
1740012464570 67.17627448094836 488
1740012464597 67.05795368952346 489
1740012464626 66.93987917748468 490
1740012464652 66.82205039904485 491
1740012464677 66.7044668096723 492
1740012464701 66.58712786608795 493
1740012464730 66.4700330262624 494
1740012464762 66.35318174941291 495
1740012464791 66.23657349600062 496
1740012464816 66.12020772772746 497
1740012464841 66.00408390753333 498
1740012464871 65.88820149959321 499
