1739968498391 6.930642186897695 0
1739968498466 6.530305935511969 1
1739968498538 5.246447245761044 2
1739968498607 5.960813297851794 3
1739968498677 5.474411274711059 4
1739968498741 6.98722598718461 5
1739968498805 5.8729493920805975 6
1739968498867 7.125592499886642 7
1739968498931 6.7607743928147555 8
1739968498995 7.674375566138922 9
1739968499129 7.020422860985536 10
1739968499197 7.06763358736206 11
1739968499261 7.168490462956851 12
1739968499325 6.77783270555923 13
1739968499390 7.44647957783003 14
1739968499453 6.8415361167124455 15
1739968499515 6.058030771394573 16
1739968499579 6.982507758644747 17
1739968499700 7.54471246628378 18
1739968499769 7.326958941305504 19
1739968499834 5.909305524789307 20
1739968499898 7.368266994571119 21
1739968499959 6.354703475560803 22
1739968500022 5.485873122885514 23
1739968500085 6.36684510470701 24
1739968500146 6.4640382108420145 25
1739968500212 5.3943853074325645 26
1739968500275 6.757738269397301 27
1739968500338 6.696966968626162 28
1739968500400 6.847725914317941 29
1739968500461 6.927487368557381 30
1739968500523 7.089974129193657 31
1739968500588 7.2258226514560455 32
1739968500651 6.705712073405796 33
1739968500712 6.357539004439268 34
1739968500773 6.436826185017584 35
1739968500837 6.557291098929477 36
1739968500900 6.541181304878645 37
1739968500963 6.880772526817836 38
1739968501027 6.674532228471262 39
1739968501092 6.120793594420729 40
1739968501154 6.1175440331312805 41
1739968501216 6.72019832497341 42
1739968501277 6.486558774892419 43
1739968501340 7.6243658431154975 44
1739968501406 6.695411439407682 45
1739968501468 6.621846777443014 46
1739968501530 8.625662116879873 47
1739968501600 6.862440909965476 48
1739968501661 6.41854620842317 49
1739968501723 6.128140078621951 50
1739968501790 6.992342721857222 51
1739968501864 5.109762401519449 52
1739968501929 6.4739740564471155 53
1739968501992 6.789569701969915 54
1739968502093 6.850172041433388 55
1739968502157 6.988637592717435 56
1739968502218 6.31425577102789 57
1739968502285 6.624681812407827 58
1739968502349 5.446229768122003 59
1739968502413 7.65914758627364 60
1739968502474 6.587184912317601 61
1739968502536 5.9394440992631745 62
1739968502602 7.3092422739607885 63
1739968502664 5.736113274625204 64
1739968502726 6.382330267294872 65
1739968502789 4.836164267477589 66
1739968502851 6.483641287305701 67
1739968502912 7.1327860862160914 68
1739968502973 6.771764998007098 69
1739968503037 6.314301573481858 70
1739968503100 6.388531906014125 71
1739968503162 7.2015133669857745 72
1739968503224 7.011136585379371 73
1739968503287 6.498934933768878 74
1739968503350 6.887108233821363 75
1739968503411 8.105007606419253 76
1739968503473 5.809508881639216 77
1739968503537 7.061501433210073 78
1739968503602 6.5018829930178725 79
1739968503666 5.819293497444177 80
1739968503728 6.351346515245317 81
1739968503809 5.852098790418365 82
1739968503917 5.922261403926728 83
1739968504029 6.070015906956473 84
1739968504104 6.594636737919487 85
1739968504179 6.336362381302632 86
1739968504254 7.433396046460815 87
1739968504329 6.5219715839710934 88
1739968504398 6.533238273417775 89
1739968504466 6.789982742790297 90
1739968504538 5.959131171684333 91
1739968504607 7.173762800992588 92
1739968504670 6.092110881881804 93
1739968504733 5.454389458477147 94
1739968504795 6.026829027809326 95
1739968504857 6.1547767598252605 96
1739968504918 5.668461099894935 97
1739968504980 5.3885085270645385 98
1739968505048 6.24093814107344 99
1739968505110 5.152744175405133 100
1739968505172 6.212789568560597 101
1739968505235 6.468038604094841 102
1739968505298 6.147126691008397 103
1739968505361 6.071891137304446 104
1739968505423 6.474173733021045 105
1739968505485 6.591201436538307 106
1739968505547 6.407757120121365 107
1739968505610 6.726796828453243 108
1739968505673 6.709629108295026 109
1739968505736 6.753742335581538 110
1739968505799 6.7144994965346445 111
1739968505860 6.304548724654053 112
1739968505921 6.092496758881437 113
1739968505985 5.416183950136959 114
1739968506049 6.902744205154842 115
1739968506175 6.291288418196653 116
1739968506238 5.9762655864116345 117
1739968506301 6.408520891454954 118
1739968506368 6.524156947324614 119
1739968506430 5.1531397533874905 120
1739968506493 6.390742749796906 121
1739968506556 6.685487756735224 122
1739968506619 5.553424051233919 123
1739968506682 5.609966239622714 124
1739968506744 8.146693795406089 125
1739968506805 6.51264753560568 126
1739968506867 6.484993266801637 127
1739968506931 7.101312511670536 128
1739968506994 6.3065937796435945 129
1739968507056 7.29059532965548 130
1739968507119 7.4622719384167535 131
1739968507182 6.013814258255648 132
1739968507244 8.00228116194296 133
1739968507306 5.4102019071424925 134
1739968507370 5.784607846580991 135
1739968507433 6.157221269544841 136
1739968507495 6.105261951182802 137
1739968507559 6.6708119524844784 138
1739968507622 4.788963774545054 139
1739968507684 6.749944637370631 140
1739968507746 6.090605138864303 141
1739968507812 6.154707188875597 142
1739968507874 5.613495825741747 143
1739968507937 7.121352112494 144
1739968507999 6.250134636951702 145
1739968508060 6.962635897527103 146
1739968508123 6.973067186109932 147
1739968508188 6.991772336114254 148
1739968508254 7.030518188507457 149
1739968508316 5.364426621771292 150
1739968508385 6.878721702549929 151
1739968508447 7.970665262867782 152
1739968508510 7.920224390969701 153
1739968508574 6.186109570252571 154
1739968508639 7.224446788895957 155
1739968508703 6.562783683403552 156
1739968508767 6.278804894350005 157
1739968508829 6.478480564943331 158
1739968508892 6.193604239201622 159
1739968508953 5.466321792034922 160
1739968509017 5.808591512234459 161
1739968509080 5.91775557665213 162
1739968509145 7.0069095060888085 163
1739968509207 7.612076400972432 164
1739968509269 6.55707312993731 165
1739968509331 5.783493175172999 166
1739968509393 6.2885498127567 167
1739968509454 6.468407535090341 168
1739968509516 6.905854936772406 169
1739968509578 6.911614159713807 170
1739968509646 6.261204335816448 171
1739968509708 6.055439579329864 172
1739968509770 7.4364613431085385 173
1739968509832 7.402250469112403 174
1739968509896 6.67016760901345 175
1739968509959 6.804603789502525 176
1739968510022 6.959559320791395 177
1739968510085 7.713544740559892 178
1739968510147 6.620155634094893 179
1739968510210 6.480251290727586 180
1739968510273 6.019968157895727 181
1739968510337 8.013116659455138 182
1739968510404 6.216137361217303 183
1739968510467 6.317917213134387 184
1739968510530 6.407104539759997 185
1739968510597 6.7541042177107595 186
1739968510661 6.359749374594718 187
1739968510724 6.579202068134736 188
1739968510786 6.468471638181506 189
1739968510849 6.390542974176822 190
1739968510910 5.962104089361405 191
1739968510972 7.215269855600363 192
1739968511037 7.523349931386851 193
1739968511100 8.343769052459402 194
1739968511162 6.717944691163718 195
1739968511223 7.801965825793042 196
1739968511285 5.856138366721458 197
1739968511349 6.215724397305535 198
1739968511414 5.590926098054936 199
1739968511476 6.41544040699363 200
1739968511539 7.933524938263278 201
1739968511602 6.473167859253734 202
1739968511666 6.636534044011524 203
1739968511728 7.145842103643403 204
1739968511791 6.543429921421173 205
1739968511854 6.383654371538933 206
1739968511929 7.703302636106234 207
1739968511995 6.426576561124643 208
1739968512057 6.805461076079508 209
1739968512120 6.67837477645789 210
1739968512188 6.530884262456255 211
1739968512251 6.273248132530565 212
1739968512313 7.165850193110232 213
1739968512376 6.9099224528648975 214
1739968512446 6.156357405225938 215
1739968512509 7.030875787036925 216
1739968512573 6.599638570397265 217
1739968512638 6.928643004327932 218
1739968512701 8.29913032839772 219
1739968512764 6.472431905778589 220
1739968512825 8.2276723789979 221
1739968512890 5.950244233530306 222
1739968512958 5.774445160561077 223
1739968513020 6.129265035813463 224
1739968513084 5.189513034610807 225
1739968513149 6.118387499636101 226
1739968513211 6.344827504994128 227
1739968513273 6.515521915123842 228
1739968513337 5.224865150202574 229
1739968513399 7.054373622111361 230
1739968513463 6.299412191183375 231
1739968513527 6.925343698877821 232
1739968513590 5.812743855578219 233
1739968513652 5.044902976697791 234
1739968513714 5.84756189178322 235
1739968513776 6.405701180666232 236
1739968513842 5.785040717511013 237
1739968513907 9.716297369766231 238
1739968513974 6.317432842819795 239
1739968514041 6.3289654186795135 240
1739968514105 7.081812998691052 241
1739968514170 6.864269452138636 242
1739968514235 6.112713005860429 243
1739968514298 6.830111901393725 244
1739968514361 6.886981488798115 245
1739968514422 6.035426757336599 246
1739968514489 6.568608407298402 247
1739968514552 6.430260666233868 248
1739968514616 6.955069173401223 249
1739968514679 5.74994410199111 250
1739968514743 6.3087761912660865 251
1739968514805 6.61842598698999 252
1739968514866 6.581373141948216 253
1739968514927 6.957514973472071 254
1739968514993 6.442411603625507 255
1739968515058 7.250734888444535 256
1739968515121 7.765250091043642 257
1739968515183 6.154209611271452 258
1739968515245 6.524699740225261 259
1739968515308 5.909522635641899 260
1739968515371 6.977727131852425 261
1739968515433 5.770405715021485 262
1739968515495 6.214820357147802 263
1739968515557 5.909387975283714 264
1739968515625 5.932633174395825 265
1739968515688 6.797288436671778 266
1739968515750 5.293029734901672 267
1739968515811 6.768668511307899 268
1739968515871 6.17683413696451 269
1739968515933 6.5303198281213195 270
1739968515998 4.755821393993654 271
1739968516062 7.055428285755322 272
1739968516124 7.226970245525009 273
1739968516231 6.861400549692449 274
1739968516295 5.527165020578503 275
1739968516359 5.5963110447072095 276
1739968516420 5.930588501781555 277
1739968516487 7.183818804857793 278
1739968516550 6.524337241376003 279
1739968516616 6.3730891326747034 280
1739968516678 6.6575892820244 281
1739968516741 5.854331756277501 282
1739968516804 6.401441764278487 283
1739968516866 5.937879555296648 284
1739968516929 5.227973272549004 285
1739968516993 5.924874338015124 286
1739968517055 8.180431811604265 287
1739968517117 6.790124340559214 288
1739968517179 6.097797116740419 289
1739968517243 8.304945437426133 290
1739968517305 6.469739580504087 291
1739968517371 8.102391444104544 292
1739968517435 7.0470716827381725 293
1739968517496 7.119679353132789 294
1739968517558 6.4600924755184215 295
1739968517625 6.356997678923986 296
1739968517688 6.544366889980085 297
1739968517752 7.803077017743796 298
1739968517816 6.219046933037449 299
1739968517878 6.510714588532454 300
1739968517944 6.782011247575513 301
1739968518007 8.132800295638596 302
1739968518074 7.431836238274108 303
1739968518139 5.34126355383215 304
1739968518203 6.329555032102457 305
1739968518264 6.449916371390985 306
1739968518327 6.711311199783124 307
1739968518390 6.624777239835884 308
1739968518453 6.800612185804477 309
1739968518517 6.2748210787886665 310
1739968518586 6.9413781967945045 311
1739968518650 5.318570623188369 312
1739968518714 7.003860070672513 313
1739968518776 6.952729556952575 314
1739968518840 5.842957723248736 315
1739968518903 6.182059857545721 316
1739968518966 6.696191388991572 317
1739968519029 7.2132163126971 318
1739968519093 6.501113155778461 319
1739968519155 6.140952901554084 320
1739968519217 5.94903762009619 321
1739968519278 6.425272151640686 322
1739968519342 4.314454612315988 323
1739968519404 6.096179465895142 324
1739968519465 8.415466666581217 325
1739968519527 5.937006469151432 326
1739968519595 6.434656277907273 327
1739968519658 5.865414345204599 328
1739968519721 5.86534014920591 329
1739968519782 6.808719432878347 330
1739968519850 6.0621311673733205 331
1739968519912 7.060049217386213 332
1739968519974 6.409410678039795 333
1739968520041 6.065278225597742 334
1739968520104 7.193260483135939 335
1739968520166 6.698531110612879 336
1739968520228 6.356956254895791 337
1739968520290 5.996474447810843 338
1739968520352 4.464714764286451 339
1739968520415 6.808446743932547 340
1739968520478 7.361813869068512 341
1739968520540 6.417220484328926 342
1739968520610 6.201959089021377 343
1739968520672 6.3220188020213275 344
1739968520735 6.571451167323393 345
1739968520809 6.522345592963919 346
1739968520876 7.240606405373061 347
1739968520938 6.833391557924923 348
1739968521001 5.8145229632359525 349
1739968521065 5.541462879533211 350
1739968521128 8.977523868051735 351
1739968521191 6.497326580657487 352
1739968521253 6.578180737234244 353
1739968521315 6.247759059437546 354
1739968521377 7.182592705541766 355
1739968521440 7.24083717834383 356
1739968521503 6.774084683448444 357
1739968521567 6.566450157838214 358
1739968521633 5.7205238976357515 359
1739968521699 6.442482449395465 360
1739968521762 5.0717359600323375 361
1739968521824 5.908785591334864 362
1739968521886 5.916130604248059 363
1739968521950 6.369242024233635 364
1739968522024 7.373690081806672 365
1739968522090 6.1542177413635555 366
1739968522153 6.5060821092822065 367
1739968522215 6.744324379106965 368
1739968522277 6.541778833664861 369
1739968522342 6.84033038856806 370
1739968522405 6.631493420030414 371
1739968522468 6.701499726246114 372
1739968522530 6.5871314626704915 373
1739968522600 7.832127906685584 374
1739968522664 7.267028870278892 375
1739968522726 6.577580569944458 376
1739968522788 7.469782648213305 377
1739968522852 5.731791962784123 378
1739968522914 6.460287264772765 379
1739968522976 7.337223627350393 380
1739968523040 5.621288480182426 381
1739968523104 7.569901475497122 382
1739968523167 7.233479606456677 383
1739968523229 5.962907117484996 384
1739968523293 6.003353533770134 385
1739968523356 5.891035757681682 386
1739968523419 6.704515665500221 387
1739968523481 6.891670655283712 388
1739968523546 6.4299845910676465 389
1739968523608 7.1006229553999205 390
1739968523671 6.718129143492414 391
1739968523734 6.410810850579018 392
1739968523796 6.42963353192712 393
1739968523858 6.4544876733830865 394
1739968523920 6.1262197324928405 395
1739968523982 6.304066603039 396
1739968524046 7.549706126322462 397
1739968524108 6.781135337702077 398
1739968524171 6.257051530743314 399
1739968524235 6.184141513161935 400
1739968524298 6.033952557129774 401
1739968524360 6.804096982719019 402
1739968524422 7.573108281005447 403
1739968524485 7.248799391126029 404
1739968524548 7.195385085389472 405
1739968524611 6.9976372073815885 406
1739968524677 6.682905007823849 407
1739968524741 6.5204893280644685 408
1739968524803 5.513174495682405 409
1739968524865 3.9495344380123867 410
1739968524927 6.276049451609551 411
1739968524991 7.067734610805169 412
1739968525053 6.612210451840141 413
1739968525115 6.8777940009890335 414
1739968525177 8.101263322564213 415
1739968525240 5.919434121742626 416
1739968525302 6.859880299859503 417
1739968525363 6.531753967622391 418
1739968525425 6.8606108802674 419
1739968525488 6.58260086223209 420
1739968525550 5.707699202650183 421
1739968525614 6.463198761724417 422
1739968525676 6.630404437055779 423
1739968525740 6.566108777166139 424
1739968525803 7.58470958576508 425
1739968525864 6.315927310782976 426
1739968525926 6.301347888903045 427
1739968525990 7.1748051165754845 428
1739968526054 6.426473649286787 429
1739968526120 6.831663971816735 430
1739968526182 8.16635093826468 431
1739968526246 5.417100403357192 432
1739968526307 5.462679031502389 433
1739968526369 8.173700643684077 434
1739968526433 7.064491279884456 435
1739968526497 7.907712082495683 436
1739968526563 7.1397427202627215 437
1739968526629 5.952023529478195 438
1739968526695 6.026645613718341 439
1739968526758 5.0741966221414225 440
1739968526819 6.399373098476967 441
1739968526881 6.59670737461045 442
1739968526944 7.160121947473728 443
1739968527007 6.539188763349663 444
1739968527070 7.985992925419518 445
1739968527132 7.107891772397639 446
1739968527196 7.236548947789541 447
1739968527257 6.006640014351073 448
1739968527319 6.153335939085895 449
1739968527382 6.1572007738265295 450
1739968527447 6.841068515204339 451
1739968527509 5.383444013636618 452
1739968527572 6.158758454519131 453
1739968527636 6.842915621443019 454
1739968527698 6.089110480461334 455
1739968527760 7.120871689525259 456
1739968527822 7.7085162534760014 457
1739968527884 5.7997777887389175 458
1739968527946 7.105208543210545 459
1739968528008 7.077671290726732 460
1739968528071 6.8512615638756245 461
1739968528135 6.719088470417508 462
1739968528199 7.178365410541486 463
1739968528260 8.054867852363596 464
1739968528325 6.484821359291941 465
1739968528389 6.681683763587837 466
1739968528451 8.343245267885196 467
1739968528513 6.215864977838803 468
1739968528577 5.6429680222424885 469
1739968528640 6.509770335259407 470
1739968528707 6.747908178992629 471
1739968528770 6.463015730276412 472
1739968528834 6.826298755171511 473
1739968528897 5.09725015497012 474
1739968528959 6.351149970872802 475
1739968529022 6.126236432627503 476
1739968529087 5.68760878864901 477
1739968529155 6.294483525574259 478
1739968529217 6.756725674234858 479
1739968529279 6.124178224416487 480
1739968529342 6.163227344760935 481
1739968529406 5.551948551664992 482
1739968529468 5.191212555296869 483
1739968529530 6.886908032285922 484
1739968529598 6.046476033292228 485
1739968529661 6.2450388604409435 486
1739968529723 6.088660409446955 487
1739968529786 6.078578375931355 488
1739968529851 6.633808681339396 489
1739968529917 7.163286032508075 490
1739968529980 5.930926554375679 491
1739968530046 6.593713256876233 492
1739968530108 7.063969248054928 493
1739968530171 5.8505908932527175 494
1739968530233 5.49513273200853 495
1739968530297 5.502279530117335 496
1739968530362 6.888085532626914 497
1739968530426 9.22465542709654 498
1739968530489 6.528924944480391 499
