1739996030718 190.2603751680482 0
1739996030741 186.4455429657879 1
1739996030782 184.590817404698 2
1739996030821 182.74500544391432 3
1739996030849 180.9177527219481 4
1739996030874 179.1088233565373 5
1739996030913 177.31803340756846 6
1739996030934 175.5452005372327 7
1739996030984 173.79014424688575 8
1739996031012 172.05268585716124 9
1739996031041 170.33264848958163 10
1739996031069 168.6298570483493 11
1739996031118 166.9441382023228 12
1739996031162 165.27532036717565 13
1739996031194 163.62323368773625 14
1739996031226 161.98771002050722 15
1739996031250 160.3685829163617 16
1739996031270 158.76568760341576 17
1739996031288 157.178860970074 18
1739996031305 155.6079415482477 19
1739996031322 154.05276949674288 20
1739996031339 152.51318658481696 21
1739996031355 150.98903617590233 22
1739996031371 149.48016321149476 23
1739996031387 147.9864141952057 24
1739996031402 146.5076371769759 25
1739996031417 145.0436817374492 26
1739996031433 143.59439897250513 27
1739996031449 142.15964147794799 28
1739996031465 140.73926333435136 29
1739996031480 139.3331200920564 30
1739996031495 137.94106875632193 31
1739996031511 136.56296777262568 32
1739996031526 135.19867701211388 33
1739996031541 133.84805775719883 34
1739996031556 132.51097268730248 35
1739996031571 131.18728586474424 36
1739996031588 129.87686272077218 37
1739996031603 128.57957004173565 38
1739996031618 127.29527595539818 39
1739996031633 126.02384991738893 40
1739996031648 124.76516269779165 41
1739996031663 123.51908636786962 42
1739996031678 122.28549428692484 43
1739996031695 121.0642610892907 44
1739996031710 119.85526267145626 45
1739996031725 118.65837617932122 46
1739996031745 117.47347999557975 47
1739996031760 116.30045372723251 48
1739996031776 115.13917819322485 49
1739996031793 113.98953541221056 50
1739996031809 112.85140859043935 51
1739996031824 111.72468210976729 52
1739996031840 110.60924151578843 53
1739996031857 109.50497350608691 54
1739996031872 108.41176591860798 55
1739996031887 107.3295077201467 56
1739996031902 106.25808899495344 57
1739996031917 105.19740093345466 58
1739996031934 104.14733582108794 59
1739996031949 103.10778702725018 60
1739996031964 102.07864899435756 61
1739996031980 101.05981722701651 62
1739996031996 100.05118828130408 63
1739996032012 99.0526597541571 64
1739996032027 98.0641302728687 65
1739996032042 97.08549948469101 66
1739996032058 96.11666804654351 67
1739996032073 95.15753761482513 68
1739996032088 94.20801083532992 69
1739996032104 93.26799133326442 70
1739996032119 92.33738370336643 71
1739996032134 91.41609350012357 72
1739996032149 90.50402722809095 73
1739996032164 89.60109233230688 74
1739996032181 88.70719718880547 75
1739996032199 87.82225109522534 76
1739996032215 86.94616426151343 77
1739996032230 86.07884780072273 78
1739996032247 85.22021371990328 79
1739996032261 84.37017491108539 80
1739996032277 83.52864514235382 81
1739996032293 82.69553904901267 82
1739996032308 81.87077212483933 83
1739996032324 81.05426071342721 84
1739996032340 80.24592199961577 85
1739996032355 79.44567400100755 86
1739996032370 78.65343555957072 87
1739996032386 77.8691263333269 88
1739996032401 77.09266678812278 89
1739996032416 76.3239781894852 90
1739996032433 75.5629825945584 91
1739996032448 74.80960284412306 92
1739996032465 74.06376255469588 93
1739996032480 73.32538611070922 94
1739996032495 72.59439865676961 95
1739996032511 71.87072608999479 96
1739996032526 71.15429505242805 97
1739996032543 70.44503292352962 98
1739996032558 69.74286781274343 99
1739996032574 69.04772855213946 100
1739996032589 68.35954468913052 101
1739996032604 67.67824647926233 102
1739996032619 67.00376487907671 103
1739996032634 66.33603153904711 104
1739996032649 65.67497879658511 105
1739996032663 65.02053966911795 106
1739996032678 64.37264784723604 107
1739996032694 63.731237687909605 108
1739996032709 63.09624420777384 109
1739996032724 62.4676030764823 110
1739996032739 61.84525061012695 111
1739996032754 61.2291237647252 112
1739996032769 60.61916012977246 113
1739996032784 60.01529792185999 114
1739996032800 59.41747597835711 115
1739996032816 58.82563375115754 116
1739996032834 58.23971130048857 117
1739996032869 57.65964928878311 118
1739996032884 57.0853889746135 119
1739996032899 56.5168722066865 120
1739996032913 55.95404141789928 121
1739996032928 55.396839619455164 122
1739996032943 54.845210395038926 123
1739996032958 54.29909789505103 124
1739996032974 53.75844683089993 125
1739996032989 53.22320246935215 126
1739996033004 52.693310626939486 127
1739996033019 52.16871766442251 128
1739996033034 51.64937048131021 129
1739996033049 51.135216510434866 130
1739996033065 50.62620371258174 131
1739996033079 50.12228057117303 132
1739996033094 49.623396087005425 133
1739996033109 49.12949977304102 134
1739996033124 48.64054164925052 135
1739996033139 48.156472237508815 136
1739996033154 47.677242556541934 137
1739996033169 47.202804116925044 138
1739996033184 46.733108916131016 139
1739996033199 46.26810943362892 140
1739996033214 45.80775862603203 141
1739996033230 45.35200992229483 142
1739996033249 44.90081721895851 143
1739996033269 44.4541348754444 144
1739996033293 44.01191770939503 145
1739996033317 43.57412099206212 146
1739996033342 43.14070044374117 147
1739996033365 42.71161222925215 148
1739996033387 42.28681295346575 149
1739996033407 41.866259656874824 150
1739996033428 41.449909811210546 151
1739996033451 41.03772131510278 152
1739996033473 40.62965248978425 153
1739996033505 40.22566207483808 154
1739996033534 39.82570922398826 155
1739996033553 39.429753500932506 156
1739996033576 39.03775487521731 157
1739996033604 38.6496737181545 158
1739996033633 38.265470798779035 159
1739996033657 37.88510727984759 160
1739996033675 37.50854471387754 161
1739996033693 37.13574503922586 162
1739996033710 36.766670576207616 163
1739996033726 36.40128402325359 164
1739996033744 36.0395484531067 165
1739996033760 35.681427309056744 166
1739996033776 35.326884401213206 167
1739996033792 34.97588390281554 168
1739996033945 34.62839034658079 169
1739996033993 34.28436862108795 170
1739996034034 33.94378396719888 171
1739996034067 33.606601974515264 172
1739996034091 33.27278857787129 173
1739996034112 32.942310053861775 174
1739996034134 32.61513301740522 175
1739996034155 32.29122441834158 176
1739996034175 31.970551538064267 177
1739996034196 31.65308198618627 178
1739996034216 31.33878369723971 179
1739996034237 31.02762492740876 180
1739996034258 30.719574251295548 181
1739996034281 30.41460055871859 182
1739996034302 30.112673051543528 183
1739996034324 29.813761240545816 184
1739996034346 29.5178349423051 185
1739996034364 29.224864276130766 186
1739996034383 28.934819661018647 187
1739996034402 28.64767181263824 188
1739996034419 28.363391740350433 189
1739996034435 28.081950744255224 190
1739996034450 27.80332041226921 191
1739996034467 27.52747261723252 192
1739996034484 27.254379514044928 193
1739996034500 26.984013536830815 194
1739996034517 26.716347396132715 195
1739996034533 26.451354076133136 196
1739996034551 26.189006831904347 197
1739996034568 25.92927918668598 198
1739996034585 25.672144929189937 199
1739996034602 25.41757811093253 200
1739996034621 25.165553043593473 201
1739996034638 24.916044296401562 202
1739996034655 24.669026693546538 203
1739996034671 24.424475311617194 204
1739996034701 24.18236547706519 205
1739996034740 23.942672763694414 206
1739996034776 23.705372990175764 207
1739996034805 23.470442217586747 208
1739996034825 23.237856746976135 209
1739996034842 23.007593116952847 210
1739996034859 22.779628101299405 211
1739996034876 22.55393870660924 212
1739996034894 22.330502169947895 213
1739996034912 22.109295956537693 214
1739996034929 21.89029775746583 215
1739996034947 21.673485487415483 216
1739996034964 21.458837282419776 217
1739996034981 21.246331497638383 218
1739996034999 21.035946705156547 219
1739996035015 20.82766169180616 220
1739996035033 20.62145545700887 221
1739996035051 20.41730721064098 222
1739996035070 20.215196370919642 223
1739996035087 20.01510256231053 224
1739996035105 19.81700561345647 225
1739996035124 19.62088555512692 226
1739996035142 19.42672261818822 227
1739996035159 19.234497231594105 228
1739996035177 19.044190020396577 229
1739996035195 18.855781803776747 230
1739996035210 18.66925359309553 231
1739996035228 18.484586589963875 232
1739996035243 18.301762184332567 233
1739996035260 18.12076195260113 234
1739996035276 17.941567655745843 235
1739996035293 17.764161237466542 236
1739996035379 17.588524822352134 237
1739996035396 17.4146407140645 238
1739996035412 17.242491393540764 239
1739996035428 17.072059517213567 240
1739996035445 16.903327915249317 241
1739996035472 16.736279589804166 242
1739996035507 16.57089771329747 243
1739996035527 16.4071656267027 244
1739996035548 16.245066837855518 245
1739996035565 16.084585019778867 246
1739996035582 15.925704009024967 247
1739996035597 15.768407804033895 248
1739996035612 15.612680563508796 249
1739996035627 15.458506604807354 250
1739996035644 15.305870402349504 251
1739996035659 15.154756586041085 252
1739996035674 15.00514993971347 253
1739996035689 14.857035399578791 254
1739996035705 14.710398052700738 255
1739996035721 14.565223135480757 256
1739996035737 14.421496032159464 257
1739996035752 14.279202273333103 258
1739996035768 14.138327534485004 259
1739996035783 13.998857634531719 260
1739996035799 13.860778534383837 261
1739996035815 13.724076335521287 262
1739996035830 13.588737278582899 263
1739996035845 13.454747741970245 264
1739996035861 13.322094240465448 265
1739996035875 13.190763423862894 266
1739996035892 13.06074207561477 267
1739996035908 12.932017111490131 268
1739996035925 12.804575578247553 269
1739996035946 12.678404652321019 270
1739996035964 12.553491638519136 271
1739996035979 12.429823968737326 272
1739996035997 12.307389200683028 273
1739996036017 12.186175016613715 274
1739996036034 12.066169222087565 275
1739996036051 11.947359744726732 276
1739996036067 11.829734632993034 277
1739996036083 11.713282054975931 278
1739996036101 11.597990297192705 279
1739996036118 11.48384776340071 280
1739996036135 11.370842973421567 281
1739996036151 11.258964561977134 282
1739996036166 11.14820127753722 283
1739996036181 11.038541981178874 284
1739996036196 10.929975645457118 285
1739996036210 10.822491353287063 286
1739996036226 10.71607829683723 287
1739996036242 10.61072577643403 288
1739996036257 10.506423199477215 289
1739996036272 10.403160079366227 290
1739996036288 10.300926034437389 291
1739996036305 10.199710786911718 292
1739996036320 10.09950416185336 293
1739996036337 10.000296086138471 294
1739996036353 9.902076587434419 295
1739996036369 9.80483579318929 296
1739996036385 9.708563929631586 297
1739996036401 9.61325132077988 298
1739996036417 9.518888387462471 299
1739996036434 9.425465646346904 300
1739996036452 9.332973708979234 301
1739996036469 9.24140328083288 302
1739996036486 9.150745160367135 303
1739996036502 9.060990238095055 304
1739996036518 8.97212949566078 305
1739996036535 8.884154004926035 306
1739996036552 8.797054927065899 307
1739996036570 8.710823511673592 308
1739996036587 8.625451095874288 309
1739996036604 8.54092910344783 310
1739996036620 8.457249043960228 311
1739996036637 8.374402511903925 312
1739996036655 8.292381185846642 313
1739996036672 8.211176827588837 314
1739996036690 8.130781281329568 315
1739996036707 8.051186472840758 316
1739996036723 7.972384408649761 317
1739996036740 7.89436717523012 318
1739996036756 7.817126938200466 319
1739996036773 7.740655941531459 320
1739996036791 7.664946506760672 321
1739996036810 7.58999103221539 322
1739996036828 7.515781992243208 323
1739996036928 7.442311936450331 324
1739996036946 7.369573488947528 325
1739996036964 7.297559347603689 326
1739996036982 7.2262622833068475 327
1739996036999 7.155675139232614 328
1739996037016 7.0857908301199934 329
1739996037035 7.016602341554417 330
1739996037052 6.948102729258035 331
1739996037069 6.880285118387083 332
1739996037087 6.813142702836323 333
1739996037103 6.746668744550494 334
1739996037120 6.68085657284259 335
1739996037138 6.615699583719086 336
1739996037155 6.551191239211863 337
1739996037172 6.487325066716884 338
1739996037189 6.424094658339471 339
1739996037206 6.361493670246177 340
1739996037223 6.299515822023163 341
1739996037239 6.2381548960409985 342
1739996037255 6.177404736825851 343
1739996037271 6.117259250436994 344
1739996037289 6.05771240385052 345
1739996037305 5.998758224349308 346
1739996037322 5.940390798919062 347
1739996037339 5.882604273650394 348
1739996037355 5.8253928531469725 349
1739996037371 5.768750799939557 350
1739996037389 5.712672433905939 351
1739996037405 5.657152131696668 352
1739996037422 5.602184326166588 353
1739996037440 5.547763505812051 354
1739996037460 5.49388421421378 355
1739996037479 5.440541049485311 356
1739996037499 5.387728663726993 357
1739996037516 5.335441762485453 358
1739996037533 5.283675104218466 359
1739996037551 5.232423499765243 360
1739996037568 5.181681811821984 361
1739996037586 5.131444954422698 362
1739996037603 5.081707892425264 363
1739996037621 5.032465641002619 364
1739996037642 4.983713265139057 365
1739996037659 4.935445879131578 366
1739996037677 4.887658646096246 367
1739996037699 4.840346777479491 368
1739996037726 4.7935055325743265 369
1739996037754 4.747130218041403 370
1739996037784 4.70121618743485 371
1739996037806 4.655758840732938 372
1739996037822 4.610753623873359 373
1739996037839 4.566196028293248 374
1739996037856 4.5220815904737695 375
1739996037872 4.478405891489271 376
1739996037890 4.435164556560982 377
1739996037907 4.392353254615195 378
1739996037924 4.349967697845826 379
1739996037941 4.308003641281419 380
1739996037958 4.266456882356458 381
1739996037975 4.2253232604869835 382
1739996037993 4.184598656650479 383
1739996038010 4.144278992969969 384
1739996038027 4.104360232302244 385
1739996038045 4.064838377830272 386
1739996038064 4.025709472659672 387
1739996038081 3.986969599419224 388
1739996038097 3.948614879865401 389
1739996038113 3.9106414744908506 390
1739996038131 3.8730455821368124 391
1739996038148 3.83582343960942 392
1739996038166 3.798971321299836 393
1739996038182 3.762485538808223 394
1739996038199 3.7263624405714633 395
1739996038216 3.6905984114945833 396
1739996038233 3.6551898725859524 397
1739996038250 3.6201332805960633 398
1739996038266 3.585425127659956 399
1739996038284 3.551061940943223 400
1739996038301 3.5170402822915907 401
1739996038321 3.483356747883972 402
1739996038338 3.4500079678890287 403
1739996038356 3.4169906061251516 404
1739996038372 3.3843013597238483 405
1739996038389 3.351936958796543 406
1739996038405 3.319894166104659 407
1739996038422 3.288169776733061 408
1739996038439 3.2567606177667185 409
1739996038455 3.225663547970654 410
1739996038470 3.1948754574730738 411
1739996038491 3.1643932674516817 412
1739996038507 3.13421392982314 413
1739996038524 3.1043344269356097 414
1739996038540 3.074751771264432 415
1739996038563 3.0454630051108085 416
1739996038586 3.0164652003035126 417
1739996038602 2.9877554579036056 418
1739996038619 2.9593309079120895 419
1739996038635 2.9311887089805144 420
1739996038651 2.903326048124447 421
1739996038667 2.875740140439847 422
1739996038683 2.848428228822268 423
1739996038700 2.8213875836888653 424
1739996038716 2.7946155027032242 425
1739996038736 2.7681093105028785 426
1739996038752 2.7418663584296232 427
1739996038767 2.7158840242625 428
1739996038784 2.6901597119534517 429
1739996038802 2.6646908513656413 430
1739996038819 2.639474898014386 431
1739996038836 2.6145093328106785 432
1739996038852 2.5897916618072734 433
1739996038868 2.5653194159473562 434
1739996038885 2.5410901508156742 435
1739996038903 2.5171014463921844 436
1739996038920 2.4933509068081925 437
1739996038938 2.4698361601048955 438
1739996038955 2.446554857994348 439
1739996038972 2.4235046756228553 440
1739996038993 2.4006833113367 441
1739996039012 2.3780884864502365 442
1739996039032 2.3557179450162864 443
1739996039050 2.33356945359886 444
1739996039067 2.3116408010481297 445
1739996039085 2.2899297982776856 446
1739996039103 2.2684342780439724 447
1739996039119 2.247152094727984 448
1739996039135 2.2260811241191254 449
1739996039154 2.2052192632012404 450
1739996039170 2.18456442994077 451
1739996039187 2.164114563077049 452
1739996039204 2.1438676219146893 453
1739996039221 2.12382158611805 454
1739996039238 2.1039744555077626 455
1739996039254 2.0843242498593035 456
1739996039270 2.0648690087035475 457
1739996039290 2.045606791129362 458
1739996039307 2.0265356755881596 459
1739996039324 2.0076537597003976 460
1739996039343 1.9889591600640233 461
1739996039359 1.9704500120648456 462
1739996039376 1.9521244696887887 463
1739996039393 1.9339807053360276 464
1739996039409 1.9160169096369961 465
1739996039425 1.898231291270231 466
1739996039442 1.880622076782028 467
1739996039458 1.8631875104079354 468
1739996039475 1.845925853895968 469
1739996039494 1.8288353863316724 470
1739996039510 1.8119144039648896 471
1739996039526 1.7951612200382732 472
1739996039543 1.7785741646175026 473
1739996039559 1.7621515844232285 474
1739996039575 1.7458918426646584 475
1739996039592 1.7297933188748529 476
1739996039608 1.7138544087476355 477
1739996039624 1.6980735239761549 478
1739996039640 1.6824490920930384 479
1739996039656 1.6669795563121792 480
1739996039672 1.651663375372081 481
1739996039689 1.6364990233807766 482
1739996039704 1.6214849896623047 483
1739996039720 1.6066197786047074 484
1739996039738 1.591901909509577 485
1739996039755 1.5773299164430679 486
1739996039771 1.5629023480884374 487
1739996039787 1.548617767600043 488
1739996039805 1.5344747524588012 489
1739996039845 1.5204718943290911 490
1739996039861 1.506607798917094 491
1739996039878 1.492881085830566 492
1739996039894 1.479290388439964 493
1739996039911 1.4658343537410257 494
1739996039927 1.4525116422186763 495
1739996039943 1.439320927712316 496
1739996039959 1.4262608972824506 497
1739996039975 1.4133302510786603 498
1739996039992 1.4005277022088825 499
