1739984293739 8.570540153331743 0
1739984293821 4.985011805835965 1
1739984293905 7.320020252732252 2
1739984293987 3.320816683297535 3
1739984294070 7.491600616419352 4
1739984294145 6.311658074531518 5
1739984294230 6.249850200598549 6
1739984294316 5.4612443836194124 7
1739984294403 6.119885917220307 8
1739984294495 6.756441639297778 9
1739984294581 7.467142305231129 10
1739984294674 4.073486147508365 11
1739984294779 4.4463159493576425 12
1739984294891 7.436525867740605 13
1739984295067 4.717349155271371 14
1739984295181 4.695106734133537 15
1739984295302 8.706958752231403 16
1739984295428 7.719286768022325 17
1739984295557 6.318040079120271 18
1739984295655 6.565620119960479 19
1739984295734 5.726135257505072 20
1739984295812 10.282918924220265 21
1739984295901 5.360243508083025 22
1739984295995 4.233424240075395 23
1739984296100 4.0230247721993395 24
1739984296215 5.531127235053075 25
1739984296343 7.353020474699522 26
1739984296482 9.271648890734125 27
1739984296627 16.379319679647065 28
1739984296773 10.108456830878124 29
1739984296918 5.133706976168071 30
1739984297024 7.596882583040397 31
1739984297101 2.9954840808349514 32
1739984297176 8.535432692759294 33
1739984297289 4.824651409225448 34
1739984297372 8.212604217552064 35
1739984297453 7.007535479067285 36
1739984297537 8.746203548281944 37
1739984297619 7.193948010555928 38
1739984297704 8.308150531988291 39
1739984297786 7.0263648293424135 40
1739984297884 10.207597529000342 41
1739984297959 7.348519143225711 42
1739984298094 6.63628435862597 43
1739984298171 6.0331555107528905 44
1739984298247 8.18635807775872 45
1739984298322 5.577308193962691 46
1739984298396 9.908840960960033 47
1739984298468 8.313722837932453 48
1739984298550 6.066305123019159 49
1739984298623 6.117283362179691 50
1739984298699 8.578501054442327 51
1739984298782 8.37149732918104 52
1739984298855 3.9426898243984385 53
1739984298928 7.67681750198488 54
1739984299009 7.039516995367113 55
1739984299088 7.687438843599839 56
1739984299168 3.3754533349985083 57
1739984299248 4.937945116846791 58
1739984299329 4.839510135232107 59
1739984299409 5.627064456121195 60
1739984299489 6.880632433302048 61
1739984299567 8.85941395389501 62
1739984299648 7.544315288202186 63
1739984299731 5.165186274313929 64
1739984299814 6.543272104046642 65
1739984299891 4.516407106546053 66
1739984299970 6.960205936939395 67
1739984300046 7.320286101508154 68
1739984300121 7.024769878445318 69
1739984300197 6.7572482738889645 70
1739984300275 5.650201861764892 71
1739984300353 11.993240928648602 72
1739984300428 3.7729176740415444 73
1739984300508 4.86228501746533 74
1739984300585 6.598742183292228 75
1739984300665 6.079529996423479 76
1739984300748 12.125161028736398 77
1739984300828 6.319134352301725 78
1739984300903 6.459765641547742 79
1739984300983 5.146227870937884 80
1739984301060 6.768367589902138 81
1739984301137 8.360125252616776 82
1739984301216 5.20342476491573 83
1739984301339 4.477756601283632 84
1739984301413 5.980333620620192 85
1739984301484 6.8081941414146 86
1739984301558 6.647441326205686 87
1739984301629 1.8164821484103677 88
1739984301700 5.678828892609634 89
1739984301775 5.347628098136403 90
1739984301849 9.943071210528577 91
1739984301926 7.165192792472121 92
1739984302003 5.233058119844469 93
1739984302077 5.811714782665242 94
1739984302152 6.36757375744014 95
1739984302227 7.837459996938107 96
1739984302301 7.967521182014166 97
1739984302371 4.055942619470495 98
1739984302450 6.655584279042782 99
1739984302531 13.431872014414282 100
1739984302608 6.094730906338966 101
1739984302684 6.149200080124199 102
1739984302763 4.587496442089173 103
1739984302844 8.198229650687427 104
1739984302919 6.5160350022852604 105
1739984302989 5.311363697117527 106
1739984303067 5.644153555283581 107
1739984303142 7.193099664499953 108
1739984303219 6.836378614767761 109
1739984303298 5.248780869309117 110
1739984303373 4.708821267080642 111
1739984303448 5.4450334429593275 112
1739984303518 7.424605042659358 113
1739984303594 5.07313248762084 114
1739984303667 7.329538015403023 115
1739984303741 6.639752005226221 116
1739984303815 7.431702460675725 117
1739984303886 5.6469866383346465 118
1739984303959 9.910291725841374 119
1739984304031 10.208231512642506 120
1739984304104 5.0555911554639 121
1739984304174 6.613996668720182 122
1739984304246 6.136865770512767 123
1739984304323 7.197205607267685 124
1739984304395 6.154363879712251 125
1739984304470 6.512563307303853 126
1739984304547 5.672589014184588 127
1739984304626 2.9969910439435647 128
1739984304709 5.8160449855783956 129
1739984304792 7.060667292556144 130
1739984304871 5.072003894551204 131
1739984304949 6.734527111727244 132
1739984305037 4.3303053650655485 133
1739984305139 4.66356727405037 134
1739984305263 4.70591542027822 135
1739984305401 5.465342871131259 136
1739984305579 8.962152297734843 137
1739984305687 5.116293789716548 138
1739984305798 6.984406842439516 139
1739984305925 9.955629823615302 140
1739984306048 5.2947918586136 141
1739984306174 15.568331739791292 142
