1739997678050 175.12033609555388 0
1739997678071 175.08509382401957 1
1739997678089 175.0498588128731 2
1739997678106 175.01463106060157 3
1739997678124 174.9794105656924 4
1739997678142 174.94419732663337 5
1739997678159 174.90899134191238 6
1739997678180 174.87379261001792 7
1739997678197 174.8386011294386 8
1739997678215 174.80341689866341 9
1739997678233 174.76823991618167 10
1739997678252 174.73307018048303 11
1739997678270 174.6979076900574 12
1739997678288 174.66275244339508 13
1739997678306 174.6276044389866 14
1739997678323 174.59246367532285 15
1739997678340 174.55733015089507 16
1739997678358 174.5222038641948 17
1739997678379 174.48708481371384 18
1739997678397 174.45197299794435 19
1739997678415 174.41686841537887 20
1739997678433 174.38177106451005 21
1739997678450 174.34668094383116 22
1739997678467 174.31159805183555 23
1739997678485 174.27652238701688 24
1739997678503 174.24145394786933 25
1739997678520 174.20639273288725 26
1739997678537 174.17133874056523 27
1739997678554 174.1362919693984 28
1739997678572 174.101252417882 29
1739997678590 174.06622008451166 30
1739997678608 174.03119496778334 31
1739997678625 173.9961770661933 32
1739997678644 173.96116637823818 33
1739997678662 173.92616290241477 34
1739997678678 173.89116663722035 35
1739997678695 173.85617758115248 36
1739997678714 173.8211957327089 37
1739997678732 173.7862210903878 38
1739997678748 173.75125365268767 39
1739997678766 173.7162934181073 40
1739997678782 173.68134038514577 41
1739997678800 173.64639455230252 42
1739997678818 173.61145591807724 43
1739997678835 173.57652448097 44
1739997678852 173.54160023948117 45
1739997678870 173.5066831921114 46
1739997678888 173.47177333736167 47
1739997678908 173.4368706737333 48
1739997678925 173.4019751997279 49
1739997678942 173.3670869138474 50
1739997678960 173.33220581459403 51
1739997678977 173.29733190047037 52
1739997678995 173.2624651699793 53
1739997679013 173.22760562162398 54
1739997679029 173.19275325390794 55
1739997679047 173.15790806533496 56
1739997679065 173.1230700544092 57
1739997679081 173.08823921963503 58
1739997679099 173.05341555951733 59
1739997679116 173.01859907256107 60
1739997679135 172.98378975727167 61
1739997679152 172.94898761215484 62
1739997679173 172.91419263571652 63
1739997679191 172.8794048264631 64
1739997679209 172.84462418290119 65
1739997679233 172.80985070353776 66
1739997679253 172.77508438688008 67
1739997679291 172.74032523143566 68
1739997679311 172.70557323571242 69
1739997679331 172.67082839821862 70
1739997679351 172.63609071746268 71
1739997679371 172.60136019195352 72
1739997679388 172.5666368202002 73
1739997679407 172.53192060071217 74
1739997679425 172.49721153199928 75
1739997679442 172.46250961257152 76
1739997679460 172.42781484093936 77
1739997679480 172.39312721561342 78
1739997679498 172.35844673510474 79
1739997679517 172.3237733979247 80
1739997679536 172.28910720258483 81
1739997679553 172.2544481475972 82
1739997679571 172.219796231474 83
1739997679589 172.18515145272784 84
1739997679607 172.15051380987157 85
1739997679626 172.11588330141842 86
1739997679642 172.0812599258819 87
1739997679660 172.04664368177583 88
1739997679677 172.0120345676143 89
1739997679694 171.9774325819118 90
1739997679711 171.94283772318312 91
1739997679729 171.90824998994324 92
1739997679746 171.87366938070764 93
1739997679765 171.83909589399187 94
1739997679781 171.8045295283121 95
1739997679797 171.76997028218454 96
1739997679816 171.73541815412585 97
1739997679834 171.7008731426529 98
1739997679850 171.66633524628307 99
1739997679867 171.63180446353383 100
1739997679884 171.59728079292304 101
1739997679900 171.56276423296887 102
1739997679919 171.5282547821899 103
1739997679936 171.4937524391048 104
1739997679953 171.4592572022328 105
1739997679970 171.42476907009328 106
1739997679987 171.39028804120593 107
1739997680004 171.35581411409086 108
1739997680023 171.3213472872684 109
1739997680040 171.28688755925916 110
1739997680058 171.25243492858422 111
1739997680075 171.21798939376478 112
1739997680092 171.18355095332245 113
1739997680109 171.1493788168135 114
1739997680127 171.11521369273908 115
1739997680144 171.08105557964078 116
1739997680162 171.04690447606052 117
1739997680182 171.0127603805407 118
1739997680200 170.9786232916238 119
1739997680218 170.9444932078528 120
1739997680237 170.91037012777085 121
1739997680255 170.8762540499215 122
1739997680271 170.84214497284856 123
1739997680288 170.80804289509612 124
1739997680305 170.77394781520863 125
1739997680325 170.7398597317308 126
1739997680346 170.70577864320765 127
1739997680434 170.67170454818452 128
1739997680456 170.6376374452071 129
1739997680475 170.6035773328213 130
1739997680493 170.56952420957336 131
1739997680510 170.5354780740098 132
1739997680529 170.5014389246776 133
1739997680546 170.4674067601238 134
1739997680562 170.43338157889596 135
1739997680578 170.39936337954182 136
1739997680595 170.36535216060943 137
1739997680613 170.33134792064723 138
1739997680630 170.29735065820384 139
1739997680647 170.26336037182824 140
1739997680663 170.22937706006985 141
1739997680682 170.19540072147817 142
1739997680699 170.1614313546031 143
1739997680718 170.12746895799484 144
1739997680735 170.09351353020395 145
1739997680752 170.05956506978123 146
1739997680769 170.0256235752778 147
1739997680786 169.991689045245 148
1739997680803 169.95776147823466 149
1739997680821 169.92384087279876 150
1739997680838 169.8899272274896 151
1739997680855 169.8560205408599 152
1739997680872 169.82212081146255 153
1739997680889 169.78822803785076 154
1739997680906 169.7543422185781 155
1739997680925 169.72046335219844 156
1739997680942 169.68659143726592 157
1739997680959 169.65272647233493 158
1739997680976 169.61886845596032 159
1739997680993 169.5850173866971 160
1739997681010 169.55117326310062 161
1739997681028 169.51733608372658 162
1739997681045 169.4835058471309 163
1739997681062 169.44968255186993 164
1739997681079 169.41586619650016 165
1739997681096 169.38205677957845 166
1739997681113 169.34825429966207 167
1739997681131 169.3144587553084 168
1739997681148 169.28067014507528 169
1739997681164 169.24688846752076 170
1739997681183 169.21311372120329 171
1739997681200 169.1793459046815 172
1739997681219 169.14558501651436 173
1739997681238 169.1118310552612 174
1739997681256 169.07808401948157 175
1739997681273 169.04434390773545 176
1739997681290 169.01061071858294 177
1739997681307 168.9768844505846 178
1739997681325 168.9431651023012 179
1739997681343 168.9094526722939 180
1739997681360 168.875747159124 181
1739997681377 168.84204856135324 182
1739997681394 168.80835687754367 183
1739997681411 168.77467210625755 184
1739997681429 168.74099424605754 185
1739997681447 168.70732329550646 186
1739997681463 168.6736592531676 187
1739997681481 168.64000211760444 188
1739997681498 168.60635188738078 189
1739997681515 168.57270856106078 190
1739997681534 168.5390721372088 191
1739997681552 168.50544261438955 192
1739997681569 168.4718199911681 193
1739997681586 168.43820426610975 194
1739997681602 168.40459543778007 195
1739997681618 168.37099350474503 196
1739997681636 168.33739846557077 197
1739997681654 168.30381031882393 198
1739997681671 168.2702290630712 199
1739997681689 168.23665469687978 200
1739997681706 168.20308721881707 201
1739997681725 168.1695266274508 202
1739997681743 168.13597292134895 203
1739997681761 168.10242609907988 204
1739997681779 168.06888615921216 205
1739997681798 168.03535310031475 206
1739997681820 168.0018269209569 207
1739997681841 167.96830761970799 208
1739997681859 167.93479519513798 209
1739997681877 167.90128964581692 210
1739997681895 167.86779097031524 211
1739997681912 167.83429916720368 212
1739997681930 167.80081423505322 213
1739997681949 167.7673361724352 214
1739997681966 167.7338649779212 215
1739997681984 167.7004006500832 216
1739997682002 167.6669431874933 217
1739997682019 167.63349258872415 218
1739997682039 167.60004885234846 219
1739997682057 167.56661197693936 220
1739997682075 167.53318196107028 221
1739997682093 167.4997588033149 222
1739997682111 167.46634250224724 223
1739997682130 167.43293305644164 224
1739997682148 167.39953046447266 225
1739997682167 167.3661347249152 226
1739997682191 167.3327458363445 227
1739997682211 167.29936379733604 228
1739997682241 167.26598860646558 229
1739997682265 167.23262026230927 230
1739997682288 167.19925876344348 231
1739997682308 167.16590410844492 232
1739997682327 167.1325562958905 233
1739997682345 167.09921532435766 234
1739997682362 167.0658811924239 235
1739997682379 167.03255389866703 236
1739997682396 166.99923344166535 237
1739997682413 166.96591981999734 238
1739997682431 166.93261303224173 239
1739997682449 166.89931307697756 240
1739997682466 166.86601995278428 241
1739997682483 166.83273365824152 242
1739997682500 166.7994541919293 243
1739997682517 166.7661815524278 244
1739997682536 166.73291573831767 245
1739997682554 166.69965674817973 246
1739997682571 166.66640458059513 247
1739997682587 166.63315923414535 248
1739997682604 166.5999207074121 249
1739997682621 166.5666889989775 250
1739997682639 166.53346410742387 251
1739997682657 166.5002460313338 252
1739997682674 166.46703476929028 253
1739997682691 166.43383031987656 254
1739997682709 166.40063268167617 255
1739997682729 166.3674418532729 256
1739997682747 166.33425783325094 257
1739997682764 166.30108062019468 258
1739997682781 166.26791021268886 259
1739997682798 166.23474660931845 260
1739997682816 166.20158980866879 261
1739997682833 166.16843980932552 262
1739997682851 166.13529660987453 263
1739997682868 166.102160208902 264
1739997682885 166.06903060499445 265
1739997682901 166.03590779673868 266
1739997682918 166.0027917827218 267
1739997682937 165.96968256153116 268
1739997682954 165.93658013175445 269
1739997682971 165.90348449197964 270
1739997682988 165.87039564079504 271
1739997683004 165.8373135767892 272
1739997683021 165.80423829855098 273
1739997683039 165.77116980466957 274
1739997683057 165.73810809373438 275
1739997683073 165.70505316433523 276
1739997683090 165.67200501506213 277
1739997683106 165.6389636445054 278
1739997683124 165.60592905125569 279
1739997683143 165.57290123390396 280
1739997683160 165.53988019104145 281
1739997683178 165.50686592125967 282
1739997683197 165.4738584231504 283
1739997683213 165.4408576953058 284
1739997683232 165.40786373631826 285
1739997683251 165.37487654478053 286
1739997683268 165.34189611928554 287
1739997683286 165.30892245842662 288
1739997683302 165.27595556079737 289
1739997683319 165.24299542499165 290
1739997683336 165.21004204960366 291
1739997683354 165.17709543322783 292
1739997683371 165.144155574459 293
1739997683388 165.11122247189218 294
1739997683406 165.07829612412272 295
1739997683424 165.04537652974628 296
1739997683441 165.01246368735883 297
1739997683459 164.97955759555657 298
1739997683476 164.9466582529361 299
1739997683493 164.91376565809412 300
1739997683510 164.88087980962786 301
1739997683527 164.84800070613474 302
1739997683545 164.81512834621236 303
1739997683562 164.78226272845885 304
1739997683579 164.7494038514724 305
1739997683596 164.71655171385166 306
1739997683613 164.68370631419552 307
1739997683630 164.6508676511031 308
1739997683648 164.61803572317393 309
1739997683666 164.58521052900775 310
1739997683682 164.5523920672046 311
1739997683698 164.51958033636487 312
1739997683716 164.48677533508916 313
1739997683733 164.4539770619784 314
1739997683751 164.42118551563385 315
1739997683769 164.38840069465707 316
1739997683786 164.35562259764976 317
1739997683803 164.32285122321414 318
1739997683820 164.29008656995256 319
1739997683836 164.25732863646772 320
1739997683854 164.2245774213626 321
1739997683872 164.19183292324047 322
1739997683889 164.15909514070492 323
1739997683906 164.12636407235985 324
1739997683923 164.09363971680935 325
1739997683940 164.06092207265786 326
1739997683958 164.02821113851022 327
1739997683976 163.99550691297136 328
1739997683993 163.96280939464665 329
1739997684009 163.93011858214172 330
1739997684026 163.89743447406246 331
1739997684044 163.86475706901504 332
1739997684063 163.83208636560605 333
1739997684080 163.7994223624422 334
1739997684097 163.76676505813055 335
1739997684113 163.73411445127851 336
1739997684130 163.70147054049374 337
1739997684148 163.66883332438417 338
1739997684166 163.63620280155806 339
1739997684183 163.60357897062397 340
1739997684202 163.57096183019067 341
1739997684220 163.53835137886736 342
1739997684241 163.50574761526335 343
1739997684259 163.4731505379884 344
1739997684277 163.44056014565254 345
1739997684294 163.40797643686597 346
1739997684311 163.37539941023928 347
1739997684328 163.34282906438344 348
1739997684346 163.3102653979095 349
1739997684365 163.2777084094289 350
1739997684382 163.2451580975534 351
1739997684399 163.2126144608951 352
1739997684416 163.18007749806623 353
1739997684433 163.14754720767945 354
1739997684451 163.1150235883476 355
1739997684469 163.08250663868395 356
1739997684487 163.04999635730195 357
1739997684505 163.01749274281542 358
1739997684522 162.98499579383832 359
1739997684540 162.95250550898507 360
1739997684559 162.92002188687033 361
1739997684576 162.887544926109 362
1739997684591 162.85507462531626 363
1739997684607 162.82261098310775 364
1739997684623 162.79015399809916 365
1739997684640 162.75770366890663 366
1739997684658 162.72525999414657 367
1739997684676 162.69282297243555 368
1739997684693 162.6603926023907 369
1739997684709 162.62796888262912 370
1739997684727 162.59555181176844 371
1739997684746 162.56314138842646 372
1739997684765 162.5307376112213 373
1739997684782 162.49834047877135 374
1739997684799 162.46594998969545 375
1739997684816 162.4335661426124 376
1739997684833 162.40118893614155 377
1739997684851 162.36881836890254 378
1739997684869 162.3364544395151 379
1739997684886 162.3040971465995 380
1739997684903 162.27174648877607 381
1739997684920 162.23940246466566 382
1739997684938 162.20706507288918 383
1739997684956 162.17473431206795 384
1739997684974 162.1424101808236 385
1739997684991 162.11009267777794 386
1739997685007 162.07778180155324 387
1739997685023 162.04547755077186 388
1739997685040 162.0131799240566 389
1739997685057 161.98088892003048 390
1739997685075 161.94860453731687 391
1739997685092 161.9163267745393 392
1739997685109 161.8840556303217 393
1739997685126 161.8517911032883 394
1739997685143 161.8195331920635 395
1739997685160 161.78728189527212 396
1739997685178 161.75503721153922 397
1739997685198 161.72279913949012 398
1739997685215 161.69056767775047 399
1739997685233 161.6583428249461 400
1739997685250 161.6261245797033 401
1739997685268 161.59391294064852 402
1739997685286 161.5617079064086 403
1739997685302 161.52950947561058 404
1739997685319 161.49731764688178 405
1739997685336 161.46513241884986 406
1739997685354 161.43295379014273 407
1739997685372 161.40078175938868 408
1739997685390 161.3686163252161 409
1739997685407 161.3364574862539 410
1739997685424 161.3043052411311 411
1739997685442 161.27215958847705 412
1739997685459 161.24002052692143 413
1739997685478 161.20788805509417 414
1739997685495 161.17576217162554 415
1739997685511 161.14364287514599 416
1739997685528 161.1115301642863 417
1739997685545 161.07942403767763 418
1739997685562 161.04732449395138 419
1739997685580 161.0152315317391 420
1739997685597 160.98314514967282 421
1739997685614 160.95106534638475 422
1739997685630 160.91899212050745 423
1739997685647 160.88692547067362 424
1739997685664 160.85486539551644 425
1739997685682 160.8228118936693 426
1739997685700 160.79076496376584 427
1739997685717 160.75872460443995 428
1739997685733 160.72669081432602 429
1739997685750 160.69466359205842 430
1739997685769 160.66264293627202 431
1739997685787 160.63062884560196 432
1739997685803 160.59862131868354 433
1739997685822 160.56662035415252 434
1739997685839 160.53462595064477 435
1739997685856 160.50263810679655 436
1739997685876 160.4706568212444 437
1739997685893 160.43868209262519 438
1739997685910 160.4067139195759 439
1739997685927 160.37475230073397 440
1739997685944 160.3427972347371 441
1739997685962 160.31084872022316 442
1739997685980 160.2789067558305 443
1739997685997 160.24697134019752 444
1739997686014 160.21504247196313 445
1739997686031 160.18312014976632 446
1739997686048 160.1512043722466 447
1739997686067 160.11929513804353 448
1739997686085 160.08739244579706 449
1739997686102 160.05549629414747 450
1739997686121 160.02360668173526 451
1739997686140 159.99172360720124 452
1739997686158 159.9598470691865 453
1739997686176 159.9279770663324 454
1739997686194 159.89611359728062 455
1739997686212 159.86425666067302 456
1739997686233 159.83240625515194 457
1739997686251 159.80056237935983 458
1739997686270 159.76872503193945 459
1739997686288 159.73689421153392 460
1739997686305 159.70506991678664 461
1739997686322 159.67325214634118 462
1739997686339 159.64144089884158 463
1739997686355 159.6096361729319 464
1739997686374 159.57783796725678 465
1739997686391 159.54604628046093 466
1739997686408 159.51426111118943 467
1739997686426 159.48248245808762 468
1739997686444 159.45071031980115 469
1739997686462 159.41894469497592 470
1739997686480 159.38718558225818 471
1739997686498 159.35543298029435 472
1739997686514 159.32368688773124 473
1739997686531 159.29194730321595 474
1739997686548 159.26021422539569 475
1739997686566 159.22848765291815 476
1739997686584 159.1967675844312 477
1739997686601 159.1650540185831 478
1739997686618 159.13334695402227 479
1739997686635 159.10164638939747 480
1739997686653 159.06995232335768 481
1739997686670 159.0382647545523 482
1739997686689 159.00658368163087 483
1739997686706 158.9749091032433 484
1739997686726 158.94324101803974 485
1739997686744 158.9115794246707 486
1739997686762 158.87992432178683 487
1739997686783 158.84827570803915 488
1739997686802 158.81663358207902 489
1739997686820 158.78499794255794 490
1739997686838 158.75336878812786 491
1739997686855 158.7217461174408 492
1739997686873 158.69012992914932 493
1739997686892 158.65852022190606 494
1739997686909 158.626916994364 495
1739997686926 158.59532024517645 496
1739997686943 158.56372997299692 497
1739997686960 158.53214617647927 498
1739997686978 158.50056885427767 499
