1739967445425 5.914605503538377 0
1739967445499 5.954031017617004 1
1739967445576 6.279658566300359 2
1739967445653 9.066833929960053 3
1739967445726 7.344947150164083 4
1739967445796 9.756369547345018 5
1739967445864 8.717836612864033 6
1739967445932 9.386524290586303 7
1739967446001 4.328283814700688 8
1739967446069 7.2395480835871 9
1739967446138 10.152742576627269 10
1739967446206 11.788055979655779 11
1739967446276 10.705653591468549 12
1739967446345 6.851553346195891 13
1739967446421 7.626725116081786 14
1739967446490 8.803856663251468 15
1739967446565 5.83840735630347 16
1739967446678 7.432866770373302 17
1739967446750 13.300582050663307 18
1739967446818 6.633834659314824 19
1739967446890 5.918806297437181 20
1739967446959 6.749846459516377 21
1739967447029 8.43092968347504 22
1739967447098 10.143498780210074 23
1739967447166 7.478731574923357 24
1739967447234 4.236159834213428 25
1739967447303 5.846683311727567 26
1739967447374 5.709295417291572 27
1739967447442 7.053702544723644 28
1739967447509 6.773158037128719 29
1739967447590 6.6782593891036965 30
1739967447658 5.551379253413332 31
1739967447725 4.339247394406709 32
1739967447793 5.329824537465987 33
1739967447866 5.203965274719508 34
1739967447937 6.235735093896787 35
1739967448004 4.841797590088803 36
1739967448073 6.2242496094101325 37
1739967448141 5.820784927091244 38
1739967448211 6.449706243084682 39
1739967448282 7.355714776926475 40
1739967448351 7.407504125124571 41
1739967448422 12.128222716861675 42
1739967448497 7.960603214274394 43
1739967448571 10.26254627993444 44
1739967448639 3.506269688034082 45
1739967448710 6.036607623445315 46
1739967448778 4.832899167152187 47
1739967448848 9.940962168261063 48
1739967448918 4.659558151259466 49
1739967448988 5.491688705883178 50
1739967449060 8.849333198503713 51
1739967449133 3.6524629547987066 52
1739967449201 3.2728293042399685 53
1739967449269 1.7103616427603514 54
1739967449337 7.3516802267119195 55
1739967449407 7.276595008165494 56
1739967449475 7.862822353497975 57
1739967449551 5.960057291024384 58
1739967449621 4.242469296384077 59
1739967449688 8.306280545320927 60
1739967449756 5.968422735931636 61
1739967449824 6.575293319001738 62
1739967449896 11.932275737771093 63
1739967449967 5.996164326117147 64
1739967450037 6.43115972878773 65
1739967450107 3.5229220727595068 66
1739967450175 8.860752090524104 67
1739967450243 6.107540514731932 68
1739967450313 9.055067282887519 69
1739967450381 6.005655546074943 70
1739967450450 11.509756051817849 71
1739967450530 4.882708220685321 72
1739967450600 8.258615129383767 73
1739967450668 5.684682245609208 74
1739967450737 4.770822183488802 75
1739967450805 6.067253890804312 76
1739967450879 7.603761236292846 77
1739967450948 7.7793697819797325 78
1739967451020 8.759082496679804 79
1739967451087 9.887274085081616 80
1739967451157 11.381749314025281 81
1739967451225 7.183802199543118 82
1739967451294 9.566508950318491 83
1739967451423 7.814585662885966 84
1739967451500 6.2308242545420836 85
1739967451576 6.3891715446427595 86
1739967451645 3.58586084429973 87
1739967451713 9.44126866367025 88
1739967451782 9.744453756483583 89
1739967451851 6.895711465236449 90
1739967451921 3.767635607619954 91
1739967451989 6.532623570072453 92
1739967452060 5.3613752990949815 93
1739967452127 4.291289322250088 94
1739967452197 7.303139773937287 95
1739967452265 6.29657637343374 96
1739967452336 5.639721220938414 97
1739967452405 7.897878417727595 98
1739967452474 4.632842111719569 99
1739967452550 5.232386057455227 100
1739967452621 5.730302228224356 101
1739967452690 8.835495886998977 102
1739967452762 6.013044482411281 103
1739967452833 6.623383641824058 104
1739967452906 4.613619690570557 105
1739967452976 8.484162013454164 106
1739967453050 5.93663824190269 107
1739967453121 7.282540226057965 108
1739967453194 6.82632991597743 109
1739967453265 6.644470666466099 110
1739967453338 2.6129982216384366 111
1739967453410 15.159736706897645 112
1739967453482 4.2798085737616205 113
1739967453563 5.430800978789252 114
1739967453634 5.580111015017542 115
1739967453705 8.57971426550198 116
1739967453777 6.478278424055009 117
1739967453848 5.312362915098973 118
1739967453921 4.058088607613893 119
1739967454014 6.1906399687607285 120
1739967454092 6.337494534680423 121
1739967454162 5.411226369170227 122
1739967454234 7.910036409223778 123
1739967454306 10.165254014271772 124
1739967454377 5.627554794309887 125
1739967454449 8.725752099513072 126
1739967454524 4.333982103913447 127
1739967454599 9.178197647911114 128
1739967454672 5.7675512999959215 129
1739967454742 4.0911566702884805 130
1739967454814 6.551280382480072 131
1739967454885 7.240524863765944 132
1739967454957 4.03118088907547 133
1739967455028 10.705970799180827 134
1739967455102 10.857764576405808 135
1739967455173 9.056364622041833 136
1739967455245 7.680997592604562 137
1739967455317 8.480716685529076 138
1739967455389 29.080819188183526 139
1739967455460 5.125744040284355 140
1739967455538 7.018631599788676 141
1739967455611 8.27772116492482 142
1739967455678 4.277645556994897 143
1739967455745 7.315885118696088 144
1739967455813 7.463931334417049 145
1739967455882 9.076028011493381 146
1739967455953 6.248012554699651 147
1739967456022 6.270399045892659 148
1739967456092 9.934865533100263 149
1739967456160 8.914170626383543 150
1739967456228 6.768539531117739 151
1739967456298 3.5885187903964555 152
1739967456366 9.618901651666976 153
1739967456433 5.439811076955933 154
1739967456504 4.4665874393608105 155
1739967456595 4.96853401758116 156
1739967456666 3.599434636815249 157
1739967456736 9.613274484201588 158
1739967456806 9.50889023585682 159
1739967456875 8.70508136551106 160
1739967456942 3.3858089195907235 161
1739967457013 7.783348012531806 162
1739967457082 7.244066709922282 163
1739967457150 7.6052317203562 164
1739967457217 3.307438761543337 165
1739967457288 5.911962282566014 166
1739967457356 7.424782958976598 167
1739967457425 6.456193507484941 168
1739967457492 4.4180514506909345 169
1739967457564 5.413019885072112 170
1739967457632 7.286636345491392 171
1739967457701 9.038784975591915 172
1739967457773 8.773241380334994 173
1739967457840 8.2218674112762 174
1739967457909 7.2093371855180735 175
1739967457976 6.850407175526494 176
1739967458047 7.0914505641190635 177
1739967458149 5.922046408042153 178
1739967458216 6.395882226931328 179
1739967458284 6.169761132421038 180
1739967458355 12.659919189626526 181
1739967458423 5.120189434031636 182
1739967458492 10.97851118292427 183
1739967458565 7.255075057219917 184
1739967458640 6.6077707885727035 185
1739967458708 3.9560657997414554 186
1739967458775 8.209617776656497 187
1739967458843 9.874522691176422 188
1739967458913 5.7980930191401905 189
1739967458981 7.800469686144727 190
1739967459050 5.206499280728701 191
1739967459122 7.372544398017343 192
1739967459190 4.7479366042886255 193
1739967459259 6.098303581481404 194
1739967459331 7.100694232797798 195
1739967459401 8.640394547132859 196
1739967459469 4.173930194958159 197
1739967459542 6.246602306968707 198
1739967459613 6.991082873610549 199
1739967459682 6.816541134671125 200
1739967459749 8.752801816339002 201
1739967459818 6.133729645086543 202
1739967459888 6.0824270780260115 203
1739967459956 3.9698292383922387 204
1739967460024 6.359212017353936 205
1739967460094 6.2998949165145905 206
1739967460165 9.29227686599452 207
1739967460234 5.758276535675838 208
1739967460302 5.188584517664554 209
1739967460371 11.97624089713075 210
1739967460442 6.321205847751905 211
1739967460509 7.044075401675455 212
1739967460581 6.776735675556443 213
1739967460657 5.067402753253892 214
1739967460725 5.782242174105456 215
1739967460794 3.303505734613573 216
1739967460861 6.729575573363928 217
1739967460930 9.459618709745142 218
1739967461000 7.424554876358272 219
1739967461130 8.007850105084627 220
1739967461198 5.025159907367446 221
1739967461267 7.6143007757126275 222
1739967461337 13.52771700803052 223
1739967461409 3.778459864049274 224
1739967461478 1.9045592272763026 225
1739967461561 2.910354728095858 226
1739967461635 5.781234831625586 227
1739967461703 6.9062348160137885 228
1739967461770 5.682153035348737 229
1739967461839 6.728722831635491 230
1739967461910 2.537267871855359 231
1739967461978 10.053906314250964 232
1739967462046 4.640173553156416 233
1739967462114 8.909151489122918 234
1739967462183 3.659719229130242 235
1739967462251 5.325988346608068 236
1739967462326 6.743754459312439 237
1739967462393 13.205550336140476 238
1739967462462 4.764136833488238 239
1739967462531 5.299157098927758 240
1739967462602 5.770567675940083 241
1739967462673 5.520760112083321 242
1739967462742 4.455081764330228 243
1739967462809 7.121803771267715 244
1739967462879 3.528848552248159 245
1739967462952 10.039848676793193 246
1739967463020 9.834225571716912 247
1739967463090 9.184358229291732 248
1739967463164 6.472457215463228 249
1739967463232 6.710622204443353 250
1739967463301 21.911546598063552 251
1739967463372 5.712327509730728 252
1739967463441 5.242558612768666 253
1739967463509 11.046726479106411 254
1739967463584 6.926671003331635 255
1739967463651 5.034944979183934 256
1739967463721 12.292775903044209 257
1739967463788 3.3025879847658013 258
1739967463857 5.254116272761718 259
1739967463927 8.564824055784953 260
1739967463995 8.63993825467571 261
1739967464063 5.318414225882246 262
1739967464134 4.5275421483333735 263
1739967464202 6.981644786329219 264
1739967464269 8.016427548812338 265
1739967464339 6.654713499149159 266
1739967464406 3.9961368782219715 267
1739967464474 6.681608664322067 268
1739967464546 5.357980980994987 269
1739967464616 3.427202446217344 270
1739967464687 9.89594128900599 271
1739967464760 9.81436095985018 272
1739967464828 6.35647869395539 273
1739967464900 6.520155861488504 274
1739967464975 9.731014927610877 275
1739967465046 7.330959111118977 276
1739967465116 5.979552627081947 277
1739967465189 7.184191926203881 278
1739967465259 4.408422902501958 279
1739967465328 7.686641968223781 280
1739967465397 7.157567934185912 281
1739967465466 6.493015054689903 282
1739967465535 1.8461663002283917 283
1739967465605 3.0082306494527478 284
1739967465674 10.814387930505763 285
1739967465745 7.594646592003702 286
1739967465813 6.5295670307455485 287
1739967465885 6.966403162588382 288
1739967465956 8.731533487894758 289
1739967466024 5.625968878250952 290
