1739995763276 169.15949537300654 0
1739995763299 168.95273607955625 1
1739995763318 168.78374559950058 2
1739995763341 168.6149055333621 3
1739995763359 168.44623457520512 4
1739995763380 168.27773254608783 5
1739995763403 168.10939927671149 6
1739995763434 167.94123459794253 7
1739995763457 167.773238340817 8
1739995763477 167.60541033654042 9
1739995763498 167.43775041648763 10
1739995763518 167.27025841220274 11
1739995763538 167.1029341553986 12
1739995763557 166.93577747795703 13
1739995763579 166.76878821192847 14
1739995763601 166.6019661895318 15
1739995763624 166.43531124315425 16
1739995763657 166.26882320535105 17
1739995763678 166.1025019088456 18
1739995763700 165.93634718652893 19
1739995763721 165.77035887145976 20
1739995763748 165.60453679686418 21
1739995763777 165.43888079613572 22
1739995763810 165.27339070283492 23
1739995763843 165.1080663506893 24
1739995763873 164.94290757359317 25
1739995763906 164.77791420560746 26
1739995763939 164.61308608095953 27
1739995763968 164.448423034043 28
1739995764003 164.28392489941774 29
1739995764028 164.11959151180935 30
1739995764054 163.95542270610943 31
1739995764079 163.79141831737505 32
1739995764106 163.62757818082878 33
1739995764131 163.4639021318585 34
1739995764155 163.30039000601718 35
1739995764176 163.13704163902267 36
1739995764201 162.97385686675779 37
1739995764224 162.81083552526977 38
1739995764246 162.64797745077047 39
1739995764267 162.48528247963586 40
1739995764290 162.32275044840623 41
1739995764316 162.1603811937857 42
1739995764337 161.99817455264224 43
1739995764356 161.83613036200745 44
1739995764376 161.67424845907632 45
1739995764396 161.51252868120727 46
1739995764418 161.35097086592174 47
1739995764442 161.18957485090422 48
1739995764466 161.02834047400202 49
1739995764489 160.867267573225 50
1739995764540 160.70635598674565 51
1739995764573 160.54560555289862 52
1739995764601 160.38501611018086 53
1739995764626 160.22458749725126 54
1739995764652 160.06431955293047 55
1739995764679 159.90421211620094 56
1739995764707 159.74426502620653 57
1739995764732 159.58447812225253 58
1739995764756 159.42485124380534 59
1739995764983 159.2653842304924 60
1739995765011 159.10607692210198 61
1739995765040 158.94692915858317 62
1739995765060 158.78794078004543 63
1739995765079 158.62911162675877 64
1739995765100 158.47044153915323 65
1739995765119 158.31193035781908 66
1739995765140 158.1535779235063 67
1739995765164 157.9953840771248 68
1739995765186 157.83734865974395 69
1739995765208 157.67947151259253 70
1739995765233 157.52175247705858 71
1739995765256 157.36419139468924 72
1739995765280 157.20678810719065 73
1739995765303 157.0495424564276 74
1739995765329 156.89245428442354 75
1739995765353 156.7355234333604 76
1739995765375 156.57874974557842 77
1739995765398 156.42213306357587 78
1739995765438 156.26567323000918 79
1739995765459 156.10937008769247 80
1739995765479 155.95322347959743 81
1739995765500 155.7972332488535 82
1739995765522 155.64139923874725 83
1739995765544 155.48572129272256 84
1739995765567 155.33019925438026 85
1739995765590 155.1748329674781 86
1739995765614 155.01962227593052 87
1739995765637 154.86456702380852 88
1739995765658 154.70966705533948 89
1739995765682 154.5549222149071 90
1739995765705 154.400332347051 91
1739995765726 154.2458972964669 92
1739995765748 154.09161690800622 93
1739995765767 153.937491026676 94
1739995765788 153.7835194976387 95
1739995765808 153.62970216621213 96
1739995765829 153.47603887786929 97
1739995765850 153.322529478238 98
1739995765870 153.1691738131011 99
1739995765890 153.01597172839607 100
1739995765915 152.86292307021483 101
1739995765939 152.71002768480372 102
1739995765962 152.55728541856328 103
1739995765984 152.40469611804815 104
1739995766008 152.25225962996683 105
1739995766030 152.0999758011816 106
1739995766050 151.9478444787083 107
1739995766071 151.7958655097163 108
1739995766095 151.6440387415281 109
1739995766116 151.49236402161947 110
1739995766136 151.34084119761914 111
1739995766160 151.18947011730856 112
1739995766183 151.038250628622 113
1739995766206 150.88718257964612 114
1739995766229 150.7362658186201 115
1739995766249 150.5855001939351 116
1739995766271 150.43488555413458 117
1739995766295 150.28442174791383 118
1739995766314 150.13410862411976 119
1739995766336 149.9839460317511 120
1739995766356 149.83393381995788 121
1739995766377 149.68407183804138 122
1739995766397 149.5343599354543 123
1739995766419 149.38479796180002 124
1739995766440 149.23538576683296 125
1739995766461 149.0861232004581 126
1739995766481 148.9370101127311 127
1739995766502 148.7880463538579 128
1739995766522 148.63923177419468 129
1739995766543 148.4905662242478 130
1739995766563 148.34204955467348 131
1739995766586 148.19368161627773 132
1739995766607 148.04546226001622 133
1739995766627 147.8973913369941 134
1739995766649 147.74946869846582 135
1739995766671 147.60169419583508 136
1739995766693 147.45406768065453 137
1739995766715 147.3065890046258 138
1739995766737 147.15925801959918 139
1739995766757 147.01207457757363 140
1739995766777 146.8650385306964 141
1739995766800 146.71814973126325 142
1739995766823 146.5714080317179 143
1739995766845 146.42481328465206 144
1739995766866 146.27836534280544 145
1739995766887 146.13206405906524 146
1739995766909 145.98590928646638 147
1739995766929 145.8399008781911 148
1739995766964 145.69403868756885 149
1739995766984 145.54832256807623 150
1739995767003 145.40275237333685 151
1739995767023 145.25732795712102 152
1739995767044 145.1120491733458 153
1739995767063 144.96691587607464 154
1739995767084 144.82192791951752 155
1739995767106 144.6770851580305 156
1739995767126 144.53238744611582 157
1739995767146 144.3878346384215 158
1739995767165 144.2434265897415 159
1739995767186 144.09916315501528 160
1739995767205 143.95504418932785 161
1739995767225 143.8110695479096 162
1739995767247 143.66723908613605 163
1739995767268 143.52355265952772 164
1739995767287 143.38001012375017 165
1739995767304 143.23661133461357 166
1739995767323 143.09335614807284 167
1739995767343 142.95024442022725 168
1739995767361 142.80727600732047 169
1739995767380 142.66445076574027 170
1739995767400 142.52176855201853 171
1739995767421 142.379229222831 172
1739995767441 142.23683263499709 173
1739995767460 142.0945786454799 174
1739995767482 141.95246711138594 175
1739995767504 141.81049788996512 176
1739995767525 141.66867083861032 177
1739995767550 141.52698581485774 178
1739995767568 141.38544267638605 179
1739995767587 141.24404128101705 180
1739995767606 141.1027814867149 181
1739995767626 140.96166315158632 182
1739995767647 140.82068613388026 183
1739995767669 140.67985029198783 184
1739995767690 140.53915548444223 185
1739995767709 140.39860156991853 186
1739995767727 140.25818840723346 187
1739995767745 140.11791585534542 188
1739995767763 139.97778377335422 189
1739995767781 139.83779202050093 190
1739995767800 139.69794045616788 191
1739995767818 139.55822893987846 192
1739995767836 139.41865733129674 193
1739995767854 139.27922549022776 194
1739995767875 139.13993327661706 195
1739995767897 139.00078055055053 196
1739995767917 138.86176717225462 197
1739995767939 138.7228930020958 198
1739995767961 138.58415790058055 199
1739995767983 138.44556172835533 200
1739995768005 138.30710434620633 201
1739995768027 138.16878561505936 202
1739995768048 138.0306053959797 203
1739995768067 137.89256355017187 204
1739995768088 137.7546599389798 205
1739995768108 137.61689442388632 206
1739995768127 137.4792668665132 207
1739995768146 137.34177712862092 208
1739995768164 137.2044250721088 209
1739995768182 137.06721055901443 210
1739995768201 136.93013345151383 211
1739995768219 136.79319361192137 212
1739995768238 136.6563909026894 213
1739995768255 136.51972518640812 214
1739995768273 136.38319632580567 215
1739995768291 136.2468041837478 216
1739995768310 136.1105486232378 217
1739995768329 135.9744295074164 218
1739995768348 135.83844669956144 219
1739995768366 135.70260006308803 220
1739995768384 135.56688946154813 221
1739995768401 135.43131475863063 222
1739995768421 135.2958758181611 223
1739995768440 135.16057250410165 224
1739995768459 135.02540468055085 225
1739995768476 134.89037221174348 226
1739995768496 134.75547496205058 227
1739995768516 134.62071279597916 228
1739995768537 134.48608557817207 229
1739995768557 134.35159317340796 230
1739995768579 134.21723544660108 231
1739995768600 134.0830122628011 232
1739995768621 133.94892348719307 233
1739995768644 133.81496898509735 234
1739995768671 133.68114862196907 235
1739995768704 133.54746226339856 236
1739995768731 133.41390977511085 237
1739995768758 133.28049102296558 238
1739995768782 133.147205872957 239
1739995768855 133.01405419121363 240
1739995768924 132.8810358439984 241
1739995768949 132.74815069770818 242
1739995768972 132.615398618874 243
1739995768996 132.4827794741606 244
1739995769019 132.35029313036654 245
1739995769045 132.2179394544238 246
1739995769071 132.08571831339796 247
1739995769115 131.95362957448796 248
1739995769148 131.82167310502564 249
1739995769177 131.68984877247615 250
1739995769212 131.55815644443746 251
1739995769255 131.42659598864032 252
1739995769286 131.2951672729481 253
1739995769314 131.16387016535674 254
1739995769372 131.03270453399446 255
1739995769416 130.90167024712184 256
1739995769457 130.77076717313147 257
1739995769501 130.63999518054797 258
1739995769766 130.50935413802785 259
1739995769819 130.3788439143592 260
1739995769884 130.24846437846188 261
1739995769998 130.11821539938697 262
1739995770180 129.98809684631706 263
1739995770277 129.8581085885659 264
1739995770384 129.72825049557815 265
1739995770452 129.59852243692958 266
1739995770515 129.46892428232667 267
1739995770588 129.33945590160647 268
1739995770687 129.21011716473677 269
1739995770745 129.08090794181552 270
1739995770816 128.9518281030711 271
1739995770878 128.82287751886201 272
1739995770937 128.69405605967665 273
1739995771002 128.56536359613344 274
1739995771061 128.4367999989804 275
1739995771118 128.3083651390953 276
1739995771204 128.18005888748527 277
1739995771274 128.05188111528688 278
1739995771382 127.92383169376592 279
1739995771661 127.79591049431725 280
1739995771841 127.66811738846468 281
1739995771908 127.5404522478609 282
1739995771955 127.41291494428725 283
1739995771996 127.28550534965368 284
1739995772035 127.1582233359986 285
1739995772075 127.03106877548869 286
1739995772169 126.90404154041894 287
1739995772243 126.77714150321223 288
1739995772283 126.6503685364195 289
1739995772323 126.52372251271946 290
1739995772459 126.39720330491845 291
1739995772501 126.27081078595043 292
1739995772540 126.14454482887676 293
1739995772579 126.01840530688604 294
1739995772616 125.89239209329412 295
1739995772649 125.7665050615438 296
1739995772687 125.64074408520486 297
1739995772768 125.5151090379738 298
1739995772856 125.3895997936739 299
1739995772903 125.26421622625473 300
1739995772956 125.1389582097925 301
1739995773004 125.0138256184896 302
1739995773052 124.88881832667454 303
1739995773095 124.76393620880192 304
1739995773136 124.63917913945208 305
1739995773174 124.51454699333136 306
1739995773216 124.39003964527159 307
1739995773277 124.26565697023005 308
1739995773336 124.14139884328962 309
1739995773410 124.01726513965829 310
1739995773482 123.89325573466914 311
1739995773542 123.7693705037805 312
1739995773606 123.64560932257524 313
1739995773671 123.52197206676135 314
1739995773724 123.39845861217121 315
1739995773779 123.27506883476177 316
1739995773978 123.15180261061445 317
1739995774022 123.02865981593479 318
1739995774065 122.90564032705258 319
1739995774136 122.78274402042153 320
1739995774251 122.65997077261933 321
1739995774354 122.53732046034742 322
1739995774425 122.4147929604308 323
1739995774493 122.29238814981805 324
1739995774708 122.1701059055811 325
1739995774767 122.04794610491516 326
1739995774817 121.92590862513865 327
1739995774912 121.80399334369288 328
1739995775038 121.68220013814216 329
1739995775242 121.56052888617356 330
1739995775289 121.43897946559676 331
1739995775330 121.31755175434391 332
1739995775496 121.19624563046976 333
1739995775537 121.07506097215109 334
1739995775578 120.95399765768705 335
1739995775619 120.83305556549874 336
1739995775656 120.7122345741291 337
1739995775706 120.59153456224297 338
1739995775746 120.47095540862679 339
1739995775781 120.35049699218858 340
1739995775827 120.23015919195781 341
1739995775875 120.10994188708514 342
1739995775938 119.98984495684257 343
1739995775976 119.86986828062304 344
1739995776017 119.75001173794041 345
1739995776063 119.63027520842948 346
1739995776100 119.51065857184562 347
1739995776133 119.39116170806484 348
1739995776160 119.27178449708356 349
1739995776192 119.15252681901856 350
1739995776227 119.03338855410684 351
1739995776255 118.91436958270545 352
1739995776294 118.79546978529149 353
1739995776335 118.67668904246176 354
1739995776372 118.55802723493291 355
1739995776414 118.43948424354122 356
1739995776469 118.32105994924231 357
1739995776509 118.20275423311135 358
1739995776549 118.08456697634259 359
1739995776573 117.96649806024952 360
1739995776598 117.84854736626464 361
1739995776621 117.73071477593926 362
1739995776644 117.61300017094355 363
1739995776668 117.49540343306622 364
1739995776694 117.37792444421459 365
1739995776723 117.26056308641442 366
1739995776750 117.14331924180972 367
1739995776776 117.02619279266264 368
1739995776815 116.90918362135349 369
1739995776861 116.7922916103804 370
1739995776927 116.67551664235938 371
1739995776980 116.55885860002415 372
1739995777017 116.442317366226 373
1739995777056 116.32589282393367 374
1739995777141 116.20958485623328 375
1739995777185 116.09339334632813 376
1739995777209 115.97731817753868 377
1739995777232 115.86135923330237 378
1739995777256 115.74551639717347 379
1739995777300 115.62978955282313 380
1739995777341 115.51417858403899 381
1739995777366 115.39868337472535 382
1739995777392 115.28330380890283 383
1739995777419 115.16803977070836 384
1739995777446 115.05289114439506 385
1739995777472 114.93785781433212 386
1739995777503 114.82293966500464 387
1739995777528 114.70813658101356 388
1739995777559 114.59344844707553 389
1739995777593 114.47887514802278 390
1739995777616 114.36441656880308 391
1739995777637 114.25007259447945 392
1739995777659 114.13584311023021 393
1739995777683 114.02172800134888 394
1739995777707 113.90772715324387 395
1739995777738 113.79384045143857 396
1739995777770 113.68006778157113 397
1739995777799 113.56640902939435 398
1739995777827 113.45286408077563 399
1739995777856 113.33943282169675 400
1739995777886 113.22611513825385 401
1739995777914 113.11291091665728 402
1739995777945 112.99982004323147 403
1739995777973 112.88684240441481 404
1739995778001 112.77397788675964 405
1739995778029 112.66122637693192 406
1739995778054 112.54858776171133 407
1739995778081 112.4360619279911 408
1739995778106 112.32364876277776 409
1739995778137 112.21134815319124 410
1739995778164 112.09915998646461 411
1739995778190 111.98708414994401 412
1739995778216 111.87512053108851 413
1739995778246 111.76326901747004 414
1739995778274 111.65152949677328 415
1739995778317 111.5399018567955 416
1739995778352 111.42838598544647 417
1739995778387 111.31698177074834 418
1739995778423 111.20568910083556 419
1739995778451 111.09450786395472 420
1739995778476 110.98343794846447 421
1739995778502 110.87247924283541 422
1739995778524 110.76163163564992 423
1739995778547 110.65089501560216 424
1739995778569 110.54026927149782 425
1739995778591 110.42975429225417 426
1739995778613 110.31934996689974 427
1739995778636 110.20905618457441 428
1739995778657 110.0988728345292 429
1739995778678 109.98879980612617 430
1739995778702 109.87883698883824 431
1739995778725 109.76898427224927 432
1739995778748 109.65924154605378 433
1739995778769 109.54960870005682 434
1739995778791 109.44008562417402 435
1739995778817 109.33067220843132 436
1739995778843 109.221368342965 437
1739995778868 109.11217391802137 438
1739995778894 109.00308882395692 439
1739995778918 108.89411295123797 440
1739995778944 108.7852461904407 441
1739995778967 108.67648843225102 442
1739995778999 108.56783956746442 443
1739995779021 108.45929948698588 444
1739995779046 108.35086808182979 445
1739995779069 108.24254524311976 446
1739995779094 108.13433086208862 447
1739995779133 108.02622483007819 448
1739995779218 107.91822703853929 449
1739995779272 107.81033737903155 450
1739995779326 107.70255574322331 451
1739995779388 107.59488202289158 452
1739995779426 107.48731610992182 453
1739995779466 107.3798578963079 454
1739995779494 107.27250727415202 455
1739995779522 107.16526413566447 456
1739995779558 107.0581283731637 457
1739995779593 106.95109987907608 458
1739995779624 106.84417854593589 459
1739995779652 106.73736426638504 460
1739995779679 106.63065693317321 461
1739995779708 106.52405643915755 462
1739995779739 106.41756267730258 463
1739995779764 106.31117554068024 464
1739995779789 106.20489492246962 465
1739995779822 106.09872071595693 466
1739995779846 105.99265281453532 467
1739995779869 105.88669111170489 468
1739995779899 105.78083550107246 469
1739995779930 105.6750858763516 470
1739995779952 105.56944213136235 471
1739995779975 105.46390416003126 472
1739995780000 105.35847185639125 473
1739995780025 105.2531451145814 474
1739995780050 105.14792382884703 475
1739995780076 105.04280789353938 476
1739995780105 104.93779720311572 477
1739995780132 104.83289165213905 478
1739995780158 104.72809113527818 479
1739995780181 104.62339554730737 480
1739995780206 104.51880478310653 481
1739995780234 104.41431873766092 482
1739995780258 104.309937306061 483
1739995780286 104.20566038350255 484
1739995780314 104.10148786528632 485
1739995780344 103.99741964681807 486
1739995780371 103.89345562360846 487
1739995780397 103.78959569127282 488
1739995780423 103.68583974553124 489
1739995780447 103.58218768220823 490
1739995780472 103.47863939723287 491
1739995780496 103.37519478663853 492
1739995780526 103.2718537465628 493
1739995780550 103.16861617324744 494
1739995780573 103.06548196303818 495
1739995780597 102.96245101238472 496
1739995780624 102.85952321784053 497
1739995780650 102.75669847606285 498
1739995780674 102.6539766838125 499
