1740000966034 133.29687960443803 0
1740000966054 134.30623321998652 1
1740000966073 107.06831469141467 2
1740000966094 92.29850081508161 3
1740000966112 77.17596366362166 4
1740000966131 67.09290985297456 5
1740000966150 56.111142363818956 6
1740000966168 44.452657908114176 7
1740000966185 43.71978164251085 8
1740000966211 35.770193773742065 9
1740000966231 31.95593989788307 10
1740000966251 27.15616070455532 11
1740000966269 23.183591950201727 12
1740000966287 21.03019137977099 13
1740000966304 19.564570291463117 14
1740000966324 17.43814880254362 15
1740000966345 16.20917368391475 16
1740000966363 14.545585970378111 17
1740000966385 12.541351093644803 18
1740000966403 12.08249356671994 19
1740000966423 11.134584679688402 20
1740000966441 10.452260618326108 21
1740000966459 9.657374689943097 22
1740000966476 9.252279846298325 23
1740000966495 8.897319038258285 24
1740000966513 7.826739890831803 25
1740000966531 7.875007044374676 26
1740000966549 7.4431873903350505 27
1740000966567 6.847060191116956 28
1740000966585 7.395601271862291 29
1740000966604 6.318863214256582 30
1740000966622 6.320097511293862 31
1740000966640 5.93822135599352 32
1740000966657 6.100223990002599 33
1740000966675 5.759423256942734 34
1740000966693 5.385122311827258 35
1740000966712 5.612228766573586 36
1740000966729 5.50721667964498 37
1740000966746 5.476845288764634 38
1740000966772 5.600415246074077 39
1740000966868 5.294473380728917 40
1740000966893 5.439725304043891 41
1740000966918 5.782739427060439 42
1740000966940 5.338999805240448 43
1740000966961 5.18558431636224 44
1740000966981 4.926650173849754 45
1740000967005 4.8720781780240925 46
1740000967029 4.621073861452618 47
1740000967051 4.595731175132556 48
1740000967073 5.056341372078285 49
1740000967098 4.795796782733995 50
1740000967125 5.066635666897682 51
1740000967149 4.898614332033126 52
1740000967236 4.742718482879737 53
1740000967265 5.035294069562783 54
1740000967293 4.766911533624428 55
1740000967318 5.223564125382711 56
1740000967342 4.987845859805995 57
1740000967369 4.76551346492856 58
1740000967390 4.776685376777485 59
1740000967414 4.93244985851514 60
1740000967437 4.750036538802956 61
1740000967463 4.955383375001709 62
1740000967489 4.558531260927113 63
1740000967510 4.877189573341332 64
1740000967530 5.0195124116441665 65
1740000967550 5.095795062146735 66
1740000967573 4.821473983055776 67
1740000967592 4.62998350965473 68
1740000967612 5.0595114284476566 69
1740000967631 5.045466956560037 70
1740000967652 4.793172237201429 71
1740000967674 4.75624131943472 72
1740000967693 4.822308448363895 73
1740000967713 5.234401665544749 74
1740000967735 4.854383225869606 75
1740000967758 4.870290475823018 76
1740000967781 5.116403626276707 77
1740000967807 4.917664843670859 78
1740000967850 5.024339385734753 79
1740000967877 4.707602806272814 80
1740000967897 4.584926121139211 81
1740000967917 4.961441536377351 82
1740000967937 5.031665538812899 83
1740000967958 4.841137182644317 84
1740000967978 5.014287202814678 85
1740000967997 4.742328566799458 86
1740000968016 4.801453979487132 87
1740000968035 4.899005132705545 88
1740000968056 5.006755061656278 89
1740000968075 4.882406143025166 90
1740000968094 4.8097616337372635 91
1740000968113 4.86222241143792 92
1740000968132 4.873881023943932 93
1740000968152 4.9927212467919695 94
1740000968172 5.177746857316351 95
1740000968191 4.577722936521948 96
