1740006075093 139.70564474074925 0
1740006075184 89.36757476443834 1
1740006075279 41.05435635126714 2
1740006075367 38.627876132922395 3
1740006075456 24.581681786763937 4
1740006075548 9.567470005855537 5
1740006075645 7.43341473356601 6
1740006075736 4.34722106332625 7
1740006075828 5.485583532382602 8
1740006075922 2.278163927002933 9
1740006076012 2.3947304615914633 10
1740006076101 1.7913608216972847 11
1740006076191 0.3278111222513663 12
1740006076286 0.03666909701248192 13
1740006076371 1.3245762456226315 14
1740006076456 0.14840098660021467 15
1740006076555 0.004913404415586766 16
1740006076644 0.6098966268899308 17
1740006076735 0.0029875407555150133 18
1740006076824 0.11589937923086296 19
1740006076958 1.5569628914897262 20
1740006077051 0.004792485766838424 21
1740006077161 0.0003658051069242001 22
1740006077246 0.02884481594741327 23
1740006077331 0.008280655585384714 24
1740006077416 0.04310247064321027 25
1740006077500 0.059448397124239126 26
1740006077586 0.0675798199112396 27
1740006077674 0.039121840746282326 28
1740006077759 0.0754078001746584 29
1740006077846 0.012999843180771914 30
1740006077936 0.02652970736665695 31
1740006078022 0.17748210665502132 32
1740006078113 0.0405498079332102 33
1740006078205 0.0014048520303162823 34
1740006078297 0.0025196521550610203 35
1740006078387 0.6422358522819483 36
1740006078478 0.8719835244142334 37
1740006078571 0.013139929664808666 38
1740006078656 0.030677720009261864 39
1740006078740 0.029788011956329997 40
1740006078828 0.3869574928511622 41
1740006078915 0.1639039087621305 42
1740006078999 0.0007650412433701565 43
1740006079084 0.02487835351039067 44
1740006079171 0.05641236988312878 45
1740006079257 0.002412190567461234 46
1740006079345 0.17861799089202574 47
1740006079432 0.004210592043462277 48
1740006079517 0.000452704944522781 49
1740006079602 0.06548783445615801 50
