1740003175523 168.81788247382886 0
1740003175546 168.7841414181677 1
1740003175565 168.75068903683083 2
1740003175584 168.71724331890732 3
1740003175605 168.68380426306695 4
1740003175623 168.6503718679798 5
1740003175643 168.61694301872598 6
1740003175661 168.58352394258566 7
1740003175681 168.55011152320964 8
1740003175705 168.516705759269 9
1740003175724 168.4833066494351 10
1740003175742 168.44991419237954 11
1740003175760 168.4165283867742 12
1740003175778 168.3831492312913 13
1740003175796 168.34977672460317 14
1740003175815 168.31640775707993 15
1740003175841 168.2830485454265 16
1740003175861 168.24969597858617 17
1740003175880 168.2163500552324 18
1740003175902 168.1830107740389 19
1740003175921 168.14967813367977 20
1740003175939 168.11635213282923 21
1740003175959 168.08303277016182 22
1740003175980 168.04972004435234 23
1740003176001 168.01641085104907 24
1740003176023 167.98311139640512 25
1740003176043 167.9498185746445 26
1740003176063 167.91653238444312 27
1740003176081 167.88325282447713 28
1740003176100 167.84997989342287 29
1740003176118 167.816713589957 30
1740003176139 167.7834539127565 31
1740003176159 167.7502008604985 32
1740003176177 167.716951334098 33
1740003176196 167.68371152917925 34
1740003176214 167.65047834523563 35
1740003176233 167.61725178094534 36
1740003176251 167.58403183498686 37
1740003176269 167.55081850603904 38
1740003176288 167.51761179278085 39
1740003176306 167.48441169389164 40
1740003176325 167.45121820805096 41
1740003176344 167.41802824142883 42
1740003176363 167.38484797914398 43
1740003176382 167.35167432594739 44
1740003176401 167.31850728051958 45
1740003176420 167.28534684154158 46
1740003176441 167.25219300769442 47
1740003176460 167.21904577765957 48
1740003176480 167.18590515011874 49
1740003176502 167.15277112375372 50
1740003176521 167.11964060997826 51
1740003176543 167.08651978342849 52
1740003176562 167.0534055541014 53
1740003176581 167.02029792068006 54
1740003176601 166.98719688184775 55
1740003176623 166.9541024362879 56
1740003176644 166.92101458268436 57
1740003176662 166.88793331972118 58
1740003176680 166.85485556355374 59
1740003176699 166.82178747933855 60
1740003176718 166.78872598181687 61
1740003176736 166.75567106967372 62
1740003176755 166.72262274159453 63
1740003176774 166.6895809962649 64
1740003176796 166.65654583237074 65
1740003176815 166.62351724859815 66
1740003176839 166.5904952436336 67
1740003176863 166.55747673885406 68
1740003176900 166.52446788897743 69
1740003176921 166.49146561396896 70
1740003176941 166.45846991251628 71
1740003176959 166.425480783307 72
1740003176977 166.3924982250291 73
1740003176996 166.3595222363709 74
1740003177014 166.3265528160209 75
1740003177033 166.29358996266785 76
1740003177051 166.2606306028989 77
1740003177069 166.22768088101617 78
1740003177089 166.1947377221977 79
1740003177108 166.1618011251333 80
1740003177127 166.1288710885131 81
1740003177146 166.09594761102747 82
1740003177165 166.06303069136692 83
1740003177185 166.03012032822238 84
1740003177204 165.99721345289322 85
1740003177223 165.9643162002611 86
1740003177241 165.93142550021858 87
1740003177260 165.89854135145757 88
1740003177278 165.86566375267026 89
1740003177297 165.83279270254909 90
1740003177316 165.7999281997867 91
1740003177336 165.7670702430762 92
1740003177355 165.73421883111067 93
1740003177375 165.70137090037787 94
1740003177394 165.6685325753873 95
1740003177414 165.63570079122243 96
1740003177433 165.60287554657748 97
1740003177451 165.57005684014703 98
1740003177469 165.53724467062585 99
1740003177488 165.50443903670896 100
1740003177507 165.47163993709174 101
1740003177527 165.4388443129547 102
1740003177546 165.40605827942562 103
1740003177565 165.37327877628306 104
1740003177583 165.34050580222348 105
1740003177602 165.3077393559434 106
1740003177621 165.27497943613972 107
1740003177639 165.24222604150953 108
1740003177658 165.2094791707503 109
1740003177676 165.17673882255966 110
1740003177699 165.14400194328476 111
1740003177719 165.11127463772468 112
1740003177738 165.07855385082718 113
1740003177757 165.04583958129092 114
1740003177775 165.01313182781485 115
1740003177793 164.98043058909818 116
1740003177812 164.94773586384042 117
1740003177833 164.91504765074131 118
1740003177854 164.8823629008216 119
1740003177935 164.84968770953714 120
1740003177960 164.81701902651153 121
1740003177983 164.7843568504455 122
1740003178004 164.75170118004013 123
1740003178023 164.71905201399673 124
1740003178044 164.68640935101683 125
1740003178065 164.65377318980228 126
1740003178085 164.62114352905508 127
1740003178106 164.58851732494105 128
1740003178127 164.55590066263053 129
1740003178147 164.52329049689462 130
1740003178167 164.49068682643644 131
1740003178187 164.45808964995936 132
1740003178209 164.425498966167 133
1740003178231 164.39291477376327 134
1740003178253 164.36033707145234 135
1740003178349 164.32776282005426 136
1740003178374 164.29519809543464 137
1740003178394 164.2626398570212 138
1740003178417 164.23008810351922 139
1740003178438 164.19754283363403 140
1740003178458 164.16500404607143 141
1740003178477 164.13247173953727 142
1740003178497 164.0999459127379 143
1740003178518 164.06742353113862 144
1740003178538 164.0349106613184 145
1740003178558 164.00240426735255 146
1740003178578 163.96990434794833 147
1740003178599 163.93741090181328 148
1740003178619 163.9049239276551 149
1740003178640 163.8724434241819 150
1740003178659 163.8399693901019 151
1740003178680 163.8075018241237 152
1740003178703 163.77503769682582 153
1740003178723 163.74258306456534 154
1740003178743 163.7101348965333 155
1740003178763 163.6776931914392 156
1740003178782 163.64525794799295 157
1740003178801 163.61282916490458 158
1740003178822 163.58040684088448 159
1740003178844 163.54799097464326 160
1740003178865 163.51557854138568 161
1740003178886 163.48317558822032 162
1740003178907 163.45077908896667 163
1740003178927 163.41838904233634 164
1740003178949 163.38600544704124 165
1740003178974 163.35362830179355 166
1740003178996 163.32125760530562 167
1740003179016 163.28889335629015 168
1740003179037 163.25653253456906 169
1740003179061 163.22418117802061 170
1740003179082 163.19183626508362 171
1740003179103 163.1594977944718 172
1740003179123 163.12716576489905 173
1740003179144 163.09484017507967 174
1740003179165 163.06252102372812 175
1740003179186 163.03020830955904 176
1740003179206 162.99789901700257 177
1740003179227 162.9655991747246 178
1740003179246 162.93330576577426 179
1740003179267 162.90101878886745 180
1740003179287 162.86873824272007 181
1740003179306 162.83646412604838 182
1740003179327 162.804196437569 183
1740003179347 162.77193517599866 184
1740003179366 162.73967733036653 185
1740003179385 162.70742892014417 186
1740003179404 162.67518693298217 187
1740003179423 162.64295136759833 188
1740003179442 162.61072222271076 189
1740003179461 162.5784994970377 190
1740003179479 162.54628318929787 191
1740003179498 162.51407329820995 192
1740003179516 162.48186681739332 193
1740003179534 162.44966975714317 194
1740003179553 162.41747910970244 195
1740003179571 162.38529487379103 196
1740003179590 162.353117048129 197
1740003179609 162.32094563143684 198
1740003179628 162.28878062243504 199
1740003179648 162.25662201984454 200
1740003179666 162.22446682186578 201
1740003179685 162.19232102963556 202
1740003179703 162.16018163998024 203
1740003179721 162.12804865162178 204
1740003179740 162.09592206328227 205
1740003179758 162.0638018736841 206
1740003179776 162.03168808155004 207
1740003179795 161.99958068560295 208
1740003179814 161.96747668861548 209
1740003179835 161.93538208258394 210
1740003179854 161.90329386890912 211
1740003179875 161.87121204631495 212
1740003179895 161.8391366135257 213
1740003179915 161.80706756926574 214
1740003179934 161.77500491225985 215
1740003179953 161.74294864123297 216
1740003179973 161.71089576352097 217
1740003179993 161.67885226199758 218
1740003180014 161.64681514262907 219
1740003180034 161.6147844041414 220
1740003180055 161.58276004526087 221
1740003180074 161.5507420647139 222
1740003180095 161.51873046122725 223
1740003180114 161.48672523352803 224
1740003180135 161.45472339350627 225
1740003180155 161.42273091493107 226
1740003180176 161.3907448083252 227
1740003180196 161.35876507241667 228
1740003180216 161.32679170593377 229
1740003180237 161.294824707605 230
1740003180258 161.26286407615916 231
1740003180278 161.2309098103253 232
1740003180300 161.19895892653906 233
1740003180322 161.1670173894824 234
1740003180342 161.1350822142258 235
1740003180363 161.10315339949932 236
1740003180382 161.07123094403323 237
1740003180401 161.03931484655814 238
1740003180421 161.00740510580488 239
1740003180440 160.97550172050447 240
1740003180459 160.943601711629 241
1740003180479 160.9117110347914 242
1740003180497 160.87982670960085 243
1740003180516 160.8479487347894 244
1740003180535 160.81607710908946 245
1740003180554 160.78421183123353 246
1740003180572 160.75235289995453 247
1740003180592 160.7205003139855 248
1740003180612 160.6886510988261 249
1740003180630 160.65681120103804 250
1740003180649 160.6249776447602 251
1740003180668 160.59315042872674 252
1740003180688 160.56132955167197 253
1740003180706 160.52951501233056 254
1740003180724 160.49770680943735 255
1740003180742 160.4659049417275 256
1740003180761 160.43410643921922 257
1740003180780 160.40231723944083 258
1740003180798 160.37053437105206 259
1740003180816 160.3387578327891 260
1740003180837 160.30698762338832 261
1740003180857 160.27522374158633 262
1740003180876 160.24346618612003 263
1740003180894 160.21171199105638 264
1740003180912 160.17996708582965 265
1740003180930 160.14822850315025 266
1740003180949 160.1164962417561 267
1740003180968 160.08477030038534 268
1740003180992 160.0530506777764 269
1740003181012 160.0213373726679 270
1740003181031 159.98963038379873 271
1740003181050 159.9579267497378 272
1740003181069 159.92623239091935 273
1740003181088 159.894544344558 274
1740003181106 159.86286260939355 275
1740003181125 159.83118718416628 276
1740003181144 159.79951806761656 277
1740003181162 159.76785525848507 278
1740003181181 159.7361987555127 279
1740003181200 159.70454560176148 280
1740003181219 159.6729017086833 281
1740003181238 159.64126411798796 282
1740003181256 159.60963282841746 283
1740003181275 159.57800783871397 284
1740003181295 159.54638914761992 285
1740003181313 159.51477675387798 286
1740003181333 159.48316770457635 287
1740003181352 159.4515679031178 288
1740003181371 159.4199743952404 289
1740003181390 159.3883871796878 290
1740003181409 159.35680625520396 291
1740003181427 159.32523162053315 292
1740003181445 159.29366327441966 293
1740003181463 159.26210121560828 294
1740003181482 159.23054249566368 295
1740003181500 159.1989930090395 296
1740003181518 159.16744980595246 297
1740003181537 159.13591288514823 298
1740003181556 159.10438224537282 299
1740003181574 159.07285788537234 300
1740003181593 159.04133980389335 301
1740003181612 159.00982799968244 302
1740003181632 158.97831952877206 303
1740003181651 158.9468202766842 304
1740003181670 158.9153272981056 305
1740003181689 158.8838405917839 306
1740003181708 158.852360156467 307
1740003181728 158.8208859909032 308
1740003181746 158.78941809384088 309
1740003181765 158.75795352531642 310
1740003181783 158.72649816284724 311
1740003181802 158.69504906512583 312
1740003181820 158.66360623090173 313
1740003181842 158.6321696589246 314
1740003181860 158.6007393479444 315
1740003181879 158.56931529671138 316
1740003181898 158.53789750397587 317
1740003181916 158.50648303422537 318
1740003181935 158.47507775607903 319
1740003181953 158.44367873268254 320
1740003181972 158.41228596278745 321
1740003181991 158.3808994451454 322
1740003182009 158.34951917850833 323
1740003182028 158.31814516162845 324
1740003182047 158.28677446298272 325
1740003182066 158.2554129432145 326
1740003182086 158.22405766946105 327
1740003182104 158.1927086404756 328
1740003182123 158.1613658550115 329
1740003182142 158.1300293118225 330
1740003182160 158.0986990096626 331
1740003182179 158.06737494728594 332
1740003182198 158.03605419760387 333
1740003182217 158.00474261239475 334
1740003182235 157.97343726323237 335
1740003182253 157.94213814887195 336
1740003182271 157.91084526806895 337
1740003182290 157.8795586195791 338
1740003182310 157.84827820215824 339
1740003182328 157.81700109269286 340
1740003182347 157.7857331350144 341
1740003182366 157.75447140467372 342
1740003182386 157.7232159004278 343
1740003182407 157.69196662103377 344
1740003182427 157.6607235652491 345
1740003182445 157.6294867318314 346
1740003182464 157.59825320163546 347
1740003182482 157.5670288105594 348
1740003182501 157.5358106381244 349
1740003182520 157.50459868308897 350
1740003182538 157.47339294421218 351
1740003182557 157.44219342025315 352
1740003182576 157.4110001099713 353
1740003182594 157.37981301212622 354
1740003182614 157.34862921198302 355
1740003182633 157.317454536623 356
1740003182652 157.2862860699797 357
1740003182670 157.2551238108139 358
1740003182689 157.22396775788636 359
1740003182708 157.1928179099583 360
1740003182727 157.1616742657911 361
1740003182745 157.13053391460366 362
1740003182764 157.09940267557283 363
1740003182782 157.068277636588 364
1740003182801 157.03715879641157 365
1740003182819 157.00604615380615 366
1740003182841 156.97493970753465 367
1740003182860 156.94383945636017 368
1740003182879 156.91274539904612 369
1740003182898 156.8816546292052 370
1740003182917 156.85057295723036 371
1740003182935 156.819497475407 372
1740003182954 156.7884281824995 373
1740003182973 156.75736507727245 374
1740003182993 156.72630815849075 375
1740003183014 156.69525742491945 376
1740003183038 156.66420997411083 377
1740003183056 156.63317160858205 378
1740003183075 156.60213942455994 379
1740003183094 156.57111342081063 380
1740003183113 156.54009359610043 381
1740003183132 156.50907994919592 382
1740003183150 156.47807247886396 383
1740003183169 156.44706828658954 384
1740003183187 156.41607316702758 385
1740003183206 156.3850842203396 386
1740003183224 156.3541014452934 387
1740003183243 156.32312484065704 388
1740003183263 156.2921544051989 389
1740003183281 156.26119013768746 390
1740003183299 156.23022914353382 391
1740003183318 156.19927720954402 392
1740003183337 156.16833143980756 393
1740003183355 156.13739183309394 394
1740003183373 156.10645838817305 395
1740003183392 156.07553110381482 396
1740003183411 156.0446099787896 397
1740003183432 156.01369501186787 398
1740003183452 155.98278331282287 399
1740003183471 155.95188065974008 400
1740003183490 155.9209841610733 401
1740003183508 155.89009381559404 402
1740003183526 155.8592096220741 403
1740003183544 155.82833157928545 404
1740003183563 155.79745968600028 405
1740003183580 155.76659105590366 406
1740003183599 155.7357314592607 407
1740003183618 155.70487800843898 408
1740003183636 155.67403070221167 409
1740003183654 155.64318953935225 410
1740003183673 155.61235451863448 411
1740003183692 155.58152563883223 412
1740003183710 155.55070001753566 413
1740003183729 155.519883417203 414
1740003183748 155.4890729541087 415
1740003183767 155.45826862702773 416
1740003183785 155.4274704347353 417
1740003183804 155.39667837600683 418
1740003183823 155.365892449618 419
1740003183845 155.33510977705726 420
1740003183866 155.3043361129893 421
1740003183887 155.27356857758895 422
1740003183907 155.24280716963284 423
1740003183928 155.21205188789787 424
1740003183947 155.18130273116122 425
1740003183966 155.15055969820023 426
1740003183986 155.11981991439507 427
1740003184006 155.0890891266303 428
1740003184026 155.05836445897432 429
1740003184046 155.02764591020548 430
1740003184066 154.99693347910238 431
1740003184085 154.9662271644439 432
1740003184104 154.9355269650091 433
1740003184122 154.90483001006325 434
1740003184141 154.87414203872396 435
1740003184160 154.84346017894663 436
1740003184179 154.81278442951128 437
1740003184198 154.78211478919823 438
1740003184217 154.7514512567881 439
1740003184237 154.72079383106166 440
1740003184255 154.6901396451625 441
1740003184274 154.65949443045474 442
1740003184293 154.62885531877401 443
1740003184312 154.5982223089021 444
1740003184332 154.56759539962104 445
1740003184352 154.5369745897131 446
1740003184371 154.50635987796076 447
1740003184389 154.47574840137938 448
1740003184408 154.44514588359283 449
1740003184428 154.4145494603103 450
1740003184447 154.3839591303154 451
1740003184466 154.35337489239174 452
1740003184487 154.3227967453234 453
1740003184506 154.29222468789447 454
1740003184525 154.26165586098546 455
1740003184544 154.23109598049325 456
1740003184562 154.20054218599404 457
1740003184581 154.16999447627308 458
1740003184600 154.1394528501158 459
1740003184619 154.10891730630783 460
1740003184638 154.07838784363508 461
1740003184657 154.04786160683645 462
1740003184675 154.01734430409513 463
1740003184694 153.9868330788477 464
1740003184712 153.95632792988107 465
1740003184732 153.92582885598233 466
1740003184751 153.8953358559389 467
1740003184769 153.8648489285384 468
1740003184788 153.83436522237145 469
1740003184807 153.80389043792078 470
1740003184827 153.77342172247688 471
1740003184847 153.74295907482815 472
1740003184866 153.71250249376348 473
1740003184885 153.68205197807194 474
1740003184904 153.65160752654285 475
1740003184923 153.62116629161207 476
1740003184942 153.59073396607513 477
1740003184960 153.56030770106946 478
1740003184979 153.5298874953854 479
1740003184997 153.49947334781334 480
1740003185018 153.46906525714414 481
1740003185036 153.4386632221687 482
1740003185059 153.40826439916165 483
1740003185081 153.37787447324442 484
1740003185100 153.34749059939494 485
1740003185119 153.31711277640514 486
1740003185138 153.28674100306728 487
1740003185156 153.2563752781738 488
1740003185175 153.2260156005174 489
1740003185194 153.19565913020446 490
1740003185213 153.16531154469587 491
1740003185232 153.13497000280333 492
1740003185250 153.10463450332045 493
1740003185269 153.0743050450412 494
1740003185288 153.0439816267597 495
1740003185307 153.0136642472703 496
1740003185325 152.9833500705049 497
1740003185344 152.95304476627666 498
1740003185363 152.92274549722458 499
