1740001258518 78.99452058328639 0
1740001258604 29.232582591920536 1
1740001258685 9.444105738802941 2
1740001258765 10.461599806331673 3
1740001258855 6.880953455060278 4
1740001258940 4.53845426125655 5
1740001259021 3.937260832080523 6
1740001259103 5.983740363099999 7
1740001259184 7.754532484845754 8
1740001259265 4.782633150608455 9
1740001259347 6.220990758497922 10
1740001259428 4.883603285444225 11
1740001259511 4.665707479756674 12
1740001259594 4.631955835400516 13
1740001259676 6.366038517853593 14
1740001259760 6.02613090714807 15
1740001259849 3.307915065668751 16
1740001259931 7.00594031943882 17
1740001260013 7.1529149801633825 18
1740001260093 6.186128425487694 19
1740001260174 4.61606347258946 20
1740001260258 6.487492741122524 21
1740001260341 1.9621721402800718 22
1740001260422 3.144748894094493 23
1740001260504 7.515328677512861 24
1740001260590 3.4864630199252864 25
1740001260673 8.648201375786808 26
1740001260756 4.888518978118132 27
1740001260840 2.057882055252866 28
1740001260921 8.325220394783079 29
1740001261008 5.3447176933466 30
1740001261091 3.325259549570034 31
1740001261172 4.589517689911231 32
1740001261259 4.8364976314144945 33
1740001261413 5.681322409714179 34
1740001261499 6.443525822595272 35
1740001261584 4.834372466825111 36
1740001261670 4.973288670114738 37
1740001261757 3.715464597899902 38
1740001261844 5.161404046294247 39
1740001261925 5.9171881793967165 40
1740001262005 4.280094722082901 41
1740001262093 3.5521798363093047 42
1740001262175 7.55739679813651 43
1740001262257 2.9345567440267972 44
1740001262338 3.9835054497721196 45
1740001262419 4.679647727572823 46
1740001262500 9.39942820664388 47
1740001262581 3.94546835701345 48
1740001262666 5.992114578201303 49
1740001262749 6.840554576488291 50
1740001262833 3.997854225274156 51
1740001262913 4.1711375011174034 52
1740001263001 2.329682688025169 53
1740001263083 6.631462277951315 54
1740001263163 0.48505855743940296 55
1740001263248 2.2582296916460143 56
1740001263330 4.8274196645427905 57
