1740004274874 0.2591442012976896 0
1740004275017 0.22587803213479096 1
1740004275111 0.047621899405299276 2
1740004275201 0.01784103258461791 3
1740004275288 0.6015673569780636 4
1740004275381 9.859344857161257e-06 5
1740004275469 0.0054027553969742065 6
1740004275558 0.0466576842918104 7
1740004275642 0.6567033629768385 8
1740004275729 6.58294547198816e-05 9
1740004275816 0.040105823379102436 10
1740004275903 0.03103420188814533 11
1740004275989 0.0009615619338727352 12
1740004276076 0.0615880817571013 13
1740004276162 3.363296022920628e-05 14
1740004276249 0.14985352011132205 15
1740004276337 0.030598041852028197 16
1740004276424 0.019484797499951974 17
1740004276511 0.05053144679509469 18
1740004276601 0.0006341134786383016 19
1740004276694 0.1141006231355329 20
1740004276786 0.09099812942062029 21
1740004276927 0.039321526010300145 22
1740004277014 0.022750329725389123 23
1740004277100 0.18036930591973444 24
1740004277185 0.4323683906312116 25
1740004277270 0.012980648209876185 26
1740004277359 0.12430557453223434 27
1740004277446 0.30910514085615487 28
1740004277532 0.019754427969829815 29
1740004277622 0.07174546973454576 30
1740004277707 0.8264734121570294 31
1740004277792 0.01041202582956307 32
1740004277883 0.02784601687987346 33
1740004277970 0.07921879785412352 34
1740004278076 0.5472587149502687 35
1740004278182 0.02970129265416181 36
1740004278278 0.14857346828543158 37
1740004278370 0.2618959895955612 38
1740004278458 0.03624310817995038 39
1740004278543 0.2078852053491434 40
1740004278639 0.11680131738182581 41
1740004278723 0.02031648682402919 42
1740004278808 0.12237227636346076 43
1740004278894 0.11737307376314109 44
1740004278981 0.07795658821305163 45
1740004279066 0.0156832978138442 46
1740004279152 0.09265496503967033 47
1740004279239 0.14594919966688735 48
1740004279324 0.5847984184503668 49
1740004279410 0.1601899329286894 50
1740004279498 0.02165736175559838 51
1740004279582 0.5675736503392808 52
1740004279669 0.40806045698426435 53
1740004279754 0.12774457808475817 54
1740004279841 0.30425261591472325 55
1740004279927 0.601777919765212 56
1740004280014 0.008475978472422322 57
1740004280099 0.04036284517328326 58
1740004280184 0.0522178429847191 59
1740004280270 0.19176987545727067 60
1740004280358 0.02876819607788821 61
1740004280443 0.007812242772754568 62
1740004280530 0.032485675669198286 63
1740004280622 0.0011712828650522365 64
1740004280707 0.08668845515551588 65
1740004280792 0.21939642723603164 66
1740004280880 0.13509860637954973 67
1740004280964 0.010634130289347418 68
1740004281051 0.0013101137910440758 69
1740004281137 0.04284422331995742 70
1740004281222 0.05455558665261743 71
1740004281309 0.3491670515750525 72
1740004281394 0.01834226961900091 73
1740004281479 0.12450870088013835 74
1740004281564 0.02536914964622503 75
1740004281649 0.0009645684414107556 76
1740004281738 0.2118121414882495 77
1740004281823 0.039130298800034956 78
1740004281917 0.08749112068176246 79
1740004282003 0.30640575809305387 80
1740004282089 0.01373191724682669 81
1740004282173 0.04717732366959386 82
1740004282261 0.18190139620200144 83
1740004282347 0.04912827771486972 84
1740004282435 0.4769551463470982 85
1740004282523 0.006750752434409843 86
1740004282611 5.2730125899529054e-05 87
1740004282703 0.010573185949707633 88
1740004282792 1.0191807644433464 89
1740004282882 0.4560750642312226 90
1740004282969 0.02942161916700465 91
1740004283061 0.08514572502303763 92
1740004283148 0.0719370114448372 93
1740004283232 0.05848784482391232 94
1740004283324 0.2653309914968861 95
1740004283410 0.0024045663756047226 96
1740004283497 0.3106751292243784 97
1740004283582 0.03726671403545018 98
1740004283670 0.2257552077776641 99
1740004283755 0.10143620632358216 100
1740004283846 0.461373118337209 101
1740004283934 0.13183552287750733 102
1740004284020 0.0008908649295238057 103
1740004284106 0.11100545754939578 104
1740004284190 0.10497909562895594 105
1740004284277 0.048799143011536476 106
1740004284366 0.02179640708484321 107
1740004284451 0.0012476016427802987 108
1740004284537 0.12528745548860487 109
1740004284621 0.07578695957494125 110
1740004284711 0.0034862851786472988 111
1740004284795 0.05052443882044105 112
1740004284884 0.025565862045565945 113
1740004284969 0.013492127117414574 114
1740004285055 0.04258709524561478 115
1740004285140 0.1236739305793247 116
1740004285228 0.028556558628785374 117
1740004285313 0.013331007076736144 118
1740004285399 0.07745271046116278 119
1740004285484 0.8093980856524973 120
1740004285569 0.1724835994927642 121
1740004285656 0.0029755834992680644 122
1740004285743 0.02324808629827668 123
1740004285832 0.0026323962116922076 124
1740004285921 0.07959238733833242 125
1740004286005 4.425022931795621 126
1740004286090 0.4263974301691934 127
1740004286176 0.003147910775205076 128
1740004286262 0.005506608890016937 129
1740004286351 0.05160718869521058 130
1740004286439 0.03549071507391049 131
1740004286523 0.3971636143475914 132
1740004286608 0.03521392664540514 133
1740004286695 0.14622800137342296 134
1740004286796 0.10959033569862167 135
1740004286888 0.9565470157322445 136
1740004286974 0.006192877769393863 137
1740004287060 0.06239830445289301 138
1740004287145 0.20646054184872084 139
1740004287231 0.4963141078509358 140
1740004287318 0.006340875712703157 141
1740004287405 0.09399126338057573 142
1740004287493 0.06236964456935612 143
1740004287578 0.00032049800720589523 144
1740004287664 0.025708534237796905 145
1740004287752 0.18626236659304438 146
1740004287840 0.021385111411479817 147
1740004287924 0.1394190076907668 148
1740004288011 0.17615034455023434 149
1740004288097 0.019768384457807812 150
1740004288182 0.03385935929717527 151
1740004288269 0.0007763608110084496 152
1740004288358 1.0052978789355271 153
1740004288444 0.10290210331567257 154
1740004288529 0.11410732667922487 155
1740004288615 0.42380757421085996 156
1740004288701 0.13570813537871965 157
1740004288794 0.006120817744884082 158
1740004288881 0.032221832068653186 159
1740004288965 0.013015417916147926 160
1740004289052 0.39542224918374597 161
1740004289138 0.0172379154728582 162
1740004289229 0.030055472965798916 163
1740004289316 0.12481350625728917 164
1740004289405 0.0054967223069977405 165
1740004289492 0.008634713244541873 166
1740004289578 0.1035964192596646 167
1740004289664 0.03694985910168338 168
1740004289750 0.018954871944153424 169
1740004289840 0.01409608029715748 170
1740004289927 0.018891221565357687 171
1740004290014 0.20408230968738353 172
1740004290100 0.466064218624316 173
1740004290186 0.17263576207066103 174
1740004290270 0.005735940378839738 175
1740004290357 0.02994994985405369 176
1740004290443 0.008854365896531286 177
1740004290530 0.008864961888529508 178
1740004290616 0.008512495486304606 179
1740004290702 0.018493400523513337 180
1740004290792 0.5804255687917078 181
1740004290881 0.0038374838206095174 182
1740004290965 0.03822607191412036 183
1740004291051 0.05972718478960498 184
1740004291139 0.013134669094424845 185
1740004291224 0.08518850869112586 186
1740004291309 0.024473612281968343 187
1740004291398 0.002280246346072516 188
1740004291486 0.0002435280913751899 189
1740004291572 0.4097242008801592 190
1740004291659 0.09644502357350616 191
1740004291745 0.09879390246281272 192
1740004291836 0.023022854077810784 193
1740004291928 0.019153283257963453 194
1740004292022 0.00011092313511426436 195
1740004292112 0.03547173431851098 196
1740004292203 0.0006359711614685124 197
1740004292293 0.8821641991899034 198
1740004292382 0.005463358961361999 199
1740004292467 0.0008304258422518052 200
1740004292553 0.01576262977581336 201
1740004292639 0.15718125336959793 202
1740004292726 0.140150421877835 203
1740004292819 0.3002328608764543 204
1740004292906 0.0640581022183039 205
1740004292992 0.5077424474182132 206
1740004293076 0.006290445028698655 207
1740004293162 0.10730904190727635 208
1740004293248 0.04105535168522685 209
1740004293335 0.02854028150239863 210
1740004293423 0.3524612277245567 211
1740004293514 0.29002695332388506 212
1740004293601 0.18679808264722117 213
1740004293686 0.9793329173408251 214
1740004293773 0.025066495669646218 215
1740004293860 3.354914729492368e-05 216
1740004293949 0.0881931722406235 217
1740004294036 0.06504087548676406 218
1740004294127 0.8409598748293832 219
1740004294214 0.0015168726961439546 220
1740004294302 0.12752033375682706 221
1740004294388 0.21645852177549077 222
1740004294475 0.04414434354750686 223
1740004294562 0.04475840793971364 224
1740004294649 0.05436592632754801 225
1740004294737 0.6276423378469086 226
1740004294827 0.00028528142094055555 227
1740004294923 0.04327077861426741 228
1740004295009 0.025299640889200503 229
1740004295094 0.09604889297640554 230
1740004295180 0.06696718256531538 231
1740004295267 0.00029075348635879995 232
1740004295355 0.008134118153776302 233
1740004295442 0.03981383674296818 234
1740004295528 0.20112463820098056 235
1740004295614 0.10003964666363194 236
1740004295699 0.2537636474911775 237
1740004295784 0.0002532792350045964 238
1740004295873 0.00036682584547219604 239
1740004295962 0.0019206318557529664 240
1740004296047 0.3000503854447244 241
1740004296132 0.23377411079907565 242
1740004296216 0.1229266074223549 243
1740004296306 0.5010209547489807 244
1740004296394 0.0205757347016814 245
1740004296478 0.34444967854917885 246
1740004296564 0.37447438360100926 247
1740004296650 0.005670346669524915 248
1740004296734 0.13255204300754975 249
1740004296818 0.02747880461148322 250
1740004296929 0.004896479711270647 251
1740004297017 0.007601849357694642 252
1740004297103 0.055344613439327214 253
1740004297191 0.03227551678185684 254
1740004297278 0.0006916515925053529 255
1740004297366 0.00017210273035091905 256
1740004297452 0.012759631213765932 257
1740004297537 4.5970724072498966e-07 258
1740004297623 0.16350275077976104 259
1740004297709 0.021749462138388576 260
1740004297796 0.2679009260380102 261
1740004297890 0.10413723628969748 262
1740004297976 0.3186567825109674 263
1740004298063 0.033943004431059604 264
1740004298148 0.022612141619640515 265
1740004298233 0.0045465566008763714 266
1740004298324 0.18387492922895401 267
1740004298410 0.3597931438791215 268
1740004298496 4.548882671550401e-05 269
1740004298583 0.36209396173056996 270
1740004298668 0.015110497104342051 271
1740004298751 0.012409118351168733 272
1740004298840 0.0004421577947137887 273
1740004298932 0.010328938875035444 274
1740004299020 0.4182312899047808 275
1740004299107 0.035463578503898946 276
1740004299194 0.016003543236641413 277
1740004299285 0.7969972548497365 278
1740004299378 0.19618883420688235 279
1740004299465 0.00045142406465608254 280
1740004299554 0.016122246979225645 281
1740004299643 0.0013845250355479645 282
1740004299733 0.0008616922566478597 283
1740004299828 0.005638741376263237 284
1740004299917 0.6382069025722937 285
1740004300008 0.0972203473336085 286
1740004300105 0.018102989654179908 287
1740004300194 0.1970291555776031 288
1740004300281 0.048337748959046134 289
1740004300369 0.13288139154923115 290
1740004300463 0.0004195605715730713 291
1740004300551 0.4746736578780665 292
1740004300638 0.0038604224551069045 293
1740004300724 0.040700662015908246 294
1740004300811 0.921743076543571 295
1740004300900 0.010388718599776726 296
1740004300992 0.0012329257821011037 297
1740004301078 0.07517167172589587 298
1740004301163 0.03924075222148446 299
1740004301250 0.08894782810979932 300
1740004301339 0.06723489437996276 301
1740004301427 0.04661229396388924 302
1740004301518 0.001460833478668428 303
1740004301605 0.004470309531019127 304
1740004301695 0.15266890731168142 305
1740004301779 0.20962013289233114 306
1740004301868 4.736975942626451e-08 307
1740004301956 0.04120053585518315 308
1740004302046 0.18727028991390374 309
1740004302134 0.14382291895554636 310
1740004302219 0.0970236370410215 311
1740004302304 0.18819168802668024 312
1740004302390 0.0025896807183976023 313
1740004302478 0.0002425365328535857 314
1740004302568 0.11006552133670149 315
1740004302653 0.03704198525592471 316
1740004302774 0.164396707372546 317
1740004302870 0.04617949672925991 318
1740004302962 0.289833561780879 319
1740004303066 0.015959157954427598 320
1740004303155 0.10697075492421346 321
1740004303244 1.5908414806095519 322
1740004303330 0.012168683423427093 323
1740004303435 0.6080551097129943 324
1740004303530 0.1406030353796591 325
1740004303622 0.10190391012470645 326
1740004303712 0.006193815902872451 327
1740004303803 0.1359227341128608 328
1740004303896 0.046681934657107876 329
1740004303983 0.2998718950100118 330
1740004304069 0.13137846531506195 331
1740004304157 0.008886573774179451 332
1740004304243 0.09751689476516874 333
1740004304332 0.002719865644336027 334
1740004304419 0.006862440484176499 335
1740004304503 0.11387078526092194 336
1740004304596 0.03854131834525185 337
1740004304682 0.013652180184018481 338
1740004304769 0.1110888407696402 339
1740004304863 0.00010474369988732854 340
1740004304951 0.009641121637773814 341
1740004305091 0.11968781468072262 342
1740004305185 0.034227996073576454 343
1740004305274 0.12589114063956192 344
1740004305370 0.1878712376912843 345
1740004305469 0.039583802979240454 346
1740004305559 0.11781172439186588 347
1740004305646 0.03960490621627584 348
1740004305736 0.000785745347558206 349
1740004305823 0.029053374092017244 350
1740004305915 0.3373076113907159 351
1740004306001 0.009164748714198418 352
1740004306087 0.06894230505760479 353
1740004306173 0.15765806654772635 354
1740004306259 0.00017346947363138207 355
1740004306348 0.3521391420327886 356
1740004306437 0.09381514916757915 357
1740004306525 0.04622712284126808 358
1740004306611 0.6292919305457213 359
1740004306697 0.025423276884504135 360
1740004306782 0.028714446189633078 361
1740004306871 0.11727622718779177 362
1740004306963 0.23833400856440223 363
1740004307067 0.11352305335563986 364
1740004307155 0.0015777399926678963 365
1740004307239 0.001318568227432161 366
1740004307325 0.09744970088223338 367
1740004307414 0.0008003952241251587 368
1740004307499 0.013612571055952705 369
1740004307584 0.05137479670628605 370
1740004307670 0.0026409717643218313 371
1740004307755 0.27579538073853826 372
1740004307843 0.1716101780692044 373
1740004307930 0.010657101919945672 374
1740004308016 0.2692049198011442 375
1740004308101 0.042433819937089494 376
1740004308187 0.004897661975196718 377
1740004308275 0.007297625281248 378
1740004308361 0.0905214053636926 379
1740004308447 0.05386331817803854 380
1740004308532 0.014953419273710368 381
1740004308619 0.3726489238079243 382
1740004308706 0.558870835668833 383
1740004308792 0.03736604996458266 384
1740004308880 0.06481428708061494 385
1740004308969 0.019383673286336653 386
1740004309054 0.1779576703971267 387
1740004309143 0.26847898241083207 388
1740004309229 0.03591245354975283 389
1740004309314 0.28047249442171573 390
1740004309401 0.004345603226162277 391
1740004309487 0.02133127472648423 392
1740004309573 0.0003488415824583997 393
1740004309658 0.027895257244485355 394
1740004309744 0.2924379743712148 395
1740004309836 0.07037562978369351 396
1740004309923 0.002341601430552024 397
1740004310010 0.01927279757806291 398
1740004310098 0.012022412520265506 399
1740004310183 0.03275592424551322 400
1740004310267 0.007040857500446394 401
1740004310353 0.9813866491381429 402
1740004310441 0.12619408421178188 403
1740004310526 0.0007757223086646443 404
1740004310613 0.07369505106363047 405
1740004310701 0.021724882696072645 406
1740004310790 0.006028169719771507 407
1740004310884 0.6311589840995293 408
1740004310973 0.09805396332625405 409
1740004311058 0.04472064948792372 410
1740004311151 2.1125183789224864 411
1740004311237 0.0014636388147624487 412
1740004311323 0.0029046819488689844 413
1740004311411 0.14502014220303022 414
1740004311498 0.16705965718455212 415
1740004311583 0.08124179787591886 416
1740004311670 0.07087223291463614 417
1740004311756 0.2086083148847647 418
1740004311846 0.30296262814220554 419
1740004311933 0.00017790993104871923 420
1740004312017 0.3748366729710611 421
1740004312103 0.019941912315830767 422
1740004312196 0.17956169532431618 423
1740004312282 0.0927163270031769 424
1740004312368 0.5203251087188032 425
1740004312455 0.3650865647870654 426
1740004312542 0.10859265432777605 427
1740004312630 0.01589805487757808 428
1740004312732 0.003511333106390855 429
1740004312820 0.04893025713694086 430
1740004312918 0.022656901153429842 431
1740004313001 0.062135036353288896 432
1740004313089 0.02387085293185113 433
1740004313180 0.02342885015181725 434
1740004313268 0.022850378974581167 435
1740004313357 0.0006767716570111889 436
1740004313444 0.0015769073352293356 437
1740004313572 0.0002081347233016287 438
1740004313665 0.007170814654507011 439
1740004313752 0.0051224465438226875 440
1740004313845 0.03593433899918433 441
1740004313978 0.2252833510279999 442
1740004314104 0.002228815559553542 443
1740004314208 0.00012987018334414258 444
1740004314294 0.04315440306183333 445
1740004314383 0.0131169096000724 446
1740004314472 0.3974340005525054 447
1740004314568 0.018555010911211107 448
1740004314663 0.4252271256464296 449
1740004314749 0.1640307291160033 450
1740004314837 0.007643925212347953 451
1740004314931 0.12148329664221062 452
1740004315020 0.046837718308583666 453
1740004315108 0.020566724656639508 454
1740004315197 0.30020622143104203 455
1740004315287 0.05143806032228271 456
1740004315374 0.0015239779840675977 457
1740004315462 0.018970515019214422 458
1740004315553 0.0005366987597251578 459
1740004315644 0.07430380402683431 460
1740004315738 0.009974595664768113 461
1740004315826 0.3443500254671329 462
1740004315932 0.004769103065639773 463
1740004316021 0.11722638891002374 464
1740004316113 0.2775370343041628 465
1740004316203 0.21980485644090544 466
1740004316291 0.5003800429147152 467
1740004316380 0.003766482542876479 468
1740004316470 0.013912574202934805 469
1740004316558 0.021695633593076556 470
1740004316647 0.00041489642946310906 471
1740004316733 0.3884448256492478 472
1740004316821 0.2997603869139518 473
1740004316910 0.024066089550584355 474
1740004316997 0.056320142999439674 475
1740004317099 0.35384761163489625 476
1740004317192 0.13614583149049087 477
1740004317283 0.18168817362368964 478
