1739973189613 6.562968814935814 0
1739973189641 6.427127042428755 1
1739973189677 6.349749496411299 2
1739973189708 6.273799681883812 3
1739973189734 6.199699641906589 4
1739973189761 6.127392815028117 5
1739973189787 6.056828791444388 6
1739973189812 5.987958600059927 7
1739973189836 5.920734710875928 8
1739973189860 5.855110991477967 9
1739973189884 5.791042665295824 10
1739973189909 5.728486271112109 11
1739973189933 5.66739962378689 12
1739973189959 5.607741776161707 13
1739973190004 5.549472982107477 14
1739973190033 5.492554660681871 15
1739973190058 5.436949361362785 16
1739973190082 5.3826207303255424 17
1739973190106 5.329533477732398 18
1739973190130 5.277653346003909 19
1739973190154 5.226947079042646 20
1739973190178 5.177382392380553 21
1739973190206 5.128927944222213 22
1739973190230 5.081553307357058 23
1739973190255 5.035228941914354 24
1739973190280 4.989926168935661 25
1739973190306 4.94561714474014 26
1739973190330 4.90227483605887 27
1739973190354 4.8598729959150555 28
1739973190379 4.818386140227674 29
1739973190404 4.777789525116817 30
1739973190428 4.738059124889617 31
1739973190453 4.69917161068629 32
1739973190477 4.661104329766455 33
1739973190501 4.623835285416445 34
1739973190528 4.5873431174589765 35
1739973190553 4.551607083347032 36
1739973190577 4.516607039824406 37
1739973190601 4.482323425135864 38
1739973190625 4.448737241770407 39
1739973190650 4.415830039721588 40
1739973190675 4.383583900249363 41
1739973190776 4.351981420128368 42
1739973190804 4.321005696368034 43
1739973190829 4.290640311390326 44
1739973190854 4.260869318651361 45
1739973190878 4.231677228693567 46
1739973190902 4.2030489956154335 47
1739973190927 4.174970003946308 48
1739973190952 4.147426055914064 49
1739973190977 4.1204033590938245 50
1739973191001 4.093888514426306 51
1739973191026 4.067868504594658 52
1739973191052 4.042330682749044 53
1739973191078 4.017262761568487 54
1739973191105 3.992652802649881 55
1739973191136 3.9684892062143104 56
1739973191165 3.9447607011211523 57
1739973191191 3.921456335180728 58
1739973191216 3.8985654657565134 59
1739973191241 3.8760777506482222 60
1739973191265 3.853983139247332 61
1739973191289 3.8322718639568536 62
1739973191313 3.810934431867419 63
1739973191337 3.789961616681985 64
1739973191362 3.7693444508816913 65
1739973191387 3.749074218125626 66
1739973191413 3.7291424458774745 67
1739973191439 3.709540898252252 68
1739973191463 3.69026156907649 69
1739973191487 3.671296675155486 70
1739973191510 3.652638649741403 71
1739973191534 3.634280136196164 72
1739973191558 3.6162139818433348 73
1739973191582 3.598433232003282 74
1739973191606 3.5809311242061383 75
1739973191630 3.563701082577217 76
1739973191655 3.5467367123897144 77
1739973191685 3.5300317947796778 78
1739973191711 3.5135802816183634 79
1739973191738 3.497376290537276 80
1739973191765 3.481414100101295 81
1739973191791 3.465688145125459 82
1739973191818 3.4501930121310913 83
1739973191845 3.434923434937093 84
1739973191872 3.4198742903823396 85
1739973191899 3.4050405941752713 86
1739973191926 3.390417496866839 87
1739973191953 3.3760002799431237 88
1739973191977 3.3617843520340394 89
1739973192001 3.3477652452346347 90
1739973192025 3.333938611535625 91
1739973192049 3.3203002193598765 92
1739973192073 3.3068459502016716 93
1739973192097 3.293571795365673 94
1739973192121 3.2804738528026043 95
1739973192145 3.267548324038741 96
1739973192170 3.2547915111964154 97
1739973192202 3.2421998141027943 98
1739973192228 3.2297697274843027 99
1739973192253 3.2174978382441095 100
1739973192277 3.205380822820216 101
1739973192300 3.193415444621699 102
1739973192324 3.181598551540803 103
1739973192349 3.169927073538591 104
1739973192373 3.1583980203019606 105
1739973192397 3.1470084789698856 106
1739973192422 3.1357556119268195 107
1739973192446 3.124636654661246 108
1739973192471 3.113648913687424 109
1739973192497 3.102789764528457 110
1739973192523 3.092056649758827 111
1739973192547 3.0814470771046327 112
1739973192571 3.0709586175998034 113
1739973192596 3.060588903796613 114
1739973192620 3.0503356280288805 115
1739973192644 3.040196540726262 116
1739973192669 3.0301694487781385 117
1739973192697 3.0202522139455934 118
1739973192723 3.010442751320049 119
1739973192748 3.000739027827185 120
1739973192772 2.9911390607747577 121
1739973192796 2.981640916443048 122
1739973192820 2.9722427087166223 123
1739973192844 2.9629425977562134 124
1739973192867 2.953738788709502 125
1739973192892 2.9446295304596415 126
1739973192917 2.935613114410412 127
1739973192943 2.926687873306892 128
1739973192968 2.917852180090612 129
1739973192992 2.909104446788146 130
1739973193016 2.9004431234321486 131
1739973193039 2.8918666970138713 132
1739973193065 2.8833736904662337 133
1739973193089 2.874962661676509 134
1739973193113 2.8666322025277813 135
1739973193142 2.858380937968283 136
1739973193167 2.8502075251078085 137
1739973193193 2.842110652340384 138
1739973193217 2.83408903849242 139
1739973193241 2.8261414319955867 140
1739973193265 2.8182666100836755 141
1739973193289 2.8104633780127375 142
1739973193313 2.8027305683038053 143
1739973193337 2.795067040007531 144
1739973193361 2.7874716779900783 145
1739973193386 2.779943392239658 146
1739973193412 2.772481117193073 147
1739973193437 2.7650838110816975 148
1739973193461 2.7577504552962977 149
1739973193485 2.7504800537701475 150
1739973193508 2.7432716323798956 151
1739973193532 2.7361242383636486 152
1739973193555 2.7290369397557743 153
1739973193579 2.722008824837918 154
1739973193603 2.7150390016057613 155
1739973193628 2.7081265972510487 156
1739973193658 2.701270757658435 157
1739973193683 2.6944706469167246 158
1739973193708 2.687725446844057 159
1739973193731 2.6810343565266415 160
1739973193755 2.67439659187064 161
1739973193779 2.667811385166802 162
1739973193803 2.661277984667488 163
1739973193829 2.6547956541756976 164
1739973193856 2.648363672645771 165
1739973193881 2.6419813337953957 166
1739973193906 2.6356479457286084 167
1739973193930 2.6293628305694527 168
1739973193953 2.623125324105982 169
1739973193977 2.616934775444308 170
1739973194001 2.6107905466723964 171
1739973194024 2.6046920125333224 172
1739973194048 2.5986385601077076 173
1739973194077 2.5926295885050723 174
1739973194104 2.5866645085638402 175
1739973194129 2.580742742559737 176
1739973194154 2.5748637239223444 177
1739973194181 2.569026896959564 178
1739973194207 2.563231716589764 179
1739973194231 2.5574776480813806 180
1739973194254 2.551764166799758 181
1739973194278 2.546090757961016 182
1739973194303 2.5404569163927353 183
1739973194329 2.5348621463012666 184
1739973194355 2.529305961045469 185
1739973194379 2.523787882916685 186
1739973194403 2.5183074429247836 187
1739973194427 2.512864180590073 188
1739973194453 2.5074576437409366 189
1739973194477 2.502087388317005 190
1739973194500 2.496752978177719 191
1739973194524 2.491453984916112 192
1739973194548 2.4861899876776765 193
1739973194576 2.480960572984153 194
1739973194603 2.4757653345621033 195
1739973194627 2.4706038731761386 196
1739973194651 2.4654757964666487 197
1739973194675 2.4603807187919218 198
1739973194699 2.455318261074515 199
1739973194723 2.4502880506517553 200
1739973194746 2.4452897211302584 201
1739973194771 2.440322912244342 202
1739973194796 2.43538726971822 203
1739973194822 2.4304824451318803 204
1739973194846 2.4256080957905253 205
1739973194869 2.420763884597484 206
1739973194894 2.4159494799304926 207
1739973194917 2.41116455552124 208
1739973194941 2.4064087903381006 209
1739973194964 2.4016818684719463 210
1739973194988 2.396983479024955 211
1739973195012 2.3923133160023418 212
1739973195041 2.3876710782069086 213
1739973195067 2.383056469136348 214
1739973195092 2.378469196883217 215
1739973195117 2.3739089740375015 216
1739973195142 2.369375517591708 217
1739973195165 2.3648685488483965 218
1739973195190 2.3603877933301005 219
1739973195214 2.3559329806915525 220
1739973195237 2.351503844634158 221
1739973195263 2.347100122822657 222
1739973195288 2.342721556803901 223
1739973195313 2.3383678919276925 224
1739973195337 2.3340388772696326 225
1739973195361 2.329734265555911 226
1739973195385 2.325453813089987 227
1739973195408 2.321197279681119 228
1739973195432 2.3169644285746696 229
1739973195456 2.312755026384158 230
1739973195480 2.3085688430249958 231
1739973195503 2.3044056516498674 232
1739973195528 2.300265228585706 233
1739973195556 2.2961473532722207 234
1739973195583 2.292051808201936 235
1739973195609 2.2879783788616894 236
1739973195652 2.2839268536755672 237
1739973195685 2.2798970239492142 238
1739973195709 2.2758886838155057 239
1739973195733 2.2719016301815143 240
1739973195758 2.267935662676768 241
1739973195784 2.263990583602737 242
1739973195810 2.260066197883531 243
1739973195834 2.256162313017771 244
1739973195857 2.2522787390315955 245
1739973195881 2.2484152884327853 246
1739973195905 2.2445717761659587 247
1739973195929 2.2407480195688256 248
1739973195953 2.236943838329456 249
1739973195978 2.2331590544445463 250
1739973196003 2.2293934921786485 251
1739973196029 2.225646978024349 252
1739973196053 2.22191934066335 253
1739973196077 2.2182104109284557 254
1739973196100 2.2145200217664125 255
1739973196124 2.2108480082016038 256
1739973196148 2.207194207300558 257
1739973196172 2.2035584581372603 258
1739973196198 2.19994060175924 259
1739973196223 2.196340481154419 260
1739973196251 2.192757941218691 261
1739973196277 2.1891928287242246 262
1739973196304 2.1856449922884615 263
1739973196329 2.1821142823437985 264
1739973196354 2.178600551107926 265
1739973196379 2.17510365255482 266
1739973196403 2.1716234423863545 267
1739973196427 2.168159778004531 268
1739973196451 2.1647125184843024 269
1739973196474 2.161281524546975 270
1739973196499 2.157866658534182 271
1739973196529 2.154467784382401 272
1739973196556 2.151084767598012 273
1739973196579 2.1477174752328794 274
1739973196604 2.14436577586044 275
1739973196628 2.14102953955229 276
1739973196651 2.1377086378552552 277
1739973196675 2.134402943768934 278
1739973196700 2.1311123317236955 279
1739973196724 2.1278366775591335 280
1739973196748 2.124575858502949 281
1739973196772 2.1213297531502637 282
1739973196797 2.1180982414433487 283
1739973196827 2.1148812046517538 284
1739973196852 2.111678525352833 285
1739973196879 2.1084900874126618 286
1739973196904 2.105315775967318 287
1739973196930 2.102155477404536 288
1739973196954 2.099009079345721 289
1739973196977 2.0958764706283004 290
1739973197002 2.0927575412884285 291
1739973197027 2.089652182544014 292
1739973197055 2.086560286778072 293
1739973197082 2.0834817475223955 294
1739973197108 2.0804164594415315 295
1739973197135 2.07736431831706 296
1739973197162 2.074325221032166 297
1739973197187 2.071299065556495 298
1739973197212 2.0682857509312957 299
1739973197236 2.0652851772548257 300
1739973197260 2.0622972456680344 301
1739973197285 2.0593218583404975 302
1739973197310 2.056358918456613 303
1739973197335 2.053408330202037 304
1739973197362 2.050469998750374 305
1739973197388 2.047543830250093 306
1739973197417 2.044629731811681 307
1739973197443 2.041727611495022 308
1739973197467 2.0388373782969955 309
1739973197491 2.035958942139294 310
1739973197516 2.033092213856448 311
1739973197541 2.0302371051840606 312
1739973197567 2.0273935287472415 313
1739973197593 2.0245613980492396 314
1739973197618 2.02174062746027 315
1739973197642 2.0189311322065215 316
1739973197666 2.0161328283593627 317
1739973197690 2.013345632824715 318
1739973197715 2.010569463332608 319
1739973197739 2.0078042384269086 320
1739973197768 2.0050498774552152 321
1739973197794 2.0023063005589194 322
1739973197818 1.9995734286634284 323
1739973197842 1.9968511834685463 324
1739973197865 1.994139487439009 325
1739973197889 1.991438263795172 326
1739973197913 1.988747436503845 327
1739973197937 1.9860669302692715 328
1739973197961 1.9833966705242527 329
1739973197984 1.9807365834214088 330
1739973198008 1.9780865958245752 331
1739973198032 1.9754466353003353 332
1739973198056 1.972816630109682 333
1739973198146 1.9701965091998062 334
1739973198172 1.9675862021960144 335
1739973198198 1.964985639393766 336
1739973198225 1.9623947517508293 337
1739973198255 1.959813470879562 338
1739973198281 1.9572417290393007 339
1739973198306 1.954679459128866 340
1739973198330 1.9521265946791813 341
1739973198353 1.9495830698459955 342
1739973198377 1.9470488194027167 343
1739973198402 1.944523778733348 344
1739973198427 1.942007883825528 345
1739973198453 1.9395010712636698 346
1739973198477 1.9370032782222009 347
1739973198501 1.9345144424588978 348
1739973198526 1.9320345023083174 349
1739973198552 1.9295633966753205 350
1739973198577 1.9271010650286882 351
1739973198602 1.9246474473948252 352
1739973198626 1.922202484351555 353
1739973198650 1.9197661170219988 354
1739973198674 1.9173382870685396 355
1739973198697 1.9149189366868709 356
1739973198721 1.912508008600126 357
1739973198745 1.9101054460530884 358
1739973198769 1.9077111928064794 359
1739973198792 1.9053251931313273 360
1739973198816 1.9029473918034059 361
1739973198839 1.9005777340977552 362
1739973198863 1.8982161657832703 363
1739973198886 1.8958626331173636 364
1739973198910 1.8935170828406993 365
1739973198934 1.8911794621719966 366
1739973198958 1.8888497188029005 367
1739973198981 1.8865278008929205 368
1739973199005 1.8842136570644372 369
1739973199030 1.8819072363977702 370
1739973199058 1.879608488426312 371
1739973199085 1.8773173631317264 372
1739973199111 1.8750338109392044 373
1739973199136 1.872757782712785 374
1739973199163 1.870489229750733 375
1739973199188 1.8682281037809756 376
1739973199212 1.8659743569565994 377
1739973199236 1.863727941851402 378
1739973199259 1.861488811455498 379
1739973199283 1.8592569191709833 380
1739973199306 1.857032218807653 381
1739973199330 1.8548146645787689 382
1739973199353 1.8526042110968854 383
1739973199377 1.8504008133697198 384
1739973199400 1.8482044267960809 385
1739973199424 1.8460150071618406 386
1739973199448 1.8438325106359608 387
1739973199473 1.8416568937665632 388
1739973199497 1.8394881134770513 389
1739973199521 1.8373261270622763 390
1739973199545 1.8351708921847498 391
1739973199569 1.8330223668709054 392
1739973199599 1.8308805095073974 393
1739973199624 1.8287452788374525 394
1739973199648 1.82661663395726 395
1739973199672 1.8244945343124044 396
1739973199696 1.8223789396943428 397
1739973199720 1.820269810236922 398
1739973199743 1.8181671064129374 399
1739973199766 1.8160707890307324 400
1739973199790 1.8139808192308366 401
1739973199814 1.8118971584826442 402
1739973199838 1.8098197685811304 403
1739973199862 1.8077486116436055 404
1739973199907 1.805683650106508 405
1739973199931 1.8036248467222349 406
1739973199956 1.801572164556004 407
1739973199982 1.799525566982759 408
1739973200008 1.797485017684103 409
1739973200033 1.7954504806452756 410
1739973200059 1.793421920152153 411
1739973200082 1.7913993007882945 412
1739973200107 1.7893825874320115 413
1739973200132 1.7873717452534783 414
1739973200186 1.7853667397118695 415
1739973200217 1.7833675365525314 416
1739973200242 1.7813741018041884 417
1739973200267 1.7793864017761738 418
1739973200291 1.7774044030556988 419
1739973200314 1.7754280725051463 420
1739973200338 1.7734573772593982 421
1739973200362 1.7714922847231904 422
1739973200386 1.7695327625684985 423
1739973200412 1.7675787787319521 424
1739973200438 1.765630301412275 425
1739973200462 1.7636872990677581 426
1739973200485 1.761749740413756 427
1739973200509 1.7598175944202141 428
1739973200533 1.7578908303092189 429
1739973200556 1.7559694175525795 430
1739973200580 1.7540533258694324 431
1739973200605 1.7521425252238725 432
1739973200635 1.7502369858226112 433
1739973200661 1.7483366781126588 434
1739973200688 1.7464415727790323 435
1739973200715 1.7445516407424866 436
1739973200741 1.7426668531572724 437
1739973200769 1.7407871814089173 438
1739973200801 1.7389125971120285 439
1739973200836 1.7370430721081231 440
1739973200867 1.7351785784634777 441
1739973200893 1.7333190884670029 442
1739973200920 1.7314645746281405 443
1739973200946 1.7296150096747824 444
1739973200972 1.7277703665512107 445
1739973200997 1.725930618416063 446
1739973201025 1.7240957386403146 447
1739973201051 1.722265700805285 448
1739973201076 1.720440478700665 449
1739973201101 1.718620046322564 450
1739973201127 1.7168043778715771 451
1739973201203 1.714993447750876 452
1739973201243 1.7131872305643132 453
1739973201266 1.711385701114554 454
1739973201291 1.7095888344012207 455
1739973201321 1.707796605619064 456
1739973201347 1.7060089901561428 457
1739973201373 1.7042259635920352 458
1739973201397 1.702447501696057 459
1739973201421 1.7006735804255064 460
1739973201446 1.698904175923924 461
1739973201469 1.69713926451937 462
1739973201493 1.6953788227227184 463
1739973201516 1.6936228272259743 464
1739973201540 1.6918712549006014 465
1739973201564 1.6901240827958715 466
1739973201588 1.688381288137227 467
1739973201617 1.6866428483246674 468
1739973201642 1.6849087409311416 469
1739973201667 1.6831789437009659 470
1739973201691 1.6814534345482544 471
1739973201715 1.6797321915553654 472
1739973201738 1.678015192971363 473
1739973201763 1.6763024172104972 474
1739973201788 1.6745938428506968 475
1739973201814 1.6728894486320771 476
1739973201838 1.671189213455466 477
1739973201862 1.669493116380943 478
1739973201885 1.6678011366263892 479
1739973201908 1.6661132535660619 480
1739973201932 1.6644294467291723 481
1739973201956 1.6627496957984849 482
1739973201979 1.66107398060893 483
1739973202003 1.659402281146225 484
1739973202027 1.657734577545518 485
1739973202056 1.6560708500900374 486
1739973202081 1.6544110792097595 487
1739973202105 1.6527552454800885 488
1739973202129 1.651103329620547 489
1739973202153 1.6494553124934852 490
1739973202177 1.6478111751027964 491
1739973202203 1.646170898592652 492
1739973202227 1.6445344642462423 493
1739973202251 1.6429018534845352 494
1739973202275 1.6412730478650457 495
1739973202299 1.639648029080615 496
1739973202323 1.6380267789582061 497
1739973202351 1.636409279457709 498
1739973202377 1.6347955126707554 499
