1740010405233 169.15949537300654 0
1740010405255 169.14205868074123 1
1740010405281 169.12527088154764 2
1740010405306 169.10841305132254 3
1740010405333 169.09155695271863 4
1740010405355 169.0747025816507 5
1740010405385 169.05784993793964 6
1740010405409 169.04099902140595 7
1740010405431 169.0241498318703 8
1740010405453 169.00730236915325 9
1740010405475 168.99045663307558 10
1740010405498 168.97361262345788 11
1740010405525 168.95677034012084 12
1740010405551 168.93992978288523 13
1740010405574 168.9230909515717 14
1740010405600 168.9062538460011 15
1740010405628 168.88941846599414 16
1740010405651 168.8725848113716 17
1740010405674 168.8557528819543 18
1740010405696 168.83892267756303 19
1740010405721 168.8220941980187 20
1740010405743 168.80526744314213 21
1740010405766 168.7884424127542 22
1740010405793 168.77161910667581 23
1740010405817 168.7547975247279 24
1740010405839 168.73797766673138 25
1740010405862 168.72115953250724 26
1740010405884 168.70434312187643 27
1740010405906 168.6875284346599 28
1740010405931 168.67071547067877 29
1740010405954 168.65390422975395 30
1740010405978 168.6370947117066 31
1740010406000 168.62028691635768 32
1740010406022 168.6034808435284 33
1740010406045 168.58667649303973 34
1740010406067 168.5698738647129 35
1740010406089 168.553072958369 36
1740010406112 168.5362737738292 37
1740010406136 168.5194763109147 38
1740010406160 168.5026805694467 39
1740010406181 168.4858865492464 40
1740010406203 168.46909425013504 41
1740010406225 168.45230367193383 42
1740010406248 168.43551481446414 43
1740010406270 168.41872767754722 44
1740010406292 168.40194226100434 45
1740010406314 168.38515856465688 46
1740010406339 168.36837658832616 47
1740010406364 168.35159633183355 48
1740010406387 168.33481779500048 49
1740010406408 168.31804097764825 50
1740010406430 168.30126587959842 51
1740010406452 168.28449250067234 52
1740010406475 168.26772084069148 53
1740010406499 168.25095089947737 54
1740010406520 168.23418267685145 55
1740010406545 168.21741617263527 56
1740010406568 168.20065138665038 57
1740010406589 168.18388831871826 58
1740010406612 168.16712696866057 59
1740010406634 168.15036733629884 60
1740010406658 168.1336094214547 61
1740010406680 168.1168532239498 62
1740010406702 168.10009874360577 63
1740010406723 168.08334598024427 64
1740010406748 168.06659493368699 65
1740010406771 168.0498456037556 66
1740010406792 168.0330979902719 67
1740010406814 168.01635209305758 68
1740010406836 167.9996079119344 69
1740010406858 167.98286544672416 70
1740010406881 167.96612469724863 71
1740010406903 167.94938566332965 72
1740010406925 167.932648344789 73
1740010406948 167.9159127414486 74
1740010406971 167.89917885313028 75
1740010406992 167.88244667965597 76
1740010407014 167.86571622084756 77
1740010407035 167.84898747652693 78
1740010407059 167.83226044651607 79
1740010407086 167.81553513063696 80
1740010407111 167.79881152871155 81
1740010407155 167.78208964056188 82
1740010407178 167.7653694660099 83
1740010407200 167.74865100487773 84
1740010407221 167.73193425698736 85
1740010407243 167.71521922216093 86
1740010407266 167.69850590022045 87
1740010407288 167.68179429098814 88
1740010407310 167.66508439428603 89
1740010407333 167.64837620993634 90
1740010407361 167.63166973776123 91
1740010407390 167.61496497758284 92
1740010407417 167.59826192922347 93
1740010407439 167.5815605925052 94
1740010407461 167.5648609672504 95
1740010407484 167.5481630532813 96
1740010407506 167.5314668504202 97
1740010407528 167.51477235848932 98
1740010407549 167.49807957731107 99
1740010407574 167.4813885067077 100
1740010407597 167.46469914650163 101
1740010407618 167.44801149651522 102
1740010407640 167.43132555657084 103
1740010407662 167.41464132649094 104
1740010407685 167.3979588060979 105
1740010407708 167.38127799521422 106
1740010407729 167.3645988936623 107
1740010407751 167.3479215012647 108
1740010407777 167.33124581784386 109
1740010407800 167.31457184322238 110
1740010407826 167.29789957722272 111
1740010407849 167.28122901966748 112
1740010407871 167.2645601703792 113
1740010407895 167.24789302918057 114
1740010407917 167.2312275958941 115
1740010407939 167.21456387034246 116
1740010407961 167.1979018523483 117
1740010407984 167.18124154173432 118
1740010408006 167.1645829383232 119
1740010408027 167.14792604193764 120
1740010408049 167.1312708524003 121
1740010408073 167.11461736953402 122
1740010408097 167.09796559316152 123
1740010408119 167.08131552310562 124
1740010408140 167.06466715918907 125
1740010408162 167.04802050123473 126
1740010408186 167.0313755490654 127
1740010408207 167.01473230250394 128
1740010408229 166.99809076137328 129
1740010408251 166.98145092549626 130
1740010408273 166.9648127946958 131
1740010408296 166.94817636879483 132
1740010408318 166.93154164761629 133
1740010408339 166.91490863098318 134
1740010408361 166.89827731871847 135
1740010408387 166.88164771064513 136
1740010408411 166.86501980658622 137
1740010408432 166.84839360636482 138
1740010408454 166.83176910980393 139
1740010408476 166.8151463167266 140
1740010408500 166.79852522695603 141
1740010408522 166.78190584031523 142
1740010408544 166.7652881566274 143
1740010408565 166.74867217571565 144
1740010408589 166.7320578974032 145
1740010408613 166.71544532151322 146
1740010408635 166.6988344478689 147
1740010408657 166.68222527629345 148
1740010408678 166.66561780661016 149
1740010408701 166.6490120386423 150
1740010408723 166.6324079722131 151
1740010408746 166.61580560714586 152
1740010408767 166.599204943264 153
1740010408791 166.5826059803907 154
1740010408814 166.56600871834945 155
1740010408835 166.54941315696357 156
1740010408857 166.5328192960564 157
1740010408880 166.5162271354515 158
1740010408903 166.49963667497215 159
1740010408924 166.48304791444187 160
1740010408946 166.46646085368408 161
1740010408968 166.44987549252235 162
1740010408991 166.4332918307801 163
1740010409014 166.4167098682809 164
1740010409035 166.40012960484825 165
1740010409057 166.38355104030572 166
1740010409081 166.36697417447692 167
1740010409107 166.35039900718542 168
1740010409129 166.33382553825484 169
1740010409150 166.31725376750884 170
1740010409172 166.300683694771 171
1740010409194 166.28411531986507 172
1740010409215 166.2675486426147 173
1740010409237 166.25098366284357 174
1740010409259 166.23442038037544 175
1740010409282 166.21785879503406 176
1740010409309 166.2012989066432 177
1740010409331 166.18474071502655 178
1740010409352 166.16818422000802 179
1740010409374 166.15162942141137 180
1740010409396 166.13507631906046 181
1740010409418 166.11852491277915 182
1740010409440 166.10197520239126 183
1740010409461 166.08542718772074 184
1740010409484 166.06888086859146 185
1740010409506 166.0523362448274 186
1740010409530 166.03579331625244 187
1740010409552 166.01925208269057 188
1740010409573 166.0027125439658 189
1740010409597 165.98617469990208 190
1740010409620 165.9696385503235 191
1740010409641 165.95310409505402 192
1740010409663 165.93657133391778 193
1740010409685 165.92004026673874 194
1740010409709 165.90351089334112 195
1740010409731 165.88698321354897 196
1740010409754 165.8704572271864 197
1740010409778 165.8539329340776 198
1740010409800 165.8374103340467 199
1740010409822 165.82088942691792 200
1740010409846 165.80437021251547 201
1740010409873 165.7878526906635 202
1740010409894 165.77133686118634 203
1740010409920 165.7548227239082 204
1740010409943 165.73831027865336 205
1740010409966 165.72179952524615 206
1740010409987 165.70529046351083 207
1740010410011 165.68878309327178 208
1740010410033 165.67227741435332 209
1740010410055 165.65577342657983 210
1740010410080 165.63927112977572 211
1740010410103 165.62277052376535 212
1740010410125 165.6062716083732 213
1740010410147 165.58977438342365 214
1740010410168 165.5732788487412 215
1740010410190 165.5567850041503 216
1740010410215 165.54029284947552 217
1740010410238 165.52380238454128 218
1740010410260 165.5073136091722 219
1740010410281 165.49082652319277 220
1740010410303 165.4743411264276 221
1740010410325 165.45785741870125 222
1740010410347 165.44137539983834 223
1740010410368 165.4248950696635 224
1740010410390 165.4084164280014 225
1740010410414 165.3919394746766 226
1740010410436 165.37546420951395 227
1740010410458 165.358990632338 228
1740010410481 165.34251874297354 229
1740010410502 165.32604854124529 230
1740010410527 165.309580026978 231
1740010410549 165.29311319999644 232
1740010410570 165.27664806012544 233
1740010410592 165.26018460718976 234
1740010410614 165.24372284101426 235
1740010410636 165.22726276142382 236
1740010410658 165.21080436824315 237
1740010410680 165.19434766129734 238
1740010410702 165.17789264041113 239
1740010410727 165.16143930540954 240
1740010410749 165.14498765611742 241
1740010410770 165.12853769235983 242
1740010410792 165.11208941396166 243
1740010410816 165.09564282074794 244
1740010410838 165.0791979125437 245
1740010410859 165.06275468917391 246
1740010410881 165.04631315046367 247
1740010410902 165.02987329623804 248
1740010410928 165.01343512632207 249
1740010410949 164.99699864054088 250
1740010410971 164.98056383871963 251
1740010410993 164.96413072068339 252
1740010411015 164.94769928625738 253
1740010411038 164.93126953526672 254
1740010411059 164.91484146753663 255
1740010411081 164.89841508289234 256
1740010411102 164.88199038115906 257
1740010411126 164.86556736216207 258
1740010411147 164.84914602572658 259
1740010411169 164.83272637167792 260
1740010411191 164.81630839984138 261
1740010411214 164.79989211004226 262
1740010411237 164.783477502106 263
1740010411259 164.7670645758578 264
1740010411281 164.75065333112315 265
1740010411302 164.7342437677274 266
1740010411325 164.717835885496 267
1740010411347 164.70142968425435 268
1740010411368 164.6850251638279 269
1740010411390 164.66862232404213 270
1740010411412 164.65222116472253 271
1740010411434 164.6358216856946 272
1740010411456 164.61942388678384 273
1740010411480 164.60302776781583 274
1740010411502 164.5866333286161 275
1740010411525 164.57024056901025 276
1740010411547 164.5538494888239 277
1740010411568 164.53746008788255 278
1740010411590 164.52107236601196 279
1740010411612 164.5046863230377 280
1740010411636 164.48830195878548 281
1740010411657 164.471919273081 282
1740010411681 164.45553826574996 283
1740010411703 164.43915893661804 284
1740010411728 164.42278128551104 285
1740010411750 164.40640531225463 286
1740010411772 164.39003101667467 287
1740010411795 164.37365839859694 288
1740010411818 164.35728745784726 289
1740010411847 164.34091819425146 290
1740010411872 164.32455060763536 291
1740010411900 164.30818469782483 292
1740010411924 164.2918204646458 293
1740010411952 164.27545790792416 294
1740010411976 164.25909702748584 295
1740010411999 164.24273782315677 296
1740010412022 164.22638029476292 297
1740010412046 164.21002444213025 298
1740010412072 164.19367026508473 299
1740010412096 164.17731776345244 300
1740010412122 164.16096693705938 301
1740010412145 164.1446177857316 302
1740010412167 164.1282703092952 303
1740010412189 164.11192450757628 304
1740010412212 164.09558038040083 305
1740010412235 164.0792379275951 306
1740010412260 164.06289714898517 307
1740010412285 164.04655804439724 308
1740010412307 164.03022061365746 309
1740010412332 164.01388485659203 310
1740010412357 163.99755077302717 311
1740010412384 163.9812183627891 312
1740010412407 163.96488762570408 313
1740010412430 163.94855856159836 314
1740010412453 163.9322311702983 315
1740010412483 163.91590545163012 316
1740010412508 163.8995814054202 317
1740010412531 163.88325903149487 318
1740010412553 163.8669383296805 319
1740010412576 163.85061929980338 320
1740010412599 163.83430194169006 321
1740010412621 163.81798625516683 322
1740010412647 163.80167224006019 323
1740010412668 163.78535989619652 324
1740010412698 163.7690492234024 325
1740010412720 163.7527402215042 326
1740010412743 163.73643289032853 327
1740010412765 163.72012722970183 328
1740010412787 163.7038232394507 329
1740010412810 163.68752091940166 330
1740010412831 163.67122026938134 331
1740010412855 163.65492128921628 332
1740010412880 163.63862397873308 333
1740010412905 163.62232833775843 334
1740010412927 163.60603436611896 335
1740010412948 163.58974206364138 336
1740010412970 163.57345143015232 337
1740010412993 163.55716246547846 338
1740010413015 163.5408751694466 339
1740010413037 163.52458954188342 340
1740010413058 163.50830558261572 341
1740010413167 163.4920232914703 342
1740010413193 163.47574266827385 343
1740010413215 163.4594637128533 344
1740010413237 163.44318642503544 345
1740010413258 163.4269108046471 346
1740010413284 163.41063685151516 347
1740010413305 163.39436456546653 348
1740010413327 163.37809394632808 349
1740010413348 163.36182499392675 350
1740010413370 163.34555770808947 351
1740010413392 163.32929208864323 352
1740010413414 163.31302813541495 353
1740010413435 163.2967658482317 354
1740010413457 163.2805052269204 355
1740010413484 163.2642462713082 356
1740010413507 163.24798898122202 357
1740010413529 163.231733356489 358
1740010413552 163.21547939693627 359
1740010413574 163.19922710239084 360
1740010413596 163.18297647267985 361
1740010413618 163.16672750763053 362
1740010413640 163.1504802070699 363
1740010413661 163.13423457082524 364
1740010413686 163.1179905987237 365
1740010413707 163.10174829059247 366
1740010413729 163.0855076462589 367
1740010413751 163.06926866555006 368
1740010413773 163.05303134829333 369
1740010413795 163.036795694316 370
1740010413817 163.0205617034453 371
1740010413839 163.0043293755086 372
1740010413860 162.98809871033328 373
1740010413887 162.9718697077466 374
1740010413910 162.955642367576 375
1740010413938 162.93941668964885 376
1740010413960 162.92319267379256 377
1740010413983 162.90697031983458 378
1740010414006 162.8907496276023 379
1740010414027 162.87453059692328 380
1740010414049 162.85831322762493 381
1740010414072 162.84209751953478 382
1740010414098 162.82588347248034 383
1740010414119 162.80967108628911 384
1740010414142 162.79346036078874 385
1740010414164 162.77725129580674 386
1740010414185 162.7610438911707 387
1740010414207 162.7448381467082 388
1740010414229 162.72863406224693 389
1740010414251 162.7124316376145 390
1740010414273 162.69623087263858 391
1740010414299 162.68003176714686 392
1740010414321 162.663834320967 393
1740010414342 162.6476385339268 394
1740010414365 162.63144440585393 395
1740010414387 162.6152519365762 396
1740010414409 162.59906112592125 397
1740010414431 162.582871973717 398
1740010414452 162.56668447979123 399
1740010414473 162.55049864397176 400
1740010414498 162.53431446608639 401
1740010414520 162.51813194596306 402
1740010414542 162.50195108342962 403
1740010414564 162.48577187831393 404
1740010414587 162.4695943304439 405
1740010414610 162.45341843964752 406
1740010414631 162.4372442057527 407
1740010414653 162.42107162858744 408
1740010414674 162.40490070797975 409
1740010414697 162.3887314437575 410
1740010414718 162.3725638357489 411
1740010414739 162.3563978837819 412
1740010414761 162.34023358768454 413
1740010414784 162.3240709472849 414
1740010414809 162.30790996241114 415
1740010414831 162.2917506328913 416
1740010414852 162.27559295855357 417
1740010414874 162.25943693922605 418
1740010414897 162.24328257473692 419
1740010414918 162.2271298649144 420
1740010414940 162.21097880958663 421
1740010414963 162.19482940858188 422
1740010414989 162.17868166172835 423
1740010415014 162.16253556885437 424
1740010415036 162.14639112978816 425
1740010415057 162.130248344358 426
1740010415083 162.11410721239227 427
1740010415111 162.09796773371923 428
1740010415135 162.08182990816724 429
1740010415157 162.06569373556465 430
1740010415178 162.0495592157399 431
1740010415202 162.03342634852135 432
1740010415228 162.01729513373743 433
1740010415250 162.00116557121655 434
1740010415271 161.98503766078724 435
1740010415293 161.96891140227788 436
1740010415315 161.95278679551703 437
1740010415337 161.93666384033315 438
1740010415359 161.92054253655476 439
1740010415381 161.9044228840105 440
1740010415402 161.88830488252881 441
1740010415425 161.87218853193835 442
1740010415446 161.8560738320677 443
1740010415468 161.8399607827454 444
1740010415490 161.82384938380022 445
1740010415513 161.80773963506073 446
1740010415536 161.79163153635562 447
1740010415558 161.77552508751356 448
1740010415579 161.7594202883633 449
1740010415602 161.74331713873346 450
1740010415624 161.7272156384529 451
1740010415645 161.7111157873503 452
1740010415667 161.69501758525448 453
1740010415688 161.67892103199426 454
1740010415712 161.6628261273984 455
1740010415735 161.64673287129574 456
1740010415757 161.63064126351514 457
1740010415778 161.6145513038855 458
1740010415800 161.59846299223562 459
1740010415823 161.5823763283945 460
1740010415844 161.56629131219097 461
1740010415866 161.55020794345404 462
1740010415888 161.53412622201265 463
1740010415912 161.5180461476957 464
1740010415936 161.5019677203323 465
1740010415961 161.48589093975139 466
1740010415985 161.46981580578202 467
1740010416008 161.4537423182532 468
1740010416032 161.43767047699404 469
1740010416053 161.42160028183363 470
1740010416078 161.40553173260102 471
1740010416100 161.38946482912536 472
1740010416126 161.37339957123575 473
1740010416151 161.3573359587614 474
1740010416173 161.34127399153144 475
1740010416194 161.32521366937505 476
1740010416216 161.3091549921215 477
1740010416238 161.29309795959992 478
1740010416261 161.27704257163964 479
1740010416282 161.26098882806986 480
1740010416305 161.2449367287199 481
1740010416328 161.22888627341902 482
1740010416350 161.21283746199654 483
1740010416373 161.19679029428187 484
1740010416394 161.1807447701042 485
1740010416416 161.16470088929304 486
1740010416441 161.1486586516777 487
1740010416462 161.13261805708765 488
1740010416484 161.11657910535223 489
1740010416505 161.10054179630094 490
1740010416527 161.0845061297632 491
1740010416549 161.0684721055685 492
1740010416571 161.05243972354634 493
1740010416593 161.0364089835262 494
1740010416615 161.02037988533763 495
1740010416641 161.0043524288102 496
1740010416662 160.98832661377344 497
1740010416684 160.97230244005695 498
1740010416705 160.9562799074903 499
