1740011381004 89.781926542659 0
1740011381100 66.70136362460876 1
1740011381203 46.326074124855445 2
1740011381301 33.64203749048802 3
1740011381398 23.563299762322817 4
1740011381490 13.84582904995016 5
1740011381586 8.063023673730806 6
1740011381683 4.577987404523929 7
1740011381779 4.9136909904616095 8
1740011381877 3.6920052106869137 9
1740011381969 4.131107725524333 10
1740011382065 0.7449600609704548 11
1740011382158 1.6295064080801929 12
1740011382253 0.9622757437278395 13
1740011382346 1.1022928323476495 14
1740011382438 1.048770757027809 15
1740011382532 0.32160572795246656 16
1740011382622 0.7267809502574406 17
1740011382722 0.4079026991917073 18
1740011382832 1.1461990185899777 19
1740011382926 0.7410802458543299 20
1740011383024 0.4946151933836056 21
1740011383126 1.3577120685283168 22
1740011383217 0.1861150915509733 23
1740011383309 0.5004178018867086 24
1740011383400 0.2730232229094363 25
1740011383494 0.22516884743657486 26
1740011383592 0.993221247111318 27
1740011383685 0.049693575979537885 28
1740011383776 0.984019354226564 29
1740011383869 0.409095803624449 30
1740011383960 0.41236666259979704 31
1740011384055 0.45338427796019 32
1740011384149 0.5076442137549241 33
1740011384241 1.4200457536277202 34
1740011384335 0.2091532768518515 35
1740011384427 0.9087154680844391 36
1740011384521 0.9991306077379076 37
1740011384613 0.8945146091944723 38
1740011384755 0.736175687604802 39
1740011384859 0.8500663015405565 40
1740011384971 0.6980957423661728 41
1740011385071 1.113193066730121 42
1740011385165 0.44871417616769016 43
1740011385260 0.35752598339968344 44
1740011385356 0.04669416165989998 45
