1740011279102 192.19986438715267 0
1740011279132 196.43896089306023 1
1740011279164 187.68325073860026 2
1740011279188 189.00118976499286 3
1740011279215 194.9302735842833 4
1740011279240 189.0814655542469 5
1740011279268 180.46257518659706 6
1740011279292 190.713720293058 7
1740011279316 170.89720558537033 8
1740011279341 190.4327733678672 9
1740011279368 165.91808655280872 10
1740011279391 166.77125153456126 11
1740011279419 174.96291273039336 12
1740011279444 167.18244950857778 13
1740011279473 177.9627491023862 14
1740011279496 160.32097465214085 15
1740011279521 166.23586015824438 16
1740011279595 160.44790119769002 17
1740011279641 157.32320827594046 18
1740011279665 162.62401519947625 19
1740011279689 154.5694849950868 20
1740011279713 160.29273844662347 21
1740011279737 146.43703664887065 22
1740011279761 151.39280511378405 23
1740011279785 148.95897338336985 24
1740011279809 151.32747206945456 25
1740011279834 157.6822001851161 26
1740011279857 150.3150412756305 27
1740011279880 149.51397189411392 28
1740011279906 143.58871340866253 29
1740011279930 141.2265835714128 30
1740011279953 151.5894439293684 31
1740011279977 138.46704149814627 32
1740011280003 152.57536067070896 33
1740011280028 147.2264587573833 34
1740011280054 147.23339588131026 35
1740011280077 134.44887573397855 36
1740011280102 128.61590479923083 37
1740011280126 136.527949849449 38
1740011280149 140.97394682471415 39
1740011280174 138.67133809462334 40
1740011280198 134.07119768839766 41
1740011280222 128.2658827266268 42
1740011280245 128.1659190596894 43
1740011280269 122.8235963089094 44
1740011280294 128.87620227108945 45
1740011280322 118.17235110192901 46
1740011280346 122.05258585888471 47
1740011280370 126.44933806329318 48
1740011280394 116.55693002235134 49
1740011280418 122.64783503325314 50
1740011280441 114.5425183548829 51
1740011280464 119.13148312217193 52
1740011280489 116.21908088956998 53
1740011280514 112.86074044836242 54
1740011280538 109.11024571302848 55
1740011280562 115.28821125412959 56
1740011280587 120.61376371320978 57
1740011280611 115.56434031778866 58
1740011280635 115.65996635027602 59
1740011280658 111.76390351452706 60
1740011280683 103.9311519284379 61
1740011280706 105.84035296546087 62
1740011280730 111.56012547555166 63
1740011280753 112.03677266263912 64
1740011280779 109.31086543071848 65
1740011280803 103.37391497221607 66
1740011280827 105.69322688601379 67
1740011280850 106.24333816778599 68
1740011280875 99.14280011664167 69
1740011280900 106.8034601069019 70
1740011280923 100.48642469588872 71
1740011280946 96.54364226281085 72
1740011280972 97.3635766522365 73
1740011280997 98.710121565766 74
1740011281021 97.15606446261644 75
1740011281049 99.62333516126537 76
1740011281077 98.34738435706983 77
1740011281159 95.05784307143912 78
1740011281189 90.67434179875251 79
1740011281216 88.34457275788657 80
1740011281243 95.83057586969763 81
1740011281267 92.11436698856448 82
1740011281291 94.91305947439473 83
1740011281314 90.01395419540408 84
1740011281339 87.71742702325953 85
1740011281362 84.21790252925241 86
1740011281385 91.77157127621885 87
1740011281408 85.76804030915142 88
1740011281432 86.70449027717122 89
1740011281456 87.5429869652656 90
1740011281479 87.69543523348675 91
1740011281503 81.04582678349848 92
1740011281530 84.35874776090658 93
1740011281553 79.46982234056468 94
1740011281578 87.6856358015451 95
1740011281602 81.7981265007521 96
1740011281626 79.4837496980485 97
1740011281649 78.30578296481232 98
1740011281672 77.27758836721118 99
1740011281696 79.41163173803953 100
1740011281721 81.08952224262569 101
1740011281744 77.53484391521714 102
1740011281769 75.88888447137538 103
1740011281793 72.09914173055468 104
1740011281818 73.91326050856877 105
1740011281841 70.64492285489682 106
1740011281865 67.42074368160925 107
1740011281889 77.59780266054422 108
1740011281913 72.50542489889652 109
1740011281937 71.07874587253 110
1740011281960 71.8551932032715 111
1740011281984 69.48266035967944 112
1740011282010 71.03077712759281 113
1740011282033 63.46113272846975 114
1740011282060 66.30797620189763 115
1740011282086 67.17744674031155 116
1740011282116 68.38689537125786 117
1740011282139 70.5999935078097 118
1740011282163 66.93759267548798 119
1740011282187 65.07785674842307 120
1740011282215 60.0780496115625 121
1740011282240 65.0950870430582 122
1740011282264 65.94797730322654 123
1740011282290 66.30391945739075 124
1740011282315 61.443484847903086 125
1740011282338 61.64740852253395 126
1740011282361 67.87874484098697 127
1740011282387 62.34615144698407 128
1740011282412 60.74758322779823 129
1740011282435 60.83591400687199 130
1740011282458 61.57499951864909 131
1740011282483 59.31376376235324 132
1740011282511 59.77856302217747 133
1740011282534 53.949302259251674 134
1740011282558 56.5759783268336 135
1740011282584 54.187476225521806 136
1740011282609 53.210459128267075 137
1740011282633 58.98884142253966 138
1740011282657 55.53062691526093 139
1740011282682 52.103653975359194 140
1740011282707 51.778715477137496 141
1740011282730 52.61521977783935 142
1740011282755 51.87728534729177 143
1740011282779 54.42699231488977 144
1740011282804 53.113303429085214 145
1740011282829 49.89155337840557 146
1740011282852 53.028665860572985 147
1740011282876 50.55251546738099 148
1740011282900 52.991012490419145 149
1740011282924 50.829777105792246 150
1740011282947 49.399618606824454 151
1740011282971 49.498191726834236 152
1740011282995 47.94108986074806 153
1740011283018 49.733569935995476 154
1740011283041 47.61429550440598 155
1740011283069 49.3624345134528 156
1740011283095 49.274929586511384 157
1740011283119 48.23919096416481 158
1740011283143 44.66138956985689 159
1740011283167 46.80704114488181 160
1740011283191 46.194634907128226 161
1740011283223 46.141286406670005 162
1740011283252 47.12881742364481 163
1740011283279 45.17566565058437 164
1740011283305 44.74002574829401 165
1740011283330 43.00710072067036 166
1740011283354 43.049562669093596 167
1740011283380 42.65602404304658 168
1740011283405 42.54035802709272 169
1740011283429 43.05161781066489 170
1740011283454 39.41821227616429 171
1740011283483 40.812772048717086 172
1740011283508 40.51851910230595 173
1740011283532 41.352430300638105 174
1740011283555 36.85694068798639 175
1740011283585 41.79515985357565 176
1740011283612 39.96225907571548 177
1740011283638 40.4249684540626 178
1740011283664 39.32743942931703 179
1740011283691 40.02269135686622 180
1740011283717 38.246932690195784 181
1740011283744 39.4038646312102 182
1740011283770 37.326879714165905 183
1740011283798 39.76201279545238 184
1740011283824 37.77405094429511 185
1740011283852 38.06094984178954 186
1740011283875 37.626758240540305 187
1740011283903 36.61038506632915 188
1740011283926 34.172267715837705 189
1740011283950 37.02146431067959 190
1740011283974 34.48513115805463 191
1740011283999 33.84761576128749 192
1740011284022 36.00973108262027 193
1740011284049 33.54461554823285 194
1740011284073 32.77200652909069 195
1740011284101 33.9913084420527 196
1740011284124 32.5174079941828 197
1740011284148 31.201581838712354 198
1740011284172 34.30380077786945 199
1740011284196 34.955216053102596 200
1740011284219 31.81451667499955 201
1740011284243 33.49790510120883 202
1740011284266 33.92377250961221 203
1740011284291 30.901818519917835 204
1740011284315 32.7182647451779 205
1740011284341 30.046684724956823 206
1740011284365 30.74102018853222 207
1740011284390 32.380791577804054 208
1740011284413 30.863421711694137 209
1740011284437 29.990205647491937 210
1740011284470 30.11685236333843 211
1740011284498 30.52950508155204 212
1740011284526 30.19245645632956 213
1740011284557 29.785778589583405 214
1740011284587 30.036564849358623 215
1740011284615 29.126018878602203 216
1740011284642 27.51483473875269 217
1740011284668 28.238902997542585 218
1740011284694 28.970720001131834 219
1740011284723 27.302868142076576 220
1740011284748 26.851830123981582 221
1740011284774 28.644453250647754 222
1740011284805 27.604780175638087 223
1740011284831 26.450991084303542 224
1740011284856 26.785557059166255 225
1740011284881 27.374356558853453 226
1740011284908 25.36743204113282 227
1740011284931 26.794342248003364 228
1740011284956 24.510253868424858 229
1740011284982 24.846265184763514 230
1740011285008 25.841028281479463 231
1740011285031 24.9338414124438 232
1740011285059 25.034905080027215 233
1740011285083 25.08712456040403 234
1740011285109 25.72481427293483 235
1740011285133 25.354466352701202 236
1740011285158 24.908943234438322 237
1740011285181 25.86912359528485 238
1740011285205 24.37384166183698 239
1740011285229 23.866926995412392 240
1740011285255 23.115319747329753 241
1740011285284 23.587858644541242 242
1740011285312 23.459040100854246 243
1740011285336 23.83887879833964 244
1740011285361 23.399932456451324 245
1740011285386 24.77960887597732 246
1740011285415 22.125946149879724 247
1740011285439 22.226332934221396 248
1740011285462 20.997881376270936 249
1740011285486 22.575134873027103 250
1740011285513 21.536593479481592 251
1740011285538 21.913384613302995 252
1740011285562 20.675771356824885 253
1740011285586 21.926283680251696 254
1740011285612 21.70541174786311 255
1740011285635 20.28248195078973 256
1740011285658 21.69697893561167 257
1740011285681 21.31953829288267 258
1740011285709 20.780101753704976 259
1740011285733 20.05310407880302 260
1740011285756 20.68583750691231 261
1740011285779 20.757468846296085 262
1740011285806 20.546606996019303 263
1740011285830 19.86776988065182 264
1740011285853 18.77761436801013 265
1740011285881 19.176317834036503 266
1740011285913 19.678167024913236 267
1740011285942 19.021356341849014 268
1740011285968 18.660594537285473 269
1740011285992 18.133542989020405 270
1740011286017 18.40762113717642 271
1740011286040 18.8114134379252 272
1740011286069 18.94623497592852 273
1740011286093 17.927754800406607 274
1740011286119 18.428401455761094 275
1740011286143 17.868914740906895 276
1740011286167 17.793592538394034 277
1740011286191 18.346759262335294 278
1740011286216 17.262260259704853 279
1740011286239 17.94229968993027 280
1740011286263 17.600904936625664 281
1740011286286 16.17476236167294 282
1740011286311 17.01431569689714 283
1740011286335 17.511912546570667 284
1740011286358 16.026404819130565 285
1740011286382 16.831061267681577 286
1740011286408 15.595860628060944 287
1740011286432 15.94272459512068 288
1740011286455 16.311956868510766 289
1740011286479 15.103037526609542 290
1740011286503 16.060625903534284 291
1740011286527 15.632827650507634 292
1740011286550 14.969867264544916 293
1740011286574 15.231165761292575 294
1740011286598 16.24643622378404 295
1740011286622 14.466881590230274 296
1740011286646 14.123007542310601 297
1740011286669 14.87154614259767 298
1740011286694 15.601009483929293 299
1740011286718 15.207751271047607 300
1740011286741 14.935394876243752 301
1740011286765 15.09041751234568 302
1740011286789 14.738364510146136 303
1740011286813 14.01071363925354 304
1740011286837 13.778189397293152 305
1740011286862 14.267171072895787 306
1740011286887 14.040834732325637 307
1740011286911 13.94150676146077 308
1740011286934 13.991562912318217 309
1740011286958 13.812213403568686 310
1740011286981 13.583452999277572 311
1740011287005 12.804983386731479 312
1740011287028 13.04618866224263 313
1740011287076 12.469843913285649 314
1740011287109 13.323181138201207 315
1740011287136 13.109152660145936 316
1740011287163 13.671771095076476 317
1740011287188 12.972581411749218 318
1740011287214 12.162142398183127 319
1740011287238 13.022495802437625 320
1740011287262 11.920905899117828 321
1740011287292 12.321075842203967 322
1740011287320 13.337293312558181 323
1740011287346 12.884183110359755 324
1740011287372 12.46118465412811 325
1740011287400 12.339627331453562 326
1740011287429 12.541068121689804 327
1740011287456 12.399904718549514 328
1740011287481 11.989572498430327 329
1740011287507 10.741714583830387 330
1740011287535 11.213165320064098 331
1740011287561 11.777854050372216 332
1740011287587 11.731571744252435 333
1740011287613 10.834448178715018 334
1740011287645 12.3504478056998 335
1740011287669 11.601747974852389 336
1740011287693 11.445901936049111 337
1740011287719 11.098216098687907 338
1740011287747 10.311398197066717 339
1740011287773 11.434721071037076 340
1740011287800 11.57466412202363 341
1740011287830 10.537584581757425 342
1740011287856 11.214675016910643 343
1740011287880 10.87150592529385 344
1740011287905 10.989613187202108 345
1740011287931 10.592045298601507 346
1740011287956 10.225255940210044 347
1740011287981 10.203667648505641 348
1740011288007 10.452301884017798 349
1740011288033 10.493094889299476 350
1740011288062 9.041832232712068 351
1740011288087 9.82278354615123 352
1740011288116 10.15137859993121 353
1740011288143 10.290075052892766 354
1740011288169 8.761525390813258 355
1740011288194 9.10204850803421 356
1740011288218 9.80618142096786 357
1740011288246 9.395630136460468 358
1740011288273 9.179771490698684 359
1740011288299 8.913705547147432 360
1740011288327 9.067292077258045 361
1740011288356 9.005642093800118 362
1740011288383 8.7461381373352 363
1740011288410 9.641292404897868 364
1740011288435 9.194824713897015 365
1740011288463 8.384048854052933 366
1740011288496 9.39277048045007 367
1740011288522 9.48989766106526 368
1740011288548 9.25850330963547 369
1740011288573 8.273303969610918 370
1740011288600 9.241825933418799 371
1740011288625 9.263206030133967 372
1740011288650 8.707149101028017 373
1740011288676 8.693334784194855 374
1740011288702 8.491977692103818 375
1740011288727 8.163729949881741 376
1740011288755 8.088299843896564 377
1740011288783 7.458821429402845 378
1740011288808 8.147840035607475 379
1740011288832 7.964702074007545 380
1740011288856 7.901986364401195 381
1740011288883 7.439922251584932 382
1740011288909 7.870477748667084 383
1740011288933 8.216991130223702 384
1740011288957 8.034526646897126 385
1740011288986 7.530556638220169 386
1740011289011 7.64675177424423 387
1740011289037 7.571806217125261 388
1740011289066 7.54546683738987 389
1740011289094 7.4813936423560055 390
1740011289118 7.677945003640401 391
1740011289143 7.0987674005120125 392
1740011289167 7.037366590314693 393
1740011289192 7.6481904961100335 394
1740011289216 7.384825818744537 395
1740011289240 7.081309395301516 396
1740011289265 6.8221090020240664 397
1740011289290 6.956643031938893 398
1740011289315 6.945395832944905 399
1740011289345 6.876622144261304 400
1740011289368 7.108823520474646 401
1740011289393 6.988680431371779 402
1740011289417 6.671044048083078 403
1740011289441 6.95953499617798 404
1740011289466 7.680361572929339 405
1740011289492 6.572694687132226 406
1740011289519 7.262775548880375 407
1740011289545 6.6131667561157546 408
1740011289570 6.3114510157451935 409
1740011289600 6.902837893581762 410
1740011289624 6.751340159314433 411
1740011289648 7.19304705876599 412
1740011289672 6.960669397091971 413
1740011289700 6.393822200731876 414
1740011289724 6.4225242889623875 415
1740011289749 6.724104053696811 416
1740011289774 5.948274818173905 417
1740011289799 6.040450347629985 418
1740011289823 5.942404573150555 419
1740011289847 6.330447101145359 420
1740011289871 5.996064030613082 421
1740011289897 5.974753120084033 422
1740011289921 6.251047334802102 423
1740011289944 5.9180741933993355 424
1740011289969 5.759851545457341 425
1740011289996 5.742745894302013 426
1740011290021 5.865812240359818 427
1740011290047 5.849631859918197 428
1740011290072 6.467580444086221 429
1740011290100 6.165605002261264 430
1740011290124 5.272656405480915 431
1740011290148 5.776852657791753 432
1740011290173 5.427392213885024 433
1740011290199 5.475221120462242 434
1740011290256 6.031708447756816 435
1740011290283 5.302530918561415 436
1740011290311 5.576076688849983 437
1740011290337 5.877731503566765 438
1740011290361 5.582289059636862 439
1740011290386 5.486674107113949 440
1740011290410 5.592622495099259 441
1740011290434 4.950807644600985 442
1740011290463 5.280568998292497 443
1740011290487 4.9795714559129465 444
1740011290562 5.537580844728804 445
1740011290590 4.3630005634878355 446
1740011290614 5.27436681582698 447
1740011290640 5.294484122282209 448
1740011290666 5.03189781132484 449
1740011290691 4.458886445570373 450
1740011290716 4.973110792124621 451
1740011290743 5.194296226313219 452
1740011290768 4.853648184152972 453
1740011290793 4.814321629223474 454
1740011290823 5.116002367974074 455
1740011290851 4.4492343139283825 456
1740011290877 4.817630024457187 457
1740011290900 5.162425240810469 458
1740011290925 4.237397362264248 459
1740011290951 4.599660987211218 460
1740011290974 4.537632442549067 461
1740011290999 4.467267729350906 462
1740011291022 4.858981684445682 463
1740011291052 4.835327545866588 464
1740011291078 4.612207973815581 465
1740011291103 4.250884408059744 466
1740011291127 4.529120624036835 467
1740011291158 4.66424291699487 468
1740011291182 4.548171609666385 469
1740011291206 4.16987021404877 470
1740011291230 4.280307837756937 471
1740011291263 4.576834887127931 472
1740011291287 4.369377824637818 473
1740011291311 4.22254940400553 474
1740011291336 4.745775059345588 475
1740011291368 4.2611733763374895 476
1740011291395 4.6658303763956965 477
1740011291419 4.221204783900996 478
1740011291445 4.119680581069399 479
1740011291470 3.988048735253322 480
1740011291494 4.035034585590396 481
1740011291520 4.107696307260147 482
1740011291546 3.6628207264663915 483
1740011291572 4.104244771743876 484
1740011291598 4.15040808108703 485
1740011291625 3.9306304792096585 486
1740011291649 4.288270198157163 487
1740011291674 4.258225978393918 488
1740011291699 3.9603455179982405 489
1740011291723 3.7048896460527687 490
1740011291747 3.827301874685773 491
1740011291772 3.6903632433555407 492
1740011291796 4.066457952573096 493
1740011291821 4.168121205594516 494
1740011291846 3.6491506769775497 495
1740011291871 4.208460012362407 496
1740011291895 3.6672977989524203 497
1740011291919 3.9894026900001838 498
1740011291944 4.267885595114012 499
