1739961896799 7.133798107294086 0
1739961896870 6.62248915606827 1
1739961896941 6.704848563577527 2
1739961897006 5.410722371339961 3
1739961897074 6.279763598481195 4
1739961897145 6.773382293258661 5
1739961897206 6.669034419996545 6
1739961897272 6.6088235225029495 7
1739961897342 5.689373448842257 8
1739961897415 6.74264331046697 9
1739961897489 6.199234428558352 10
1739961897562 6.49361596562761 11
1739961897635 7.048245139074164 12
1739961897708 6.844940221009666 13
1739961897775 6.37163578126373 14
1739961897844 6.869560349508826 15
1739961897909 6.2061822305411996 16
1739961897981 6.0790451154106835 17
1739961898068 6.5026940586483475 18
1739961898153 6.373648687036776 19
1739961898294 6.37088134427888 20
1739961898378 6.699749614028991 21
1739961898477 6.507707649013784 22
1739961898562 6.177482750399169 23
1739961898637 6.168331656534593 24
1739961898704 6.407417878680656 25
1739961898807 6.739845295674137 26
1739961898903 6.8902011647715895 27
1739961899012 6.487399788965108 28
1739961899080 6.035696833451507 29
1739961899158 6.228320846633732 30
1739961899242 6.231693343145783 31
1739961899314 6.449581121878156 32
1739961899383 6.096753711681061 33
1739961899461 7.07313251874412 34
1739961899536 6.760358660781598 35
1739961899608 6.782725781329464 36
1739961899677 6.226394946151632 37
1739961899749 6.5344645071855725 38
1739961899817 6.617810687451828 39
1739961899881 6.831684378711302 40
1739961899946 6.565156651989066 41
1739961900023 6.715624174147018 42
1739961900096 6.670347299879259 43
1739961900168 6.820529638634267 44
1739961900238 6.712779693700431 45
1739961900305 6.562690952018819 46
1739961900375 6.183848130270993 47
1739961900447 6.384066290565389 48
1739961900523 6.6410871388964345 49
1739961900591 6.630575051039025 50
1739961900658 6.5481105229363425 51
1739961900721 6.642958349612128 52
1739961900787 6.235460754592338 53
1739961900851 6.41446391249739 54
1739961900915 6.606533936573375 55
1739961900978 7.17106907946764 56
1739961901041 6.815775392231302 57
1739961901105 6.5619973891850245 58
1739961901169 6.134535803333787 59
1739961901244 6.2954834350013344 60
1739961901319 6.693543205804318 61
1739961901390 6.936261158960176 62
1739961901477 7.256939882480979 63
1739961901546 6.639671142111133 64
1739961901612 7.10141996962011 65
1739961901695 6.414691801032474 66
1739961901770 6.069664048084614 67
1739961901837 6.2272210413426485 68
1739961901901 6.667811870212638 69
1739961901967 6.36062110631322 70
1739961902028 6.350495453026111 71
1739961902101 6.759497655237398 72
1739961902171 6.33038435217669 73
1739961902244 6.740391513301986 74
1739961902314 6.961298367032165 75
1739961902378 6.716752399629258 76
1739961902445 7.012820822474149 77
1739961902522 6.345258076441366 78
1739961902591 6.898711068093926 79
1739961902663 6.707065067399325 80
1739961902725 6.591374901907061 81
1739961902788 6.471589158201469 82
1739961902851 6.020185445036795 83
1739961902929 6.420060200163182 84
1739961903005 6.3063559659625 85
1739961903078 6.825563548693226 86
1739961903152 6.113849982022331 87
1739961903225 7.173840888210775 88
1739961903288 6.476658163927538 89
1739961903352 6.733656857167625 90
1739961903413 6.714536232058107 91
1739961903485 6.2728194876313275 92
1739961903559 6.554732935274384 93
1739961903632 6.481122866331872 94
1739961903699 6.709332688063848 95
1739961903760 6.865019375388261 96
1739961903821 6.43204347687416 97
1739961903895 6.732684518283948 98
1739961903966 6.31054265245098 99
1739961904031 7.167037847414128 100
1739961904096 6.597672826762497 101
1739961904160 6.689252410646745 102
1739961904222 6.480609197952275 103
1739961904282 6.417578697615902 104
1739961904344 6.268890814858641 105
1739961904404 6.3175165514212575 106
1739961904472 6.762099473038451 107
1739961904532 7.366673892873222 108
1739961904620 6.128756577612835 109
1739961904680 6.467073714327273 110
1739961904739 6.619139539134728 111
1739961904800 6.249258254977546 112
1739961904862 6.667175861494984 113
1739961904922 6.732162638337533 114
1739961904984 6.689989333584151 115
1739961905046 6.166731810891122 116
1739961905107 6.07313889553298 117
1739961905168 6.536010824140409 118
1739961905229 6.3301434185618906 119
1739961905290 7.048808705372934 120
1739961905351 6.37592061713899 121
1739961905412 6.7946042852092505 122
1739961905480 6.35713356057556 123
1739961905553 6.788572840279862 124
1739961905630 6.715415490903194 125
1739961905712 6.566819611215542 126
1739961905782 6.868515120547325 127
1739961905849 6.87285436208327 128
1739961905909 6.477769806907189 129
1739961905973 6.4090905721151525 130
1739961906040 6.813893264115933 131
1739961906116 6.769831488336694 132
1739961906335 6.2907091571985525 133
1739961906413 6.6946097837830525 134
1739961906490 6.685986432376073 135
