1739961175198 4.079461456014086 0
1739961175262 5.6566862509730385 1
1739961175329 7.61746035693623 2
1739961175402 7.526553857459383 3
1739961175469 5.4135634207243 4
1739961175538 7.048994670848416 5
1739961175600 7.239460905077029 6
1739961175663 7.066109216529863 7
1739961175727 8.017759644242181 8
1739961175791 8.398867428344305 9
1739961175854 5.446582928690629 10
1739961175917 6.497443235152127 11
1739961175980 7.039223921357543 12
1739961176046 10.963487993197438 13
1739961176109 7.858283442141042 14
1739961176171 6.99318451541992 15
1739961176235 5.738294301631722 16
1739961176298 6.558630267391795 17
1739961176371 6.760193088546068 18
1739961176458 5.830716974050929 19
1739961176525 6.53728177413756 20
1739961176586 6.338489512478114 21
1739961176650 8.039541227639003 22
1739961176743 10.742127377109375 23
1739961176808 7.604924598195014 24
1739961176871 7.009126643009978 25
1739961176934 6.6222675648250275 26
1739961176997 6.103349658027131 27
1739961177060 5.773018502695593 28
1739961177122 6.469339339107478 29
1739961177190 5.06312108378486 30
1739961177255 8.426108150553485 31
1739961177317 7.310391744477532 32
1739961177380 6.051196440949132 33
1739961177447 6.043024513387406 34
1739961177511 4.505728784472536 35
1739961177575 6.002910691490164 36
1739961177638 8.094515074235598 37
1739961177700 6.380233832135839 38
1739961177764 7.121865084920274 39
1739961177829 4.673188927942612 40
1739961177894 5.533498406632317 41
1739961177959 6.78269499936417 42
1739961178022 7.98214878918698 43
1739961178085 8.274904118600713 44
1739961178150 6.230985860609525 45
1739961178213 6.695150925851714 46
1739961178275 6.321695676119821 47
1739961178340 5.6635113692520145 48
1739961178405 7.493142120784896 49
1739961178474 6.3682694191249425 50
1739961178541 6.556770464440753 51
1739961178602 5.740613680110347 52
1739961178665 6.525223891182098 53
1739961178730 3.204353349373065 54
1739961178792 9.004862290187326 55
1739961178857 7.28450723541948 56
1739961179003 3.684040643573999 57
1739961179071 6.718312104291796 58
1739961179146 7.771379400148668 59
1739961179217 7.6958447110732795 60
1739961179282 8.31466477315606 61
1739961179348 9.877879231101971 62
1739961179411 8.597909585311877 63
1739961179482 5.968755390045742 64
1739961179548 4.950794309689263 65
1739961179609 4.155380156289311 66
1739961179673 7.5389679870646935 67
1739961179735 6.792360911690452 68
1739961179798 8.171853888073878 69
1739961179860 4.421745978304726 70
1739961179924 6.59963326618116 71
1739961179988 6.52257592937952 72
1739961180052 3.6367847425272855 73
1739961180114 5.6244681695468 74
1739961180179 7.8292439676046675 75
1739961180244 6.048840951601045 76
1739961180306 8.174057257320165 77
1739961180370 6.937962631633438 78
1739961180434 5.198523498610602 79
1739961180497 8.131523839891075 80
1739961180562 5.234182451251385 81
1739961180670 7.371088119486856 82
1739961180733 5.763746172135917 83
1739961180795 4.12421107603247 84
1739961180858 8.239542173488905 85
1739961180923 6.334740464310387 86
1739961180987 4.4456804446277784 87
1739961181051 7.2627008742708465 88
1739961181115 4.454458896207042 89
1739961181178 5.893976266024463 90
1739961181246 9.581935239942798 91
1739961181311 5.816108721259181 92
1739961181376 8.454008769075449 93
1739961181442 6.182217432098024 94
1739961181513 6.581694972427266 95
1739961181579 3.776167846474484 96
1739961181643 8.431229319683968 97
1739961181704 8.41806305915203 98
1739961181768 5.190902791131004 99
1739961181830 11.982469093595444 100
1739961181895 7.469426695076889 101
1739961181959 12.557820596181017 102
1739961182024 5.6438814607632635 103
1739961182089 6.7197304284395365 104
1739961182152 9.295373437119453 105
1739961182215 5.783092074381039 106
1739961182280 6.522001935539377 107
1739961182344 7.972951694122312 108
1739961182409 3.360971992769407 109
1739961182481 7.977260091282236 110
1739961182546 6.415725691980837 111
1739961182610 7.472657775451196 112
1739961182673 8.659888945966536 113
1739961182736 7.953843723832414 114
1739961182803 6.531894638533027 115
1739961182868 7.1704085811334055 116
1739961182932 6.306760441126111 117
1739961182996 9.005859715441003 118
1739961183060 5.795605113117369 119
1739961183122 5.518222955524623 120
1739961183185 9.01724912993542 121
1739961183249 0.7320765551898907 122
1739961183317 5.2881852994182275 123
1739961183382 11.684579598091176 124
1739961183447 5.62534367275893 125
1739961183511 9.723503059059423 126
1739961183574 6.556668216400944 127
1739961183637 5.088270669786734 128
1739961183700 7.259977778745269 129
1739961183762 7.178541529737287 130
1739961183825 5.311944406991617 131
1739961183892 4.435099039757914 132
1739961183958 7.843752792474677 133
1739961184025 5.298945936160626 134
