1740013016969 10.187669384581838 0
1740013017065 6.75819438948644 1
1740013017154 8.703619799954469 2
1740013017244 9.288816510799908 3
1740013017338 5.036005623515641 4
1740013017427 1.887352351768171 5
1740013017514 7.940552633027801 6
1740013017602 6.176241289187502 7
1740013017688 9.396760587568325 8
1740013017776 4.289574189438595 9
1740013017867 2.9012677227840933 10
1740013017953 5.554233639309773 11
1740013018039 3.1640487232891377 12
1740013018128 9.972960526627013 13
1740013018215 9.045570186495338 14
1740013018303 5.236827396598586 15
1740013018394 3.612028658680525 16
1740013018481 4.142442895873951 17
1740013018571 4.036138486401743 18
1740013018657 2.9650133671886776 19
1740013018742 6.99845802739325 20
1740013018827 5.675003777758846 21
1740013018914 7.74858232606079 22
1740013019004 7.002701634148939 23
1740013019095 7.119506931381275 24
1740013019213 5.913448104579415 25
1740013019299 4.718196741028515 26
1740013019385 4.506925219363818 27
1740013019471 4.44098245199382 28
1740013019561 4.011359414387949 29
1740013019647 10.746607362936317 30
1740013019732 4.731656072138309 31
1740013019818 5.007862532092241 32
1740013019905 5.2131558240357165 33
1740013019991 6.034786619893603 34
1740013020082 3.73345091798806 35
1740013020170 2.323638644327111 36
1740013020255 5.806468921931059 37
1740013020342 3.4028382118992355 38
1740013020435 6.233571499218492 39
1740013020522 4.591546015692801 40
1740013020608 2.897729902779035 41
1740013020695 5.7486582584422266 42
1740013020782 2.3631181098564427 43
1740013020869 5.1521000802219925 44
1740013020953 7.496295020780804 45
1740013021039 3.4818895869109463 46
1740013021129 3.591829152276336 47
1740013021215 3.9993562908682785 48
1740013021300 7.032248585309157 49
1740013021429 3.535190813298991 50
1740013021519 4.932167584220392 51
1740013021605 4.414397571753649 52
1740013021694 4.985246283877752 53
1740013021781 2.6494571025146625 54
1740013021868 3.0675436349130196 55
1740013021959 4.827191607704105 56
1740013022045 4.7934416286182255 57
1740013022133 10.446364128515233 58
1740013022219 6.7896394124433 59
1740013022308 3.964311525336741 60
1740013022399 3.8707338827783313 61
1740013022495 2.713997564828544 62
1740013022580 3.944929853622958 63
1740013022668 4.270519714892952 64
1740013022756 5.203976896992201 65
1740013022843 5.623348437747806 66
1740013023004 4.482348696802447 67
1740013023097 4.07336698730874 68
1740013023188 6.17125448882164 69
1740013023274 5.167000669634318 70
1740013023361 6.041369994527326 71
1740013023464 5.533205688962349 72
1740013023559 7.685964789810117 73
1740013023648 4.059328188693571 74
1740013023735 6.813383718846807 75
1740013023821 1.405906523750877 76
1740013023908 4.077508501262442 77
1740013023994 3.5237879873692335 78
1740013024082 7.955458694144757 79
1740013024170 2.2941253829884256 80
1740013024256 5.502632233003265 81
1740013024341 1.95570038018613 82
1740013024426 10.92150256235708 83
1740013024519 2.7995501250386448 84
1740013024610 8.171065792976101 85
1740013024695 6.859640769680656 86
1740013024780 6.319810977930044 87
1740013024868 5.024981127522501 88
1740013024953 3.4206425642103864 89
1740013025041 5.932324542205006 90
1740013025130 5.209407994042859 91
1740013025215 4.0019734880461115 92
1740013025303 0.07944176579653536 93
1740013025388 4.110481463769062 94
1740013025476 3.2775816486211986 95
1740013025562 4.83962318683497 96
1740013025650 1.9853630824610546 97
1740013025736 6.237027331300698 98
1740013025821 4.965633125891713 99
1740013025915 4.142470916894109 100
1740013026016 6.43742599575229 101
1740013026116 3.6938919712993954 102
1740013026211 3.436544494272931 103
1740013026301 10.64625717892998 104
1740013026387 5.090125182639623 105
1740013026479 4.569501384510153 106
1740013026573 6.054547506788587 107
1740013026663 3.802077578295201 108
1740013026748 4.022383457317658 109
1740013026842 4.954124853682834 110
1740013026932 7.836996557402205 111
1740013027018 5.034019716521823 112
1740013027135 5.476701505829609 113
1740013027250 3.90871505890243 114
1740013027342 4.263483975909702 115
1740013027430 4.182278815412144 116
1740013027520 10.044916264590334 117
1740013027609 6.958203578264956 118
1740013027705 3.7089865833160296 119
1740013027796 3.4722577010220097 120
1740013027883 4.685129374918621 121
1740013027971 4.418236751974751 122
1740013028059 4.044580889809764 123
1740013028151 4.805485131526713 124
1740013028236 3.9824828891380815 125
1740013028322 5.6805445520161495 126
1740013028411 5.076111488666702 127
1740013028504 4.0043821821197065 128
1740013028596 4.533219608554261 129
1740013028684 4.411688161252277 130
1740013028773 4.277330066043448 131
1740013028861 3.6448898766699527 132
1740013028950 3.4663433913559656 133
1740013029037 7.672144216226683 134
1740013029126 4.874958455731426 135
1740013029212 5.310380572913731 136
1740013029298 4.763081601299798 137
1740013029385 2.1043560985126484 138
1740013029474 7.360816303572521 139
1740013029565 6.91538105984162 140
1740013029650 4.5269833047985655 141
1740013029737 4.452543446980119 142
1740013029828 3.814589542547068 143
1740013029916 5.363881749484488 144
1740013030002 7.065722894829788 145
1740013030090 4.773736549954633 146
1740013030184 5.554214239257652 147
1740013030271 4.761619051725335 148
1740013030365 3.464130040166794 149
1740013030453 5.636407184942656 150
1740013030544 2.7304828387366293 151
1740013030638 3.3201312265246345 152
1740013030724 4.801967087389939 153
1740013030816 3.0229596928101556 154
1740013030920 5.681193004695902 155
1740013031010 7.4502461861196245 156
1740013031103 4.737237863520843 157
1740013031194 5.785559179994107 158
1740013031284 2.9420586944058296 159
1740013031371 4.261405897215809 160
1740013031462 6.355928955199671 161
1740013031557 1.206776791320498 162
1740013031646 2.0376801125788453 163
1740013031732 1.3473543560538657 164
1740013031822 2.826648619505772 165
1740013031913 3.7445181218173222 166
1740013032004 7.451518563203212 167
1740013032093 2.513470239386582 168
1740013032181 6.400199647601926 169
1740013032267 6.0115877869856345 170
1740013032352 4.038138961843195 171
1740013032438 5.255413141972785 172
1740013032527 5.196293564423918 173
1740013032621 6.029278960378826 174
1740013032708 8.716883301196749 175
1740013032859 3.4023007124867615 176
1740013032949 5.0552926785004795 177
1740013033037 8.458864609869956 178
1740013033130 5.617676436722172 179
1740013033221 2.9974806184814162 180
1740013033308 3.637873672899287 181
1740013033397 4.917564524157814 182
1740013033488 3.9042145992451553 183
1740013033596 3.5382148069250543 184
1740013033685 2.801978478198415 185
1740013033774 3.548512329747637 186
1740013033862 7.670288508252691 187
1740013033953 3.7899992281707062 188
1740013034041 5.817408331474155 189
1740013034129 6.279209396753844 190
1740013034217 5.930397246268515 191
1740013034303 3.0865605627434345 192
1740013034391 1.8349927695592856 193
1740013034480 9.201862071414379 194
1740013034570 3.750729982552706 195
1740013034664 4.060980316556682 196
1740013034751 3.262117356215576 197
1740013034840 4.9472027327300125 198
1740013034930 3.805943870564538 199
1740013035022 3.8894561782319292 200
1740013035111 4.504564108178923 201
1740013035205 10.881218416173969 202
1740013035291 5.273654530238001 203
1740013035379 5.5532774464983 204
1740013035469 3.6238619893107966 205
1740013035558 5.4995582646079555 206
1740013035647 5.498133614958602 207
1740013035735 4.970330231179635 208
1740013035825 6.830339008951104 209
1740013035913 5.89325515978263 210
1740013036004 9.62511085519316 211
1740013036097 7.176290935362421 212
1740013036185 3.1249920228704573 213
1740013036273 2.614411966674089 214
1740013036365 4.2252516558538975 215
1740013036455 2.4764937423865168 216
1740013036549 7.699926380403637 217
1740013036639 4.870093370026265 218
1740013036737 3.6390485664875074 219
1740013036829 4.13480328833708 220
1740013036919 0.8312327354496871 221
1740013037015 3.0210746028800672 222
1740013037114 5.13769965145812 223
1740013037206 3.4168087914017486 224
1740013037294 5.3813867462267675 225
1740013037381 5.768677778538443 226
1740013037485 4.870586911941112 227
1740013037573 3.126179770212475 228
1740013037665 3.2289799107009896 229
1740013037756 2.285746389048612 230
1740013037846 7.190088666382988 231
1740013037937 6.508965568002141 232
1740013038028 4.700395741957638 233
1740013038121 4.895460128367518 234
1740013038209 6.793196460862658 235
1740013038301 4.857062654263154 236
1740013038387 3.5071993251679743 237
1740013038476 2.954925816756267 238
1740013038568 2.665512645770573 239
1740013038658 4.836272886541732 240
1740013038752 3.1943672574325293 241
1740013038840 6.136700998659776 242
1740013038929 4.950321698209108 243
1740013039015 3.820761890735888 244
1740013039111 5.305085451027381 245
1740013039200 3.5009938590361456 246
1740013039287 5.7554879025964025 247
1740013039373 4.8181131263467325 248
1740013039461 6.397829430230838 249
1740013039548 8.110499495797335 250
1740013039637 3.351616582144571 251
1740013039722 6.533833283322903 252
1740013039810 2.7489966350766557 253
1740013039901 9.882003677694824 254
1740013039988 5.730505854579564 255
1740013040079 3.6577525510686977 256
1740013040170 7.014380457122223 257
1740013040258 6.064305811995908 258
1740013040351 9.923153223122485 259
1740013040441 2.177906404127671 260
1740013040531 5.681327457330405 261
1740013040624 1.829098424654949 262
1740013040714 6.271630702583851 263
1740013040808 6.076418942506472 264
1740013040896 5.284435987188691 265
1740013040986 7.888605280618252 266
1740013041076 4.157559737916171 267
1740013041166 5.271961161548531 268
1740013041255 6.779888501264715 269
1740013041344 5.177758859940093 270
1740013041431 4.655038393404427 271
1740013041520 4.5418898551950315 272
1740013041608 5.051935500674133 273
1740013041696 7.665478106033563 274
1740013041786 2.0306131382334933 275
1740013041873 6.225263859369309 276
1740013041964 3.8853829541727154 277
1740013042051 3.09952008563625 278
1740013042140 13.158184699956946 279
1740013042229 3.1851120335810976 280
1740013042316 4.748142119291651 281
1740013042403 4.621657875595134 282
1740013042491 5.0939769518041675 283
1740013042580 5.501353384261914 284
1740013042668 5.5916578056910575 285
1740013042761 5.330718923623678 286
1740013042848 6.599617601076734 287
1740013042935 2.6801893734876328 288
1740013043022 5.84249877716748 289
1740013043110 5.317151571218481 290
1740013043199 1.7097551861984592 291
1740013043289 4.299297403966651 292
1740013043379 5.761739700938758 293
1740013043468 5.6786050381526785 294
1740013043560 4.573536113196515 295
1740013043664 7.777783789857062 296
1740013043757 3.523551336055044 297
1740013043848 4.739955289921588 298
1740013043938 5.085106169559213 299
1740013044027 4.163400972568486 300
1740013044117 5.188153830890561 301
1740013044208 5.169223843856144 302
1740013044303 7.783102215373647 303
1740013044392 2.791977420939365 304
1740013044484 3.0477790199103643 305
1740013044575 6.597509800744968 306
1740013044662 3.69486802386796 307
1740013044750 3.458420570520002 308
1740013044845 2.803493649852571 309
1740013044935 4.339577071352459 310
1740013045022 5.543908172624733 311
1740013045110 3.6324044643729834 312
1740013045197 5.180459569451122 313
1740013045282 3.061763471968443 314
1740013045370 5.368981109062469 315
1740013045455 6.333304719700613 316
1740013045548 7.911657179607434 317
1740013045641 6.224249947534804 318
1740013045735 3.1348663007892346 319
1740013045823 4.993668566628018 320
1740013045912 1.787894231511013 321
1740013046004 6.838808403478627 322
1740013046093 4.3061316926719755 323
1740013046179 4.556381371766002 324
1740013046264 5.275001301362937 325
1740013046357 3.9660935772327144 326
1740013046444 5.956731212333569 327
1740013046530 3.1615735437666808 328
1740013046617 5.731764810577588 329
1740013046703 4.983127981686349 330
1740013046787 2.7875639811498885 331
1740013046881 2.188688742592722 332
1740013046966 4.548469269846401 333
1740013047052 3.6169651646019187 334
1740013047185 5.346182743180045 335
1740013047270 5.778890602082655 336
1740013047355 4.4199927638630685 337
1740013047443 3.6271601095855464 338
1740013047530 5.36323167819431 339
1740013047617 2.7840893740932047 340
1740013047702 4.194131991252967 341
1740013047790 3.5690167342778834 342
1740013047877 4.334508157328692 343
1740013047964 5.610379302903407 344
1740013048050 4.692894714604523 345
1740013048137 6.059201292924486 346
1740013048225 6.440756091866591 347
1740013048313 4.158944470201944 348
1740013048399 8.127732592308751 349
1740013048488 4.820479622104562 350
1740013048580 2.9335857184009835 351
1740013048668 5.313340820175969 352
1740013048754 3.0323936844998793 353
1740013048844 3.7058394991579866 354
1740013048935 3.224132787815862 355
1740013049020 3.719848080460589 356
1740013049111 1.8618496712530679 357
1740013049201 7.297133351850464 358
1740013049287 10.631005476401079 359
1740013049374 3.7760156662101125 360
1740013049460 4.52691871925821 361
1740013049551 5.155995793528694 362
1740013049640 8.503298028057733 363
1740013049726 5.108666839176091 364
1740013049812 8.29029646403126 365
1740013049899 4.499515784625753 366
1740013049985 6.272569939642343 367
1740013050075 6.036132585864263 368
1740013050163 5.710159420840773 369
1740013050250 2.3784201790543658 370
1740013050336 7.926146722716768 371
1740013050422 6.84086601208759 372
1740013050509 4.150332902966282 373
1740013050599 0.8139048959334128 374
1740013050684 6.208919748979663 375
1740013050770 4.790249899501994 376
1740013050858 0.3883296994707395 377
1740013050951 2.1240603138808676 378
1740013051036 5.655153498198323 379
1740013051123 6.309059885546843 380
1740013051209 5.8658145239235155 381
1740013051295 5.0927546346720165 382
1740013051379 6.293562565121072 383
1740013051464 4.3997556336843475 384
1740013051552 6.409362407802 385
1740013051640 4.107664672908586 386
1740013051725 5.227080467125559 387
1740013051811 7.632647646469099 388
1740013051898 3.958933772853654 389
1740013051984 11.212721325253895 390
1740013052073 3.979365230586297 391
1740013052161 3.8751774889949315 392
1740013052248 2.841014984535646 393
1740013052334 4.159990004114231 394
1740013052420 4.145714298979924 395
1740013052509 3.7899112611806136 396
1740013052599 3.6907616451327008 397
1740013052691 7.851892069001697 398
1740013052782 3.7840464850938074 399
1740013052871 5.576549994053566 400
1740013052964 4.083812591016102 401
1740013053049 3.55831413696065 402
1740013053139 5.839719299065881 403
1740013053228 4.712966968122921 404
1740013053315 6.06110241522689 405
1740013053403 4.4002361881719345 406
1740013053493 4.828854366922077 407
1740013053657 4.589168299605857 408
1740013053758 10.78866855916716 409
1740013053849 5.06887389035367 410
1740013053934 3.909208624002958 411
1740013054021 5.443559042212214 412
1740013054118 2.0350280580672795 413
1740013054209 5.231070633229319 414
1740013054297 4.926074912994475 415
1740013054383 3.9115453585523823 416
1740013054469 2.809739377826393 417
1740013054557 4.733489505523225 418
1740013054650 8.822397492440679 419
1740013054736 6.53786475058872 420
1740013054823 3.501306921669803 421
1740013054910 5.7691262685444284 422
1740013054999 5.0017162437764835 423
1740013055087 4.524963155563477 424
1740013055173 4.6425493873846095 425
1740013055257 8.330802646411097 426
1740013055344 6.059936941223318 427
1740013055431 2.8787388543460852 428
1740013055517 2.0378037256528647 429
1740013055603 6.4243388501987715 430
1740013055689 5.739529937913453 431
1740013055775 4.807023136550946 432
1740013055861 7.746282104821115 433
1740013055946 8.59205345429131 434
1740013056032 3.9521005767439816 435
1740013056125 6.267817809553889 436
1740013056211 1.3206983402724592 437
1740013056297 3.874928465918335 438
1740013056383 2.196139464298032 439
1740013056471 6.234855106411052 440
1740013056560 5.293258743965913 441
1740013056646 15.182332579146856 442
1740013056732 5.25276680043437 443
1740013056823 8.168614032582168 444
1740013056912 5.494483767084634 445
1740013056998 13.022806961375352 446
1740013057095 7.855229872368228 447
1740013057183 5.863662861306729 448
1740013057326 6.971034352656376 449
1740013057413 3.673310257734299 450
1740013057499 5.600339313144535 451
1740013057587 4.673770733917302 452
1740013057676 5.23306732902302 453
1740013057764 6.749530960670812 454
1740013057860 3.2873338506261667 455
1740013057944 1.54654377321864 456
1740013058029 6.105909148233863 457
1740013058117 4.479659780986808 458
1740013058203 4.929389800428306 459
1740013058289 0.7993652352701285 460
1740013058375 4.965668806038576 461
1740013058463 5.262983281556226 462
1740013058553 6.056730758010299 463
1740013058640 4.98558050929663 464
1740013058725 5.782593040555896 465
1740013058811 3.8458394313210262 466
1740013058900 6.8409043879293066 467
1740013058987 3.5668158956062874 468
1740013059083 7.4982478370200445 469
1740013059169 3.583992212113717 470
1740013059255 6.171986571311595 471
1740013059344 3.760390157161821 472
1740013059429 4.941265692194495 473
1740013059517 5.166371301607119 474
1740013059606 2.560023737667375 475
1740013059692 4.469778047609743 476
1740013059778 3.7379242266268498 477
1740013059868 2.897288300956362 478
1740013059955 4.289735768526018 479
1740013060041 2.0975308679648252 480
1740013060129 4.69702644954208 481
1740013060214 4.2945205958448645 482
1740013060309 4.504241467152079 483
1740013060397 8.40684390726417 484
1740013060488 5.989075172405338 485
1740013060576 4.086838546334726 486
1740013060662 3.496959184048131 487
1740013060747 6.110984832766133 488
1740013060835 4.936162373176675 489
1740013060923 3.662210355217209 490
1740013061009 1.166658272498409 491
1740013061102 4.550469902030383 492
1740013061188 3.1639291372566136 493
1740013061273 5.325370946106453 494
1740013061362 4.330889294584348 495
1740013061450 5.943908561528125 496
1740013061536 5.937629841088919 497
1740013061626 6.034544630591535 498
1740013061718 3.0427393351347285 499
