1740002035481 196.7422683599503 0
1740002035499 196.49056429865752 1
1740002035524 196.29142149961723 2
1740002035543 196.0924678582872 3
1740002035563 195.89373452215025 4
1740002035582 195.69522121900036 5
1740002035600 195.49692769577382 6
1740002035620 195.29885369969287 7
1740002035640 195.10099897827678 8
1740002035658 194.90336327934136 9
1740002035676 194.70594635099872 10
1740002035695 194.50874794165696 11
1740002035715 194.3117678000196 12
1740002035733 194.1150056750854 13
1740002035751 193.91846131614807 14
1740002035772 193.72213447279572 15
1740002035791 193.52602489491068 16
1740002035810 193.33013233266905 17
1740002035832 193.1344565365404 18
1740002035850 192.93899725728744 19
1740002035868 192.7437542459655 20
1740002035887 192.54872725392255 21
1740002035906 192.35391603279845 22
1740002035925 192.15932033452484 23
1740002035942 191.96493991132476 24
1740002035960 191.77077451571213 25
1740002035978 191.5768239004918 26
1740002035997 191.3830878187587 27
1740002036016 191.18956602389787 28
1740002036033 190.99625826958402 29
1740002036052 190.8031643097811 30
1740002036069 190.61028389874204 31
1740002036089 190.41761679100836 32
1740002036107 190.22516274140995 33
1740002036124 190.03292150506442 34
1740002036142 189.8408928373772 35
1740002036160 189.6490764940408 36
1740002036179 189.4574722310347 37
1740002036197 189.2660798046249 38
1740002036214 189.07489897136372 39
1740002036233 188.88392948808922 40
1740002036251 188.69317111192507 41
1740002036271 188.5026236002802 42
1740002036289 188.31228671084827 43
1740002036307 188.12216020160764 44
1740002036325 187.93224383082062 45
1740002036344 187.7425373570336 46
1740002036366 187.55304053907633 47
1740002036386 187.36375313606186 48
1740002036404 187.17467490738593 49
1740002036423 186.9858056127269 50
1740002036441 186.79714501204526 51
1740002036459 186.60869286558332 52
1740002036476 186.42044893386483 53
1740002036495 186.23241297769488 54
1740002036513 186.04458475815923 55
1740002036532 185.8569640366241 56
1740002036550 185.66955057473606 57
1740002036570 185.48234413442134 58
1740002036589 185.29534447788572 59
1740002036607 185.10855136761413 60
1740002036625 184.92196456637043 61
1740002036644 184.7355838371968 62
1740002036662 184.5494089434138 63
1740002036681 184.36343964861956 64
1740002036699 184.17767571669 65
1740002036720 183.99211691177808 66
1740002036739 183.80676299831367 67
1740002036762 183.62161374100302 68
1740002036782 183.43666890482874 69
1740002036858 183.25192825504922 70
1740002036882 183.0673915571984 71
1740002036901 182.88305857708548 72
1740002036919 182.69892908079447 73
1740002036938 182.51500283468394 74
1740002036957 182.33127960538675 75
1740002036977 182.14775915980968 76
1740002036995 181.9644412651329 77
1740002037012 181.78132568881014 78
1740002037031 181.59841219856781 79
1740002037050 181.41570056240502 80
1740002037067 181.23319054859323 81
1740002037084 181.05088192567564 82
1740002037102 180.86877446246734 83
1740002037120 180.6868679280546 84
1740002037140 180.50516209179466 85
1740002037158 180.32365672331557 86
1740002037176 180.14235159251555 87
1740002037193 179.96124646956292 88
1740002037211 179.78034112489576 89
1740002037230 179.59963532922146 90
1740002037248 179.41912885351653 91
1740002037268 179.23882146902616 92
1740002037286 179.05871294726404 93
1740002037306 178.87880306001188 94
1740002037324 178.69909157931926 95
1740002037342 178.51957827750326 96
1740002037359 178.34026292714802 97
1740002037379 178.1611453011045 98
1740002037400 177.9822251724903 99
1740002037420 177.80350231468913 100
1740002037438 177.62497650135063 101
1740002037456 177.44664750638998 102
1740002037476 177.26851510398762 103
1740002037495 177.09057906858897 104
1740002037513 176.912839174904 105
1740002037532 176.7352951979071 106
1740002037550 176.55794691283657 107
1740002037569 176.38079409519443 108
1740002037587 176.20383652074605 109
1740002037605 176.02707396551986 110
1740002037622 175.85050620580708 111
1740002037640 175.6741330181613 112
1740002037659 175.4979541793983 113
1740002037679 175.32196946659565 114
1740002037697 175.1461786570923 115
1740002037715 174.97058152848862 116
1740002037734 174.79517785864567 117
1740002037753 174.61996742568516 118
1740002037773 174.4449500079891 119
1740002037792 174.27012538419928 120
1740002037809 174.09549333321738 121
1740002037827 173.92105363420416 122
1740002037845 173.74680606657967 123
1740002037863 173.5727504100224 124
1740002037881 173.3988864444695 125
1740002037899 173.22521395011609 126
1740002037916 173.0517327074151 127
1740002037934 172.878442497077 128
1740002037954 172.7053431000694 129
1740002037972 172.5324342976168 130
1740002037990 172.35971587120025 131
1740002038008 172.1871876025572 132
1740002038025 172.01484927368094 133
1740002038045 171.8427006668204 134
1740002038064 171.67074156447998 135
1740002038081 171.49897174941907 136
1740002038100 171.32739100465184 137
1740002038118 171.15599911344685 138
1740002038136 170.984795859327 139
1740002038154 170.81378102606874 140
1740002038173 170.64295439770225 141
1740002038191 170.47231575851106 142
1740002038210 170.30186489303136 143
1740002038231 170.13160158605223 144
1740002038249 169.96152562261497 145
1740002038269 169.791636788013 146
1740002038288 169.62193486779137 147
1740002038307 169.4524196477467 148
1740002038381 169.28309091392669 149
1740002038423 169.11394845262998 150
1740002038442 168.9449920504056 151
1740002038461 168.776221494053 152
1740002038479 168.60763657062145 153
1740002038497 168.43923706741003 154
1740002038515 168.27102277196704 155
1740002038534 168.10299347208993 156
1740002038552 167.93514895582493 157
1740002038573 167.7674890114667 158
1740002038593 167.60001342755808 159
1740002038614 167.43272199288984 160
1740002038633 167.26561449650038 161
1740002038651 167.0986907276753 162
1740002038671 166.93195047594725 163
1740002038690 166.76539353109564 164
1740002038708 166.59901968314622 165
1740002038728 166.43282872237094 166
1740002038746 166.26682043928756 167
1740002038767 166.1009946246593 168
1740002038786 165.93535106949483 169
1740002038804 165.7698895650476 170
1740002038821 165.6046099028158 171
1740002038840 165.439511874542 172
1740002038859 165.27459527221285 173
1740002038880 165.10985988805885 174
1740002038899 164.9453055145539 175
1740002038922 164.78093194441522 176
1740002038940 164.61673897060294 177
1740002038960 164.45272638631985 178
1740002038978 164.28889398501101 179
1740002038996 164.12524156036372 180
1740002039014 163.96176890630687 181
1740002039032 163.79847581701097 182
1740002039051 163.63536208688774 183
1740002039070 163.47242751058974 184
1740002039088 163.3096718830102 185
1740002039106 163.1470949992828 186
1740002039124 162.98469665478112 187
1740002039143 162.82247664511863 188
1740002039160 162.66043476614826 189
1740002039178 162.4985708139622 190
1740002039195 162.33688458489146 191
1740002039215 162.1753758755059 192
1740002039232 162.01404448261343 193
1740002039252 161.85289020326036 194
1740002039272 161.69191283473054 195
1740002039290 161.53111217454557 196
1740002039309 161.37048802046408 197
1740002039328 161.21004017048168 198
1740002039346 161.04976842283082 199
1740002039363 160.88967257598017 200
1740002039382 160.72975242863453 201
1740002039400 160.57000777973457 202
1740002039420 160.41043842845653 203
1740002039438 160.2510441742118 204
1740002039455 160.09182481664695 205
1740002039474 159.93278015564306 206
1740002039496 159.77390999131578 207
1740002039515 159.61521412401484 208
1740002039533 159.45669235432396 209
1740002039551 159.29834448306028 210
1740002039569 159.14017031127437 211
1740002039588 158.98216964024985 212
1740002039607 158.82434227150313 213
1740002039624 158.66668800678298 214
1740002039642 158.50920664807052 215
1740002039660 158.3518979975788 216
1740002039678 158.1947618577525 217
1740002039696 158.03779803126764 218
1740002039715 157.8810063210315 219
1740002039732 157.72438653018202 220
1740002039750 157.56793846208782 221
1740002039778 157.41166192034788 222
1740002039821 157.255556708791 223
1740002039844 157.09962263147594 224
1740002039863 156.94385949269076 225
1740002039881 156.78826709695286 226
1740002039899 156.6328452490085 227
1740002039917 156.47759375383268 228
1740002039937 156.32251241662863 229
1740002039954 156.1676010428278 230
1740002039973 156.01285943808955 231
1740002039989 155.85828740830073 232
1740002040010 155.70388475957546 233
1740002040028 155.549651298255 234
1740002040047 155.39558683090732 235
1740002040065 155.24169116432694 236
1740002040083 155.0879641055345 237
1740002040101 154.93440546177666 238
1740002040121 154.78101504052592 239
1740002040140 154.62779264947994 240
1740002040157 154.4747380965617 241
1740002040176 154.3218511899191 242
1740002040194 154.16913173792457 243
1740002040214 154.0165795491749 244
1740002040233 153.86419443249105 245
1740002040251 153.7119761969178 246
1740002040273 153.55992465172335 247
1740002040291 153.4080396063994 248
1740002040310 153.2563208706606 249
1740002040329 153.10476825444425 250
1740002040346 152.95338156791033 251
1740002040364 152.80216062144095 252
1740002040383 152.65110522564024 253
1740002040402 152.50021519133406 254
1740002040420 152.34949032956962 255
1740002040437 152.1989304516154 256
1740002040454 152.0485353689608 257
1740002040474 151.89830489331587 258
1740002040492 151.7482388366111 259
1740002040510 151.598337010997 260
1740002040530 151.44859922884402 261
1740002040549 151.29902530274234 262
1740002040568 151.14961504550132 263
1740002040587 151.0003682701495 264
1740002040604 150.85128478993425 265
1740002040622 150.70236441832157 266
1740002040640 150.5536069689956 267
1740002040660 150.4050122558588 268
1740002040678 150.2565800930312 269
1740002040696 150.10831029485047 270
1740002040714 149.9602026758716 271
1740002040733 149.81225705086652 272
1740002040752 149.664473234824 273
1740002040773 149.51685104294924 274
1740002040791 149.3693902906638 275
1740002040811 149.2220907936052 276
1740002040830 149.0749523676266 277
1740002040847 148.92797482879683 278
1740002040865 148.78115799339977 279
1740002040883 148.6345016779344 280
1740002040900 148.48800569911438 281
1740002040921 148.34166987386783 282
1740002040941 148.1954940193371 283
1740002040963 148.04947795287848 284
1740002040981 147.90362149206197 285
1740002040999 147.75792445467098 286
1740002041019 147.61238665870223 287
1740002041037 147.4670079223653 288
1740002041055 147.32178806408237 289
1740002041074 147.1767269024883 290
1740002041093 147.0318242564299 291
1740002041111 146.88707994496613 292
1740002041130 146.7424937873674 293
1740002041147 146.5980656031158 294
1740002041165 146.45379521190438 295
1740002041184 146.30968243363725 296
1740002041202 146.1657270884292 297
1740002041222 146.02192899660545 298
1740002041240 145.87828797870134 299
1740002041258 145.73480385546222 300
1740002041276 145.59147644784306 301
1740002041295 145.44830557700837 302
1740002041313 145.3052910643317 303
1740002041331 145.16243273139568 304
1740002041349 145.0197303999916 305
1740002041368 144.87718389211906 306
1740002041389 144.7347930299861 307
1740002041407 144.59255763600848 308
1740002041425 144.45047753280983 309
1740002041444 144.30855254322114 310
1740002041463 144.1667824902807 311
1740002041482 144.02516719723366 312
1740002041499 143.88370648753192 313
1740002041519 143.74240018483403 314
1740002041537 143.60124811300446 315
1740002041557 143.46025009611392 316
1740002041578 143.31940595843878 317
1740002041597 143.17871552446084 318
1740002041616 143.03817861886736 319
1740002041634 142.89779506655034 320
1740002041654 142.75756469260673 321
1740002041673 142.617487322338 322
1740002041691 142.47756278124987 323
1740002041709 142.33779089505202 324
1740002041728 142.1981714896581 325
1740002041748 142.0587043911852 326
1740002041770 141.91938942595374 327
1740002041789 141.78022642048725 328
1740002041808 141.64121520151207 329
1740002041826 141.50235559595717 330
1740002041845 141.36364743095385 331
1740002041863 141.22509053383547 332
1740002041881 141.0866847321374 333
1740002041899 140.94842985359654 334
1740002041917 140.81032572615118 335
1740002041935 140.67237217794087 336
1740002041954 140.534569037306 337
1740002041972 140.39691613278762 338
1740002041990 140.25941329312732 339
1740002042009 140.1220603472668 340
1740002042027 139.9848571243478 341
1740002042046 139.8478034537117 342
1740002042064 139.71089916489953 343
1740002042082 139.57414408765146 344
1740002042100 139.4375380519067 345
1740002042118 139.30108088780324 346
1740002042136 139.16477242567768 347
1740002042155 139.0286124960649 348
1740002042176 138.89260092969786 349
1740002042195 138.7567375575073 350
1740002042219 138.62102221062173 351
1740002042238 138.48545472036696 352
1740002042256 138.35003491826586 353
1740002042273 138.21476263603833 354
1740002042293 138.07963770560085 355
1740002042312 137.94465995906648 356
1740002042330 137.80982922874435 357
1740002042347 137.67514534713965 358
1740002042366 137.54060814695325 359
1740002042385 137.40621746108164 360
1740002042404 137.27197312261652 361
1740002042422 137.13787496484463 362
1740002042440 137.00392282124758 363
1740002042459 136.87011652550152 364
1740002042479 136.73645591147698 365
1740002042499 136.60294081323866 366
1740002042520 136.4695710650451 367
1740002042539 136.3363465013485 368
1740002042557 136.2032669567946 369
1740002042575 136.07033226622224 370
1740002042594 135.93754226466328 371
1740002042615 135.80489678734236 372
1740002042634 135.67239566967658 373
1740002042652 135.5400387472754 374
1740002042670 135.40782585594036 375
1740002042690 135.27575683166472 376
1740002042708 135.1438315106335 377
1740002042726 135.0120497292231 378
1740002042744 134.88041132400096 379
1740002042765 134.74891613172548 380
1740002042788 134.6175639893459 381
1740002042808 134.48635473400182 382
1740002042826 134.35528820302306 383
1740002042845 134.22436423392963 384
1740002042866 134.09358266443124 385
1740002042884 133.9629433324271 386
1740002042903 133.83244607600594 387
1740002042920 133.70209073344554 388
1740002042938 133.57187714321265 389
1740002042957 133.44180514396254 390
1740002042980 133.3118745745391 391
1740002043001 133.18208527397442 392
1740002043019 133.0524370814886 393
1740002043037 132.92292983648946 394
1740002043055 132.79356337857251 395
1740002043075 132.66433754752052 396
1740002043093 132.53525218330338 397
1740002043110 132.40630712607802 398
1740002043127 132.2775022161878 399
1740002043146 132.1488372941628 400
1740002043164 132.02031220071922 401
1740002043183 131.8919267767592 402
1740002043201 131.7636808633708 403
1740002043221 131.63557430182763 404
1740002043241 131.50760693358868 405
1740002043259 131.37977860029798 406
1740002043281 131.2520891437846 407
1740002043300 131.12453840606227 408
1740002043320 130.99712622932913 409
1740002043339 130.86985245596765 410
1740002043356 130.7427169285444 411
1740002043378 130.6157194898097 412
1740002043397 130.48885998269745 413
1740002043418 130.36213825032502 414
1740002043436 130.2355541359929 415
1740002043454 130.10910748318466 416
1740002043473 129.98279813556636 417
1740002043492 129.8566259369868 418
1740002043514 129.73059073147706 419
1740002043533 129.60469236325025 420
1740002043551 129.4789306767014 421
1740002043570 129.35330551640712 422
1740002043588 129.22781672712563 423
1740002043608 129.1024641537962 424
1740002043627 128.9772476415393 425
1740002043647 128.852167035656 426
1740002043666 128.72722218162812 427
1740002043684 128.60241292511782 428
1740002043703 128.4777391119673 429
1740002043722 128.35320058819892 430
1740002043740 128.22879720001458 431
1740002043762 128.10452879379582 432
1740002043782 127.98039521610346 433
1740002043892 127.85639631367735 434
1740002043918 127.73253193343638 435
1740002043937 127.60880192247794 436
1740002043955 127.48520612807795 437
1740002043974 127.36174439769064 438
1740002043994 127.23841657894822 439
1740002044014 127.11522251966068 440
1740002044031 126.99216206781577 441
1740002044050 126.86923507157847 442
1740002044071 126.74644137929107 443
1740002044090 126.62378083947289 444
1740002044108 126.50125330081987 445
1740002044127 126.37885861220465 446
1740002044145 126.25659662267624 447
1740002044163 126.13446718145968 448
1740002044181 126.01247013795602 449
1740002044201 125.89060534174207 450
1740002044221 125.76887264257016 451
1740002044240 125.64727189036789 452
1740002044257 125.52580293523805 453
1740002044282 125.40446562745821 454
1740002044304 125.28325981748074 455
1740002044325 125.16218535593248 456
1740002044342 125.04124209361453 457
1740002044362 124.9204298815021 458
1740002044381 124.7997485707442 459
1740002044400 124.67919801266359 460
1740002044419 124.55877805875647 461
1740002044437 124.4384885606922 462
1740002044455 124.31832937031331 463
1740002044474 124.19830033963513 464
1740002044494 124.07840132084561 465
1740002044511 123.95863216630514 466
1740002044529 123.83899272854636 467
1740002044547 123.71948286027394 468
1740002044566 123.60010241436434 469
1740002044584 123.48085124386563 470
1740002044603 123.36172920199735 471
1740002044622 123.24273614215022 472
1740002044639 123.12387191788599 473
1740002044658 123.00513638293724 474
1740002044676 122.886529391207 475
1740002044697 122.76805079676893 476
1740002044717 122.64970045386679 477
1740002044735 122.53147821691428 478
1740002044755 122.41338394049497 479
1740002044776 122.29541747936203 480
1740002044793 122.17757868843803 481
1740002044811 122.05986742281466 482
1740002044829 121.94228353775274 483
1740002044848 121.82482688868178 484
1740002044866 121.70749733119996 485
1740002044884 121.59029472107373 486
1740002044902 121.47321891423796 487
1740002044921 121.35626976679528 488
1740002044939 121.23944713501628 489
1740002044957 121.12275087533902 490
1740002044975 121.0061808443692 491
1740002044991 120.8897368988794 492
1740002045012 120.7734188958095 493
1740002045037 120.65722669226602 494
1740002045056 120.54116014552216 495
1740002045077 120.42521911301748 496
1740002045096 120.30940345235778 497
1740002045116 120.193713021315 498
1740002045138 120.07814767782665 499
