1740016435197 0.03591215065608362 0
1740016435302 0.049088849715865863 1
1740016435403 0.00013217857392105567 2
1740016435500 0.07178815407375043 3
1740016435590 0.03590667676848371 4
1740016435684 0.045480472236385995 5
1740016435778 0.22961560117966576 6
1740016435870 0.24738021373954128 7
1740016435964 0.11346238581089588 8
1740016436056 9.206130260495941e-05 9
1740016436150 2.625841676899496e-05 10
1740016436244 0.030762834049052164 11
1740016436338 0.0397238010595462 12
1740016436430 0.0038857529453584813 13
1740016436521 0.02208447360725863 14
1740016436612 0.19947881609555548 15
1740016436707 0.027460098464566356 16
1740016436799 0.4124278449645841 17
1740016436890 0.0017793417848240506 18
1740016436983 0.005682114870096536 19
1740016437076 0.39816144286207883 20
1740016437166 0.014893178245742282 21
1740016437266 0.01526888522137084 22
1740016437381 0.16738112977270234 23
1740016437529 0.019510233898796848 24
1740016437621 0.05229934333668133 25
1740016437714 0.020736010206284728 26
1740016437807 0.2546259360993939 27
1740016437898 0.028008185609654294 28
1740016437991 0.026012102554639097 29
1740016438083 0.013765852042488496 30
1740016438179 0.3420750912550564 31
1740016438271 0.0008250307017309314 32
1740016438365 0.7183753011408182 33
1740016438457 0.40040105492175326 34
1740016438549 0.24067487398513718 35
1740016438644 0.009443889699610148 36
1740016438737 0.08230807795801863 37
1740016438837 0.47555495363529876 38
1740016438932 0.03057264214361293 39
1740016439029 0.04264134509157577 40
1740016439125 0.02018748020199487 41
1740016439221 0.17608754118734074 42
1740016439314 0.10294763949025465 43
1740016439414 0.012702987034136087 44
1740016439512 0.6020819447641191 45
1740016439605 0.03454755401624302 46
1740016439699 0.016718691771578514 47
1740016439792 0.43747307924658296 48
1740016439888 0.0330659035885817 49
1740016439980 0.08808020782953939 50
1740016440076 0.028664278647980105 51
1740016440175 0.00028760662252575364 52
1740016440268 0.05013164550520622 53
1740016440361 0.009415649706634423 54
1740016440453 0.234196674911408 55
1740016440545 0.004742322678615277 56
1740016440636 0.0029408626416949574 57
1740016440727 0.08640968925588033 58
1740016440822 6.948479487756094e-05 59
1740016440918 0.13103671107992532 60
1740016441011 0.024646494292107878 61
1740016441106 0.06594181252470922 62
1740016441201 0.26779474047993135 63
1740016441292 0.5703403814036663 64
1740016441388 0.025341015251357044 65
1740016441478 1.1223831480389245e-05 66
1740016441572 0.2514229475023468 67
1740016441665 0.21181638125506455 68
1740016441758 0.24692080251652004 69
1740016441850 0.029160736704217687 70
1740016441943 0.3131515348324443 71
1740016442037 0.19654756461387293 72
1740016442129 0.053569925875145155 73
1740016442231 0.11627046708880358 74
1740016442330 0.4733884268444083 75
1740016442423 0.00022415573017400852 76
1740016442516 0.29920402091153137 77
1740016442609 0.003404851950222335 78
1740016442701 0.9470409896585349 79
1740016442791 0.19697875550728702 80
1740016442883 0.11959054382380277 81
1740016442974 0.688280608422795 82
1740016443066 0.07692195878023907 83
1740016443158 0.01966317767517866 84
1740016443253 0.002662966226724588 85
1740016443344 0.014126191051415935 86
1740016443443 0.019238116928352488 87
1740016443534 0.011037414477958227 88
1740016443627 0.022593015000387188 89
1740016443719 0.0002314758982775525 90
1740016443861 0.0030586436943163095 91
1740016443958 0.2520036588922391 92
1740016444050 0.0020347645805766103 93
1740016444145 0.8778494807131192 94
1740016444241 0.0013841687826575877 95
1740016444337 0.05465460975170328 96
1740016444427 0.06786183512852965 97
1740016444523 0.322202721830239 98
1740016444619 0.00666925141201083 99
1740016444717 0.2456841586628982 100
1740016444813 0.4790789741821071 101
1740016444906 0.005194691850620893 102
1740016445000 0.056223799308626074 103
1740016445093 0.050269220300369996 104
1740016445189 0.14186962403180406 105
1740016445284 0.054089376549691225 106
1740016445379 0.0114592115952011 107
1740016445477 0.188514884399953 108
1740016445572 0.1880107580840093 109
1740016445666 0.005379999902058159 110
1740016445759 0.00020940422823018977 111
1740016445850 0.5733336322058303 112
1740016445942 0.005050321609721906 113
1740016446034 0.03559680400671108 114
1740016446127 0.1747101737943733 115
1740016446221 0.015008467410268176 116
1740016446311 0.023513461203488746 117
1740016446403 0.02563543147282428 118
1740016446494 0.05679075331155716 119
1740016446586 0.06118348132241834 120
1740016446680 0.026805325364331185 121
1740016446774 0.027286777789922535 122
1740016446865 0.01277304117787803 123
1740016446962 0.011898285235078415 124
1740016447054 0.257374360632667 125
1740016447146 1.058126144466436 126
1740016447264 0.0019083685788283773 127
1740016447363 0.008874419480452922 128
1740016447461 0.0031160355779389914 129
1740016447582 0.0010011339625976602 130
1740016447681 0.4032474270603093 131
1740016447776 0.02311357243898909 132
1740016447871 0.3865070007309542 133
1740016447965 0.29051181404305215 134
1740016448059 0.00481873314810823 135
1740016448155 0.002193969711920208 136
1740016448252 0.3612516740959546 137
1740016448345 0.02089854188971915 138
1740016448441 0.16548812874632393 139
1740016448535 0.004183122605093414 140
1740016448630 0.04427808501064891 141
1740016448727 0.00261812203112992 142
1740016448826 0.010194765956627343 143
1740016448919 0.04388624465246562 144
1740016449014 0.008480594834351906 145
1740016449110 0.007493012876854061 146
1740016449208 0.0455558034774725 147
1740016449304 0.1116117362841203 148
1740016449400 0.008725241273629381 149
1740016449494 0.33631932277654036 150
1740016449596 0.006859223307555676 151
1740016449692 0.0002902183939837325 152
1740016449792 0.01099636541506132 153
1740016449893 0.16195608399905018 154
1740016449992 0.17936665594194404 155
1740016450086 0.001970604090393214 156
1740016450189 0.10346501373546907 157
1740016450290 0.15983802254013835 158
1740016450393 0.019261958915847095 159
1740016450506 0.21582257671501703 160
1740016450603 0.01916613201243836 161
1740016450703 0.20060621262779388 162
1740016450801 0.024207283883197057 163
1740016450898 0.20838380292723918 164
1740016450993 0.3609506850126679 165
1740016451087 0.03556945507109109 166
1740016451187 0.017878135217707192 167
1740016451285 0.16885566138237965 168
1740016451380 0.5809651926352607 169
1740016451474 0.9500352479481736 170
1740016451574 0.09259435610313071 171
1740016451669 0.419401095714802 172
1740016451765 0.022411438864010935 173
1740016451860 0.1659569066687612 174
1740016451958 0.0438932172346079 175
1740016452053 0.002336463141299319 176
1740016452149 0.017821078328779844 177
1740016452251 0.3615371748117617 178
1740016452346 0.00046163812452105823 179
1740016452441 0.018445477833788186 180
1740016452536 0.010674399219760607 181
1740016452631 0.1195634954357159 182
1740016452728 0.04827208077235325 183
1740016452825 0.07162217262638958 184
1740016452920 0.026700164652414277 185
1740016453020 0.5496568159328583 186
1740016453116 0.09995499523537602 187
1740016453218 0.1111026730113103 188
1740016453312 0.039250049002918216 189
1740016453410 0.013017797001710131 190
1740016453505 0.029014584741061195 191
1740016453607 0.03391355209646117 192
1740016453702 0.08298609699084171 193
1740016453801 0.13412284211897077 194
1740016453896 0.0018588705658155473 195
1740016453995 0.3993584395502752 196
1740016454089 0.07236733034343316 197
1740016454191 0.07681260329521278 198
1740016454288 0.2121244015216517 199
1740016454383 0.08701925979544338 200
1740016454477 0.6082536688520481 201
1740016454571 0.019340535990725913 202
1740016454667 0.032763340490150034 203
1740016454761 0.061080565125435665 204
1740016454859 0.09104955396832579 205
1740016454955 0.014928928226031889 206
1740016455052 0.017828332909352575 207
1740016455148 0.25123749196159995 208
1740016455244 0.0006596764067395848 209
1740016455341 1.505007253797414e-05 210
1740016455438 0.9871564549006376 211
1740016455535 0.07483014025327538 212
1740016455633 0.021380137422379014 213
1740016455734 0.0001553263733808656 214
1740016455830 0.2464221055468251 215
1740016455925 0.1347231892462503 216
1740016456026 0.0004514534634269547 217
1740016456128 0.08957326359807449 218
1740016456227 0.476061042535249 219
1740016456320 0.006867681020774856 220
1740016456421 0.0024233956726615715 221
1740016456522 0.0447664042351034 222
1740016456623 0.28121520148938134 223
1740016456720 0.028839574967597807 224
1740016456817 0.07327454209528826 225
1740016456913 0.04871707410335794 226
1740016457010 0.00846900201060725 227
1740016457118 1.1979392240291291 228
1740016457222 0.08221160212326904 229
1740016457323 0.2849108860246968 230
1740016457423 0.020780981355293333 231
1740016457520 0.27758879700288364 232
1740016457619 0.010635876947064455 233
1740016457732 0.4706879917552257 234
1740016457829 0.01083260025902899 235
1740016457927 0.001829906676810607 236
1740016458024 0.38375291486119883 237
1740016458124 0.38487244827241635 238
1740016458225 0.17438636803330895 239
1740016458323 0.17952573347407227 240
1740016458419 0.1327325227653795 241
1740016458515 0.06485740866412937 242
1740016458606 0.09317564090722673 243
1740016458697 0.021382563509770882 244
1740016458790 0.012809261284339615 245
1740016458881 0.005895295162125391 246
1740016458973 0.00014621203848099904 247
1740016459064 0.5341857495618727 248
1740016459161 0.05465633002251679 249
1740016459261 0.20741123845308068 250
1740016459352 0.06364742417557279 251
1740016459443 0.20948762157036982 252
1740016459533 0.20013928690800284 253
1740016459626 0.5778064385166495 254
1740016459723 0.1707470263759181 255
1740016459821 0.004652961003716996 256
1740016459917 0.0005661830082023811 257
1740016460013 0.0038273675461881736 258
1740016460108 0.17561833781733585 259
1740016460211 0.002578132244755246 260
1740016460351 0.07439066018672126 261
1740016460452 0.40071615599987565 262
1740016460546 0.03635783115183708 263
1740016460637 0.09711146786972728 264
1740016460730 0.0011417892154145964 265
1740016460822 0.15288255370133613 266
1740016460915 0.00043374331912784855 267
1740016461008 0.004055197309945956 268
1740016461102 0.001369556663451297 269
1740016461249 0.0023825042022934282 270
1740016461354 0.04827960798058666 271
1740016461446 0.025846093395092088 272
1740016461540 0.00018561160843658946 273
1740016461633 0.029164570495875487 274
1740016461727 0.04593614495033699 275
1740016461829 0.0014948379272212854 276
1740016461920 0.06978369485843747 277
1740016462013 0.1659602375265389 278
1740016462106 0.08507965795618419 279
1740016462199 8.048775283605026e-10 280
1740016462294 0.11587025525000551 281
1740016462386 0.0058640109698232835 282
1740016462477 0.04714920073908915 283
1740016462568 0.2303924379786841 284
1740016462662 0.08919317325197552 285
1740016462754 0.3127189816803659 286
1740016462846 0.032168564121133766 287
1740016462936 0.03081675043200776 288
1740016463026 0.8314091468133141 289
1740016463119 0.3665181373375026 290
1740016463213 0.31333297400823656 291
1740016463305 0.22528338669822914 292
1740016463398 0.002090722768398753 293
1740016463488 0.5266831226290437 294
1740016463579 0.15856528168792053 295
1740016463671 0.013944290930278054 296
1740016463766 0.21776268013311112 297
1740016463863 0.2520637561368148 298
1740016463955 0.08127138168703422 299
1740016464046 4.9522907792053535e-05 300
1740016464138 0.013385429181383105 301
1740016464230 0.02081703324329365 302
1740016464321 0.00042568655750315236 303
1740016464413 0.006338469768009442 304
1740016464505 0.13499255472660932 305
1740016464597 1.748786233134071e-05 306
1740016464688 0.01079993412090789 307
1740016464801 0.2338420992771775 308
1740016464900 0.03007809704282392 309
1740016464995 0.12384880689517619 310
1740016465089 0.017066598863192232 311
1740016465184 0.0003945694653137947 312
1740016465278 0.04724102496599271 313
1740016465373 0.1345826279611212 314
1740016465471 0.010910975255899106 315
1740016465563 0.021598803042582587 316
1740016465658 0.3345522973220126 317
1740016465752 0.3832150904621835 318
1740016465849 0.0004741952408709148 319
1740016465952 0.028437919569741798 320
1740016466065 0.07976544741642658 321
1740016466171 0.006577565962538515 322
1740016466275 0.9690838919989126 323
1740016466368 0.03241151367290412 324
1740016466461 0.01569827469856273 325
1740016466552 0.045629623198089095 326
1740016466645 0.014003091364121712 327
1740016466739 0.00025913419174419556 328
1740016466833 0.025350218670282726 329
1740016466925 0.08578298256165755 330
1740016467018 0.20261001560203712 331
1740016467109 0.2011815169834708 332
1740016467204 0.03355884517680729 333
1740016467298 0.03373749573523522 334
1740016467390 0.040514105253553104 335
1740016467481 0.047341815333037475 336
1740016467574 0.20532799536179178 337
1740016467667 0.002838614132362102 338
1740016467778 0.6308538959847962 339
1740016467874 0.050123029377570405 340
1740016467966 0.40477767973231915 341
1740016468057 0.00620312407877219 342
1740016468149 0.0329541074571508 343
1740016468243 0.029087794518149183 344
1740016468334 0.0008694893661366854 345
1740016468424 0.026660144338707253 346
1740016468518 0.012047371761726983 347
1740016468613 0.26775531525361485 348
1740016468706 0.039719014915889576 349
1740016468800 0.025606545170143546 350
1740016468892 0.09711874434339093 351
1740016468984 0.3579682945506757 352
1740016469074 0.020449897421890784 353
1740016469169 0.3504586051204692 354
1740016469262 0.3698053334337887 355
1740016469353 0.004876815144187616 356
1740016469447 0.37342648960563984 357
1740016469538 0.19483051612668398 358
1740016469630 0.9689550386774701 359
1740016469721 0.2542686476899893 360
1740016469812 0.0007870262986295297 361
1740016469907 0.008884033131084403 362
1740016470003 0.12635937857112048 363
1740016470094 0.12018194876441561 364
1740016470189 0.1885092531260336 365
1740016470285 0.05314493961473156 366
1740016470377 0.16095313256462634 367
1740016470470 0.5839118954851605 368
1740016470564 0.017821479047186665 369
1740016470661 3.197869181325251e-05 370
1740016470754 0.04264640617322827 371
1740016470844 0.11178681739211363 372
1740016470936 0.04243175062640854 373
1740016471030 0.04424916051418447 374
1740016471125 0.0047027045957858254 375
1740016471223 0.5229798248272556 376
1740016471316 0.6474008850099521 377
1740016471410 0.0019179223538538807 378
1740016471502 0.08234701276999365 379
1740016471594 0.17292748145114234 380
1740016471696 0.008168977561959207 381
1740016471796 0.13430858537268847 382
1740016471891 0.0329515933590591 383
1740016471990 0.12859770883608249 384
1740016472081 0.012610483735955372 385
1740016472173 0.0003076564206843545 386
1740016472269 0.07509889669560976 387
1740016472364 1.2582140520983645 388
1740016472458 0.24270218422656803 389
1740016472552 0.023058627932984292 390
1740016472644 0.02137629259934847 391
1740016472740 0.5117135898060613 392
1740016472831 0.12110491812665411 393
1740016472924 0.0056955169840566 394
1740016473017 0.02570284545814116 395
1740016473108 0.03799900810422176 396
1740016473203 0.11827599069074347 397
1740016473293 0.5717693950388104 398
1740016473385 0.169522235446101 399
1740016473477 0.5901503209648843 400
1740016473568 0.0741747544727276 401
1740016473661 0.02471916662720428 402
1740016473758 0.006492837549822924 403
1740016473849 0.06797229998461526 404
1740016473941 0.014863923682137932 405
1740016474042 0.3826180152997131 406
1740016474132 0.025333681714482248 407
1740016474228 0.01259334172396521 408
1740016474318 0.0034187301695885386 409
1740016474409 0.0021145972278731615 410
1740016474501 0.027277393612644665 411
1740016474595 0.03375168984799249 412
1740016474689 0.0178606149221868 413
1740016474819 0.1382229605756469 414
1740016474912 0.01975582104530118 415
1740016475001 0.11135314581679014 416
1740016475091 0.6438799430926739 417
1740016475184 0.015975886520630044 418
1740016475285 0.00712637545549982 419
1740016475386 0.0239447479299553 420
1740016475482 0.11690093379415546 421
1740016475581 0.15434197399033805 422
1740016475683 0.10378859920393073 423
1740016475786 0.024640641464981922 424
1740016475902 0.05508676743405036 425
1740016475993 0.03243463491045682 426
1740016476090 0.12347765380909961 427
1740016476183 0.24464603164390572 428
1740016476276 0.003504284779352515 429
1740016476368 0.044391755549082534 430
1740016476461 0.005582311680084767 431
1740016476553 0.15775460409470404 432
1740016476644 0.15942626040384622 433
1740016476736 0.01542247936935858 434
1740016476829 3.9331428671589064e-05 435
1740016476921 0.3521461561967214 436
1740016477014 0.08143590152193968 437
1740016477106 0.22259651527898477 438
1740016477202 0.08151461317992352 439
1740016477295 0.4139924816995745 440
1740016477386 0.20946541815727757 441
1740016477480 0.028121104239845807 442
1740016477577 0.01960243771546826 443
1740016477672 0.6174580815426634 444
1740016477768 0.004653297675518202 445
1740016477881 0.003955551422603852 446
1740016477973 0.000509873514962607 447
1740016478073 0.0006252025527921657 448
1740016478169 0.002668852287477819 449
1740016478259 0.3591049272509098 450
1740016478351 0.03258897560470985 451
1740016478444 0.02327517173247044 452
1740016478538 0.2673588740380492 453
1740016478631 0.014561149974712612 454
1740016478727 0.43678322466164965 455
1740016478822 0.8120913286415281 456
1740016478916 0.016751992623768495 457
1740016479012 0.046864896302730955 458
1740016479105 0.023576882117865707 459
1740016479201 0.0061448242627165734 460
1740016479293 0.027853119987596705 461
1740016479385 0.01877517246704206 462
1740016479477 0.01615538996670569 463
1740016479568 3.8101832436783425e-05 464
1740016479662 0.4382392944247214 465
1740016479755 0.09117477176028518 466
1740016479849 0.05861197620085995 467
1740016479943 0.2684086841999759 468
1740016480035 0.9313868362738169 469
1740016480128 0.020931401386078588 470
1740016480222 0.15624686371301474 471
1740016480314 0.0426830633836009 472
1740016480417 0.003978230207738858 473
1740016480512 0.12536886915453166 474
1740016480603 0.002735626503909618 475
1740016480694 0.000394195564717535 476
1740016480785 1.567717889632538 477
1740016480877 0.07660399543848888 478
1740016480972 0.002145828401079145 479
1740016481064 0.008252970521756072 480
1740016481158 0.022442339731262213 481
1740016481256 0.2806726918790217 482
1740016481347 0.0030304860071818465 483
1740016481437 0.043787546174453636 484
1740016481528 0.024221071705163386 485
1740016481619 0.02735616626740313 486
1740016481712 0.10935773225785964 487
1740016481803 0.066059617018285 488
1740016481895 0.046014062189820286 489
1740016481988 0.3348818386309827 490
1740016482082 0.09991367962948262 491
1740016482186 0.048565784842424554 492
1740016482284 0.20096840486577147 493
1740016482379 0.42483044487112503 494
1740016482471 0.5223241272845832 495
1740016482562 0.0069437429470151635 496
1740016482661 0.021346584896325363 497
1740016482771 0.024812530718534256 498
1740016482863 0.11860287540128447 499
