1739980757994 4.880250733736648 0
1739980758115 9.008494699797296 1
1739980758230 4.327451491018232 2
1739980758358 7.665777700925397 3
1739980758481 7.119204706339239 4
1739980758597 6.068949408967304 5
1739980758716 11.957920749537138 6
1739980758838 6.9990912373080905 7
1739980758956 8.429725295966483 8
1739980759072 7.756594846214544 9
1739980759190 8.19908604642696 10
1739980759309 7.024968491309577 11
1739980759425 4.939889415733536 12
1739980759543 7.386026344801891 13
1739980759661 6.2115913492414565 14
1739980759778 7.9207371041413905 15
1739980759894 4.957887281712331 16
1739980760009 4.889245063026606 17
1739980760125 6.184975592807001 18
1739980760247 7.574980284177124 19
1739980760367 5.652210693155704 20
1739980760505 6.79153486394791 21
1739980760620 5.698226133128842 22
1739980760740 8.628699508613098 23
1739980760857 7.008935812952699 24
1739980760973 8.940406809206618 25
1739980761095 11.025684386169203 26
1739980761212 4.901670813514372 27
1739980761329 7.071523553494759 28
1739980761445 7.434699169057463 29
1739980761564 3.4440739851809585 30
1739980761682 6.3055179799522545 31
1739980761797 10.944353826090298 32
1739980761911 7.380718629376478 33
1739980762027 4.583329260958536 34
1739980762145 6.179610905054042 35
1739980762261 10.320481356937767 36
1739980762377 5.411024009794588 37
1739980762492 9.361317779943356 38
1739980762684 14.51056603675382 39
1739980762800 4.068511918495366 40
1739980762917 7.615446613695716 41
1739980763033 11.77627801894331 42
1739980763149 6.539088006109897 43
1739980763269 5.629610351253157 44
1739980763481 5.961528059848741 45
1739980763601 6.878018528734746 46
1739980763719 6.134939756013082 47
1739980763838 7.939405606413902 48
1739980763955 5.10947166283175 49
1739980764076 7.199961280264761 50
1739980764201 9.653638492920377 51
1739980764323 7.432256829565867 52
1739980764442 6.4860659579913715 53
1739980764562 6.060275415081573 54
1739980764684 7.167288419855915 55
1739980764800 5.166717678910256 56
1739980764916 6.70975233464706 57
1739980765035 5.861139030625698 58
1739980765152 3.64328725304568 59
1739980765270 5.048138938736272 60
1739980765392 6.281204713037324 61
1739980765508 5.164902716196871 62
1739980765628 6.2280805925942255 63
1739980765749 6.61349747480859 64
1739980765874 6.491009878856284 65
1739980765996 4.058378163482006 66
1739980766118 6.65099339679449 67
1739980766240 6.815034189546926 68
1739980766359 4.482895748515814 69
1739980766485 4.595618983840062 70
1739980766604 6.333079437910116 71
1739980766725 4.4579342529924695 72
1739980766843 5.103581578005583 73
1739980766961 5.500368079370879 74
1739980767162 5.80919097212037 75
1739980767280 5.638953856228762 76
1739980767396 4.591830646497811 77
1739980767510 7.462335105335859 78
1739980767625 6.311844570836695 79
1739980767742 7.636467019712244 80
1739980767916 6.908904044832912 81
1739980768032 8.282002528234568 82
1739980768150 5.816391392434946 83
1739980768268 6.269938715365401 84
1739980768386 6.64419851861101 85
1739980768503 10.040628490378102 86
1739980768620 7.677797439529055 87
1739980768737 8.888369018589927 88
1739980768853 7.047991992142801 89
1739980768969 8.073148156455836 90
1739980769086 4.042988931119408 91
1739980769203 5.18881603841994 92
1739980769318 7.423236137776549 93
1739980769433 5.005062467788907 94
1739980769557 3.822916455599868 95
1739980769683 4.263482053191912 96
1739980769805 5.543417808230004 97
1739980769927 9.383959539586517 98
1739980770047 6.543349264529109 99
1739980770165 8.63965787286759 100
1739980770284 6.959690178629765 101
1739980770401 7.916985510138635 102
1739980770516 9.987791849088524 103
1739980770666 6.320052174210062 104
1739980770781 7.5557951584440834 105
1739980770896 7.174664758362483 106
1739980771011 7.723449393685566 107
1739980771128 6.4546032024337325 108
1739980771242 6.830542640928405 109
1739980771360 8.6854020710886 110
1739980771475 6.874123952980188 111
1739980771592 6.696949918650647 112
1739980771707 3.9340209053020794 113
1739980771821 6.352542004266016 114
1739980771939 6.69528813875755 115
1739980772059 4.62966184702891 116
1739980772182 7.680387095100884 117
1739980772297 4.543724951632895 118
1739980772420 8.118474199577985 119
1739980772599 6.787166273466356 120
1739980772722 5.863457378845965 121
1739980772844 6.847161470762341 122
1739980772967 6.548275676501072 123
1739980773090 7.018528150202542 124
1739980773204 6.241515977500818 125
1739980773323 8.67967463713231 126
1739980773441 8.338845640051964 127
1739980773556 6.743548137863307 128
1739980773673 7.237676563507255 129
1739980773790 7.198297288801872 130
1739980773906 7.646828615454822 131
1739980774021 4.976958494990795 132
1739980774138 5.4438280012110045 133
1739980774261 6.118833519159601 134
1739980774384 7.883930618381561 135
1739980774502 6.929337249898235 136
1739980774623 10.688075028554724 137
1739980774738 7.543184375157813 138
1739980774854 5.7452434125188505 139
1739980774976 6.356082926782688 140
1739980775096 5.525477298540374 141
1739980775215 7.611991161398499 142
1739980775337 9.033476826934212 143
1739980775455 5.91517077606427 144
1739980775570 7.604421610209896 145
1739980775687 5.7945845304719965 146
1739980775807 4.802751710516648 147
1739980775928 5.4585784917041735 148
1739980776048 4.3794983424088585 149
1739980776166 6.9809747024214905 150
1739980776285 6.627736936910777 151
1739980776402 4.4930317178758 152
1739980776516 5.733253967946831 153
1739980776631 5.316894350240575 154
1739980776747 3.8123867873699955 155
1739980776865 9.0045646454572 156
1739980776980 6.771634958635287 157
1739980777097 4.310785856442823 158
1739980777222 6.647315544398894 159
1739980777349 7.235706859173712 160
1739980777465 6.288913199984571 161
1739980777580 5.595085089531741 162
1739980777695 6.784098533056652 163
1739980777809 6.381279716435389 164
1739980777922 6.637196058232965 165
1739980778036 6.808638432891936 166
1739980778152 5.720084465660536 167
1739980778268 8.696831938959418 168
1739980778393 5.680685628309329 169
1739980778515 5.507434678987349 170
1739980778634 5.340091638704597 171
1739980778752 7.4308713834652345 172
1739980778873 8.10587209162071 173
1739980778989 6.563056032497862 174
1739980779179 6.244058509804389 175
1739980779301 6.913660991887072 176
1739980779511 5.584219426205034 177
1739980779632 5.712253620432993 178
1739980779752 5.190843013460325 179
1739980779873 7.653439081384255 180
1739980779996 6.353791474462758 181
1739980780118 7.692150310710409 182
1739980780244 5.587037457580402 183
1739980780363 6.468225051912503 184
1739980780480 7.036188778560755 185
1739980780599 10.724740224269691 186
1739980780726 7.916121143299383 187
1739980780856 7.499430229186748 188
1739980780975 7.677775479351187 189
1739980781091 7.627635483886128 190
1739980781206 6.304302276846566 191
1739980781326 6.453311131769149 192
1739980781443 6.80115355776978 193
1739980781562 6.21516279732999 194
1739980781678 7.552409117084262 195
1739980781842 5.327112650782236 196
1739980781963 6.938844131316689 197
1739980782080 8.530595213338621 198
1739980782298 8.0318189842626 199
1739980782420 8.042460495947902 200
1739980782537 12.069904245430196 201
1739980782654 6.534987643763331 202
1739980782771 6.864974885121329 203
1739980782900 2.976024168176411 204
1739980783016 5.350334763575572 205
1739980783134 7.623224508082758 206
1739980783255 20.094424304437904 207
1739980783374 10.219822033778144 208
1739980783487 5.556254074594691 209
1739980783602 5.613613018800079 210
1739980783721 8.239464001649527 211
1739980783840 7.416931623272118 212
1739980783959 8.11382686745198 213
1739980784080 6.947040683253793 214
1739980784200 5.559194610883872 215
1739980784464 7.876488712507455 216
1739980784606 5.505546615110646 217
1739980784739 11.407757162757843 218
1739980784877 4.373540936682785 219
1739980785009 7.023813506613676 220
1739980785146 8.637865686976864 221
1739980785304 5.883706822279014 222
1739980785438 5.545489521790997 223
1739980785557 5.296771886026364 224
1739980785677 7.2416892664884625 225
1739980785800 5.003236371738507 226
1739980785923 3.418774887157054 227
1739980786042 6.463348865623413 228
1739980786160 4.670694567654693 229
1739980786285 4.295354355804131 230
1739980786410 6.2321834237555915 231
1739980786528 8.907534735850062 232
1739980786646 6.280590904745274 233
1739980786764 6.184591667270392 234
1739980786881 7.302448720201813 235
1739980787002 3.5421756048299557 236
1739980787123 8.147157157762322 237
1739980787245 8.736069897558744 238
1739980787378 8.142925951818464 239
1739980787498 5.023913480602507 240
1739980787617 5.1981456214894335 241
1739980787741 6.372649691559728 242
