1739967672045 6.458347469008119 0
1739967672118 7.398419760486527 1
1739967672190 6.526358798470724 2
1739967672264 6.3201921510081265 3
1739967672336 6.4398633549181525 4
1739967672404 6.193463838744677 5
1739967672472 6.280008458660803 6
1739967672542 6.553189503200351 7
1739967672616 6.723051491896887 8
1739967672694 6.290742370426857 9
1739967672768 6.270041687270205 10
1739967672838 7.305258991974551 11
1739967672909 6.814655287807076 12
1739967672977 7.061871008205616 13
1739967673047 6.6209629128908585 14
1739967673115 6.835731249207394 15
1739967673184 6.547161994811332 16
1739967673261 6.474762585852305 17
1739967673337 6.232952864254255 18
1739967673404 6.719749202636166 19
1739967673521 6.299395792442169 20
1739967673598 5.816483553184256 21
1739967673667 6.524465397282816 22
1739967673735 6.725715463106016 23
1739967673803 6.823810334278078 24
1739967673872 6.378528319959086 25
1739967673939 6.531931891148703 26
