1740016115861 160.15177780665792 0
1740016115888 129.45792949850417 1
1740016115918 110.49407341396191 2
1740016115947 91.07709263924708 3
1740016115977 74.80852398317055 4
1740016116005 63.24960950656925 5
1740016116030 51.6911498824204 6
1740016116061 45.431309598367825 7
1740016116088 39.09656671997936 8
1740016116114 30.262093138777225 9
1740016116145 27.867241173101917 10
1740016116180 22.85756173404909 11
1740016116211 19.48838504462599 12
1740016116239 15.466671115537393 13
1740016116269 13.117297910451702 14
1740016116298 11.597644819849153 15
1740016116325 8.917280224225616 16
1740016116353 7.807741875433261 17
1740016116383 6.211333336550394 18
1740016116410 5.344666743895693 19
1740016116436 4.652970822118188 20
1740016116462 3.965818226195514 21
1740016116491 3.3727227658532715 22
1740016116519 3.018109320193438 23
1740016116545 2.723583664393229 24
1740016116577 2.0793122398775954 25
1740016116604 1.7346318005747599 26
1740016116631 1.7387857485900509 27
1740016116658 1.095780782412111 28
1740016116685 1.2583968187162338 29
1740016116711 1.1541857496071266 30
1740016116737 0.8623157946743659 31
1740016116769 0.6753970570111882 32
1740016116796 0.717860266395486 33
1740016116822 0.5304666905812607 34
1740016116853 0.5380201975153199 35
1740016116880 0.45985686852457075 36
1740016116911 0.3763428321482244 37
1740016116937 0.3726509411081488 38
1740016116965 0.36337383863577516 39
1740016116991 0.24936086943310395 40
1740016117021 0.21941008684205912 41
1740016117053 0.2679166857090702 42
1740016117083 0.29031532677060534 43
1740016117112 0.21720885135564 44
1740016117142 0.2569792996435632 45
1740016117175 0.1600198642241444 46
1740016117224 0.2437247506036261 47
1740016117252 0.15937281914945434 48
1740016117280 0.19377273891739696 49
1740016117307 0.16100861075754627 50
1740016117334 0.16627486709741568 51
1740016117367 0.14927510148716805 52
1740016117397 0.2037546842381929 53
1740016117424 0.17179394881083307 54
1740016117450 0.23483042580085053 55
1740016117480 0.17053649983816163 56
1740016117506 0.18414127912204606 57
1740016117532 0.1548596258347247 58
1740016117559 0.1550208994429716 59
1740016117586 0.1616008008124709 60
1740016117612 0.14721632683661892 61
1740016117639 0.1433265150256489 62
1740016117674 0.1312490633753005 63
1740016117701 0.21081598702211168 64
1740016117733 0.21313952639764824 65
1740016117761 0.09534406319805727 66
1740016117790 0.1323136721377988 67
1740016117816 0.1900579025582549 68
1740016117842 0.1327569398826783 69
1740016117914 0.13039144885979664 70
1740016117943 0.1096233011345433 71
1740016117969 0.127661026284508 72
1740016117997 0.11028004916868939 73
1740016118025 0.17729205962654768 74
1740016118051 0.17211352331608384 75
1740016118077 0.14300299544787035 76
1740016118107 0.12839320690472722 77
1740016118135 0.13633881135015888 78
1740016118162 0.14278918473028582 79
1740016118189 0.17091529106802186 80
1740016118217 0.20035582578003247 81
1740016118243 0.15959892894539077 82
1740016118270 0.16429997198747207 83
1740016118303 0.15955005603197284 84
1740016118329 0.17411201130837045 85
1740016118354 0.136840888694999 86
1740016118381 0.16069181520633063 87
1740016118409 0.12277345711383014 88
1740016118435 0.0952769685731425 89
1740016118460 0.19085670687926384 90
1740016118491 0.1741898061312647 91
1740016118518 0.11224381205641619 92
1740016118544 0.1805524135211682 93
1740016118573 0.15207828478987742 94
1740016118599 0.11331287091725613 95
1740016118626 0.14243723874774653 96
1740016118652 0.1351742548814959 97
1740016118680 0.1367765380862148 98
1740016118708 0.14819229214359933 99
1740016118734 0.11023325572981614 100
1740016118762 0.102435555613675 101
1740016118792 0.09489694075248291 102
1740016118818 0.1260157007901564 103
1740016118844 0.18372191073453822 104
1740016118873 0.12972795253801414 105
1740016118899 0.09847753077413605 106
1740016118925 0.21354942634777052 107
1740016118952 0.13083419852162623 108
1740016118981 0.1806419054007825 109
1740016119007 0.1427249687991364 110
1740016119032 0.12432881118337123 111
1740016119061 0.16451668919411136 112
1740016119090 0.12887435009157572 113
1740016119116 0.13343985630921348 114
1740016119145 0.16675975123901757 115
1740016119175 0.1255453991994868 116
1740016119202 0.15028382893398845 117
1740016119228 0.12701979823234158 118
1740016119257 0.10798863167978592 119
1740016119286 0.13903113537637762 120
1740016119314 0.11046878860158936 121
1740016119340 0.11824039570830928 122
1740016119367 0.12952074696276125 123
1740016119393 0.0915796657530491 124
1740016119419 0.13969991051872155 125
