1740016689499 59.62169857055763 0
1740016689602 30.326933752668168 1
1740016689710 14.709995980282903 2
1740016689822 6.105364713117514 3
1740016689931 3.7363314776700687 4
1740016690044 0.1994400004810065 5
1740016690150 0.45658043687779587 6
1740016690256 0.05982197102237208 7
1740016690359 0.725363795252873 8
1740016690465 0.17292797895209513 9
1740016690564 0.0019882641832539767 10
1740016690671 0.07706456310243771 11
1740016690826 0.005016422335236179 12
1740016690931 0.045335022250459614 13
1740016691036 0.08571385006593413 14
1740016691137 0.019405254151848916 15
1740016691247 0.037973839402396174 16
1740016691401 0.11744621121965765 17
1740016691506 0.22061132857247445 18
1740016691607 0.09875476156425807 19
1740016691710 0.09805603290788208 20
1740016691815 0.41148241679483066 21
1740016691916 0.004267255524982794 22
1740016692021 0.010146744100872155 23
1740016692126 0.0072113893027495254 24
1740016692234 0.09810528285102457 25
1740016692341 0.00813893464284759 26
1740016692450 0.9808524124390144 27
1740016692553 0.05800370074029538 28
1740016692657 0.15413358408326255 29
1740016692760 0.08574005583232579 30
1740016692862 0.028166051715392736 31
1740016692968 0.08701171871055058 32
1740016693075 0.001444678964362951 33
1740016693181 0.013656515650645224 34
1740016693286 0.0010102400254021783 35
1740016693391 0.007936799255548098 36
1740016693502 0.7998222023426841 37
1740016693609 0.2209599697534986 38
1740016693716 0.33046963689994857 39
1740016693818 0.029622051813623675 40
1740016693930 0.38251994735849515 41
1740016694037 0.02381981647594216 42
1740016694143 0.9444663691762496 43
1740016694247 0.6420429933486411 44
1740016694353 0.29478407065881634 45
1740016694457 0.014002913829921422 46
1740016694559 1.0060017185243746 47
1740016694667 0.022700189933172497 48
1740016694773 0.011208540003286235 49
1740016694872 0.21715976022224834 50
1740016694975 0.05445900008250871 51
1740016695076 0.044242936347418826 52
1740016695184 0.03543762743568801 53
1740016695290 0.16353381775960277 54
1740016695398 0.039633851031620586 55
1740016695501 0.24385349702054115 56
1740016695602 0.1702958238301167 57
1740016695706 0.031038377444415514 58
1740016695814 0.09829529138916519 59
1740016695922 0.027577510814963832 60
1740016696024 0.0430929590907821 61
1740016696123 8.341888260332692e-06 62
1740016696229 0.06652268716147193 63
1740016696334 0.00011552250220998486 64
1740016696441 0.03292203060557432 65
1740016696547 0.05007606527606517 66
1740016696649 0.09828453250444313 67
1740016696750 0.39984773576973437 68
1740016696852 0.13230793147181233 69
1740016696956 0.006649863220625917 70
1740016697072 0.039219067603352774 71
1740016697182 0.06437493996333617 72
1740016697284 0.16502299941032025 73
1740016697386 0.07955551184874969 74
1740016697495 0.4031689349824883 75
1740016697600 0.005720348320500401 76
1740016697703 0.0358660869302192 77
1740016697803 0.0008496932935266036 78
1740016697908 0.032855937330291546 79
1740016698020 0.05557725664792896 80
1740016698126 0.15262105187464117 81
1740016698230 0.17887973971568327 82
1740016698333 0.1963850685435719 83
1740016698433 0.0027336032759812307 84
1740016698534 0.013120065616537011 85
1740016698644 0.9602121550484125 86
1740016698749 0.28993882343479405 87
1740016698856 1.3249005822247505e-06 88
1740016698960 0.06656436105838462 89
1740016699061 0.14991839690801026 90
1740016699161 0.008080251517769848 91
1740016699260 4.407646332387897 92
1740016699360 0.4026888254968217 93
1740016699458 0.01701261014956295 94
1740016699554 0.031200887533752258 95
1740016699658 0.36802973026164626 96
1740016699757 0.0885050138257116 97
1740016699852 0.031537173900700696 98
1740016699947 0.19673814737276488 99
1740016700055 0.4276978220875607 100
1740016700155 0.0012726928524706815 101
1740016700249 0.8016844203342632 102
1740016700344 0.020799523583210286 103
1740016700439 0.0008181461111368667 104
1740016700532 0.08643984772450289 105
1740016700625 0.22999510801415332 106
1740016700721 0.002904235915153208 107
1740016700814 0.03385208942851657 108
1740016700908 0.8027272112573891 109
1740016701002 0.0041994156885308475 110
1740016701098 0.32117306626654946 111
1740016701195 0.001874408269971643 112
1740016701350 0.8486638253572422 113
1740016701446 0.9748870113981135 114
1740016701539 0.02319486438200368 115
1740016701641 0.004940209732971426 116
1740016701739 0.9426073059360868 117
1740016701832 0.40240578954047856 118
1740016701927 0.14176324607534468 119
1740016702030 0.3351529335368083 120
1740016702121 0.009969216694164715 121
1740016702217 0.01372551861666539 122
1740016702309 0.11296180327619432 123
1740016702404 0.21417073663906092 124
1740016702499 0.20849792701198286 125
1740016702593 0.2627869720268812 126
1740016702686 0.4109344280957381 127
1740016702816 0.5760778566424746 128
1740016702958 0.18735616682491377 129
1740016703072 0.012616442997804043 130
1740016703166 0.03853690604241337 131
1740016703264 0.3815268492785393 132
1740016703362 0.04758912278300134 133
1740016703468 0.016441877668488748 134
1740016703572 0.06574068892599662 135
1740016703671 0.06607696963872231 136
1740016703775 0.3467152085016668 137
1740016703884 0.0358576766001897 138
1740016703981 0.012911047284073792 139
1740016704082 0.06082363494794595 140
1740016704183 0.021575141602485137 141
1740016704284 0.038671889894241945 142
1740016704383 0.11663994732898254 143
1740016704478 0.5772672661264211 144
1740016704577 0.29841206783909985 145
1740016704677 0.1861258363003162 146
1740016704772 0.1689983221244983 147
1740016704871 0.03690536975344389 148
1740016704971 1.3437080693663783e-07 149
1740016705071 0.30918027283495886 150
1740016705167 0.049259281517961766 151
1740016705316 0.017426904893470044 152
1740016705418 1.6263566967038134e-05 153
1740016705516 0.301363348031207 154
1740016705612 0.0028986946215715215 155
1740016705715 0.431637790562879 156
1740016705812 0.07797002448554209 157
1740016705909 0.055414466065032905 158
1740016706010 0.8040429004317758 159
1740016706115 0.4010775959637612 160
1740016706210 0.2969496572886578 161
1740016706356 0.20147505215718373 162
1740016706458 0.030716140050389473 163
1740016706555 0.020376658928190253 164
1740016706651 0.8783227329735563 165
1740016706753 0.20953283120831936 166
1740016706850 1.0346584356576687 167
1740016706947 0.05659210300159601 168
1740016707044 0.003630210549459863 169
1740016707144 0.9816297972847638 170
1740016707245 0.2417245304179567 171
1740016707340 0.0604580756421743 172
1740016707437 0.22737623631847612 173
1740016707539 0.019199626461561987 174
1740016707636 0.04999166468783952 175
1740016707732 0.015223471042156968 176
1740016707829 0.38599532915613405 177
1740016707932 9.776584247859365e-05 178
1740016708029 0.4986512942426653 179
1740016708130 0.8012915423411504 180
1740016708232 0.8009984124437661 181
1740016708331 0.12734418245772203 182
1740016708432 0.03105618938486827 183
1740016708528 0.08823120060537466 184
1740016708627 0.0041327658895600125 185
1740016708731 0.06408728130927725 186
1740016708830 0.6182840138430052 187
1740016708925 0.2489609079155031 188
1740016709028 0.3849030592318643 189
1740016709128 0.002761133536420333 190
1740016709227 4.182760050985571e-05 191
1740016709323 0.108968254821384 192
1740016709420 0.1440814627476523 193
1740016709522 0.025438498482795713 194
1740016709617 0.008218966545130782 195
1740016709715 0.005779056811515759 196
1740016709814 0.014283060943316607 197
1740016709915 0.020948695839741474 198
1740016710014 0.1411251117231927 199
1740016710120 0.07970989062595155 200
1740016710230 0.05593883113962464 201
1740016710329 0.037963853794996755 202
1740016710425 1.8362098573616539 203
1740016710523 0.024846634000940605 204
1740016710623 0.184276263014488 205
1740016710718 0.339275081565913 206
1740016710814 0.017561560604869877 207
1740016710922 0.010349747705608037 208
1740016711038 0.24061339799616016 209
1740016711153 0.04925086451568493 210
1740016711266 0.36774074469497864 211
1740016711368 0.03961674417093355 212
1740016711464 0.02392417633224839 213
1740016711562 0.09395098890604575 214
1740016711662 0.03242948880578291 215
1740016711758 0.0013518407325804184 216
1740016711858 0.052720964724488534 217
1740016711958 0.06664341588857121 218
1740016712057 0.12940656046560967 219
1740016712153 0.18519802579386782 220
1740016712258 4.799907612813038e-05 221
1740016712359 0.02934300001716359 222
1740016712454 0.0007982944688336504 223
1740016712554 0.37514918180785717 224
1740016712653 0.07829755190379642 225
1740016712748 0.02357261383875596 226
1740016712844 0.16883909857457544 227
1740016712942 0.05491170013338415 228
1740016713044 0.16756392698026593 229
1740016713140 0.1998189913473545 230
1740016713238 0.025257953296619628 231
1740016713339 0.014990094557776792 232
1740016713437 0.028695143134802373 233
1740016713533 0.030728460608018003 234
1740016713635 0.0005111569855421657 235
1740016713732 0.6901765145927772 236
1740016713830 0.014156367764416911 237
1740016713929 0.0002668039105452083 238
1740016714024 0.08054258489482898 239
1740016714121 0.019872147547292083 240
1740016714227 0.015159569838937069 241
1740016714326 0.05817692124414227 242
1740016714428 0.0519225333690718 243
1740016714523 0.2579714481899624 244
1740016714619 0.010391908535830718 245
1740016714719 0.00015649601014622165 246
1740016714819 0.1955616453236913 247
1740016714915 0.09911405443463152 248
1740016715014 0.009017549716211147 249
1740016715116 0.05041901713838279 250
1740016715215 0.08350367193387476 251
1740016715313 0.07010765021987195 252
1740016715414 0.07140929390850596 253
1740016715511 0.02095324843666861 254
1740016715609 0.00021913233693930586 255
1740016715711 0.015922544333804908 256
1740016715806 0.028733930424807073 257
1740016715901 0.02082633482080865 258
1740016715999 0.0195171841267461 259
1740016716099 0.20522226483680223 260
1740016716196 0.3389747278991705 261
1740016716298 0.3027635346172088 262
1740016716393 0.010067302953648214 263
1740016716491 0.20295635054915073 264
1740016716591 0.0015918835786171413 265
1740016716685 0.13142176879336478 266
1740016716783 0.010022521428221364 267
1740016716884 0.04494240078825443 268
1740016716984 0.0012135564470670177 269
1740016717090 0.031173669632505875 270
1740016717192 0.0007941138664370824 271
1740016717295 0.3205196297707514 272
1740016717400 0.09926473530917103 273
1740016717503 0.0033079967188142942 274
1740016717601 0.4597975457140749 275
1740016717698 0.0522090966980683 276
1740016717798 0.005341446809934869 277
1740016717900 2.260863958126076e-05 278
1740016718000 0.9772231953998534 279
1740016718098 0.8078058061168196 280
1740016718205 0.06970612489708007 281
1740016718379 0.11709582238285188 282
1740016718478 0.08962253404737039 283
1740016718578 0.00930891778516664 284
1740016718679 0.010477477158625691 285
1740016718780 0.03252253151455006 286
1740016718877 0.020534228580506325 287
1740016718978 0.26037886991760945 288
1740016719086 0.0049645577336300765 289
1740016719187 0.19277127696047613 290
1740016719287 0.03898834529131148 291
1740016719385 0.06901901976810951 292
1740016719490 0.36790113098453836 293
1740016719594 0.16046116053910028 294
1740016719700 0.03591854901511103 295
1740016719802 0.1766210353084437 296
1740016719901 0.14026632249172424 297
1740016720002 0.3274341051333225 298
1740016720104 0.0217314631258874 299
1740016720214 0.015076462857013919 300
1740016720328 0.08940160633148614 301
1740016720431 0.31381545184841325 302
1740016720531 0.18517404695182563 303
1740016720627 0.0032128541292530733 304
1740016720726 0.15647415874874038 305
1740016720824 0.105731249355066 306
1740016720928 0.32183119995161935 307
1740016721033 0.0010990140627158216 308
1740016721134 0.024020293647538934 309
1740016721239 0.00045784022995346214 310
1740016721337 0.29137743189450366 311
1740016721442 0.15213593127324032 312
1740016721543 0.00043579753548952856 313
1740016721640 0.020504539792243995 314
1740016721799 0.00661563540256785 315
1740016721899 0.0003750178715523828 316
1740016721997 0.037464338430695306 317
1740016722093 0.00924244482371334 318
1740016722198 0.04190260207703708 319
1740016722299 0.0013650823417491373 320
1740016722399 0.12094470944819487 321
1740016722500 0.004960682588654919 322
1740016722598 0.01789778938177449 323
1740016722699 0.026473673223518138 324
1740016722839 0.09196530200432808 325
1740016722941 0.4125673519157291 326
1740016723041 0.010153566064317797 327
1740016723136 0.652364570073803 328
1740016723237 0.02464747647142275 329
1740016723333 0.6432639323246575 330
1740016723435 0.06887473911988376 331
1740016723537 0.0008725483775551007 332
1740016723637 0.0021595243279706683 333
1740016723735 0.42610381512085194 334
1740016723833 0.09939243124721717 335
1740016723933 0.09607760025441194 336
1740016724039 0.007566696954656716 337
1740016724136 0.24966405665842978 338
1740016724235 0.03428092048878979 339
1740016724334 0.03648416824867846 340
1740016724441 0.0005026030875739539 341
1740016724543 0.5097504355164907 342
1740016724643 0.03911403828959254 343
1740016724746 0.18027032378835 344
1740016724852 0.20773913234644809 345
1740016724951 0.0008931758467488875 346
1740016725048 0.013411116125848154 347
1740016725145 0.001084131080938245 348
1740016725252 0.3481772300683107 349
1740016725354 0.0204735294669576 350
1740016725452 0.1721373114961494 351
1740016725551 0.0774083745724165 352
1740016725655 0.8750094707097451 353
1740016725754 0.07513128249247511 354
1740016725851 7.848931926329812e-05 355
1740016725954 0.2270157403117879 356
1740016726057 0.10998334959839316 357
1740016726157 0.2287687081247203 358
1740016726263 0.2370381777812534 359
1740016726359 0.024675560465813696 360
1740016726460 0.8147099479355948 361
1740016726588 0.31620570584041846 362
1740016726693 0.9634280115421291 363
1740016726796 0.03282101016279386 364
1740016726894 0.3467917507725448 365
1740016726993 0.020353191301523608 366
1740016727091 0.3939791961014329 367
1740016727195 0.1144327639110919 368
1740016727293 0.1180345543378584 369
1740016727389 0.006228768163441939 370
1740016727487 0.0072186204066693625 371
1740016727586 0.07947377114365063 372
1740016727690 0.0019083603958574206 373
1740016727792 0.07278913960728821 374
1740016727888 0.006266308307727253 375
1740016727986 0.18734233746206297 376
1740016728091 0.09614362388015905 377
1740016728196 0.07796120513066121 378
1740016728296 0.41281936472850905 379
1740016728396 0.029620428124085368 380
1740016728499 0.3826539464625682 381
1740016728607 0.06379529376571784 382
1740016728712 0.04243809902097786 383
1740016728811 0.013429408806137645 384
1740016728908 0.026255764733659617 385
1740016729009 0.010882576433639449 386
1740016729112 0.06812979684477828 387
1740016729213 0.2060331808966035 388
1740016729313 0.03562996412989429 389
1740016729419 0.17413100641868523 390
1740016729524 0.06363441295820133 391
1740016729627 0.052911017051225855 392
1740016729725 0.2907905343331504 393
1740016729826 0.001306015627454761 394
1740016729928 0.0003473963313276027 395
1740016730032 0.0025912564390729487 396
1740016730132 0.19380130298592282 397
1740016730235 0.39604723536388625 398
1740016730342 0.0002943354392664462 399
1740016730444 0.10996732644753364 400
1740016730547 0.3318653587334971 401
1740016730650 0.20519169836758483 402
1740016730750 0.08656982494156826 403
1740016730852 0.5645684093198235 404
1740016730956 0.008497611494809673 405
1740016731057 0.978671749450817 406
1740016731158 0.035692460643710074 407
1740016731260 0.022736190710845882 408
1740016731362 0.06223242397285856 409
1740016731461 0.24663440182099178 410
1740016731562 0.0640683997983877 411
