1740011988230 168.996543037322 0
1740011988256 168.65871187721822 1
1740011988279 168.32162408589227 2
1740011988306 167.98527795985964 3
1740011988329 167.6496717996287 4
1740011988353 167.3148039096911 5
1740011988384 166.98067259851246 6
1740011988412 166.64727617852287 7
1740011988436 166.3146129661075 8
1740011988461 165.98268128159717 9
1740011988483 165.65147944925906 10
1740011988507 165.32100579728734 11
1740011988531 164.99125865779382 12
1740011988558 164.66223636679877 13
1740011988582 164.33393726422145 14
1740011988607 164.0063596938712 15
1740011988632 163.67950200343776 16
1740011988656 163.35336254448242 17
1740011988679 163.02793967242877 18
1740011988704 162.70323174655334 19
1740011988731 162.37923712997681 20
1740011988754 162.05595418965459 21
1740011988777 161.73338129636775 22
1740011988800 161.41151682471414 23
1740011988825 161.09035915309929 24
1740011988848 160.76990666372714 25
1740011988871 160.4501577425913 26
1740011988893 160.13111077946604 27
1740011988917 159.81276416789714 28
1740011988940 159.49511630519308 29
1740011988963 159.17816559241615 30
1740011988986 158.8619104343735 31
1740011989009 158.54634923960816 32
1740011989032 158.2314804203904 33
1740011989056 157.9173023927087 34
1740011989078 157.60381357626102 35
1740011989104 157.29101239444597 36
1740011989128 156.9788972743541 37
1740011989152 156.6674666467591 38
1740011989174 156.35671894610894 39
1740011989197 156.0466526105174 40
1740011989222 155.73726608175534 41
1740011989247 155.42855780524172 42
1740011989271 155.12052623003535 43
1740011989294 154.81316980882616 44
1740011989319 154.5064869979263 45
1740011989343 154.2004762572619 46
1740011989366 153.8951360503644 47
1740011989389 153.59046484436206 48
1740011989412 153.2864611099711 49
1740011989436 152.98312332148765 50
1740011989463 152.680449956779 51
1740011989485 152.37843949727525 52
1740011989510 152.07709042796074 53
1740011989538 151.7764012373657 54
1740011989563 151.47637041755792 55
1740011989585 151.17699646413413 56
1740011989608 150.878277876212 57
1740011989635 150.58021315642142 58
1740011989661 150.28280081089633 59
1740011989683 149.9860393492666 60
1740011989707 149.68992728464934 61
1740011989731 149.394463133641 62
1740011989757 149.099645416309 63
1740011989779 148.80547265618338 64
1740011989803 148.51194338024874 65
1740011989826 148.21905611893612 66
1740011989854 147.92680940611461 67
1740011989879 147.63520177908333 68
1740011989902 147.34423177856328 69
1740011989925 147.05389794868933 70
1740011989948 146.76419883700197 71
1740011989971 146.47513299443926 72
1740011989994 146.18669897532894 73
1740011990016 145.89889533738022 74
1740011990039 145.6117206416758 75
1740011990063 145.3251734526639 76
1740011990088 145.03925233815045 77
1740011990115 144.75395586929082 78
1740011990166 144.46928262058205 79
1740011990196 144.18523116985497 80
1740011990220 143.90180009826625 81
1740011990243 143.6189879902905 82
1740011990266 143.33679343371236 83
1740011990292 143.05521501961888 84
1740011990357 142.7742513423915 85
1740011990382 142.49390099969816 86
1740011990406 142.21416259248576 87
1740011990430 141.93503472497227 88
1740011990453 141.65651600463895 89
1740011990476 141.37860504222263 90
1740011990501 141.1013004517081 91
1740011990524 140.82460085032028 92
1740011990548 140.54850485851657 93
1740011990572 140.27301109997924 94
1740011990595 139.99811820160787 95
1740011990620 139.72382479351145 96
1740011990648 139.4501295090011 97
1740011990670 139.17703098458225 98
1740011990693 138.9045278599473 99
1740011990718 138.63261877796782 100
1740011990744 138.36130238468712 101
1740011990767 138.09057732931282 102
1740011990790 137.82044226420925 103
1740011990813 137.5508958448901 104
1740011990836 137.28193673001076 105
1740011990861 137.01356358136098 106
1740011990883 136.74577506385762 107
1740011990906 136.47856984553692 108
1740011990929 136.21194659754732 109
1740011990953 135.94590399414204 110
1740011990976 135.68044071267184 111
1740011990999 135.41555543357734 112
1740011991021 135.15124684038213 113
1740011991045 134.88751361968528 114
1740011991068 134.62435446115393 115
1740011991093 134.3617680575162 116
1740011991116 134.09975310455394 117
1740011991145 133.83830830109542 118
1740011991169 133.57743234900806 119
1740011991191 133.31712395319147 120
1740011991215 133.05738182157 121
1740011991240 132.7982046650858 122
1740011991264 132.5395911976914 123
1740011991287 132.2815401363429 124
1740011991310 132.0240502009927 125
1740011991334 131.76712011458238 126
1740011991358 131.5107486030356 127
1740011991380 131.25493439525127 128
1740011991404 130.99967622309617 129
1740011991427 130.74497282139814 130
1740011991453 130.49082292793904 131
1740011991475 130.23722528344769 132
1740011991498 129.98417863159307 133
1740011991522 129.73168171897697 134
1740011991552 129.47973329512763 135
1740011991576 129.2283321124922 136
1740011991599 128.97747692643026 137
1740011991622 128.7271664952068 138
1740011991648 128.4773995799853 139
1740011991671 128.2281749448208 140
1740011991693 127.97949135665333 141
1740011991717 127.73134758530074 142
1740011991742 127.48374240345211 143
1740011991766 127.23667458666095 144
1740011991789 126.99014291333827 145
1740011991812 126.74414616474598 146
1740011991835 126.49868312499002 147
1740011991859 126.25375258101373 148
1740011991886 126.0093533225911 149
1740011991911 125.76548414231995 150
1740011991933 125.52214383561548 151
1740011991959 125.27933120070341 152
1740011991983 125.03704503861343 153
1740011992006 124.79528415317252 154
1740011992028 124.55404735099826 155
1740011992054 124.31333344149247 156
1740011992078 124.07314123683432 157
1740011992106 123.83346955197396 158
1740011992129 123.59431720462591 159
1740011992154 123.3556830152624 160
1740011992178 123.11756580710714 161
1740011992201 122.87996440612845 162
1740011992223 122.64287764103298 163
1740011992246 122.40630434325931 164
1740011992270 122.17024334697118 165
1740011992293 121.93469348905136 166
1740011992316 121.69965360909501 167
1740011992338 121.46512254940338 168
1740011992363 121.23109915497736 169
1740011992385 120.99758227351107 170
1740011992408 120.76457075538556 171
1740011992431 120.53206345366239 172
1740011992455 120.3000592240773 173
1740011992478 120.06855692503383 174
1740011992501 119.8375554175972 175
1740011992523 119.60705356548782 176
1740011992547 119.37705023507507 177
1740011992573 119.147544295371 178
1740011992597 118.91853461802425 179
1740011992621 118.6900200773135 180
1740011992643 118.46199955014153 181
1740011992672 118.23447191602891 182
1740011992694 118.0074360571078 183
1740011992718 117.78089085811585 184
1740011992740 117.55483520638977 185
1740011992766 117.3292679918596 186
1740011992789 117.10418810704229 187
1740011992812 116.8795944470356 188
1740011992836 116.65548590951211 189
1740011992862 116.43186139471302 190
1740011992885 116.20871980544219 191
1740011992908 115.98606004705995 192
1740011992930 115.76388102747715 193
1740011992954 115.54218165714909 194
1740011992979 115.32096084906951 195
1740011993001 115.10021751876457 196
1740011993023 114.87995058428693 197
1740011993047 114.66015896620966 198
1740011993074 114.44084158762043 199
1740011993100 114.22199737411536 200
1740011993123 114.00362525379332 201
1740011993151 113.78572415724983 202
1740011993181 113.56829301757125 203
1740011993208 113.35133077032889 204
1740011993232 113.13483635357309 205
1740011993256 112.91880870782737 206
1740011993280 112.70324677608262 207
1740011993305 112.48814950379123 208
1740011993328 112.2735158388613 209
1740011993351 112.05934473165078 210
1740011993376 111.84563513496173 211
1740011993402 111.63238600403456 212
1740011993425 111.41959629654221 213
1740011993448 111.20726497258437 214
1740011993471 110.9953909946819 215
1740011993498 110.78397332777092 216
1740011993522 110.57301093919722 217
1740011993545 110.36250279871052 218
1740011993568 110.15244787845882 219
1740011993593 109.94284515298266 220
1740011993619 109.73369359920953 221
1740011993642 109.52499219644822 222
1740011993666 109.31673992638324 223
1740011993690 109.108935773069 224
1740011993714 108.90157872292453 225
1740011993736 108.69466776472757 226
1740011993759 108.48820188960926 227
1740011993783 108.28218009104839 228
1740011993810 108.07660136486592 229
1740011993832 107.87146470921951 230
1740011993856 107.66676912459788 231
1740011993879 107.46251361381543 232
1740011993910 107.25869718200654 233
1740011993937 107.05531883662037 234
1740011993961 106.85237758741516 235
1740011993984 106.64987244645287 236
1740011994008 106.44780242809371 237
1740011994031 106.24616654899076 238
1740011994054 106.04496382808448 239
1740011994077 105.84419328659733 240
1740011994103 105.64385394802844 241
1740011994125 105.44394483814813 242
1740011994148 105.24446498499259 243
1740011994171 105.04541341885859 244
1740011994194 104.84678917229797 245
1740011994218 104.64859128011257 246
1740011994241 104.45081877934865 247
1740011994266 104.25347070929173 248
1740011994288 104.0565461114613 249
1740011994317 103.86004402960552 250
1740011994339 103.66396350969589 251
1740011994363 103.46830359992215 252
1740011994385 103.2730633506869 253
1740011994410 103.0782418146004 254
1740011994433 102.88383804647543 255
1740011994457 102.68985110332204 256
1740011994480 102.49628004434231 257
1740011994503 102.30312393092528 258
1740011994526 102.11038182664164 259
1740011994549 101.91805279723876 260
1740011994572 101.7261359106354 261
1740011994595 101.53463023691664 262
1740011994620 101.34353484832872 263
1740011994643 101.15284881927404 264
1740011994668 100.96257122630598 265
1740011994690 100.77270114812384 266
1740011994719 100.58323766556775 267
1740011994742 100.39417986161365 268
1740011994765 100.2055268213683 269
1740011994787 100.01727763206404 270
1740011994813 99.82943138305409 271
1740011994836 99.64198716580722 272
1740011994861 99.45494407390302 273
1740011994883 99.26830120302671 274
1740011994907 99.08205765096429 275
1740011994930 98.89621251759756 276
1740011994953 98.71076490489915 277
1740011994975 98.52571391692756 278
1740011994999 98.34105865982231 279
1740011995022 98.156798241799 280
1740011995045 97.97293177314431 281
1740011995068 97.7894583662113 282
1740011995093 97.60637713541438 283
1740011995120 97.42368719722442 284
1740011995143 97.24138767016412 285
1740011995166 97.05947767480285 286
1740011995189 96.87795633375211 287
1740011995215 96.69682277166049 288
1740011995239 96.51607611520903 289
1740011995263 96.33571549310626 290
1740011995285 96.15574003608359 291
1740011995310 95.97614887689038 292
1740011995335 95.79694115028924 293
1740011995358 95.61811599305133 294
1740011995381 95.43967254395156 295
1740011995404 95.26160994376383 296
1740011995430 95.08392733525638 297
1740011995453 94.90662386318711 298
1740011995475 94.7296986742987 299
1740011995498 94.55315091731418 300
1740011995521 94.37697974293211 301
1740011995544 94.20118430382189 302
1740011995567 94.02576375461923 303
1740011995589 93.8507172519214 304
1740011995613 93.67604395428265 305
1740011995636 93.50174302220961 306
1740011995660 93.32781361815663 307
1740011995683 93.15425490652126 308
1740011995710 92.98106605363952 309
1740011995735 92.80824622778157 310
1740011995758 92.63579459914685 311
1740011995780 92.46371033985983 312
1740011995803 92.2919926239652 313
1740011995830 92.12064062742353 314
1740011995854 91.94965352810665 315
1740011995877 91.77903050579319 316
1740011995900 91.60877074216401 317
1740011995925 91.43887342079783 318
1740011995951 91.26933772716669 319
1740011995978 91.10016284863141 320
1740011996001 90.9313479744373 321
1740011996024 90.76289229570952 322
1740011996047 90.59479500544886 323
1740011996070 90.4270552985271 324
1740011996095 90.25967237168277 325
1740011996119 90.09264542351669 326
1740011996146 89.92597365448748 327
1740011996168 89.75965626690734 328
1740011996191 89.59369246493759 329
1740011996214 89.42808145458429 330
1740011996241 89.26282244369396 331
1740011996264 89.09791464194922 332
1740011996287 88.93335726086435 333
1740011996312 88.76914951378116 334
1740011996335 88.60529061586452 335
1740011996359 88.44177978409815 336
1740011996382 88.2786162372803 337
1740011996405 88.11579919601951 338
1740011996429 87.95332788273024 339
1740011996452 87.79120152162871 340
1740011996474 87.62941933872865 341
1740011996497 87.46798056183701 342
1740011996520 87.30688442054974 343
1740011996543 87.14613014624764 344
1740011996566 86.985716972092 345
1740011996589 86.82564413302066 346
1740011996612 86.66591086574348 347
1740011996638 86.5065164087385 348
1740011996661 86.34746000224753 349
1740011996685 86.1887408882721 350
1740011996710 86.03035831056933 351
1740011996738 85.87231151464768 352
1740011996769 85.71459974776299 353
1740011996792 85.5572222589142 354
1740011996814 85.40017829883928 355
1740011996838 85.24346712001126 356
1740011996863 85.087087976634 357
1740011996886 84.93104012463807 358
1740011996910 84.7753228216769 359
1740011996933 84.61993532712245 360
1740011996958 84.46487690206139 361
1740011996980 84.31014680929088 362
1740011997002 84.1557443133147 363
1740011997025 84.00166868033908 364
1740011997049 83.84791917826878 365
1740011997072 83.69449507670308 366
1740011997099 83.5413956469317 367
1740011997122 83.38862016193099 368
1740011997149 83.23616789635979 369
1740011997174 83.08403812655553 370
1740011997197 82.93223013053024 371
1740011997222 82.78074318796673 372
1740011997249 82.62957658021446 373
1740011997275 82.47872959028581 374
1740011997298 82.32820150285195 375
1740011997321 82.17799160423914 376
1740011997344 82.02809918242471 377
1740011997368 81.87852352703318 378
1740011997391 81.72926392933243 379
1740011997414 81.58031968222976 380
1740011997437 81.4316900802681 381
1740011997461 81.2833744196221 382
1740011997484 81.13537199809433 383
1740011997506 80.98768211511138 384
1740011997528 80.84030407172013 385
1740011997553 80.69323717058383 386
1740011997575 80.54648071597838 387
1740011997599 80.4000340137885 388
1740011997622 80.2538963715039 389
1740011997647 80.10806709821561 390
1740011997672 79.96254550461204 391
1740011997695 79.81733090297534 392
1740011997719 79.6724226071777 393
1740011997741 79.52781993267743 394
1740011997770 79.38352219651534 395
1740011997795 79.23952871731106 396
1740011997818 79.09583881525914 397
1740011997841 78.9524518121256 398
1740011997866 78.80936703124395 399
1740011997889 78.6665837975117 400
1740011997912 78.52410143738665 401
1740011997935 78.3819192788831 402
1740011997959 78.2400366515683 403
1740011997983 78.0984528865588 404
1740011998011 77.95716731651672 405
1740011998034 77.81617927564609 406
1740011998059 77.67548809968943 407
1740011998086 77.53509312592385 408
1740011998111 77.39499369315763 409
1740011998134 77.25518914172655 410
1740011998157 77.11567881349025 411
1740011998183 76.97646205182875 412
1740011998206 76.83753820163878 413
1740011998229 76.69890660933025 414
1740011998252 76.56056662282268 415
1740011998275 76.42251759154163 416
1740011998298 76.28475886641523 417
1740011998321 76.14728979987045 418
1740011998343 76.01010974582987 419
1740011998367 75.8732180597079 420
1740011998391 75.73661409840736 421
1740011998414 75.60029722031605 422
1740011998437 75.46426678530311 423
1740011998461 75.32852215471567 424
1740011998485 75.1930626913753 425
1740011998509 75.05788775957456 426
1740011998533 74.92299672507347 427
1740011998556 74.78838895509624 428
1740011998584 74.65406381832759 429
1740011998607 74.52002068490947 430
1740011998630 74.38625892643762 431
1740011998654 74.25277791595806 432
1740011998679 74.1195770279638 433
1740011998703 73.98665563839134 434
1740011998726 73.85401312461727 435
1740011998748 73.72164886545498 436
1740011998772 73.58956224115117 437
1740011998795 73.45775263338255 438
1740011998819 73.32621942525248 439
1740011998843 73.19496200128751 440
1740011998867 73.06397974743416 441
1740011998891 72.93327205105554 442
1740011998914 72.80283830092796 443
1740011998937 72.6726778872377 444
1740011998959 72.54279020157756 445
1740011998985 72.41317463694378 446
1740011999008 72.28383058773244 447
1740011999030 72.15475744973644 448
1740011999053 72.02595462014202 449
1740011999080 71.89742149752558 450
1740011999107 71.76915748185048 451
1740011999129 71.64116197446354 452
1740011999154 71.51343437809201 453
1740011999178 71.3859740968403 454
1740011999201 71.25878053618662 455
1740011999224 71.13185310297985 456
1740011999246 71.00519120543626 457
1740011999270 70.87879425313636 458
1740011999294 70.75266165702163 459
1740011999317 70.6267928293914 460
1740011999339 70.5011871838995 461
1740011999362 70.37584413555126 462
1740011999386 70.25076310070023 463
1740011999410 70.12594349704503 464
1740011999433 70.00138474362619 465
1740011999457 69.87708626082296 466
1740011999482 69.75304747035027 467
1740011999507 69.62926779525543 468
1740011999529 69.50574665991518 469
1740011999553 69.38248349003237 470
1740011999577 69.259477712633 471
1740011999603 69.13672875606306 472
1740011999626 69.01423604998541 473
1740011999649 68.89199902537666 474
1740011999672 68.77001711452417 475
1740011999697 68.64828975102286 476
1740011999721 68.52681636977225 477
1740011999743 68.40559640697329 478
1740011999766 68.28462930012542 479
1740011999789 68.16391448802331 480
1740011999812 68.0434514107541 481
1740011999834 67.92323950969413 482
1740011999859 67.80327822750601 483
1740011999885 67.68356700813564 484
1740011999910 67.56410529680903 485
1740011999933 67.44489254002949 486
1740011999956 67.32592818557451 487
1740011999980 67.20721168249281 488
1740012000007 67.0887424811013 489
1740012000032 66.9705200329822 490
1740012000060 66.85254379097991 491
1740012000082 66.73481320919826 492
1740012000107 66.61732774299735 493
1740012000129 66.50008684899068 494
1740012000153 66.38308998504225 495
1740012000175 66.26633661026356 496
1740012000200 66.14982618501071 497
1740012000222 66.03355817088142 498
1740012000245 65.91753203071221 499
