1739980787957 8.52145738506513 0
1739980788081 7.4785858973653285 1
1739980788197 7.266874094358582 2
1739980788318 7.471907433445231 3
1739980788443 6.564694243739076 4
1739980788560 11.086566706781182 5
1739980788676 7.264396855428264 6
1739980788793 7.407165813860804 7
1739980788911 4.5658844657882955 8
1739980789078 6.045868559373077 9
1739980789200 5.5369845715735755 10
1739980789320 10.033073476978473 11
1739980789443 8.351037434617913 12
1739980789567 7.806237716986585 13
1739980789686 8.862677516497222 14
1739980789802 4.64325358857594 15
1739980789919 6.337620324201151 16
1739980790037 6.050005807539404 17
1739980790161 5.726528081292845 18
1739980790295 9.374780168251576 19
1739980790424 6.890743443194011 20
1739980790587 6.949576032327924 21
1739980790707 6.263946096989504 22
1739980790829 4.543877889840335 23
1739980790955 6.37185421893966 24
1739980791080 12.970536723182525 25
1739980791291 8.08017703867196 26
1739980791419 5.589145844763229 27
1739980791542 7.741641578594452 28
1739980791668 5.449131751640928 29
1739980791784 5.784949718854622 30
1739980791903 7.092348606032564 31
1739980792032 7.247129219884559 32
1739980792156 7.554768740246237 33
1739980792279 13.9920350061547 34
1739980792403 7.3404493728615 35
1739980792535 4.032150774683042 36
1739980792651 6.343502969963965 37
1739980792776 7.033850027060351 38
1739980792896 8.76262083161131 39
1739980793014 5.769650239355862 40
1739980793132 4.382065759309998 41
1739980793253 8.854588149092898 42
1739980793375 7.429349122278651 43
1739980793495 6.069152479998329 44
1739980793613 7.441510508418845 45
1739980793730 5.7691477962469175 46
1739980793857 8.045871804897125 47
1739980793982 8.369355746826503 48
1739980794110 7.425872967674655 49
1739980794229 5.642057921444403 50
1739980794357 5.886461870935017 51
1739980794482 11.33336258215654 52
1739980794613 9.333143713878334 53
1739980794745 5.000324512070079 54
1739980794873 4.786456049659374 55
1739980795001 6.513566610721358 56
1739980795127 4.37716756041353 57
1739980795257 6.155360318422601 58
1739980795387 6.765214248825702 59
1739980795508 6.063638598864781 60
1739980795627 4.246790216176618 61
1739980795748 7.326673039806577 62
1739980795872 9.30635104679409 63
1739980795993 6.534150497130884 64
1739980796118 7.0682704177337685 65
1739980796239 7.899962942693085 66
1739980796359 4.487911854645978 67
1739980796475 6.911472322520775 68
1739980796600 6.2126247907665615 69
1739980796717 6.712981785077596 70
1739980796834 6.009534645977508 71
1739980796955 6.165857197987337 72
1739980797075 7.630913873332346 73
1739980797194 7.594954998326747 74
1739980797316 5.226177543541471 75
1739980797435 8.347866258662023 76
1739980797556 13.64813837651484 77
1739980797677 7.831568654097999 78
1739980797796 7.617663255369776 79
1739980797915 7.014687753521118 80
1739980798036 5.7246136548894775 81
1739980798158 6.887277893284026 82
1739980798285 7.166965231849155 83
1739980798414 8.047992608942025 84
1739980798633 6.347819958334772 85
1739980798873 5.086601029937693 86
1739980799006 5.937305617341515 87
1739980799129 7.245522435682161 88
1739980799248 8.708420535448779 89
1739980799368 3.1099945784913055 90
1739980799495 6.389203120503717 91
1739980799614 6.060196426445048 92
1739980799735 12.37573135958102 93
1739980799857 12.162014712326158 94
1739980799977 4.6633404525267474 95
1739980800107 6.450157666946913 96
1739980800226 8.193049882164216 97
1739980800350 7.3966421776607705 98
1739980800471 7.414983332971733 99
1739980800592 6.983210346801783 100
1739980800721 8.005864407791817 101
1739980800953 6.873385858961523 102
1739980801093 7.856564570952823 103
1739980801215 7.599841972818722 104
1739980801333 3.942289075745135 105
1739980801450 5.368703682836018 106
1739980801570 6.58919264588291 107
1739980801687 7.815707129855061 108
1739980801813 5.374362390806119 109
1739980801935 4.000778511584932 110
1739980802051 6.676383367791104 111
1739980802166 6.037915406494524 112
1739980802286 6.565668036356421 113
1739980802410 5.738593646255239 114
1739980802526 5.435839844097225 115
1739980802648 5.491070240520807 116
1739980802772 6.290355182559204 117
1739980802891 7.586061293838312 118
1739980803012 7.390499500412502 119
1739980803128 6.475766171648822 120
1739980803245 8.375039420140196 121
1739980803362 2.8424139959586383 122
1739980803478 8.211003574069577 123
1739980803597 6.275587998879073 124
1739980803714 5.180724381908655 125
1739980803831 5.400151729484545 126
1739980803949 8.008348641988961 127
1739980804065 6.643372342798909 128
1739980804182 5.3199506250628374 129
1739980804301 9.341466561951014 130
1739980804417 5.213624232294953 131
1739980804534 7.158422186943952 132
1739980804649 8.122578801203016 133
1739980804766 5.070402573825407 134
1739980804883 9.190616103342533 135
1739980805002 6.877148600668686 136
1739980805123 6.590326805227045 137
1739980805239 5.48419317901413 138
1739980805356 4.974378682782569 139
1739980805473 6.330555479984452 140
1739980805596 5.664667790539398 141
1739980805714 5.876246904295841 142
1739980805835 4.775346866872371 143
1739980805951 8.916027042597076 144
1739980806068 5.326069554118857 145
1739980806187 7.51078882271719 146
1739980806307 6.410515446190624 147
1739980806428 6.0327135139966614 148
1739980806550 2.6315466954082942 149
1739980806667 7.602957400566724 150
1739980806784 6.3952238225607045 151
1739980806899 5.9574033066135055 152
1739980807018 9.464336491193569 153
1739980807138 6.375184436602647 154
1739980807256 7.4779662106818625 155
1739980807373 5.935788356408815 156
1739980807489 8.389419523145072 157
1739980807607 7.847423467823819 158
1739980807744 6.016372517143023 159
1739980807862 3.937566916571198 160
1739980807983 5.680060492963521 161
1739980808102 6.468131710386931 162
1739980808217 7.88614835630949 163
1739980808336 11.260328483330296 164
1739980808453 4.570820397171139 165
1739980808569 6.863469502623929 166
1739980808684 6.701820513837211 167
1739980808801 5.47175647516808 168
1739980808920 8.002065134155572 169
1739980809036 7.282599271203331 170
1739980809151 7.832285013104772 171
1739980809270 6.35099693613747 172
1739980809385 4.869010494285772 173
1739980809500 8.107200930674463 174
1739980809620 7.184296059511755 175
1739980809742 10.543641681733348 176
1739980809857 4.930119598848483 177
1739980809973 9.957413123311072 178
1739980810095 6.684874632873207 179
1739980810257 5.25536357139749 180
1739980810383 6.346343550180614 181
1739980810590 6.740241187208235 182
1739980810705 4.9625383086969705 183
1739980810825 3.062550855105626 184
1739980810944 6.7359911246399005 185
1739980811061 6.3340587396896995 186
1739980811179 8.402497995750513 187
1739980811296 13.461271311222704 188
1739980811413 6.635044695837562 189
1739980811529 9.168174405554593 190
1739980811646 4.27748960700566 191
1739980811764 8.834919874442363 192
1739980811880 6.516483908190939 193
1739980812039 3.334438234159847 194
1739980812165 6.752675657274845 195
1739980812285 7.967355472052686 196
1739980812412 6.991131941542367 197
1739980812534 6.221489149478142 198
1739980812661 6.125962235745543 199
1739980812781 7.278976620021974 200
1739980812901 5.501607539091468 201
1739980813023 7.463715605993614 202
1739980813144 8.13857695515103 203
1739980813264 5.606061753700876 204
1739980813385 5.255858136528895 205
1739980813504 5.912097970764432 206
1739980813623 6.564918952644426 207
1739980813741 6.694281070620095 208
1739980813863 8.423673620200837 209
1739980813983 5.026149396990007 210
1739980814099 6.023504386347752 211
1739980814219 7.327549502492544 212
1739980814352 4.120477604950317 213
1739980814476 3.813386476268637 214
1739980814613 4.304504219983145 215
1739980814736 5.5882301637520975 216
1739980814856 5.843439853090074 217
1739980814975 5.595740276218627 218
1739980815097 11.237274256628773 219
1739980815232 6.557329057988022 220
1739980815388 6.759612680482332 221
1739980815507 9.408463465742692 222
1739980815625 8.225934417734644 223
1739980815751 6.788226836592304 224
1739980815870 8.141879339035897 225
1739980815989 7.470217371741037 226
1739980816111 6.149744745441493 227
1739980816229 5.697646942496231 228
1739980816349 4.160235410332282 229
1739980816469 5.430123596406522 230
1739980816587 6.511271140076889 231
1739980816705 7.483198567140693 232
1739980816824 9.170877243341335 233
1739980816940 2.338644466450552 234
1739980817062 7.40288136433747 235
1739980817183 5.9280382731215715 236
1739980817304 6.7530343785458 237
1739980817430 7.081035920235232 238
1739980817555 5.893585868556743 239
1739980817675 4.810275789622351 240
1739980817795 5.990021538876494 241
1739980817916 9.541350891639615 242
1739980818034 9.059544319602795 243
1739980818152 2.8484308941630756 244
1739980818267 4.852186040800717 245
1739980818385 8.701399037650374 246
1739980818500 8.81123828534775 247
1739980818620 7.682097604305365 248
1739980818742 3.9733133475887725 249
1739980818874 7.723881170318511 250
1739980818997 12.173630376756895 251
1739980819119 4.195045933193997 252
1739980819245 5.93688656047168 253
1739980819369 6.425292136628747 254
1739980819485 7.962526496475711 255
1739980819602 4.035110498691492 256
1739980819720 7.916102938734996 257
1739980819836 3.8306413033553564 258
1739980819960 5.476162672472624 259
1739980820082 2.6365899725802895 260
1739980820198 4.189727566330517 261
1739980820314 3.3709623260653667 262
1739980820430 6.29307591491346 263
1739980820548 5.973808964485704 264
1739980820674 7.310475566868038 265
1739980820792 7.070789357585324 266
1739980820909 6.139789633381924 267
1739980821026 3.239646624361475 268
1739980821144 8.603880310377233 269
1739980821262 8.894084326695133 270
1739980821382 8.182117377833423 271
1739980821500 8.903963425210502 272
1739980821617 8.747573932882686 273
1739980821735 5.5462316944348995 274
1739980821851 6.662822629284441 275
1739980821967 2.2564306512892482 276
1739980822083 7.341265638739446 277
1739980822198 9.299917220370961 278
1739980822324 14.382304290482486 279
1739980822442 8.687060528949441 280
1739980822557 7.830601426960302 281
1739980822674 5.875294735855492 282
1739980822791 5.46940725368231 283
1739980822908 4.973859984460801 284
1739980823026 4.282593966197126 285
1739980823148 6.656246441330142 286
1739980823264 6.7661290331456625 287
1739980823385 6.643885906769183 288
1739980823500 9.145828091902436 289
1739980823616 6.565459438163153 290
1739980823837 4.487983171954959 291
1739980823961 7.831165817341785 292
1739980824079 7.226627675984346 293
1739980824197 8.97477942796341 294
1739980824314 9.494426660874653 295
1739980824429 6.821305083842406 296
1739980824547 5.9399836299851865 297
1739980824663 9.10154685953475 298
1739980824778 5.592194909525123 299
1739980824900 5.4376602115978185 300
1739980825021 7.674282160492517 301
1739980825137 6.0785941131503565 302
1739980825254 8.08819861998888 303
1739980825373 4.327967501968896 304
1739980825490 9.180291536129607 305
1739980825606 6.6228590398102485 306
1739980825723 6.3066154888736765 307
1739980825839 4.429334283098583 308
1739980825962 6.705472025139312 309
1739980826080 6.662245576361645 310
1739980826199 8.423185848171329 311
1739980826324 5.7623276163138115 312
1739980826440 6.405894414706189 313
1739980826558 9.693409150140507 314
1739980826679 6.55270166193428 315
1739980826800 7.018032958216219 316
1739980826918 6.714983464992292 317
1739980827035 5.725937349916189 318
1739980827151 3.8452839723647765 319
