1739981570515 6.619226681306921 0
1739981570599 7.216181664134563 1
1739981570696 6.1819429588442185 2
1739981570792 6.254941666911273 3
1739981570911 6.240544164293083 4
1739981571024 6.629441026274917 5
1739981571136 6.65686798160155 6
1739981571221 6.664545328890336 7
1739981571311 6.219784594659784 8
1739981571401 6.882499732467424 9
1739981571485 6.586787354864379 10
1739981571566 6.851270327360796 11
1739981571657 6.7613382802439945 12
1739981571748 6.681366212460174 13
1739981571828 6.438202047255465 14
1739981571907 6.280716903699849 15
1739981571990 6.633371957799696 16
1739981572079 7.184841148575753 17
1739981572163 6.216750158328987 18
1739981572247 6.709366207327461 19
1739981572332 6.630512320121625 20
1739981572419 6.794125738721961 21
1739981572518 6.921164184437222 22
1739981572600 6.3119489530891455 23
1739981572680 6.7599648985615675 24
1739981572757 6.689056953100431 25
1739981572840 6.21811580872744 26
1739981572917 6.2100713498754585 27
1739981572996 6.4144137572928885 28
