1739996449037 3.4266583698454793 0
1739996449121 0.14741532210174868 1
1739996449202 0.0117832861040691 2
1739996449283 0.06708466197797595 3
1739996449366 0.05693258293941076 4
1739996449446 0.06854577341849104 5
1739996449526 0.14259816606183578 6
1739996449606 0.2307690764570103 7
1739996449685 0.0011259920456467985 8
1739996449766 0.12572017560889004 9
1739996449851 0.6074836712673731 10
1739996449930 0.11456533419254528 11
1739996450010 0.03563655246040715 12
1739996450090 0.0321856693365119 13
1739996450173 0.0525451517642089 14
1739996450282 0.6071501268181629 15
1739996450363 0.32665448094718724 16
1739996450445 0.021614325288639383 17
1739996450528 0.08624781076425707 18
1739996450668 0.09034017334552549 19
1739996450751 0.007738110288584904 20
1739996450842 0.1922494531300755 21
1739996450930 0.044611971070430856 22
1739996451021 0.07368633644743389 23
1739996451109 0.02360879070047362 24
1739996451201 0.00015586944340197006 25
1739996451285 0.03974246301525545 26
1739996451365 0.30114095624720844 27
1739996451445 0.46518288076393255 28
1739996451529 0.2673172665291781 29
1739996451619 0.0018655813923378645 30
1739996451710 0.04630958406240374 31
1739996451801 0.014058150322167109 32
1739996451887 0.2815196967673375 33
1739996451967 0.04772240980971827 34
1739996452047 0.054485766214548426 35
1739996452127 0.005820743843204944 36
1739996452215 0.34826243012080527 37
1739996452303 0.19383046961661657 38
1739996452392 0.0819293945909399 39
1739996452479 0.05876827037166676 40
1739996452567 0.09792332788876983 41
1739996452656 0.25144065671032656 42
1739996452744 0.016563204929340384 43
1739996452835 0.06551343190428856 44
1739996452918 0.010561091808545371 45
1739996453006 0.0028402768410188775 46
1739996453095 0.0021062661735082185 47
1739996453182 0.029255566342516387 48
1739996453268 0.1699101691396407 49
1739996453354 0.07546936747380063 50
1739996453441 0.04174716302842757 51
1739996453527 0.0009892285262068487 52
1739996453610 2.196177757447012e-05 53
1739996453697 0.1725658113889837 54
1739996453780 0.02078296145461379 55
1739996453912 0.0014441517149353324 56
1739996453999 0.11538293632046627 57
1739996454095 0.09931718790839637 58
1739996454190 0.016245136273562874 59
1739996454274 0.003751160562686757 60
1739996454402 0.05929646127998369 61
1739996454485 4.009061656053844e-06 62
1739996454567 0.19075390612376592 63
1739996454650 0.39236987712971977 64
1739996454734 0.9779870166269999 65
1739996454819 0.06728388614012927 66
1739996454901 0.09054006361229355 67
1739996454981 0.01048530899448434 68
1739996455063 0.17931231671659573 69
1739996455152 0.10058346182646204 70
1739996455236 0.0016062934580630185 71
1739996455320 0.1795443817916944 72
1739996455410 0.08356126390309979 73
1739996455494 0.1942155756186866 74
1739996455578 0.03797408232243528 75
1739996455663 0.007803049446634328 76
1739996455747 0.14459994741607035 77
1739996455832 0.04053846547528956 78
1739996455915 0.03627296366674347 79
1739996455998 0.1424896863645363 80
1739996456081 0.2532619234279844 81
1739996456169 0.044809401924214336 82
1739996456253 0.00015017860463890115 83
1739996456338 0.11892383549302929 84
1739996456429 0.2301542637389492 85
1739996456517 0.07998888782255326 86
1739996456604 0.1813868362300326 87
1739996456690 0.04438932507206357 88
1739996456777 0.033933122695310985 89
1739996456868 0.047679255415985396 90
1739996456965 0.10489368391733896 91
1739996457077 0.08321184908254968 92
1739996457187 0.14134401040984243 93
1739996457278 0.34336767191141904 94
1739996457367 0.1953269117071482 95
1739996457457 0.00032597971637478247 96
1739996457545 0.06090332323263717 97
1739996457633 0.18997794921124533 98
1739996457722 0.13237935955502517 99
1739996457812 9.908560458557612e-05 100
1739996457900 0.5292599270686269 101
1739996458003 0.6777559680307192 102
1739996458092 0.006140353429049327 103
1739996458181 0.07433001482797168 104
1739996458269 0.47425484741211726 105
1739996458357 0.08699754891465139 106
1739996458444 0.0002814271569833831 107
1739996458532 0.0116511434924808 108
1739996458621 0.0051173584046848575 109
1739996458711 0.1521797895210044 110
1739996458807 0.000509507698905437 111
1739996458898 0.007157124209255502 112
1739996458986 0.10686330672507523 113
1739996459085 0.01767382798912347 114
1739996459173 0.03776532765370849 115
1739996459260 0.13251982660401607 116
1739996459347 0.013522556541221649 117
1739996459433 0.0009701898164189214 118
1739996459519 0.03815520716306035 119
1739996459607 0.19193916581137757 120
1739996459698 0.11001201001275378 121
1739996459788 0.6389649146060613 122
1739996459881 0.092551112066056 123
1739996459970 0.0016515567878206145 124
1739996460059 0.06868825867893401 125
1739996460148 0.24659901072926185 126
1739996460235 0.035558929189338874 127
1739996460323 0.15227817185489595 128
1739996460409 0.4043670383733775 129
1739996460496 0.1477256958679198 130
1739996460582 0.20976963998924095 131
1739996460670 0.003348550299246008 132
1739996460757 0.023127190229038114 133
1739996460846 0.00807021196393844 134
1739996460932 0.044690071540159866 135
1739996461019 0.09492850117269232 136
1739996461106 2.180164033740988e-05 137
1739996461192 0.009358138685126223 138
1739996461278 0.09057084118446049 139
1739996461364 0.033943750864093666 140
1739996461449 0.08070073770236584 141
1739996461536 0.0031169423004102103 142
1739996461622 0.8166853156894955 143
1739996461708 0.06166392125437872 144
1739996461794 0.20707466598997873 145
1739996461880 0.0012422835027167697 146
1739996461967 0.051259202907844206 147
1739996462053 0.1977046435489535 148
1739996462140 0.013409562548574156 149
1739996462226 0.10042962722557347 150
1739996462312 0.1341981936846009 151
1739996462398 0.021794744295628832 152
1739996462483 0.0006948033772306865 153
1739996462570 0.2160329866912907 154
1739996462656 0.0030422342994637867 155
1739996462743 0.09079885930458184 156
1739996462831 0.02412752315750143 157
1739996462917 0.19360082146771743 158
1739996463002 0.05078149617429348 159
1739996463090 0.020045892933234024 160
1739996463177 0.006222444069671131 161
1739996463262 0.17230921649947695 162
1739996463348 0.20650579306707634 163
1739996463435 0.06574842486698641 164
1739996463521 0.0271882607618844 165
1739996463608 0.036356944165156634 166
1739996463695 0.020354737583908492 167
1739996463780 0.0047379260374005305 168
1739996463869 0.00867506386087486 169
1739996463954 0.03804027659100818 170
1739996464042 0.03615728118859091 171
1739996464128 0.15982530796876843 172
1739996464214 0.018348874515718597 173
1739996464301 0.40279978648413606 174
1739996464388 0.2314030785219251 175
1739996464478 0.2430432618526221 176
1739996464567 0.0434897909767241 177
1739996464697 0.055832131287340034 178
1739996464783 0.061857415024141854 179
1739996464872 0.11955867952440226 180
1739996464959 0.05030867125705802 181
1739996465047 0.10918229269368411 182
1739996465134 0.10292837407082098 183
1739996465221 0.1929296322589984 184
1739996465328 0.020630836571443517 185
1739996465419 0.0004556066598001152 186
1739996465505 0.4771382773661177 187
1739996465591 0.013090888375132675 188
1739996465678 0.0002688299492981188 189
1739996465770 0.0008683172485036532 190
1739996465873 0.02700681341881384 191
1739996465963 0.0688045515520166 192
1739996466051 0.42116493637777136 193
1739996466138 0.21870128438084996 194
1739996466226 0.3452772598106971 195
1739996466317 9.014794445649373e-05 196
1739996466407 0.07673343852001589 197
1739996466492 0.025538508311933814 198
1739996466578 0.06571086635506507 199
1739996466667 0.4935959392294545 200
1739996466757 0.7151733508015968 201
1739996466845 1.055382638047513 202
1739996466932 0.01782876560823549 203
1739996467019 0.016923324348751594 204
1739996467105 0.0257730195984367 205
1739996467193 0.06871431189731425 206
1739996467281 0.02121897963925794 207
1739996467369 0.001291376066554653 208
1739996467457 0.005300286880559892 209
1739996467545 1.1213704940711393 210
1739996467632 0.11334449082597059 211
1739996467720 2.7526014741985783e-05 212
1739996467807 0.022739374374941432 213
1739996467896 0.011092029174959262 214
1739996467984 0.03866217019948193 215
1739996468072 0.22108004024288824 216
1739996468161 0.0009572002191616064 217
1739996468249 0.000805853426562421 218
1739996468336 0.038381993954316185 219
1739996468423 3.788034508922388e-07 220
1739996468509 0.08545026798296808 221
1739996468595 0.0003833480532700284 222
1739996468680 0.0019616013825021236 223
1739996468767 0.0024972338079794778 224
1739996468856 0.0253881825509415 225
1739996468942 0.10126173080701553 226
1739996469031 9.717617564588525e-05 227
1739996469126 0.18018541687305845 228
1739996469215 0.0019176585802716817 229
1739996469301 0.021788454504986017 230
1739996469388 0.3297033222906446 231
1739996469477 0.008445210297158688 232
1739996469564 0.011934992524879309 233
1739996469652 0.04711052307724091 234
1739996469741 0.07431547982821979 235
1739996469831 0.07050631921584068 236
1739996469917 0.06714604806472899 237
1739996470007 0.06359242929938268 238
1739996470096 0.03850491857458393 239
1739996470186 0.011621529114168715 240
1739996470274 0.07295196500037057 241
1739996470362 0.03509743392029276 242
1739996470449 0.2538431281876188 243
1739996470535 0.22810985041072585 244
1739996470621 0.06752828768707939 245
1739996470708 0.16992920916717166 246
1739996470797 0.17290305702584913 247
1739996470887 0.0006318003033152551 248
1739996470974 0.1492928073445371 249
1739996471062 0.00928975942262729 250
1739996471151 0.06039324810189539 251
1739996471239 0.04637501848175312 252
1739996471328 0.00863106998770544 253
1739996471417 0.025363198418560422 254
1739996471507 0.009866380973557869 255
1739996471595 0.005118236325306007 256
1739996471704 0.15131267115568162 257
1739996471794 0.014091371986182757 258
1739996471881 0.0757512172453601 259
1739996471968 0.001087869548211997 260
1739996472054 0.01963622808205586 261
1739996472141 0.20457471296452376 262
1739996472233 0.26187973873608744 263
1739996472375 0.4369354638890873 264
1739996472463 0.17865048693772018 265
1739996472550 0.0006171745154600868 266
1739996472638 0.029737410484334696 267
1739996472741 0.2306634058536308 268
1739996472831 0.0004573468370009137 269
1739996472959 0.009262509676650352 270
1739996473046 0.03729303796387085 271
1739996473133 0.004344074078888409 272
1739996473219 0.004297814273672086 273
1739996473307 0.12844175542685227 274
1739996473410 0.06094799220212099 275
1739996473498 0.07273998643451667 276
1739996473587 0.06753156375608307 277
1739996473673 0.003886083917473415 278
1739996473760 0.03850355802482198 279
1739996473846 0.050526415795961066 280
1739996473931 0.08570132796968084 281
1739996474017 0.002533537244907782 282
1739996474099 0.008587274435613397 283
1739996474181 0.05107081595857883 284
1739996474265 0.027884724700256602 285
1739996474350 0.1392358755382479 286
1739996474433 0.0006456449256304087 287
1739996474516 0.0028743241118626387 288
1739996474600 0.05240004171197522 289
1739996474683 0.004061850732068341 290
1739996474768 0.023859944045767946 291
1739996474855 0.6722850924815513 292
1739996474940 0.06241573038931131 293
1739996475024 2.197931520488439 294
1739996475108 0.10492797222271394 295
1739996475190 0.0018719700770627211 296
1739996475274 0.17825164347916825 297
1739996475358 0.009317815885318074 298
1739996475442 0.04292996746489034 299
1739996475526 0.0002365950378240898 300
1739996475609 0.0012413318606053093 301
1739996475690 0.744734149360051 302
1739996475772 0.02547123875604974 303
1739996475855 0.13853082757322743 304
1739996475937 0.03839848022945756 305
1739996476019 0.06822388111149343 306
1739996476099 0.037476796300915716 307
1739996476182 0.0012652244650563891 308
1739996476265 0.014616692373102076 309
1739996476355 4.249382707392624e-06 310
1739996476441 0.18583567329542905 311
1739996476524 0.0009924487082211247 312
1739996476607 0.14323379209224604 313
1739996476691 0.04760149695353736 314
1739996476775 0.2940797400078273 315
1739996476859 0.0007511204292258653 316
1739996476944 0.00669975835829493 317
1739996477030 0.001178088594180307 318
1739996477115 5.485708049686045e-06 319
1739996477198 0.2075709658076233 320
1739996477282 0.13206566015728258 321
1739996477366 0.033535620905892086 322
1739996477450 0.0014505211213601463 323
1739996477533 0.016864944654252575 324
1739996477618 0.257308079778041 325
1739996477702 0.008426303409463987 326
1739996477785 0.0007228458447162369 327
1739996477867 0.05759671298724985 328
1739996477948 0.06644616872207207 329
1739996478027 2.9042032726970417e-06 330
1739996478107 0.1552271062500255 331
1739996478188 0.0020994020933843252 332
1739996478270 0.011860043753945176 333
1739996478351 0.004333854971421782 334
1739996478439 0.03621192683793717 335
1739996478521 0.06677760025134452 336
1739996478603 0.011494752331953715 337
1739996478689 3.3455855643772724e-05 338
1739996478770 0.0025765330172428983 339
1739996478852 0.2835606494657389 340
1739996478935 0.0915383899632417 341
1739996479019 0.1074583954274583 342
1739996479101 0.03728036390086351 343
1739996479183 0.035249236307973 344
1739996479268 0.0006314436245020561 345
1739996479350 6.279641768317189e-05 346
1739996479457 0.040033541576559036 347
1739996479538 0.02775286598548491 348
1739996479619 0.06283780071909568 349
1739996479701 9.431874235180191e-05 350
1739996479783 2.2237590445811842e-05 351
1739996479866 0.18895765504374445 352
1739996479951 0.011152719554883816 353
1739996480032 0.0005337113428534242 354
1739996480113 0.1961932023683593 355
1739996480195 0.9697637278933279 356
1739996480277 0.01879070304346704 357
1739996480381 0.03854095068324668 358
1739996480463 0.22221876805264595 359
1739996480551 0.07009375074930138 360
1739996480634 0.038696724680868766 361
1739996480717 0.0001709420537373649 362
1739996480800 0.0030953371357299213 363
1739996480886 0.10005565956993033 364
1739996480970 0.0014050409133276845 365
1739996481052 0.00022397057812521034 366
1739996481137 0.0006488448049971682 367
1739996481226 0.008379822388830284 368
1739996481309 0.0016376482885586056 369
1739996481391 0.00012532090624183933 370
1739996481474 0.004330107318394545 371
1739996481560 0.012122357907891342 372
1739996481645 0.00012058381576210475 373
1739996481727 0.1157805453461812 374
1739996481810 0.049632318236909015 375
1739996481894 0.059066059511392814 376
1739996481975 0.023766881270080472 377
1739996482056 1.9122667333605536e-08 378
1739996482136 0.04668457642801415 379
1739996482217 0.3537715076671095 380
1739996482298 0.061510422971972414 381
1739996482378 0.06607882453433313 382
1739996482460 0.03751851477109559 383
1739996482542 0.17853434779094768 384
1739996482623 0.16903171906772171 385
1739996482705 0.08518123100805061 386
1739996482787 0.07282931084953506 387
1739996482869 0.06503129105307767 388
1739996482950 0.007526095704813178 389
1739996483031 0.1788672787399839 390
1739996483113 0.08259675939079525 391
1739996483195 0.22923849025887055 392
1739996483276 0.00019964759204080268 393
1739996483357 0.0001258398520032508 394
1739996483438 0.0004469605046225945 395
1739996483519 0.09565341556550085 396
1739996483599 0.0044580893284480935 397
1739996483681 0.02117832401467663 398
1739996483760 0.21408741611818002 399
1739996483840 0.0011183518988020459 400
1739996483922 0.009651825041477262 401
1739996484004 0.062283793331947813 402
1739996484085 0.33525760685118494 403
1739996484164 0.05978332899551771 404
1739996484246 0.06633717072107499 405
1739996484326 0.20081165990059546 406
1739996484406 0.0628814029764591 407
1739996484489 0.04282872192719417 408
1739996484570 0.02941600333439311 409
1739996484649 0.009323655324941517 410
1739996484731 0.02242261532757343 411
1739996484811 0.002931345711808809 412
1739996484891 0.04886905996093474 413
1739996484972 0.02612317674725235 414
1739996485052 2.2304562618077697e-06 415
1739996485133 0.019038709930135338 416
1739996485212 0.021799501882893146 417
1739996485292 0.11730478472119743 418
1739996485370 0.45108494565915186 419
1739996485450 0.019361922667751264 420
1739996485530 0.116228730282761 421
1739996485609 0.011089744237372185 422
1739996485692 0.03432952254605726 423
1739996485774 0.02602306319596113 424
1739996485886 0.04129393808625955 425
1739996485972 0.23122328785398497 426
1739996486057 0.026570797716386003 427
1739996486139 0.060770336464222904 428
1739996486221 0.0005273862575804593 429
1739996486305 0.007461010931926299 430
1739996486390 0.052486908329567795 431
1739996486475 0.027940766694796757 432
1739996486560 0.0009714114140309979 433
1739996486644 0.003324238423131028 434
1739996486727 0.012997328313808829 435
1739996486811 0.1711422000229687 436
1739996486896 0.09457049850812363 437
1739996486987 3.737303855587734e-05 438
1739996487072 0.05129489716285664 439
1739996487155 0.02151822591031852 440
1739996487236 0.09201771971682175 441
1739996487317 0.004084066418915192 442
1739996487446 0.007300259567478166 443
1739996487532 0.0083884761596902 444
1739996487617 0.009004945368435727 445
1739996487699 0.04845660565309651 446
1739996487784 0.1787223049696997 447
1739996487867 0.02309138805898817 448
1739996487952 0.0657498809125333 449
1739996488037 0.0033459742934485687 450
1739996488121 0.014956944197035572 451
1739996488204 0.06972312713083338 452
1739996488289 0.2495845561864078 453
1739996488408 0.03159975652993487 454
1739996488493 0.003787857501975688 455
1739996488576 0.05399495644260272 456
1739996488661 0.0034447833807413407 457
1739996488746 0.5592292415101978 458
1739996488832 8.14605499669196e-07 459
1739996488916 0.018287827424595466 460
1739996489000 0.019168273237238347 461
1739996489088 0.01716707780913659 462
1739996489171 0.0002422062903406667 463
1739996489252 0.04093553769580663 464
1739996489337 0.10058210350880016 465
1739996489418 0.0003665860674609754 466
1739996489497 0.0374180572675778 467
1739996489580 0.008248239638531605 468
1739996489661 0.2668372138508416 469
1739996489745 0.062484555857365245 470
1739996489828 0.032559386489262675 471
1739996489910 0.12417558487714415 472
1739996489993 0.040746166283395904 473
1739996490073 0.07847392636301175 474
1739996490153 0.6925381947107481 475
1739996490235 0.00026264613647840237 476
1739996490317 0.023884059612268384 477
1739996490398 0.2613066753123413 478
1739996490479 0.0013124986581280818 479
1739996490559 0.07819044138073677 480
1739996490638 0.008876524736645306 481
1739996490716 0.011139872500929042 482
1739996490795 0.18143433623817198 483
1739996490878 0.06641091360427136 484
1739996490960 0.0004713353880293054 485
1739996491040 0.003956111267091833 486
1739996491119 0.011545193376267741 487
1739996491197 0.24759215563086093 488
1739996491277 0.017006284189549952 489
1739996491356 0.08017826845155691 490
1739996491436 0.002843487990443156 491
1739996491515 0.07448807443369097 492
1739996491594 0.030940041132209793 493
1739996491672 0.010334004549543013 494
1739996491751 0.0008087239719738237 495
1739996491834 0.0010885267956088766 496
1739996491916 0.09067264331534117 497
1739996492000 0.03454456857128047 498
1739996492078 0.010198409105654702 499
