1739964774256 6.589845242231623 0
1739964774276 6.570220492100422 1
1739964774294 6.615876157084997 2
1739964774314 6.6251298168684 3
1739964774332 6.574085976777047 4
1739964774350 6.5542815348776085 5
1739964774369 6.68943695662139 6
1739964774387 6.5540997359758135 7
1739964774405 6.575659803621326 8
1739964774425 6.621054088311746 9
1739964774443 6.584633800221309 10
1739964774464 6.5735504031346785 11
1739964774484 6.6313104442385535 12
1739964774577 6.531667747800283 13
1739964774598 6.5898921902535825 14
1739964774617 6.653600159872256 15
1739964774635 6.548112972887412 16
1739964774653 6.569005273759283 17
1739964774672 6.528721390849571 18
1739964774690 6.512530209325614 19
1739964774708 6.5041264961339245 20
1739964774726 6.633347365154779 21
1739964774745 6.6342292024686484 22
1739964774763 6.490322490705031 23
1739964774781 6.547418402293647 24
1739964774799 6.474888617859229 25
1739964774817 6.602533025945917 26
1739964774835 6.6053494122870005 27
1739964774853 6.525360685553141 28
1739964774873 6.534526089552696 29
1739964774891 6.5984794587816396 30
1739964774909 6.569570490703822 31
1739964774927 6.562289242724351 32
1739964774945 6.502133152482341 33
1739964774963 6.638975631626783 34
1739964774982 6.585774969047495 35
1739964775000 6.637050989063011 36
1739964775018 6.579858532611018 37
1739964775037 6.619458688897493 38
1739964775054 6.574960901329682 39
1739964775073 6.499639874000559 40
1739964775092 6.607976397283446 41
1739964775109 6.53490588655385 42
1739964775128 6.6572934458315105 43
1739964775148 6.4776652809712605 44
1739964775167 6.523197239942532 45
1739964775187 6.649783057330581 46
1739964775207 6.541888320023571 47
1739964775225 6.630636707880862 48
1739964775244 6.662485623822558 49
1739964775263 6.49490583378213 50
1739964775281 6.502502984108603 51
1739964775298 6.547573859303678 52
1739964775316 6.627298873433195 53
1739964775335 6.573615017865279 54
1739964775353 6.567137071166854 55
1739964775372 6.5394103278053235 56
1739964775391 6.576936240451185 57
1739964775408 6.562387116601529 58
1739964775427 6.608787710345953 59
1739964775448 6.6155688377065855 60
1739964775485 6.547558431664572 61
1739964775504 6.556979059445603 62
1739964775593 6.543886554592047 63
1739964775611 6.529651478504944 64
1739964775629 6.636281967245657 65
1739964775648 6.538874143836915 66
1739964775666 6.568186122407366 67
1739964775684 6.514895426565767 68
1739964775702 6.630659022336073 69
1739964775719 6.575553576626942 70
1739964775738 6.607355818951368 71
1739964775757 6.533829737144244 72
1739964775775 6.556790842010341 73
1739964775794 6.589561590911677 74
1739964775811 6.59453955525056 75
1739964775829 6.651093796731295 76
1739964775848 6.56342300166712 77
1739964775866 6.528067640431023 78
1739964775885 6.487936560602907 79
1739964775904 6.529490257849902 80
1739964775923 6.61685071632855 81
1739964775941 6.558123186279236 82
1739964775960 6.589743943271433 83
1739964775979 6.520114073835865 84
1739964775997 6.536407792836501 85
1739964776016 6.541756862625076 86
1739964776034 6.623748713077744 87
1739964776053 6.608683492231258 88
1739964776071 6.617677821819411 89
1739964776090 6.610576215972464 90
1739964776108 6.533409819603935 91
1739964776125 6.631174583193335 92
1739964776144 6.555420490066903 93
1739964776162 6.501373523986622 94
1739964776181 6.605795758246608 95
1739964776199 6.540846491237278 96
1739964776216 6.560240514926902 97
1739964776234 6.496082796178335 98
1739964776252 6.56427985633436 99
1739964776270 6.613240698644886 100
1739964776289 6.509032082371379 101
1739964776307 6.5738297498177625 102
1739964776325 6.497407103479244 103
1739964776343 6.519672802225778 104
1739964776362 6.59434646036419 105
1739964776380 6.5724846933418 106
1739964776399 6.599346396557657 107
1739964776416 6.6030123645322565 108
1739964776434 6.57126417025786 109
1739964776453 6.5809642366768974 110
1739964776474 6.527245058437143 111
1739964776493 6.549842278831244 112
1739964776511 6.621321744274278 113
1739964776529 6.611319840154349 114
1739964776547 6.5748064970193045 115
1739964776565 6.576589909775944 116
1739964776584 6.613384432233294 117
1739964776603 6.567703163041048 118
1739964776621 6.615321420684017 119
1739964776639 6.592782279832774 120
1739964776657 6.5484891793617654 121
1739964776676 6.60508670452375 122
1739964776694 6.658835605011524 123
1739964776712 6.536622560415999 124
1739964776730 6.615478560819187 125
1739964776749 6.535668564305643 126
1739964776766 6.570107101389264 127
1739964776785 6.6139082850375095 128
1739964776803 6.659029949166518 129
1739964776821 6.644163746795157 130
1739964776838 6.6151729077460955 131
1739964776856 6.608943222065671 132
1739964776875 6.518879934175087 133
1739964776893 6.4767202305450216 134
1739964776911 6.576092234377689 135
1739964776929 6.544825350412414 136
1739964776947 6.484181888686174 137
1739964776965 6.587444994356582 138
1739964776984 6.596662125677796 139
1739964777002 6.551324982329404 140
1739964777020 6.555904185305629 141
1739964777037 6.63902624982465 142
1739964777055 6.4869563866092985 143
1739964777073 6.523825214795302 144
1739964777092 6.603474353573278 145
1739964777110 6.601102023013359 146
1739964777128 6.59670714609195 147
1739964777146 6.54278926835451 148
1739964777164 6.609409492693281 149
1739964777183 6.64395220280181 150
1739964777201 6.572504102828491 151
1739964777219 6.584616917768523 152
1739964777236 6.566014813547043 153
1739964777255 6.5053527977209225 154
1739964777273 6.671087567370339 155
1739964777291 6.601721722783116 156
1739964777309 6.562287064522954 157
1739964777327 6.536572321680855 158
1739964777345 6.5029609033227525 159
1739964777364 6.517082806181397 160
1739964777382 6.578484751539876 161
1739964777400 6.529776401364018 162
1739964777418 6.555625093955163 163
1739964777437 6.631725117968995 164
1739964777455 6.619267612109184 165
1739964777474 6.573622332335987 166
1739964777492 6.629964993441276 167
1739964777511 6.619532047972444 168
1739964777529 6.579656044855705 169
1739964777546 6.533859804255181 170
1739964777564 6.540368934211062 171
1739964777582 6.597096553401508 172
1739964777600 6.604573737725752 173
1739964777618 6.598660397044937 174
1739964777636 6.645091553276912 175
1739964777653 6.56869775122884 176
1739964777671 6.527442568723779 177
1739964777690 6.4929463199083495 178
1739964777709 6.517313023783339 179
1739964777727 6.568567127598291 180
1739964777744 6.5406991005171 181
1739964777762 6.6004719239855545 182
1739964777780 6.571904700067603 183
1739964777799 6.438254224921221 184
1739964777816 6.58408648661367 185
1739964777834 6.577994653704059 186
1739964777852 6.586352350294919 187
1739964777870 6.678008623448155 188
1739964777888 6.551012973807711 189
1739964777907 6.571251904941865 190
1739964777925 6.6021906470577685 191
1739964777943 6.54598022963573 192
1739964777960 6.551909987887621 193
1739964777979 6.649627018616369 194
1739964777998 6.555393944147865 195
1739964778016 6.527734665564531 196
1739964778034 6.572063067112938 197
1739964778052 6.507854451814114 198
1739964778071 6.563797487779363 199
1739964778089 6.522888084880475 200
1739964778108 6.605930960256018 201
1739964778126 6.612384445121682 202
1739964778145 6.577269186621085 203
1739964778163 6.5553787738953035 204
1739964778181 6.6419957263786795 205
1739964778200 6.523971318651763 206
1739964778218 6.598935036578198 207
1739964778236 6.643686237341307 208
1739964778253 6.502193170729028 209
1739964778272 6.54864147109266 210
1739964778290 6.525360285624749 211
1739964778309 6.550488020997328 212
1739964778326 6.4935435734770195 213
1739964778344 6.5794799298438384 214
1739964778361 6.539421612811407 215
1739964778379 6.544656121454591 216
1739964778398 6.559349673298331 217
1739964778416 6.569594031871213 218
1739964778434 6.612702735199624 219
1739964778453 6.547967653640507 220
1739964778474 6.634642070337185 221
1739964778493 6.597803678021954 222
1739964778512 6.529757697601127 223
1739964778530 6.556222150671974 224
1739964778548 6.5950212292285695 225
1739964778567 6.547750099469497 226
1739964778585 6.509405556222368 227
1739964778603 6.53089005810096 228
1739964778621 6.583251028047799 229
1739964778639 6.5379842365123615 230
1739964778657 6.608252733922647 231
1739964778675 6.502208738379955 232
1739964778694 6.571622369088836 233
1739964778712 6.5768447806639125 234
1739964778730 6.6113815160729645 235
1739964778747 6.532234196529424 236
1739964778765 6.579604431974056 237
1739964778783 6.593550729139186 238
1739964778801 6.583260274615722 239
1739964778819 6.534264348223811 240
1739964778837 6.552817050487599 241
1739964778855 6.563295114067807 242
1739964778873 6.5168590368296915 243
1739964778892 6.550025723256346 244
1739964778910 6.528680734456129 245
1739964778929 6.590049882500077 246
1739964778946 6.612283625395123 247
1739964778964 6.48846106921096 248
1739964778983 6.565244757189952 249
1739964779004 6.582731919737525 250
1739964779022 6.607102795717593 251
1739964779040 6.553754601270486 252
1739964779058 6.646218073184525 253
1739964779076 6.571663862607914 254
1739964779095 6.590708751014774 255
1739964779113 6.539190531198332 256
1739964779131 6.524746431191524 257
1739964779149 6.601603118684023 258
1739964779167 6.593536328164687 259
1739964779187 6.613689271248869 260
1739964779206 6.591385501558985 261
1739964779224 6.564751053996398 262
1739964779242 6.596504566702051 263
1739964779261 6.509708952730493 264
1739964779279 6.564778658750843 265
1739964779297 6.520340512341009 266
1739964779316 6.550270191560253 267
1739964779334 6.586407111855141 268
1739964779352 6.593405741460571 269
1739964779370 6.540092814999456 270
1739964779389 6.511679079691833 271
1739964779406 6.54444708872351 272
1739964779426 6.521820832205047 273
1739964779444 6.598165405210538 274
1739964779462 6.5472048829950324 275
1739964779481 6.593972968549288 276
