1739986910429 7.862901060325922 0
1739986910579 6.44706254411148 1
1739986910723 7.476837795972283 2
1739986910884 5.325192596107468 3
1739986911030 5.003521750894004 4
1739986911206 4.516454881315452 5
1739986911659 7.542251436392633 6
1739986911889 6.3201199070259415 7
1739986912034 6.845830784857153 8
1739986912197 6.473488428710483 9
1739986912338 9.274582743178698 10
1739986912476 7.134990855449454 11
1739986912609 6.36744045383046 12
1739986912742 5.861117028368455 13
1739986912888 11.213601945706303 14
1739986913022 6.672430948526633 15
1739986913158 6.265908395066499 16
1739986913305 8.0115908551209 17
1739986913479 6.087979196390477 18
1739986913620 5.881908358995946 19
1739986913757 7.3091626824903235 20
1739986914223 7.210617592495766 21
1739986914397 9.02363104678103 22
1739986914526 6.328540967757575 23
1739986914661 3.5094128282978563 24
1739986914794 7.16565742401535 25
1739986914927 7.821526902525994 26
1739986915062 5.267235002056711 27
1739986915193 5.9179350936087 28
1739986915325 5.931636969276623 29
1739986915462 6.300589576657427 30
1739986915597 6.7538711852739395 31
1739986915729 4.63744395125478 32
1739986915903 6.865906575942681 33
1739986916043 7.10088442473613 34
1739986916177 6.037429116124289 35
1739986916311 7.3284143304586715 36
1739986916440 6.751831976708114 37
1739986916574 5.105026474670636 38
1739986916703 7.262346390438654 39
1739986916832 7.1297348334679285 40
1739986917004 6.509630371066163 41
1739986917145 7.622874078964874 42
1739986917284 5.859017826512442 43
1739986917411 8.329403921557127 44
1739986917549 5.459743931221045 45
1739986917677 6.658770237111777 46
1739986917809 6.307705385114408 47
1739986917924 8.245263408252681 48
1739986918052 6.636135328523224 49
1739986918178 1.4655989481876233 50
1739986918311 6.309529444858512 51
1739986918440 6.07775335208713 52
1739986918573 4.184811434787989 53
1739986918716 5.802298479125737 54
1739986918867 6.119323391960218 55
1739986919012 6.248662114369943 56
1739986919174 5.173387731522946 57
1739986919318 5.741666312712101 58
1739986919447 8.520316157345116 59
1739986919583 7.192792781585817 60
1739986919707 7.534532739114115 61
1739986919835 5.191458525062159 62
1739986919934 7.383791060145743 63
1739986920042 6.7792944817374785 64
1739986920171 7.573151773625988 65
1739986920308 9.426262490182424 66
1739986920443 6.153352705445042 67
1739986920572 7.2704074582664 68
1739986920702 5.582573547403539 69
1739986920845 6.272448649792627 70
1739986920956 7.030375846673315 71
1739986921071 7.249601590002093 72
1739986921195 5.196316422134649 73
1739986921330 4.360141488619537 74
1739986921459 6.7577137512877075 75
1739986921596 10.01769962837724 76
1739986921724 5.4518850173130735 77
1739986921869 5.416748364798074 78
1739986921980 6.277527222312428 79
1739986922105 6.671219188577947 80
1739986922240 6.673935527661939 81
1739986922374 6.0635928889793425 82
1739986922512 7.195974337026071 83
1739986922644 7.33777032265543 84
1739986922776 7.729518927071712 85
1739986922919 8.593912189714267 86
1739986923062 6.595068778332422 87
1739986923200 7.325386075180381 88
1739986923333 7.085617450021794 89
1739986923468 6.244812798415418 90
1739986923621 8.183877947672773 91
1739986923775 7.317273495150978 92
1739986923915 6.55704777592211 93
1739986924054 6.751173375443592 94
1739986924178 4.3838218771611785 95
1739986924566 7.211338423397537 96
1739986924794 8.38831283255463 97
1739986925029 11.260399299295411 98
1739986925184 6.255136472616858 99
1739986925322 6.559820807486869 100
1739986925467 5.452955048685576 101
1739986925600 4.5376204086621605 102
1739986925742 8.968679051268959 103
1739986925886 7.151094093701691 104
1739986926027 7.709026332441323 105
1739986926166 5.782212213521779 106
1739986926296 7.156922033210478 107
1739986926429 5.011598592058261 108
1739986926564 6.56789929621363 109
1739986926699 7.063227222292865 110
1739986926835 6.4934687709931085 111
1739986926962 6.337098086627705 112
1739986927092 6.723082958386121 113
1739986927225 7.516589428314504 114
1739986927358 6.972210698571567 115
1739986927491 8.621081058034866 116
1739986927627 6.7164270551560135 117
1739986927758 6.535102770046111 118
1739986927898 5.1011801655810025 119
1739986928024 7.152280010411824 120
1739986928160 6.417446692767594 121
1739986928292 5.464991248205266 122
1739986928427 5.64416666704877 123
1739986928562 6.295194260459716 124
1739986928694 6.848867099307485 125
1739986928850 6.705060221811812 126
1739986928978 6.821737168116345 127
1739986929110 6.208634771408437 128
1739986929245 4.297100914209231 129
1739986929379 6.161668696517666 130
1739986929512 6.522505202977889 131
1739986929657 6.091466059020275 132
1739986929797 9.614390141905783 133
1739986929935 6.564574597435964 134
1739986930062 9.068977047855238 135
1739986930195 7.3963438698966755 136
1739986930318 6.669921579519861 137
1739986930434 7.010377819256405 138
1739986930560 6.2909936644484885 139
1739986930695 5.379522053195318 140
1739986930830 6.598545593287163 141
1739986930967 5.767516036129325 142
1739986931097 7.082777919135545 143
1739986931231 5.849070973359631 144
1739986931363 3.478624089674146 145
1739986931497 4.810778048703599 146
1739986931629 6.000896944592839 147
1739986931760 6.86543395243115 148
1739986931910 6.006788238842182 149
1739986932049 8.424557570005906 150
1739986932178 6.106458719150221 151
1739986932313 6.1592416344166265 152
1739986932445 7.065521793069276 153
1739986932577 5.473890840442162 154
1739986932713 6.161807681921308 155
1739986932858 6.353343260266803 156
1739986932994 7.580420060319701 157
1739986933124 6.681500065970751 158
1739986933260 6.163424481756038 159
1739986933396 5.992266845230537 160
1739986933530 5.564905029484737 161
1739986933661 6.3926061474902856 162
1739986933814 5.948723388503355 163
1739986933956 3.188832915844347 164
1739986934096 6.348500841683163 165
1739986934227 4.697342245686264 166
1739986934360 6.590635909846015 167
1739986934495 7.143098182620854 168
1739986934627 7.162925713584565 169
1739986934760 10.813989107706151 170
1739986934901 7.716628609072885 171
1739986935041 6.328361433969592 172
1739986935191 6.051804637328982 173
1739986935333 8.471465015927986 174
1739986935469 4.845640294843462 175
1739986935606 6.548845011490238 176
1739986935749 5.918171817060445 177
1739986935896 5.926690386919254 178
1739986936037 5.8872494671882505 179
1739986936180 5.919948830643309 180
1739986936317 6.427489240362824 181
1739986936448 7.290078798768898 182
1739986936584 6.693760075249487 183
1739986936716 6.0275672417071045 184
1739986936861 9.175555646109272 185
1739986937084 5.851269049622514 186
1739986937217 7.354901308519733 187
1739986937352 6.629375851447475 188
1739986937485 6.45017569803485 189
1739986937615 7.3698688559828796 190
1739986937744 5.5200468295858185 191
1739986937887 8.96786964499691 192
1739986938062 3.9989789265268327 193
1739986938201 6.033779231813474 194
1739986938333 5.748213018155836 195
1739986938465 7.242679243170287 196
1739986938601 6.121219840751499 197
1739986938732 6.803541264955147 198
1739986938869 6.603652815327873 199
1739986939002 6.976543071480148 200
1739986939133 4.726942367682814 201
1739986939274 8.56262102544705 202
1739986939418 6.892453777057892 203
1739986939553 8.654261994415357 204
1739986939694 6.5319746503817395 205
1739986939837 5.248841415872933 206
1739986939980 7.4620751145177735 207
1739986940117 5.9745345957660785 208
1739986940252 6.601709174000744 209
1739986940391 6.861038681311011 210
1739986940533 5.192047757058523 211
1739986940670 2.319229374412967 212
1739986940815 6.396533399110722 213
1739986940946 6.4447404706814995 214
1739986941090 9.262432997292546 215
1739986941271 3.0881188393896646 216
1739986941414 5.180371030753856 217
1739986941549 7.949886535831869 218
1739986941686 4.055705283395562 219
1739986941873 9.00268369836561 220
1739986942280 4.5866861700979635 221
1739986942713 6.900823362157754 222
1739986942947 10.294775963267835 223
1739986943185 7.131934085290196 224
1739986943438 5.3594543959387755 225
1739986943653 7.024562997180009 226
1739986943889 7.0204073489597905 227
1739986944262 7.7446599042802315 228
1739986944578 5.696799276837111 229
1739986944799 5.74563734151556 230
1739986944962 5.844548391005515 231
1739986945164 10.787400022536085 232
1739986945361 5.639770946000993 233
1739986945536 3.2995278028571002 234
1739986945692 4.913760433531987 235
1739986945843 6.541715957979865 236
1739986946006 6.316345128556621 237
1739986946152 8.618149319818052 238
1739986946301 5.902777090109661 239
1739986946442 6.959955276430413 240
1739986946590 6.876609593656524 241
1739986946735 8.694446607331932 242
1739986946903 7.621836794609088 243
1739986947111 9.27429599736972 244
1739986947289 6.398705356110872 245
1739986947440 6.144785849663056 246
1739986947604 6.525169104448354 247
1739986947745 5.404089626889266 248
1739986947900 6.45263047416028 249
1739986948061 5.950512000451074 250
1739986948221 4.752937954512996 251
1739986948382 6.033292529766648 252
1739986948528 5.6590260099508 253
1739986948674 6.466303343902933 254
1739986948953 3.589259587042178 255
1739986949214 7.756380584437169 256
1739986949409 7.311149568180536 257
1739986949609 5.9178738349121565 258
1739986949750 5.928062794213067 259
1739986949883 6.869441642009788 260
1739986950026 7.286153187123125 261
1739986950181 6.358370489563493 262
1739986950358 5.871871314211733 263
1739986950522 7.273957322397269 264
1739986950684 6.387159671084475 265
1739986950830 4.292019381358503 266
1739986950960 15.736927883141975 267
1739986951103 5.332865446288554 268
1739986951296 6.840870611203902 269
1739986951467 7.821636969665819 270
1739986951626 8.322075034089337 271
1739986951765 7.9883991458025685 272
1739986951932 6.849914268572521 273
1739986952065 5.7035468648457295 274
1739986952186 7.9111465853617675 275
1739986952307 5.521116186903755 276
1739986952431 6.648221572963118 277
1739986952577 7.236981174476837 278
1739986952730 7.797335293574622 279
1739986952892 6.968206339901533 280
1739986953048 5.729303762678971 281
1739986953195 6.928559522327065 282
1739986953352 6.439279426133229 283
1739986953499 6.475548102829019 284
1739986953642 3.487396320287645 285
1739986953810 10.044275264168354 286
1739986953979 7.2010059234764325 287
1739986954127 8.401777146873796 288
