1740012353261 169.15949537300654 0
1740012353289 165.78959520707068 1
1740012353317 162.49354688056323 2
1740012353341 159.26966481245603 3
1740012353367 156.11630278682944 4
1740012353392 153.03185302186327 5
1740012353419 150.01474526100358 6
1740012353447 147.06344588577392 7
1740012353474 144.17645704971386 8
1740012353498 141.3523158329389 9
1740012353522 138.58959341682913 10
1740012353548 135.8868942783651 11
1740012353576 133.2428554036409 12
1740012353607 130.6561455200961 13
1740012353635 128.12546434701918 14
1740012353662 125.64954186388539 15
1740012353686 123.22713759610247 16
1740012353710 120.8570399177489 17
1740012353735 118.5380653708978 18
1740012353763 116.26905800113039 19
1740012353791 114.04888870885218 20
1740012353816 111.87645461603421 21
1740012353840 109.75067844801066 22
1740012353863 107.6705079299734 23
1740012353887 105.63491519781198 24
1740012353913 103.64289622295674 25
1740012353940 101.69347025089039 26
1740012353967 99.78567925300167 27
1740012353992 97.91858739146224 28
1740012354018 96.09128049681608 29
1740012354042 94.30286555797788 30
1740012354067 92.55247022434368 31
1740012354096 90.83924231972529 32
1740012354123 89.16234936782541 33
1740012354148 87.52097812897885 34
1740012354171 85.91433414789017 35
1740012354195 84.34164131210588 36
1740012354220 82.8021414209645 37
1740012354246 81.29509376477505 38
1740012354273 79.81977471397934 39
1740012354306 78.37547731806035 40
1740012354331 76.96151091396366 41
1740012354355 75.57720074380582 42
1740012354379 74.22188758164701 43
1740012354403 72.89492736911312 44
1740012354429 71.59569085965494 45
1740012354458 70.32356327123956 46
1740012354485 69.0779439472722 47
1740012354512 67.85824602555267 48
1740012354537 66.6638961150746 49
1740012354561 65.494333980481 50
1740012354587 64.34901223399284 51
1740012354613 63.22739603463348 52
1740012354641 62.12896279457447 53
1740012354669 61.05320189243318 54
1740012354696 59.99961439335664 55
1740012354720 58.96771277573015 56
1740012354744 57.95702066435232 57
1740012354769 56.96707256992308 58
1740012354796 55.99741363469403 59
1740012354823 55.047599384134216 60
1740012354848 54.11719548446862 61
1740012354873 53.20577750594888 62
1740012354896 52.31293069172035 63
1740012354922 51.438249732151824 64
1740012354948 50.58133854449838 65
1740012354976 49.74181005776978 66
1740012355001 48.91928600268129 67
1740012355026 48.113396706565275 68
1740012355051 47.323780893126205 69
1740012355075 46.55008548692317 70
1740012355104 45.79196542246811 71
1740012355135 45.049083457829404 72
1740012355221 44.32110999263415 73
1740012355248 43.607722890364116 74
1740012355273 42.90860730484365 75
1740012355297 42.223455510819576 76
1740012355322 41.551966738536024 77
1740012355348 40.89384701220908 78
1740012355376 40.24880899230869 79
1740012355403 39.61657182155733 80
1740012355428 38.99686097455697 81
1740012355452 38.38940811095839 82
1740012355475 37.793950932088514 83
1740012355499 37.21023304095363 84
1740012355525 36.638003805538474 85
1740012355554 36.07701822532267 86
1740012355578 35.52703680093837 87
1740012355602 34.98782540689435 88
1740012355626 34.45915516729394 89
1740012355650 33.940802334475485 90
1740012355739 33.43254817050617 91
1740012355765 32.93417883146154 92
1740012355792 32.44548525442437 93
1740012355820 31.966263047138717 94
1740012355846 31.4963123802558 95
1740012355870 31.035437882110593 96
1740012355894 30.58344853596887 97
1740012355918 30.140157579686207 98
1740012355943 29.70538240772182 99
1740012355970 29.2789444754513 100
1740012355997 28.860669205723863 101
1740012356022 28.45038589761089 102
1740012356047 28.047927637293785 103
1740012356070 27.65313121104056 104
1740012356098 27.26583702022163 105
1740012356125 26.885888998316435 106
1740012356152 26.51313452986396 107
1740012356176 26.147424371310883 108
1740012356200 25.788612573712555 109
1740012356223 25.436556407242996 110
1740012356248 25.091116287470946 111
1740012356275 24.752155703360348 112
1740012356303 24.419541146954348 113
1740012356335 24.093142044703015 114
1740012356360 23.772830690395928 115
1740012356383 23.45848217966163 116
1740012356407 23.149974345997045 117
1740012356432 22.847187698290433 118
1740012356458 22.550005359802753 119
1740012356483 22.258313008573058 120
1740012356509 21.971998819213976 121
1740012356534 21.690953406064782 122
1740012356561 21.415069767669685 123
1740012356587 21.144243232550266 124
1740012356618 20.878371406241392 125
1740012356645 20.617354119560737 126
1740012356678 20.361093378082966 127
1740012356704 20.109493312789947 128
1740012356731 19.86246013186933 129
1740012356761 19.619902073634492 130
1740012356790 19.381729360539225 131
1740012356820 19.14785415426142 132
1740012356849 18.918190511830645 133
1740012356878 18.692654342774823 134
1740012356904 18.471163367262132 135
1740012356928 18.2536370752146 136
1740012356952 18.039996686370547 137
1740012356979 17.83016511127349 138
1740012357006 17.62406691316568 139
1740012357033 17.421628270765044 140
1740012357057 17.222776941904606 141
1740012357081 17.027442228014245 142
1740012357111 16.835554939424835 143
1740012357138 16.64704736147547 144
1740012357162 16.46185322140489 145
1740012357185 16.279907656008678 146
1740012357211 16.101147180044148 147
1740012357253 15.925509655365444 148
1740012357333 15.752934260771662 149
1740012357362 15.583361462551148 150
1740012357386 15.416732985705776 151
1740012357409 15.252991785839106 152
1740012357433 15.0920820216929 153
1740012357458 14.933949028316723 154
1740012357487 14.778539290855846 155
1740012357515 14.625800418942879 156
1740012357540 14.475681121678983 157
1740012357565 14.328131183190884 158
1740012357591 14.183101438750038 159
1740012357615 14.040543751441007 160
1740012357642 13.900410989365984 161
1740012357671 13.762657003372917 162
1740012357696 13.627236605295124 163
1740012357720 13.49410554669019 164
1740012357744 13.363220498066664 165
1740012357771 13.23453902858702 166
1740012357799 13.108019586235754 167
1740012357829 12.983621478441785 168
1740012357856 12.861304853144464 169
1740012357882 12.741030680292871 170
1740012357907 12.622760733768281 171
1740012357930 12.506457573719814 172
1740012357954 12.392084529303778 173
1740012357980 12.279605681817111 174
1740012358006 12.168985848215838 175
1740012358033 12.060190565009494 176
1740012358058 11.95318607252277 177
1740012358084 11.847939299515804 178
1740012358113 11.74441784815473 179
1740012358139 11.642589979324374 180
1740012358188 11.542424598275087 181
1740012358215 11.443891240595919 182
1740012358238 11.34696005850655 183
1740012358262 11.251601807460558 184
1740012358286 11.157787833052799 185
1740012358312 11.065490058223713 186
1740012358341 10.974680970753862 187
1740012358372 10.885333611041675 188
1740012358398 10.797421560158098 189
1740012358422 10.710918928171434 190
1740012358445 10.625800342736408 191
1740012358469 10.542040937940968 192
1740012358496 10.459616343405203 193
1740012358524 10.378502673626189 194
1740012358550 10.298676517563313 195
1740012358574 10.220114928458388 196
1740012358598 10.142795413885079 197
1740012358625 10.06669592602243 198
1740012358651 9.99179485214723 199
1740012358680 9.918071005340147 200
1740012358706 9.845503615400734 201
1740012358730 9.77407231996638 202
1740012358755 9.703757155830644 203
1740012358779 9.63453855045619 204
1740012358804 9.56639731367791 205
1740012358868 9.49931462959188 206
1740012358901 9.433272048625776 207
1740012358929 9.368251479786595 208
1740012358954 9.3042351830816 209
1740012358978 9.241205762108484 210
1740012359002 9.179146156810852 211
1740012359028 9.118039636395212 212
1740012359054 9.057869792405727 213
1740012359081 8.998620531953188 214
1740012359105 8.940276071094512 215
1740012359129 8.88282092835945 216
1740012359154 8.826239918420981 217
1740012359180 8.770518145906243 218
1740012359208 8.715640999344611 219
1740012359234 8.661594145249918 220
1740012359259 8.608363522333608 221
1740012359285 8.555935335845934 222
1740012359309 8.50429605204218 223
1740012359334 8.453432392771116 224
1740012359361 8.403331330182748 225
1740012359389 8.353980081552844 226
1740012359414 8.305366104221385 227
1740012359438 8.257477090642356 228
1740012359462 8.210300963542466 229
1740012359488 8.163825871186145 230
1740012359514 8.118040182744451 231
1740012359541 8.072932483765564 232
1740012359566 8.02849157174449 233
1740012359591 7.984706451789688 234
1740012359616 7.941566332384529 235
1740012359640 7.899060621241263 236
1740012359666 7.857178921245545 237
1740012359694 7.815911026489345 238
1740012359720 7.775246918390291 239
1740012359745 7.735176761895441 240
1740012359768 7.695690901767642 241
1740012359792 7.6567798589524685 242
1740012359818 7.618434327024057 243
1740012359845 7.58064516870798 244
1740012359872 7.543403412479334 245
1740012359896 7.506700249234529 246
1740012359920 7.470527029034918 247
1740012359946 7.434875257920767 248
1740012359971 7.3997365947938984 249
1740012359998 7.3651028483675205 250
1740012360028 7.33096597418169 251
1740012360053 7.297318071682886 252
1740012360078 7.264151381366359 253
1740012360105 7.231458281979744 254
1740012360128 7.199231287786578 255
1740012360154 7.167463045888386 256
1740012360183 7.136146333604047 257
1740012360210 7.1052740559051015 258
1740012360234 7.074839242905745 259
1740012360257 7.044835047406317 260
1740012360281 7.015254742489092 261
1740012360306 6.986091719165126 262
1740012360333 6.95733948407109 263
1740012360361 6.928991657214954 264
1740012360388 6.90104196976939 265
1740012360415 6.873484261911913 266
1740012360438 6.846312480710583 267
1740012360463 6.819520678054388 268
1740012360490 6.793103008627235 269
1740012360517 6.767053727924594 270
1740012360543 6.741367190311825 271
1740012360568 6.716037847123324 272
1740012360592 6.691060244801481 273
1740012360616 6.666429023074679 274
1740012360641 6.642138913173356 275
1740012360668 6.618184736083384 276
1740012360696 6.5945614008358655 277
1740012360722 6.571263902832567 278
1740012360746 6.548287322206215 279
1740012360769 6.525626822214886 280
1740012360794 6.50327764766965 281
1740012360821 6.481235123394916 282
1740012360847 6.459494652720553 283
1740012360872 6.438051716005216 284
1740012360896 6.416901869190181 285
1740012360919 6.396040742382914 286
1740012360943 6.375464038469918 287
1740012360972 6.355167531757961 288
1740012361001 6.335147066643295 289
1740012361029 6.315398556308124 290
1740012361054 6.295917981443734 291
1740012361078 6.276701388999738 292
1740012361102 6.257744890958853 293
1740012361128 6.239044663136642 294
1740012361157 6.220596944005688 295
1740012361183 6.202398033543642 296
1740012361206 6.1844442921046605 297
1740012361230 6.166732139313692 298
1740012361254 6.149258052983179 299
1740012361279 6.132018568051561 300
1740012361305 6.115010275543231 301
1740012361333 6.098229821549469 302
1740012361358 6.0816739062297795 303
1740012361382 6.065339282833348 304
1740012361406 6.049222756740085 305
1740012361431 6.033321184520857 306
1740012361457 6.017631473016503 307
1740012361483 6.002150578435194 308
1740012361509 5.986875505467824 309
1740012361533 5.971803306420951 310
1740012361556 5.956931080366947 311
1740012361580 5.942255972311006 312
1740012361606 5.927775172374656 313
1740012361635 5.9134859149953565 314
1740012361661 5.899385478141903 315
1740012361686 5.8854711825452934 316
1740012361709 5.871740390944707 317
1740012361734 5.858190507348232 318
1740012361760 5.844818976308183 319
1740012361787 5.831623282210456 320
1740012361813 5.818600948577891 321
1740012361838 5.8057495373871 322
1740012361863 5.793066648398678 323
1740012361886 5.7805499185003635 324
1740012361913 5.768197021062968 325
1740012361938 5.756005665308742 326
1740012361964 5.7439735956919735 327
1740012361992 5.732098591291546 328
1740012362022 5.7203784652151395 329
1740012362046 5.708811064014938 330
1740012362070 5.697394267114505 331
1740012362096 5.6861259862466795 332
1740012362125 5.675004164902179 333
1740012362154 5.6640267777887265 334
1740012362179 5.653191830300524 335
1740012362202 5.642497357997756 336
1740012362225 5.63194142609602 337
1740012362250 5.621522128965379 338
1740012362277 5.611237589638941 339
1740012362303 5.601085959330673 340
1740012362328 5.591065416962322 341
1740012362352 5.581174168699229 342
1740012362376 5.571410447494821 343
1740012362400 5.56177251264371 344
1740012362428 5.55225864934306 345
1740012362459 5.542867168262225 346
1740012362484 5.533596405120333 347
1740012362508 5.524444720271772 348
1740012362531 5.515410498299338 349
1740012362557 5.506492147614946 350
1740012362585 5.497688100067692 351
1740012362614 5.488996810559179 352
1740012362639 5.480416756665896 353
1740012362664 5.471946438268555 354
1740012362688 5.463584377188241 355
1740012362714 5.4553291168291835 356
1740012362741 5.447179221828085 357
1740012362771 5.439133277709846 358
1740012362797 5.431189890549553 359
1740012362823 5.423347686640582 360
1740012362847 5.415605312168748 361
1740012362871 5.407961432892352 362
1740012362896 5.400414733827983 363
1740012362922 5.392963918941995 364
1740012362949 5.385607710847552 365
1740012362974 5.378344850507057 366
1740012362998 5.371174096939973 367
1740012363022 5.364094226935847 368
1740012363050 5.3571040347724175 369
1740012363079 5.3502023319388075 370
1740012363108 5.343387946863571 371
1740012363131 5.336659724647632 372
1740012363156 5.33001652680188 373
1740012363180 5.323457230989441 374
1740012363205 5.3169807307724914 375
1740012363233 5.3105859353635205 376
1740012363259 5.304271769380937 377
1740012363283 5.298037172609009 378
1740012363307 5.29188109976195 379
1740012363332 5.285802520252154 380
1740012363357 5.279800417962436 381
1740012363384 5.273873791022275 382
1740012363410 5.268021651587903 383
1740012363435 5.262243025626209 384
1740012363459 5.256536952702376 385
1740012363482 5.250902485771177 386
1740012363507 5.245338690971869 387
1740012363536 5.239844647426595 388
1740012363564 5.23441944704226 389
1740012363591 5.229062194315762 390
1740012363615 5.223772006142586 391
1740012363639 5.218548011628613 392
1740012363664 5.21338935190517 393
1740012363691 5.20829517994719 394
1740012363716 5.2032646603944395 395
1740012363741 5.198296969375808 396
1740012363764 5.193391294336503 397
1740012363788 5.188546833868197 398
1740012363814 5.183762797542006 399
1740012363841 5.179038405744256 400
1740012363869 5.174372889515008 401
1740012363895 5.169765490389282 402
1740012363918 5.165215460240903 403
1740012363942 5.16072206112897 404
1740012363965 5.156284565146848 405
1740012363991 5.151902254273648 406
1740012364018 5.147574420228194 407
1740012364045 5.143300364325372 408
1740012364070 5.1390793973348465 409
1740012364103 5.134910839342093 410
1740012364128 5.130794019611714 411
1740012364152 5.126728276452972 412
1740012364177 5.122712957087548 413
1740012364204 5.118747417519405 414
1740012364232 5.114831022406808 415
1740012364259 5.110963144936411 416
1740012364284 5.10714316669936 417
1740012364310 5.1033704775693955 418
1740012364335 5.099644475582967 419
1740012364359 5.0959645668212135 420
1740012364384 5.09233016529388 421
1740012364411 5.088740692825065 422
1740012364437 5.0851955789408345 423
1740012364467 5.081694260758569 424
1740012364492 5.078236182878137 425
1740012364515 5.074820797274735 426
1740012364539 5.071447563193488 427
1740012364566 5.068115947045675 428
1740012364594 5.064825422306612 429
1740012364623 5.061575469415122 430
1740012364647 5.058365575674635 431
1740012364670 5.055195235155779 432
1740012364694 5.052063948600563 433
1740012364719 5.048971223327998 434
1740012364744 5.0459165731412225 435
1740012364771 5.0428995182360765 436
1740012364802 5.039919585111104 437
1740012364827 5.036976306478915 438
1740012364852 5.034069221178967 439
1740012364876 5.03119787409165 440
1740012364901 5.0283618160537555 441
1740012364928 5.025560603775175 442
1740012364958 5.02279379975694 443
1740012364985 5.020060972210499 444
1740012365009 5.017361694978215 445
1740012365034 5.014695547455095 446
1740012365057 5.012062114511725 447
1740012365084 5.009460986418351 448
1740012365108 5.006891758770129 449
1740012365137 5.004354032413509 450
1740012365166 5.001847413373732 451
1740012365193 4.999371512783424 452
1740012365218 4.996925946812275 453
1740012365243 4.9945103365977515 454
1740012365266 4.992124308176899 455
1740012365292 4.989767492419097 456
1740012365318 4.987439524959899 457
1740012365346 4.985140046135814 458
1740012365372 4.982868700920056 459
1740012365397 4.98062513885929 460
1740012365421 4.978409014011283 461
1740012365445 4.976219984883512 462
1740012365469 4.974057714372639 463
1740012365496 4.971921869704927 464
1740012365523 4.9698121223774985 465
1740012365548 4.967728148100505 466
1740012365573 4.965669626740089 467
1740012365597 4.963636242262247 468
1740012365621 4.961627682677457 469
1740012365646 4.959643639986167 470
1740012365675 4.957683810125035 471
1740012365701 4.955747892914 472
1740012365725 4.953835592004095 473
1740012365749 4.951946614826014 474
1740012365772 4.950080672539448 475
1740012365798 4.94823747998315 476
1740012365826 4.946416755625703 477
1740012365851 4.944618221517031 478
1740012365877 4.942841603240579 479
1740012365900 4.941086629866207 480
1740012365923 4.939353033903736 481
1740012365948 4.9376405512572035 482
1740012365974 4.935948921179717 483
1740012366000 4.9342778862290055 484
1740012366027 4.932627192223565 485
1740012366053 4.930996588199471 486
1740012366077 4.929385826367761 487
1740012366104 4.927794662072482 488
1740012366130 4.926222853749254 489
1740012366160 4.924670162884506 490
1740012366189 4.923136353975235 491
1740012366214 4.921621194489334 492
1740012366238 4.920124454826523 493
1740012366262 4.918645908279778 494
1740012366287 4.917185330997343 495
1740012366314 4.91574250194525 496
1740012366342 4.914317202870392 497
1740012366368 4.912909218264082 498
1740012366393 4.911518335326144 499
