1739994814207 145.88211964198348 0
1739994814223 116.89867942994108 1
1739994814244 102.03544460014702 2
1739994814261 80.59024349571771 3
1739994814278 68.95929472370153 4
1739994814296 58.060798050803086 5
1739994814314 47.92387711857418 6
1739994814332 40.144275490713085 7
1739994814352 33.47930406281268 8
1739994814370 26.715173641206356 9
1739994814389 24.156338009166 10
1739994814407 19.51049009930762 11
1739994814425 16.848395733379906 12
1739994814444 13.460351755099376 13
1739994814461 11.915262396867645 14
1739994814479 9.631026518678683 15
1739994814497 8.773107489615835 16
1739994814516 6.461110378561383 17
1739994814533 5.698118384634119 18
1739994814553 4.457576054096038 19
1739994814571 3.853210642147132 20
1739994814589 3.481269816135648 21
1739994814606 3.104114292088245 22
1739994814623 2.622409388290715 23
1739994814639 1.90193363749649 24
1739994814655 1.707155100222055 25
1739994814671 1.390973978501448 26
1739994814687 1.1939062010212877 27
1739994814703 1.109757653154758 28
1739994814719 0.9375978442629033 29
1739994814734 0.71400747410686 30
1739994814750 0.5323508025066149 31
1739994814765 0.4811005296284193 32
1739994814780 0.5028023217647832 33
1739994814796 0.3952553901687609 34
1739994814814 0.386934536459392 35
1739994814832 0.4486119150176961 36
1739994814849 0.23711828634730658 37
1739994814865 0.17028177334175837 38
1739994814882 0.22327742969971248 39
1739994814898 0.17950799261252884 40
1739994814913 0.16198083143309439 41
1739994814929 0.22160964970620453 42
1739994814944 0.11378849280372735 43
1739994814960 0.11686469852454001 44
1739994814976 0.10788530200666256 45
1739994814992 0.13687789241771056 46
1739994815008 0.1178565250582204 47
1739994815024 0.18321102702294378 48
1739994815040 0.09522248981196134 49
1739994815057 0.12152851310928947 50
1739994815074 0.10724348452900956 51
1739994815092 0.12365174042325679 52
1739994815110 0.110361193095781 53
1739994815128 0.1061340867897548 54
1739994815145 0.10924086566904936 55
1739994815163 0.10483281747632105 56
1739994815181 0.07503364069374106 57
1739994815198 0.11477620943774074 58
1739994815215 0.15471375022920436 59
1739994815235 0.12168787336615851 60
1739994815251 0.11754668392796765 61
1739994815267 0.0985964508240401 62
1739994815283 0.13741054830666297 63
1739994815299 0.06776056562177384 64
1739994815315 0.10684852014927818 65
1739994815332 0.08581435752182372 66
1739994815347 0.1355097708227311 67
1739994815363 0.08101498233392598 68
1739994815380 0.08519838506610251 69
1739994815396 0.08396956064112401 70
1739994815414 0.09345507487021733 71
1739994815495 0.0988492686883617 72
1739994815518 0.09625798498939775 73
1739994815536 0.09741420379486176 74
1739994815553 0.08429104052116172 75
1739994815571 0.1319895488531068 76
1739994815587 0.12327559683889841 77
1739994815604 0.09003671734769127 78
1739994815621 0.10231782451779835 79
1739994815638 0.08238363022236934 80
1739994815655 0.08809247266954828 81
1739994815673 0.11831200356833878 82
1739994815690 0.15560925601719383 83
1739994815707 0.10947792637258057 84
1739994815723 0.09740420745099669 85
1739994815739 0.14939523791060413 86
1739994815755 0.11041866487234109 87
