1740008932416 31.97600871457002 0
1740008932442 5.945373236263255 1
1740008932471 1.9559634411787568 2
1740008932500 1.1214521878879586 3
1740008932531 0.7773765033805892 4
1740008932557 0.6325091496571978 5
1740008932587 0.6071004770997833 6
1740008932611 0.6972899957927918 7
1740008932636 0.4888551509591483 8
1740008932664 0.6059812027912517 9
1740008932688 0.5832975629614656 10
1740008932717 0.5538266646098262 11
1740008932741 0.5180849129671922 12
1740008932773 0.5238558621681154 13
1740008932802 0.48538102545961387 14
1740008932833 0.5665930388887515 15
1740008932861 0.5041200302833038 16
1740008932888 0.563396813157939 17
1740008932917 0.46998044567353897 18
1740008932945 0.6071934787789692 19
1740008932975 0.48017501498249565 20
1740008932999 0.5852316841466231 21
1740008933026 0.5788477622785574 22
1740008933054 0.5936581211843102 23
1740008933082 0.681272582706032 24
1740008933107 0.45150144086683164 25
1740008933131 0.6390326021855043 26
1740008933154 0.5183368923372585 27
1740008933180 0.5614750027166927 28
1740008933208 0.48875024641857573 29
1740008933234 0.5042370172018571 30
1740008933258 0.4233060371890977 31
1740008933281 0.671956404920124 32
1740008933310 0.4989940535838567 33
1740008933337 0.5134778905107338 34
1740008933361 0.5136113805096982 35
1740008933384 0.7194104697489537 36
1740008933409 0.6563582941168807 37
1740008933435 0.6035683450126432 38
1740008933461 0.5566996460758848 39
1740008933487 0.4961258186291286 40
1740008933513 0.5902451138376057 41
1740008933541 0.5828554222649136 42
1740008933567 0.5507915474825705 43
1740008933595 0.4690813041988207 44
