1740014566716 8.41172174666225 0
1740014566814 4.375678813757251 1
1740014566906 6.133747307099538 2
1740014567001 5.597868314029893 3
1740014567091 7.043737032070987 4
1740014567178 3.8607497930532975 5
1740014567269 3.4757431273679713 6
1740014567361 3.6494109442834994 7
1740014567456 7.019767580783423 8
1740014567544 6.3826595482385535 9
1740014567634 3.6386024635376626 10
1740014567727 3.6657877185010097 11
1740014567821 4.340208140420241 12
1740014567917 6.046930256001075 13
1740014568007 4.553526179967073 14
1740014568100 2.919300879983898 15
1740014568192 6.793257380516105 16
1740014568290 3.7982824394956967 17
1740014568383 3.2511896483741367 18
1740014568475 6.9383271228906125 19
1740014568567 6.515763480353188 20
1740014568654 5.368936090371958 21
1740014568775 3.286844021679883 22
1740014568867 4.139249597371124 23
1740014568962 4.906550265956197 24
1740014569061 3.807675447641535 25
1740014569154 4.636030226667646 26
1740014569242 8.058185864726122 27
1740014569329 5.136166376371317 28
1740014569420 1.9262860750606936 29
1740014569512 3.7822734149307613 30
1740014569606 5.545829662516119 31
1740014569703 3.3645357223992214 32
1740014569794 5.435645086726752 33
1740014569881 7.304332231699402 34
1740014569969 4.534255105584826 35
1740014570109 6.193699653394903 36
1740014570202 4.425967544926913 37
1740014570297 4.1423382245111515 38
1740014570394 4.369256664201784 39
1740014570483 5.270739377725676 40
1740014570572 3.1139038637074212 41
1740014570664 5.918905607083723 42
1740014570751 4.1394456908060855 43
1740014570839 5.745472970207887 44
1740014570931 4.851546339688306 45
1740014571023 2.511765690221965 46
1740014571118 5.568207409933903 47
1740014571205 6.2418165136276444 48
1740014571293 4.677839390248657 49
1740014571380 5.77606975958606 50
1740014571473 4.723831826704584 51
1740014571568 3.815053046628774 52
1740014571666 3.233841972398252 53
1740014571758 4.406826036841901 54
1740014571846 5.707547964090103 55
1740014571936 7.249499194786804 56
1740014572027 5.144870380703272 57
1740014572124 5.055944934783376 58
1740014572219 4.497235597420809 59
1740014572311 5.300219679225838 60
1740014572404 3.571254477048412 61
1740014572493 6.415909826383279 62
1740014572584 4.1820614987297615 63
1740014572676 3.0090183622683155 64
1740014572770 5.879143145299255 65
1740014572863 6.434069351922263 66
1740014572951 5.394337977705232 67
1740014573035 3.6431290207840026 68
1740014573125 5.134719765451202 69
1740014573218 3.2728799044392916 70
1740014573311 5.077556939840993 71
1740014573401 7.708537992530722 72
1740014573490 5.05134028795803 73
1740014573583 3.8898956149540123 74
1740014573677 7.300989268321926 75
1740014573768 7.353398248475662 76
1740014573857 3.411606203381006 77
1740014573945 5.880504539531562 78
1740014574033 3.421745088237488 79
1740014574127 4.781104539798808 80
1740014574221 2.305852433065078 81
1740014574312 5.885576042883084 82
1740014574406 3.8956832948661533 83
1740014574495 3.8904708294507278 84
1740014574584 4.095740546409677 85
1740014574677 2.7658719994562215 86
1740014574768 3.6752572858990114 87
1740014574857 5.086334595798066 88
1740014574946 3.7888558344480296 89
1740014575037 5.160733142996241 90
1740014575130 7.064079224127369 91
1740014575218 1.206692464121886 92
1740014575307 6.090705665594539 93
1740014575395 5.310695551736957 94
1740014575483 4.376420240106632 95
1740014575570 4.472174906867433 96
1740014575660 4.807110021917103 97
1740014575752 3.760236670917087 98
1740014575845 7.570260240796152 99
1740014575936 5.902087422742401 100
1740014576024 4.594947819746634 101
1740014576117 5.831870836703523 102
1740014576207 5.999939703996079 103
1740014576301 2.5804057418119624 104
1740014576394 4.745836286404731 105
1740014576494 3.1125988224053054 106
1740014576589 4.409851870114435 107
1740014576683 3.818918912471204 108
1740014576775 2.613373103628526 109
1740014576865 5.907298122889051 110
1740014576957 4.0749084685315475 111
1740014577046 3.771938250365641 112
1740014577135 5.233866904302183 113
1740014577228 3.976805335484721 114
1740014577322 2.3289024022657108 115
1740014577415 4.704339671430177 116
1740014577507 4.323317278361311 117
1740014577596 4.0269464095922265 118
1740014577692 4.627085946410545 119
1740014577781 0.7320592622644543 120
1740014577870 5.088305674591141 121
1740014577959 3.3337899248778857 122
1740014578050 2.1857445324581612 123
1740014578144 6.159667111656051 124
1740014578234 4.854830756383998 125
1740014578327 5.281527727034928 126
1740014578423 4.68458783973815 127
1740014578519 4.8226664157932975 128
1740014578614 4.9686760041411 129
1740014578707 8.105874137166303 130
1740014578795 3.710875998095632 131
1740014578890 5.227214884773655 132
1740014578983 3.030250651432573 133
1740014579075 5.137417901761939 134
1740014579171 4.253101109772638 135
1740014579262 4.853925784554341 136
1740014579351 4.355229556087258 137
1740014579443 2.4040420154625757 138
1740014579533 1.3527013632008924 139
1740014579624 4.119252565365755 140
1740014579715 6.038700838928719 141
1740014579803 3.1717887940208103 142
1740014579894 4.338303600976492 143
1740014579985 3.2996885069530335 144
1740014580076 2.1606605710187567 145
1740014580219 4.829867294964426 146
1740014580313 3.7479594738530384 147
1740014580401 5.162197792347658 148
1740014580498 4.697253638995733 149
1740014580586 4.442391473310258 150
1740014580677 4.9989441122018885 151
1740014580766 2.7869894555616637 152
1740014580861 3.594314863375117 153
1740014580952 1.9984374581147994 154
1740014581040 3.708905377650891 155
1740014581130 4.710382833416097 156
1740014581219 5.5269707030046344 157
1740014581309 5.51085729330416 158
1740014581400 4.901064595042233 159
1740014581491 5.879679184970125 160
1740014581579 4.5855434967526145 161
1740014581669 4.9579315449253265 162
1740014581760 5.4780938331302025 163
1740014581851 4.104059839266218 164
1740014581940 1.3889724182015504 165
1740014582025 3.9451863006877015 166
1740014582114 2.5299388732204866 167
1740014582204 5.669868767798237 168
1740014582297 3.9996931193477914 169
1740014582387 4.188185965080675 170
1740014582473 3.0504518754241765 171
1740014582568 5.783312782479038 172
1740014582659 2.9861693447427733 173
1740014582750 3.2640471414750687 174
1740014582836 3.302309464208649 175
1740014582926 4.350555012505178 176
1740014583019 4.4448488294032575 177
1740014583114 4.3653329973576325 178
1740014583205 5.16126060661943 179
1740014583293 4.356483683885655 180
1740014583383 4.908033489085785 181
1740014583475 7.1121713500975705 182
1740014583567 6.874272294440917 183
1740014583658 7.00459865011654 184
1740014583746 3.893803552022235 185
1740014583834 4.246736500458735 186
1740014583923 4.4200583050787285 187
1740014584016 10.892157065577518 188
1740014584108 5.227170129563807 189
1740014584195 4.747786252370578 190
1740014584283 5.480184572455247 191
1740014584373 4.179049728041802 192
1740014584465 6.961574493706976 193
1740014584565 4.07671198027457 194
1740014584662 3.0242798545094294 195
1740014584756 4.180099580303292 196
1740014584845 3.486669869026273 197
1740014584932 2.4113270570719374 198
1740014585021 4.431450169776774 199
1740014585111 2.4948485317880937 200
1740014585204 4.06150703883296 201
1740014585297 3.9629211090291974 202
1740014585387 5.137648196731422 203
1740014585478 3.7236667221862687 204
