1740009350476 34.75054657745846 0
1740009350498 6.575242409096272 1
1740009350525 2.1112404427639215 2
1740009350554 0.9950161915441698 3
1740009350580 0.9213978301110585 4
1740009350603 0.706996176250268 5
1740009350629 0.5443186529390903 6
1740009350654 0.6432418396259164 7
1740009350678 0.5038671586879057 8
1740009350701 0.5822449832079398 9
1740009350724 0.49033304156382646 10
1740009350750 0.6721098000659268 11
1740009350776 0.5519139939819475 12
1740009350799 0.438818512720763 13
1740009350825 0.46332001943486645 14
1740009350852 0.5996321404133872 15
1740009350877 0.5026268294068427 16
1740009350900 0.684226639243133 17
1740009350923 0.6490463843613097 18
1740009350946 0.6295177829860966 19
1740009350970 0.5326414767847101 20
1740009350993 0.6281618209635311 21
1740009351016 0.637441716514576 22
1740009351041 0.4872420704794565 23
1740009351068 0.4963514420274595 24
1740009351091 0.6612516418420991 25
1740009351114 0.551902566528744 26
1740009351138 0.5298163467420393 27
1740009351163 0.4874507502773162 28
1740009351186 0.5859890189295731 29
1740009351210 0.5394356923847424 30
1740009351234 0.6375099110091427 31
1740009351261 0.5839931540415307 32
1740009351287 0.71025913973118 33
1740009351310 0.6148974676134782 34
1740009351333 0.5775757110213233 35
1740009351359 0.569488603904683 36
1740009351382 0.531959027724278 37
1740009351405 0.6224844946825187 38
1740009351428 0.541575802267163 39
1740009351452 0.7181853014427307 40
1740009351477 0.588627345225662 41
1740009351499 0.5369428173388417 42
1740009351522 0.6988344008669035 43
1740009351548 0.5736767595716675 44
1740009351574 0.5464417018988839 45
1740009351599 0.6213092350002699 46
1740009351623 0.6107874936286029 47
1740009351648 0.6752665116985965 48
1740009351673 0.4937056598841969 49
1740009351696 0.7211014546515047 50
1740009351723 0.6331266605801145 51
1740009351748 0.6734181943321461 52
1740009351774 0.5702673314424879 53
1740009351798 0.5580756494098416 54
1740009351821 0.6102525212694472 55
1740009351845 0.6415021672669117 56
1740009351872 0.5812462864334094 57
1740009351898 0.5626211709742664 58
1740009351926 0.5220285202374113 59
1740009351950 0.5644368572918577 60
1740009351975 0.49667779428244463 61
1740009351999 0.4119563214726762 62
1740009352021 0.48027951357283244 63
1740009352049 0.532789303840313 64
1740009352076 0.35762962205886106 65
1740009352103 0.6354646550028024 66
1740009352214 0.48092917319605 67
1740009352238 0.6218171494941677 68
1740009352262 0.4693911035853629 69
1740009352288 0.6451741340528551 70
1740009352312 0.5179669729013932 71
1740009352336 0.5112604035608679 72
1740009352359 0.5415461941371037 73
1740009352382 0.6632609938670988 74
1740009352409 0.4995862125749469 75
1740009352433 0.5188824475849358 76
1740009352456 0.5759723537105425 77
1740009352479 0.5196273138071127 78
1740009352502 0.6878444482380388 79
1740009352528 0.4561251577988166 80
1740009352551 0.5696218592222227 81
1740009352577 0.6549624057128521 82
1740009352600 0.4900909205874465 83
1740009352628 0.4784766287663044 84
1740009352651 0.5827045882708461 85
1740009352676 0.583284485627787 86
1740009352701 0.4704948441140019 87
1740009352727 0.6246857605281283 88
1740009352751 0.5738212815470176 89
1740009352775 0.6579771121432544 90
1740009352798 0.6714578583120118 91
1740009352826 0.5679423884959858 92
1740009352849 0.5521842773440923 93
1740009352873 0.4731228427822494 94
1740009352895 0.5533921637207608 95
1740009352921 0.49512775235674594 96
1740009352944 0.6172941565153415 97
1740009352967 0.4529371091120421 98
1740009352990 0.5934777389557255 99
1740009353014 0.5096232923579203 100
1740009353039 0.5725320679723337 101
1740009353066 0.6859776500452566 102
1740009353090 0.6188822532008433 103
1740009353113 0.5901340723476529 104
1740009353137 0.7112277263834252 105
1740009353160 0.5562102594516383 106
1740009353186 0.4580898342961589 107
1740009353210 0.4974693374543823 108
1740009353237 0.6518236374013654 109
1740009353260 0.5935190162373762 110
1740009353284 0.5035807544833272 111
1740009353313 0.3877992451835176 112
1740009353337 0.47569975508566015 113
1740009353362 0.4387238950032847 114
1740009353385 0.5829213877029565 115
1740009353408 0.5861398937388057 116
1740009353434 0.41614393121568233 117
1740009353457 0.5588063238640589 118
1740009353481 0.6689555032401321 119
1740009353653 0.6295998673822557 120
1740009353682 0.5165648156565668 121
1740009353706 0.5611032054916844 122
1740009353732 0.510760721979542 123
1740009353761 0.5643261975224305 124
1740009353786 0.4899620490326849 125
1740009353808 0.6221638773923586 126
1740009353832 0.5103185033900802 127
1740009353856 0.5065464551854991 128
1740009353884 0.44677741935873283 129
1740009353907 0.5423832104636869 130
1740009353931 0.6001213235700663 131
1740009353954 0.5456455831039135 132
1740009353979 0.6190479526443565 133
1740009354003 0.5008098326248951 134
1740009354026 0.43323060557358395 135
1740009354049 0.6128445928581199 136
1740009354083 0.522667551785169 137
1740009354141 0.4515035979524794 138
1740009354167 0.5646537049889415 139
1740009354193 0.5099916116215077 140
1740009354216 0.5624888803486954 141
1740009354239 0.5580863596849193 142
1740009354263 0.5102198813234406 143
1740009354287 0.6135722253286015 144
1740009354309 0.5603897825547633 145
1740009354332 0.49154185885022045 146
1740009354355 0.5285894785756392 147
1740009354379 0.5046710547448101 148
1740009354403 0.5983336177792195 149
1740009354426 0.5406357801483329 150
1740009354448 0.6524556206075934 151
1740009354475 0.4429332919515713 152
1740009354500 0.557171840476431 153
1740009354533 0.5826190477059001 154
1740009354561 0.4750004979326766 155
1740009354590 0.5373531044790533 156
1740009354614 0.5780699631483149 157
1740009354637 0.44040398532331065 158
1740009354660 0.5934568630368351 159
1740009354684 0.5680726986228234 160
1740009354708 0.4607815897774412 161
1740009354731 0.5923392896777501 162
1740009354754 0.7021992648683698 163
1740009354780 0.6451130668106041 164
1740009354807 0.4695525572035097 165
1740009354830 0.5571706525225023 166
1740009354853 0.5469321231755886 167
1740009354877 0.4868027958116701 168
1740009354901 0.6176457414695032 169
1740009354925 0.6741980277667805 170
1740009354947 0.5999055533167525 171
1740009354970 0.5477042741803191 172
1740009354999 0.5779836999526815 173
1740009355024 0.5139961939958108 174
1740009355046 0.4849172043749684 175
1740009355074 0.6536679792127382 176
1740009355099 0.4665422781882343 177
1740009355121 0.572308552841439 178
1740009355145 0.629045225756827 179
1740009355168 0.5920977196796784 180
1740009355193 0.5488059495827292 181
1740009355217 0.49827934487345055 182
1740009355243 0.5213600712252126 183
1740009355269 0.5656120816816919 184
1740009355293 0.5335815029132047 185
1740009355318 0.5250846546992579 186
1740009355347 0.5737981379345305 187
1740009355372 0.543234442446544 188
1740009355399 0.5888125085312282 189
1740009355424 0.5164510655024986 190
1740009355447 0.5683268376553626 191
1740009355470 0.5952744091825611 192
1740009355494 0.609569016169466 193
1740009355520 0.6344102665693255 194
1740009355543 0.6305953804303963 195
1740009355568 0.5044249585985637 196
1740009355593 0.5587564189449352 197
1740009355617 0.5682196013091307 198
1740009355639 0.5538935982491882 199
1740009355662 0.51203925858969 200
1740009355686 0.6193235351478131 201
1740009355712 0.490741131409672 202
1740009355735 0.6392751544074241 203
1740009355758 0.4267363269382765 204
1740009355782 0.6298276467287326 205
1740009355805 0.5149181750474536 206
1740009355830 0.3969762776942252 207
1740009355854 0.7987171432371295 208
1740009355877 0.6252336589652185 209
1740009355906 0.6416832015939223 210
1740009355929 0.49348541567889065 211
1740009355952 0.5607121299380051 212
1740009355975 0.46421932817309025 213
1740009355998 0.7359539972515085 214
1740009356021 0.6364929849895488 215
1740009356044 0.6433457987432257 216
1740009356105 0.5211175843497563 217
1740009356133 0.49244935630655046 218
1740009356156 0.5184856988444299 219
1740009356180 0.6861409582384876 220
1740009356202 0.5147244593784781 221
1740009356226 0.47180158140316697 222
1740009356249 0.5735063927185438 223
1740009356272 0.5169727152811696 224
1740009356295 0.5967772129488446 225
1740009356320 0.5422598650546695 226
1740009356344 0.5108501655787546 227
1740009356367 0.4856419039406446 228
1740009356390 0.4713437987224359 229
1740009356413 0.7796977464086374 230
1740009356437 0.5245998335682711 231
1740009356460 0.5257527166550477 232
1740009356483 0.5539335249048624 233
1740009356505 0.6340053454838088 234
1740009356535 0.6996759213851573 235
1740009356558 0.5889912063614725 236
1740009356582 0.5988047556363024 237
1740009356605 0.6034861054389716 238
1740009356630 0.43305973665208597 239
1740009356652 0.47179652087509105 240
1740009356675 0.4872577032217815 241
1740009356697 0.5497174684640455 242
1740009356721 0.5812072537029639 243
1740009356745 0.47985179755014923 244
1740009356768 0.5517804126370167 245
1740009356791 0.5095722910982388 246
1740009356816 0.39866710723583537 247
1740009356841 0.6280414363508465 248
1740009356866 0.5600585284765042 249
1740009356891 0.4697292670665825 250
1740009356914 0.6149426048284449 251
1740009356941 0.6739618864784127 252
1740009356963 0.5409272112170711 253
1740009356986 0.6290484243204819 254
1740009357009 0.6064110052156475 255
1740009357034 0.5455544238700235 256
1740009357064 0.4954924587253241 257
1740009357093 0.5688584149884074 258
1740009357125 0.6244494586134913 259
1740009357151 0.49884865844461934 260
1740009357175 0.5156716366562997 261
1740009357198 0.686584956435388 262
1740009357221 0.45683846256796856 263
1740009357245 0.6163878503854784 264
1740009357268 0.5749358821286925 265
1740009357292 0.8017196721349036 266
1740009357315 0.47501478693591764 267
1740009357341 0.5042253205954738 268
1740009357366 0.6937733136055637 269
1740009357395 0.5183946500276264 270
1740009357418 0.5181247598916459 271
1740009357441 0.6926199378203922 272
1740009357464 0.5348923329241413 273
1740009357488 0.6376400250326533 274
1740009357510 0.4853901887082595 275
1740009357535 0.6211172819236495 276
1740009357559 0.5544032387374128 277
1740009357584 0.7131768004203667 278
1740009357607 0.5859575123670139 279
1740009357631 0.5291269704514329 280
1740009357654 0.5683842654920288 281
1740009357677 0.5696901133897011 282
1740009357699 0.5381577056858239 283
1740009357722 0.5924332221716849 284
1740009357750 0.5573149127265999 285
1740009357773 0.5258430418919322 286
1740009357795 0.5629055011950163 287
1740009357818 0.553407153813841 288
1740009357843 0.5689645413618887 289
1740009357865 0.6623537515335709 290
1740009357889 0.7793750456085037 291
1740009357913 0.4370746269779996 292
1740009357940 0.5755891207698423 293
1740009357962 0.6234546265861827 294
1740009357985 0.6643703775716704 295
1740009358008 0.6064001121254717 296
1740009358032 0.49671806875892255 297
1740009358056 0.5678369254040518 298
1740009358083 0.6431326404531542 299
1740009358106 0.5665108671418301 300
1740009358130 0.516077597423871 301
1740009358153 0.6521254141041886 302
1740009358178 0.6406650273534027 303
1740009358201 0.5899101326782307 304
1740009358227 0.605567130125145 305
1740009358252 0.7011581480172893 306
