1740017160326 74.84164261406038 0
1740017160356 32.456507507641355 1
1740017160384 14.309556642397443 2
1740017160415 5.83038023957011 3
1740017160442 2.3803781633841887 4
1740017160487 1.1221879736120317 5
1740017160514 0.7736900060763086 6
1740017160540 0.36798707841767725 7
1740017160568 0.29884857903406425 8
1740017160595 0.17524520697575105 9
1740017160625 0.15448899201516178 10
1740017160655 0.17205717509553498 11
1740017160690 0.09940503306672809 12
1740017160718 0.13430191721133886 13
1740017160745 0.1628493708035944 14
1740017160775 0.10193315857292654 15
1740017160805 0.12239618556978481 16
1740017160832 0.15122895129787314 17
1740017160858 0.14731443704201172 18
1740017160885 0.13594147463549638 19
1740017160912 0.14273452848140078 20
1740017160939 0.16220605449649864 21
1740017160966 0.1267512241544003 22
1740017160995 0.15477354092824633 23
1740017161021 0.18857946859141136 24
1740017161047 0.19376796200917143 25
1740017161079 0.2970327678382168 26
1740017161106 0.14424956884168927 27
1740017161133 0.11778118729001141 28
1740017161162 0.1368394464623383 29
1740017161190 0.12174397844771603 30
1740017161216 0.13357799482246208 31
1740017161242 0.17644380208175292 32
1740017161268 0.11679955534567651 33
1740017161298 0.1215744062071563 34
1740017161323 0.14227251372998057 35
1740017161350 0.17406595354054605 36
1740017161384 0.10406941793200881 37
1740017161410 0.1347205723871098 38
1740017161437 0.1239742292797144 39
1740017161466 0.13586937207082514 40
1740017161495 0.13759324059497824 41
1740017161523 0.07862710384404549 42
1740017161549 0.17856012077542635 43
1740017161581 0.07332284611642778 44
1740017161607 0.16918083903513387 45
1740017161634 0.1423970916098251 46
1740017161663 0.09220144948908802 47
1740017161696 0.17037928632950064 48
1740017161722 0.20489639625066633 49
1740017161748 0.1193658859435449 50
1740017161776 0.14040651944219631 51
1740017161802 0.17071580269505865 52
1740017161828 0.11720057329467372 53
1740017161855 0.11860252208548516 54
1740017161884 0.16228517014222266 55
1740017161911 0.16676823194737372 56
1740017161938 0.1866165614868268 57
1740017161969 0.18259704192949638 58
1740017161995 0.13994790939362495 59
1740017162021 0.12216593140532696 60
1740017162047 0.13342448770126908 61
1740017162075 0.14402580796463085 62
1740017162101 0.0861734856636811 63
1740017162127 0.11676821824876843 64
1740017162160 0.147270237110672 65
1740017162195 0.08524053719160586 66
1740017162284 0.11628377597598034 67
1740017162313 0.12313152286529282 68
1740017162339 0.19484840710623755 69
1740017162366 0.12244633817715132 70
1740017162393 0.12675885388450484 71
1740017162422 0.13937148634081184 72
1740017162448 0.13676846063443748 73
1740017162474 0.18508706682135398 74
1740017162504 0.1211813317968373 75
1740017162533 0.18436163330397382 76
1740017162560 0.1093511628250253 77
1740017162586 0.17531986344906236 78
1740017162618 0.19306303476906922 79
1740017162645 0.12333033123444612 80
1740017162671 0.14539982698293705 81
1740017162701 0.13447607008714824 82
1740017162727 0.1860071044427271 83
1740017162754 0.11899244604429725 84
1740017162781 0.14093489692774233 85
1740017162810 0.1324705377694151 86
1740017162836 0.14216021225744477 87
1740017162863 0.12154204685084205 88
1740017162891 0.1890036459643528 89
1740017162923 0.16026848467081883 90
1740017162949 0.14293865569740594 91
1740017162975 0.15219226358380017 92
1740017163002 0.1404470146928714 93
1740017163028 0.1727108154844446 94
1740017163054 0.12066065602856337 95
1740017163081 0.13439683526010932 96
1740017163110 0.10730175679660793 97
1740017163137 0.18991632201301972 98
1740017163166 0.17024654434081507 99
1740017163198 0.15232704770653047 100
1740017163225 0.1286595080366508 101
1740017163253 0.11342110838767124 102
1740017163280 0.10587578682404143 103
1740017163309 0.12110738223381669 104
1740017163335 0.12236092698312188 105
1740017163362 0.08802870401536807 106
1740017163391 0.19255648885695056 107
1740017163419 0.1317658510692348 108
1740017163445 0.11540901133513316 109
1740017163472 0.125398415953647 110
1740017163503 0.09515807597976779 111
1740017163529 0.15787096964753844 112
1740017163556 0.14953353988006 113
1740017163588 0.1817322680838638 114
1740017163615 0.14279905567445908 115
1740017163643 0.19478657612874886 116
1740017163669 0.11084521436916646 117
1740017163698 0.08823580329620985 118
1740017163726 0.11650981665388437 119
1740017163752 0.08589953953388008 120
1740017163780 0.11783315327076167 121
1740017163809 0.16606055992951574 122
1740017163835 0.15106424410192784 123
1740017163862 0.13951106928815768 124
1740017163894 0.15518586543732577 125
1740017163921 0.19520481265914344 126
1740017163947 0.18079444015027346 127
1740017163974 0.1550293340764471 128
1740017164001 0.13538886406798242 129
1740017164027 0.09847095504217866 130
1740017164053 0.06720770243191454 131
1740017164081 0.07926925110476978 132
1740017164110 0.13660525178659905 133
1740017164137 0.1316016041875189 134
1740017164165 0.10727597454694551 135
1740017164197 0.13756377532889183 136
1740017164224 0.14944138097144757 137
1740017164255 0.11175951641379608 138
1740017164283 0.12163807466825557 139
1740017164310 0.17737628762032295 140
1740017164336 0.22596635070855994 141
1740017164363 0.1411659866094869 142
1740017164397 0.2197925118763931 143
1740017164423 0.21622050515415592 144
1740017164450 0.13965444153292011 145
1740017164482 0.15187320707037488 146
1740017164516 0.06956140044843416 147
1740017164548 0.13966917101290427 148
1740017164576 0.19002974383960672 149
1740017164610 0.11377816531881572 150
1740017164639 0.13377568094013412 151
1740017164665 0.1182693166603099 152
1740017164693 0.1820951105311659 153
1740017164720 0.0939155002785002 154
1740017164746 0.13587416274349803 155
1740017164773 0.09100029865484602 156
1740017164804 0.13238909700604654 157
1740017164830 0.11110099774938274 158
1740017164856 0.16713639310533743 159
1740017164885 0.18950128456181584 160
1740017164913 0.13729791057517063 161
1740017164940 0.18162292105240657 162
1740017164966 0.1420272938938587 163
1740017164992 0.13673191189389391 164
1740017165019 0.16721027709510636 165
1740017165045 0.09935353480308305 166
1740017165072 0.1297959454338115 167
1740017165102 0.11949047986411301 168
1740017165129 0.11780651941959686 169
1740017165157 0.10217953207351417 170
1740017165189 0.11028305939913788 171
1740017165216 0.10991055960636718 172
1740017165242 0.16590056219187477 173
1740017165269 0.10416996033640766 174
1740017165296 0.15767662591997478 175
1740017165322 0.2411939856926762 176
1740017165349 0.12806433021875985 177
1740017165379 0.1958887894340851 178
1740017165408 0.15899418515458683 179
1740017165435 0.13033158791269644 180
1740017165461 0.1890525664985958 181
1740017165491 0.18013182128950242 182
1740017165518 0.15640100886585956 183
1740017165544 0.13845959121759252 184
1740017165571 0.12309565503232273 185
1740017165598 0.07070939336318383 186
1740017165624 0.09020620929526055 187
1740017165653 0.11545068275207188 188
1740017165691 0.09614714613612588 189
1740017165718 0.12414180946722561 190
1740017165745 0.10885865365578881 191
1740017165773 0.09957089342660097 192
1740017165800 0.151768714400822 193
1740017165826 0.14162575217849646 194
1740017165852 0.11778013403960515 195
1740017165879 0.11949131626421275 196
1740017165906 0.15272217743553038 197
1740017165933 0.14540666570962704 198
1740017165961 0.13209236425210463 199
1740017165992 0.1415586573365978 200
1740017166018 0.19524027165863858 201
1740017166044 0.11204731672862481 202
1740017166073 0.11474868274594381 203
1740017166100 0.16615253317688194 204
1740017166126 0.12416317223718916 205
1740017166156 0.13305155973211852 206
1740017166183 0.1299660635071852 207
1740017166209 0.11976810599488172 208
1740017166235 0.17439270440916538 209
1740017166265 0.12143773240743959 210
1740017166299 0.11415010238565775 211
1740017166325 0.17849846272971223 212
1740017166352 0.10593189755031623 213
1740017166380 0.14847331120066573 214
1740017166407 0.11655773417272257 215
1740017166434 0.16615059317872372 216
1740017166461 0.19826887644532615 217
1740017166488 0.0920283251226099 218
1740017166515 0.18369131443510214 219
1740017166542 0.10301689970434363 220
1740017166575 0.2351925924370306 221
1740017166601 0.16301667958534571 222
1740017166628 0.18494798862159315 223
1740017166656 0.1073367111460726 224
1740017166686 0.16373256045532714 225
1740017166714 0.15978866573957742 226
1740017166740 0.19301152824316303 227
1740017166771 0.11755415784858142 228
1740017166798 0.14057425479343436 229
1740017166824 0.1673291571944368 230
1740017166853 0.16279544096483095 231
1740017166881 0.15601523048989438 232
1740017166908 0.17355263728964318 233
1740017166935 0.13008748770601847 234
1740017166964 0.1571707057098079 235
1740017166990 0.135260395145617 236
1740017167018 0.1247027784308883 237
1740017167047 0.1726159085660651 238
1740017167078 0.13968492192643323 239
1740017167105 0.11693841072163576 240
1740017167132 0.1564425337342338 241
1740017167183 0.0930752116468935 242
1740017167214 0.11252821492318428 243
1740017167242 0.09441976036461179 244
1740017167274 0.1253571819880695 245
1740017167309 0.11716090001925267 246
1740017167337 0.08385418476229509 247
1740017167385 0.16883037070950135 248
1740017167463 0.12585512655076175 249
1740017167490 0.13662261017048682 250
1740017167520 0.11194368498453836 251
1740017167557 0.14395988711018237 252
1740017167587 0.2070735870370259 253
1740017167615 0.11639040005909897 254
1740017167644 0.09829061059230737 255
1740017167675 0.1650836199818741 256
1740017167703 0.16949226201669454 257
1740017167734 0.08252896368632144 258
1740017167769 0.13578216053805214 259
1740017167799 0.1646767201397365 260
1740017167827 0.16341571025605492 261
1740017167857 0.13048461421912064 262
1740017167889 0.0924051254735085 263
1740017167920 0.10899300193133184 264
1740017167948 0.17542054961547243 265
1740017167981 0.1341169452859432 266
1740017168014 0.10806891813861627 267
1740017168042 0.11657610083378227 268
1740017168073 0.2004244040482073 269
1740017168102 0.12580050883281926 270
1740017168137 0.11838844100004298 271
1740017168173 0.11446866299516688 272
1740017168209 0.08975883490492195 273
1740017168244 0.2660867272293877 274
1740017168280 0.20448867574039842 275
1740017168324 0.16126798079828567 276
1740017168355 0.152272614381822 277
1740017168386 0.14037233402613292 278
1740017168418 0.12801316290952833 279
1740017168447 0.14119706117014114 280
1740017168477 0.1544761959357034 281
1740017168505 0.10137405023091256 282
1740017168536 0.1442250579698662 283
1740017168564 0.11211100605853014 284
1740017168593 0.17451747480962976 285
