1740000073120 1.4876845170864794 0
1740000073219 0.1747143322605567 1
1740000073332 0.36256138025045986 2
1740000073467 0.2918947993410928 3
1740000073590 0.40914811488176334 4
1740000073682 0.9300121876590922 5
1740000073776 0.48630389631232174 6
1740000073866 0.05352269025826263 7
1740000073965 0.80519190376525 8
1740000074065 0.4944356608056604 9
1740000074164 0.4220641706630252 10
1740000074252 0.0002109479297016671 11
1740000074346 0.3869243927722976 12
1740000074440 0.6220918398659334 13
1740000074529 0.6393365674882235 14
1740000074616 0.29547830615712667 15
1740000074702 1.196414081696277 16
1740000074798 0.6843717125825621 17
1740000074909 0.5938092621870493 18
1740000075004 0.2909419908306736 19
1740000075096 1.0617251474019311 20
1740000075186 0.004652473834813976 21
1740000075280 0.07685758023274368 22
1740000075369 1.4103331374016557e-05 23
1740000075456 0.5773686147574822 24
1740000075546 0.5613462420684578 25
1740000075634 1.047984752959785 26
1740000075721 0.23500654370993795 27
1740000075870 0.02283552145035322 28
1740000075968 0.3341679838529923 29
1740000076063 0.1512426695150808 30
1740000076155 0.37134727005392254 31
1740000076245 0.6588974878242683 32
1740000076337 1.3257646099808207 33
1740000076430 0.598918537375728 34
1740000076523 0.6109497340357343 35
1740000076617 0.6657174266345884 36
1740000076706 0.5986325771071181 37
1740000076793 0.11498374719260299 38
1740000076882 0.08288292328266691 39
1740000076969 0.20010300583140378 40
1740000077060 0.21824648996146978 41
1740000077152 0.5359531714106998 42
1740000077240 0.5318719105110075 43
1740000077330 0.3594438984803138 44
1740000077420 1.354651020757738 45
1740000077537 0.7680138064444222 46
1740000077627 0.02734815569233607 47
1740000077714 1.0684062401813115 48
1740000077811 0.6148318453338442 49
1740000077907 0.011223856975886674 50
1740000078000 0.6684970324924462 51
1740000078104 0.13638258372352446 52
1740000078197 0.05804165807319653 53
1740000078292 0.14823955584583945 54
1740000078386 1.5810328190243086 55
1740000078475 0.3290098491456819 56
1740000078565 0.5174361941454226 57
1740000078657 0.7896687853938149 58
1740000078747 0.6628476921668651 59
1740000078836 0.01979726951380117 60
1740000078923 1.2714416089567087 61
1740000079011 0.0005458681063725764 62
1740000079100 0.3016509383491798 63
1740000079189 1.4807560496188712 64
1740000079279 0.051078673472170905 65
1740000079367 1.5061742874749695 66
1740000079455 0.6581473840331895 67
1740000079544 0.5181848745831525 68
1740000079633 0.375050912610103 69
1740000079722 0.7122114457229562 70
1740000079814 0.7227208028187379 71
1740000079905 0.27719869464228675 72
1740000079993 0.8952991564046073 73
1740000080081 0.00020309283855930396 74
1740000080168 0.31119343079184836 75
1740000080257 0.7947496774398211 76
1740000080346 1.1202985243907655 77
1740000080436 0.41865631497934913 78
1740000080524 0.3803808729303479 79
1740000080614 0.03575306694623516 80
1740000080703 0.2178065146922487 81
1740000080792 0.2883905487505302 82
1740000080879 1.5792976789918418 83
1740000080967 0.7412376953394322 84
1740000081057 0.6034136035337062 85
1740000081148 0.3883555572225935 86
1740000081238 0.9485405041909994 87
1740000081326 0.20699205403897725 88
1740000081418 0.3742176877746332 89
1740000081508 1.0220820514999163 90
1740000081598 0.9201640534914511 91
1740000081688 0.8624480608406256 92
1740000081784 0.4641997413879183 93
1740000081870 0.340899955278681 94
1740000081962 1.891318274925569 95
1740000082049 0.6453604712101059 96
1740000082136 0.8081931455396516 97
1740000082226 0.46364919314885555 98
1740000082316 0.327904112479728 99
1740000082404 0.02034251188933051 100
1740000082492 0.4659113268426729 101
1740000082583 0.5250601293724363 102
1740000082672 0.1806443880965071 103
1740000082765 0.09910904179571157 104
1740000082855 1.2529803017656773 105
1740000082941 0.10474069495962776 106
1740000083029 0.8944172175268684 107
1740000083119 0.12665715957400778 108
1740000083209 1.2969702660264653 109
1740000083298 0.8706340288389803 110
1740000083386 0.062027582706342406 111
1740000083473 0.2761038006712706 112
1740000083562 0.8196328373882941 113
1740000083650 0.2993130188776343 114
1740000083738 1.2754702812062841 115
1740000083835 0.16790316538150946 116
1740000083926 0.42053834665610235 117
1740000084021 0.8409720355489982 118
1740000084110 1.4967377764258394 119
1740000084199 0.011648407963441142 120
1740000084289 0.6503283968579198 121
1740000084377 0.5454678642352192 122
1740000084465 0.4402931928147572 123
1740000084553 0.2382204105652795 124
1740000084641 0.03715771927337383 125
1740000084727 0.9510821781796491 126
1740000084824 0.7368503866817298 127
1740000084913 0.4200393356289692 128
1740000084999 0.8028899074483308 129
1740000085086 0.1783469139448564 130
1740000085174 0.16292044260812638 131
1740000085263 0.12912678117874976 132
1740000085351 1.4712072324986292 133
1740000085440 0.9566885187372804 134
1740000085531 0.1287886796318287 135
1740000085619 1.0864702419934467 136
1740000085708 0.19453547845666383 137
1740000085799 0.024643678265586808 138
1740000085890 1.2135466350363002 139
1740000085979 1.0360276989608201 140
1740000086083 0.003557698475260069 141
1740000086174 0.9288957496065139 142
1740000086262 0.29562706917592196 143
1740000086350 0.24483633664169238 144
1740000086438 0.622139501098737 145
1740000086529 0.865090029624702 146
1740000086618 0.029762081684722906 147
1740000086706 1.0160790448821269 148
1740000086796 0.11665509607316009 149
1740000086886 0.031687981535382985 150
1740000086975 0.9798862531735448 151
1740000087063 1.1359461902180459 152
1740000087152 0.37947734811951284 153
1740000087242 0.4911159892711871 154
1740000087330 0.477110672587063 155
1740000087417 0.3506228439849074 156
1740000087504 1.3413589582614747 157
1740000087592 0.3778762949406116 158
1740000087680 1.1691867596341572 159
1740000087774 0.3992299358472637 160
1740000087871 0.04744911842428989 161
1740000087959 0.4113687093135774 162
1740000088053 0.29327709974333427 163
1740000088141 0.08051220731108172 164
1740000088231 1.0707382534738992 165
1740000088320 0.6777696947615292 166
1740000088409 1.3088822490243937 167
1740000088497 0.8279674560221066 168
1740000088586 0.8153571496197844 169
1740000088675 1.4384875719943027 170
1740000088766 0.1618919336906075 171
1740000088857 0.7476661011921095 172
1740000088946 0.18230050212864818 173
1740000089038 0.006276110649987146 174
1740000089128 0.020962558213325856 175
1740000089217 0.48992317664331847 176
1740000089307 0.24068640083137638 177
1740000089394 0.4686510267610006 178
1740000089485 0.3292551358095651 179
1740000089574 0.1354967413222109 180
1740000089661 0.8951602923635747 181
1740000089752 0.03030167336802992 182
1740000089839 0.3268116002389477 183
1740000089928 1.403454365184549 184
1740000090016 2.0555447125918387 185
1740000090110 0.2402263014928326 186
1740000090198 0.07060194661568212 187
1740000090286 0.019035245569497976 188
1740000090373 0.379804754220652 189
1740000090461 0.6774399845554827 190
1740000090550 0.15438646061525674 191
1740000090637 0.006144138728068258 192
1740000090727 0.31577408846968047 193
1740000090820 1.1037433384256714 194
1740000090906 1.1056359301474357 195
1740000090995 0.09308208357917995 196
1740000091086 0.21668862917122766 197
1740000091175 1.7211774894928777 198
1740000091263 0.352884891611577 199
1740000091351 0.6973849078783886 200
1740000091441 0.003086635402788239 201
1740000091535 0.45567917521256673 202
1740000091625 0.4821796469245983 203
1740000091717 0.2503529149227841 204
1740000091815 1.0968315206494232 205
1740000091909 0.08935535657779914 206
1740000092000 0.0006285816030318868 207
1740000092100 1.6275244072029245 208
1740000092192 0.04328317355934224 209
1740000092283 0.5122134151811369 210
1740000092376 0.8514870275278911 211
1740000092465 0.5601945263908452 212
1740000092555 1.4424554576833823 213
1740000092642 0.43941161346922164 214
1740000092728 1.6775500575140196 215
1740000092821 0.3724412429742835 216
1740000092910 0.001938161946091168 217
1740000092997 0.555180660673666 218
1740000093086 0.3222676414655874 219
1740000093177 1.944045156539568 220
1740000093267 1.2772889125117823 221
1740000093354 0.022406223565883718 222
1740000093442 0.5911897835939788 223
1740000093531 0.6983810448796537 224
1740000093618 1.7482548092129673 225
1740000093705 1.524240914778772 226
1740000093797 0.2086458742718045 227
1740000093885 0.7912748348510443 228
1740000093976 0.506194963011422 229
1740000094064 0.23576106886065984 230
1740000094158 0.029168251797744113 231
1740000094248 0.2792793946750562 232
1740000094400 1.3698296058920545 233
1740000094489 0.7827512317296756 234
1740000094580 0.2540055767646043 235
1740000094668 0.4980995827963665 236
1740000094762 0.00989500084122782 237
1740000094852 0.28676499559997803 238
1740000094940 0.31464240597653176 239
1740000095029 0.956589318570837 240
1740000095118 0.4835191616336402 241
1740000095206 0.8431325295957615 242
1740000095299 1.6634801340806729 243
1740000095386 0.3871106316408101 244
1740000095474 0.5469121281977026 245
1740000095564 0.4418353785172209 246
1740000095652 0.31745898159495917 247
1740000095739 0.8877263398770754 248
1740000095833 0.4854162435258627 249
1740000095921 0.3862490469749298 250
1740000096008 0.8848521498322561 251
1740000096102 0.6640458872079986 252
1740000096208 0.3876177631397602 253
1740000096298 1.0353034257327645 254
1740000096386 1.562476972061074 255
1740000096475 0.20989783082184643 256
1740000096563 0.20070233769292162 257
1740000096650 0.19276267872914152 258
1740000096737 0.4486437776724455 259
1740000096836 0.6879965599056113 260
1740000096923 0.11516418093005007 261
1740000097010 1.6962477348824159 262
1740000097099 0.3110920934529311 263
1740000097190 0.912214411053086 264
1740000097281 0.3200189587827213 265
1740000097372 0.43323414413164274 266
1740000097460 0.3670189710044998 267
1740000097550 0.8184919537908141 268
1740000097640 1.0722572497772063 269
1740000097728 1.8573717395280775 270
1740000097817 0.5567577564358487 271
1740000097904 0.21655084092683974 272
1740000097992 0.31716910266716497 273
1740000098083 0.473153486776841 274
1740000098172 0.2532047954243998 275
1740000098267 0.9307424912062481 276
1740000098358 1.2341415123185207 277
1740000098445 0.6672869554565879 278
1740000098533 0.18177139056777228 279
1740000098621 2.003693362135318 280
1740000098707 2.065883810090037 281
1740000098797 0.8559046135285178 282
1740000098886 0.6235924984522083 283
1740000098974 0.0523839816199672 284
1740000099062 0.4788370152046291 285
1740000099150 1.4595997913217689 286
1740000099239 0.09251972034112155 287
1740000099328 0.5328975834473444 288
1740000099418 1.0706294176710889 289
1740000099506 0.21507122089531372 290
1740000099593 0.4355473534870313 291
1740000099682 0.499617452290814 292
1740000099774 0.1909620021291755 293
1740000099867 0.034500746791241425 294
1740000099961 0.43799099689755205 295
1740000100056 0.16440885172699551 296
1740000100146 0.03457824993605919 297
1740000100235 0.002064209385583873 298
1740000100330 0.4077930021354955 299
1740000100418 0.9013772155693346 300
1740000100506 0.15383204959468208 301
1740000100595 0.5617564493350976 302
1740000100683 2.241756837807315 303
1740000100773 0.7031132783739826 304
1740000100865 0.4067479619968696 305
1740000100951 0.2666926784851052 306
1740000101039 0.36204002721259965 307
1740000101128 0.1871276711543727 308
1740000101215 0.28254227453504577 309
1740000101302 0.2380259105039173 310
1740000101389 0.6988464064936614 311
1740000101477 0.03254956750997049 312
1740000101569 0.010862882207519181 313
1740000101657 1.7461064720944421 314
1740000101748 0.2513095256610316 315
1740000101839 0.7687639537828054 316
1740000101926 2.0734001007418765 317
1740000102014 0.01318081763664833 318
1740000102103 0.4753502000678906 319
1740000102191 1.1429004386382173 320
1740000102283 0.7540559215080926 321
1740000102376 0.6814017457884309 322
1740000102463 1.1915370438692445 323
1740000102557 0.3944817771545705 324
1740000102645 0.361120068376856 325
1740000102739 0.005927817049386836 326
1740000102839 0.4963837515093683 327
1740000102940 0.21442739616865208 328
1740000103032 0.18088949739497318 329
1740000103121 1.4936200726302378 330
1740000103209 2.6638816880738405 331
1740000103298 0.8417917677715167 332
1740000103388 0.3691793374913524 333
1740000103476 0.3734570798539641 334
1740000103568 0.7976336953337094 335
1740000103657 0.39995299252515987 336
1740000103750 0.5402415543829422 337
1740000103841 0.5295977664445376 338
1740000103934 0.11461576970638532 339
1740000104022 0.48394681780340637 340
1740000104112 0.33971174060217096 341
1740000104200 0.7218538844299612 342
1740000104290 0.4594607869300735 343
1740000104384 1.153009789563811 344
1740000104472 0.08770579855368063 345
1740000104559 0.7948570101304135 346
1740000104647 0.24281621028019476 347
1740000104742 0.4106648407392896 348
1740000104837 0.7294126581395131 349
1740000104926 2.0476477984765885e-05 350
1740000105020 1.105785972235782 351
1740000105109 0.9439602024734325 352
1740000105196 1.461166917965128 353
1740000105284 0.38921412005167505 354
1740000105371 0.3457919905882527 355
1740000105459 0.9031066379656505 356
1740000105550 0.4667534051732678 357
1740000105641 0.4306831050571291 358
1740000105729 1.1325878923871497 359
1740000105822 1.32763662980679 360
1740000105991 0.6550799904479246 361
1740000106082 1.1743911123108777 362
1740000106172 0.5813811423046262 363
1740000106272 0.7508925396979298 364
1740000106373 0.763134015478571 365
1740000106464 0.993886761558036 366
1740000106563 0.5309624390475948 367
1740000106661 0.028267668020713635 368
1740000106766 0.6486919175412093 369
1740000106859 3.7712544569142543 370
1740000106947 2.4786516802868577 371
1740000107034 1.1020118663208107 372
1740000107122 0.2306349362536996 373
1740000107210 0.45057399037520207 374
1740000107300 0.0023994429211178408 375
1740000107389 1.0779139497191512 376
1740000107478 0.7281285187741137 377
1740000107566 0.6537945718362241 378
1740000107654 0.06143062266927874 379
1740000107746 0.8176352985407381 380
1740000107836 0.09567716663998538 381
1740000107935 0.21004957779089428 382
1740000108022 0.4538883201642121 383
1740000108109 0.4059592900271412 384
1740000108199 1.2110316350843104 385
1740000108286 0.6264189118478978 386
1740000108375 0.205148212889702 387
1740000108474 0.8523874873112484 388
1740000108563 0.8700035362715456 389
1740000108650 0.8584859241241036 390
1740000108741 1.0228357447835266 391
1740000108833 1.1011478113620714 392
1740000108919 0.5373041317468081 393
1740000109006 0.8250121036102591 394
1740000109096 1.4477736054363537 395
1740000109185 0.7963929161443971 396
1740000109274 0.29881770915592054 397
1740000109361 0.3731670247860911 398
1740000109450 0.18616347485748552 399
1740000109539 2.210042441866725 400
1740000109627 0.46223364211730844 401
1740000109714 0.9368713481878118 402
1740000109805 0.06649565034330696 403
1740000109894 0.11785389861136747 404
1740000109982 0.11689743599297131 405
1740000110069 0.02654768482169157 406
1740000110158 0.49853539154748383 407
1740000110245 0.19366294607922396 408
1740000110332 0.5134819620141332 409
1740000110423 0.9913079339827829 410
1740000110517 0.5849956001058421 411
1740000110604 0.0009977903518986425 412
1740000110692 0.8641275179683297 413
1740000110781 1.4354595715423935 414
1740000110872 0.16866258457784344 415
1740000110960 0.4506991972745363 416
1740000111050 1.2761240563802656 417
1740000111139 1.6979126445283985 418
1740000111226 1.5539519756029596 419
1740000111314 0.6838331518943059 420
1740000111403 0.03126737862083658 421
1740000111490 0.4370002041231116 422
1740000111581 0.7704898151605913 423
1740000111671 0.278873384026886 424
1740000111763 0.26081539949814014 425
1740000111853 0.30971814282804816 426
1740000111940 0.5282040101311469 427
1740000112028 0.8203293960238041 428
1740000112116 0.45128896460798557 429
1740000112203 1.1458489706502923 430
1740000112291 0.008544994809868263 431
1740000112380 1.1271942149747638 432
1740000112472 0.38633035090494094 433
1740000112566 0.8854414216841959 434
1740000112655 0.046581498169558214 435
1740000112746 1.28028207121087 436
1740000112838 0.8968484321845488 437
1740000112927 0.6294051373835393 438
1740000113014 0.3787575236931472 439
1740000113102 0.45582676969320435 440
1740000113191 1.2212189050954265 441
1740000113281 0.015425187389858543 442
1740000113370 2.2936001032150917 443
1740000113457 0.059458669483442084 444
1740000113546 0.09988140251402296 445
1740000113633 0.9761036444475525 446
1740000113721 0.35364182105588 447
1740000113813 0.14590112866855584 448
1740000113902 0.4892264568026162 449
1740000113993 0.09883624993897364 450
1740000114081 0.20211312766546624 451
1740000114169 1.1468424436042077 452
1740000114259 0.973373516243492 453
1740000114347 0.5074293300060565 454
1740000114436 0.014449577573564897 455
1740000114531 0.22046354266732301 456
1740000114619 0.1043822392854063 457
1740000114706 0.34008412682527006 458
1740000114795 0.9426871038652642 459
1740000114884 0.7819901102913409 460
1740000114975 0.520604149052198 461
1740000115062 0.8094276466833195 462
1740000115149 0.8590068290088927 463
1740000115238 0.3668277952568458 464
1740000115325 0.5595231871852817 465
1740000115412 0.35477544215014395 466
1740000115500 0.6893433800354705 467
1740000115588 0.025939530495028562 468
1740000115676 0.12176212932767286 469
1740000115766 1.2326070878091016 470
1740000115856 2.018986677689569 471
1740000115943 0.9654693898094953 472
1740000116033 0.8380459522394836 473
1740000116124 0.5407368573853928 474
1740000116211 0.6206527833829798 475
1740000116299 0.32101485644421923 476
1740000116408 0.4427051098526186 477
1740000116501 0.2798973365773858 478
1740000116597 0.13627520697888007 479
1740000116687 0.5730180805964135 480
1740000116778 0.13796194524385574 481
1740000116867 0.2163655376234056 482
1740000116955 0.6095058783954764 483
1740000117047 0.5358069058758518 484
1740000117136 0.8740318690178032 485
1740000117227 0.15528625854905656 486
1740000117316 0.32123293121104507 487
1740000117404 0.3256914212483769 488
1740000117494 0.40606482359635254 489
1740000117583 0.07389038998679978 490
1740000117671 0.06650532036895743 491
1740000117763 0.8547030477442497 492
1740000117852 1.1004366608898 493
1740000117943 0.8465078780288151 494
1740000118040 0.5649163619469595 495
1740000118135 0.07269287179881341 496
1740000118224 0.3751309865864124 497
1740000118322 0.9854702466394548 498
1740000118413 0.2830209887412765 499
