1739997836439 178.4538505319045 0
1739997836456 178.41776691448894 1
1739997836476 178.38169077018296 2
1739997836494 178.34562209741998 3
1739997836511 178.30956089463382 4
1739997836530 178.27350716025848 5
1739997836547 178.23746089272842 6
1739997836563 178.20142209047836 7
1739997836580 178.16539075194342 8
1739997836597 178.12936687555896 9
1739997836614 178.0933504597607 10
1739997836633 178.0573415029848 11
1739997836651 178.02134000366755 12
1739997836670 177.98534596024575 13
1739997836689 177.9493593711564 14
1739997836705 177.91338023483692 15
1739997836725 177.87740854972506 16
1739997836742 177.84144431425878 17
1739997836758 177.80548752687656 18
1739997836777 177.76953818601703 19
1739997836793 177.7335962901192 20
1739997836810 177.69766183762255 21
1739997836827 177.66173482696666 22
1739997836844 177.62581525659164 23
1739997836860 177.58990312493782 24
1739997836876 177.55399843044583 25
1739997836892 177.51810117155674 26
1739997836910 177.4822113467119 27
1739997836927 177.4463289543529 28
1739997836943 177.41045399292182 29
1739997836960 177.37458646086097 30
1739997836976 177.338726356613 31
1739997836992 177.30287367862087 32
1739997837008 177.267028425328 33
1739997837025 177.23119059517788 34
1739997837044 177.19536018661458 35
1739997837061 177.15953719808238 36
1739997837079 177.12372162802592 37
1739997837098 177.08791347489014 38
1739997837115 177.05211273712035 39
1739997837136 177.0163194131621 40
1739997837154 176.98053350146145 41
1739997837170 176.94475500046454 42
1739997837187 176.90898390861804 43
1739997837203 176.87322022436894 44
1739997837223 176.83746394616435 45
1739997837242 176.80171507245194 46
1739997837259 176.7659736016796 47
1739997837275 176.73023953229557 48
1739997837292 176.69451286274847 49
1739997837309 176.65879359148707 50
1739997837326 176.62308171696074 51
1739997837343 176.5873772376189 52
1739997837359 176.55168015191148 53
1739997837375 176.51599045828868 54
1739997837392 176.48030815520107 55
1739997837410 176.44463324109944 56
1739997837426 176.408965714435 57
1739997837444 176.37330557365928 58
1739997837460 176.33765281722404 59
1739997837476 176.30200744358157 60
1739997837492 176.26636945118432 61
1739997837509 176.23073883848502 62
1739997837526 176.19511560393693 63
1739997837543 176.1594997459935 64
1739997837559 176.12389126310842 65
1739997837575 176.08829015373595 66
1739997837592 176.05269641633052 67
1739997837609 176.01711004934685 68
1739997837649 175.98153105124007 69
1739997837669 175.9459594204656 70
1739997837689 175.9103951554792 71
1739997837706 175.87483825473706 72
1739997837724 175.83928871669536 73
1739997837745 175.80374653981104 74
1739997837762 175.76821172254105 75
1739997837779 175.73268426334283 76
1739997837795 175.69716416067408 77
1739997837813 175.6616514129928 78
1739997837831 175.62614601875737 79
1739997837848 175.59064797642657 80
1739997837867 175.55515728445923 81
1739997837884 175.51967394131486 82
1739997837900 175.48419794545305 83
1739997837917 175.44872929533375 84
1739997837934 175.41326798941736 85
1739997837952 175.3778140261645 86
1739997837969 175.34236740403608 87
1739997837985 175.30692812149343 88
1739997838001 175.27149617699817 89
1739997838017 175.23607156901224 90
1739997838034 175.20065429599785 91
1739997838052 175.16524435641767 92
1739997838068 175.12984174873455 93
1739997838084 175.0944464714118 94
1739997838100 175.0590585229129 95
1739997838116 175.02367790170175 96
1739997838133 174.9883046062426 97
1739997838152 174.95293863499998 98
1739997838169 174.91757998643874 99
1739997838185 174.88222865902404 100
1739997838202 174.84688465122144 101
1739997838218 174.8115479614967 102
1739997838239 174.77621858831603 103
1739997838257 174.7408965301459 104
1739997838274 174.70558178545312 105
1739997838290 174.6702743527048 106
1739997838305 174.63497423036839 107
1739997838321 174.59968141691166 108
1739997838340 174.56439591080274 109
1739997838357 174.52911771051 110
1739997838373 174.49384681450223 111
1739997838389 174.4585832212485 112
1739997838405 174.42332692921818 113
1739997838421 174.38807793688093 114
1739997838440 174.3528362427069 115
1739997838458 174.31760184516634 116
1739997838475 174.28237474273 117
1739997838491 174.2471549338689 118
1739997838507 174.2119424170543 119
1739997838524 174.17673719075796 120
1739997838541 174.14153925345173 121
1739997838557 174.10634860360796 122
1739997838573 174.07116523969927 123
1739997838589 174.03598916019862 124
1739997838605 174.00082036357927 125
1739997838621 173.96565884831475 126
1739997838638 173.93050461287902 127
1739997838654 173.89535765574632 128
1739997838670 173.86021797539118 129
1739997838687 173.82508557028848 130
1739997838705 173.78996043891343 131
1739997838723 173.75484257974153 132
1739997838743 173.7197319912486 133
1739997838760 173.68462867191087 134
1739997838777 173.64953262020478 135
1739997838793 173.61444383460713 136
1739997838809 173.57936231359503 137
1739997838826 173.544288055646 138
1739997838843 173.50922105923775 139
1739997838859 173.4741613228484 140
1739997838875 173.43910884495634 141
1739997838892 173.40406362404033 142
1739997838908 173.36902565857937 143
1739997838925 173.33399494705293 144
1739997838942 173.29897148794066 145
1739997838958 173.26395527972255 146
1739997838974 173.22894632087898 147
1739997838990 173.19394460989056 148
1739997839007 173.15895014523835 149
1739997839023 173.1239629254036 150
1739997839041 173.08898294886794 151
1739997839057 173.05401021411328 152
1739997839073 173.01904471962197 153
1739997839090 172.98408646387654 154
1739997839106 172.94913544535984 155
1739997839122 172.9141916625552 156
1739997839141 172.87925511394607 157
1739997839158 172.84432579801643 158
1739997839174 172.80940371325033 159
1739997839191 172.77448885813237 160
1739997839207 172.73958123114733 161
1739997839224 172.7046808307804 162
1739997839242 172.669787655517 163
1739997839258 172.63490170384293 164
1739997839275 172.6000229742443 165
1739997839291 172.56515146520752 166
1739997839307 172.53028717521937 167
1739997839324 172.49543010276685 168
1739997839343 172.46058024633737 169
1739997839362 172.42573760441866 170
1739997839378 172.39090217549872 171
1739997839395 172.35607395806585 172
1739997839411 172.3212529506088 173
1739997839427 172.28643915161646 174
1739997839444 172.25163255957816 175
1739997839460 172.2168331729835 176
1739997839477 172.1820409903225 177
1739997839493 172.1472560100853 178
1739997839511 172.11247823076255 179
1739997839528 172.07770765084504 180
1739997839544 172.04294426882413 181
1739997839561 172.00818808319121 182
1739997839578 171.9734390924382 183
1739997839594 171.9386972950573 184
1739997839610 171.90396268954092 185
1739997839628 171.86923527438188 186
1739997839645 171.83451504807326 187
1739997839661 171.7998020091086 188
1739997839677 171.76509615598158 189
1739997839694 171.7303974871863 190
1739997839710 171.6957060012171 191
1739997839728 171.6610216965688 192
1739997839747 171.62634457173633 193
1739997839765 171.59167462521506 194
1739997839783 171.55701185550066 195
1739997839799 171.52235626108913 196
1739997839815 171.4877078404767 197
1739997839833 171.4530665921601 198
1739997839850 171.41843251463615 199
1739997839866 171.38380560640218 200
1739997839883 171.34918586595572 201
1739997839899 171.31457329179463 202
1739997839915 171.27996788241714 203
1739997839935 171.2453696363218 204
1739997839955 171.21077855200738 205
1739997839973 171.1761946279731 206
1739997839990 171.14187765644027 207
1739997840007 171.1075677628326 208
1739997840026 171.0732649456694 209
1739997840043 171.03896920347046 210
1739997840062 171.00468053475572 211
1739997840080 170.97039893804558 212
1739997840097 170.93612441186067 213
1739997840114 170.901856954722 214
1739997840133 170.86759656515076 215
1739997840152 170.8333432416686 216
1739997840172 170.79909698279735 217
1739997840191 170.7648577870593 218
1739997840209 170.7306256529769 219
1739997840228 170.696400579073 220
1739997840250 170.66218256387074 221
1739997840269 170.6279716058936 222
1739997840287 170.59376770366532 223
1739997840304 170.55957085571 224
1739997840322 170.525381060552 225
1739997840340 170.49119831671607 226
1739997840360 170.4570226227271 227
1739997840378 170.42285397711058 228
1739997840395 170.38869237839197 229
1739997840411 170.35453782509734 230
1739997840427 170.32039031575292 231
1739997840445 170.28624984888526 232
1739997840463 170.25211642302122 233
1739997840480 170.217990036688 234
1739997840497 170.18387068841312 235
1739997840513 170.14975837672435 236
1739997840532 170.11565310014984 237
1739997840550 170.081554857218 238
1739997840569 170.04746364645757 239
1739997840586 170.01337946639765 240
1739997840602 169.9793023155675 241
1739997840618 169.9452321924969 242
1739997840637 169.91116909571574 243
1739997840655 169.87711302375433 244
1739997840673 169.8430639751433 245
1739997840689 169.8090219484136 246
1739997840705 169.77498694209638 247
1739997840723 169.74095895472314 248
1739997840741 169.70693798482583 249
1739997840760 169.67292403093649 250
1739997840777 169.63891709158767 251
1739997840793 169.6049171653121 252
1739997840810 169.5709242506428 253
1739997840826 169.5369383461132 254
1739997840844 169.50295945025707 255
1739997840862 169.46898756160834 256
1739997840879 169.43502267870133 257
1739997840895 169.40106480007069 258
1739997840912 169.36711392425133 259
1739997840928 169.3331700497785 260
1739997840947 169.2992331751877 261
1739997840964 169.26530329901493 262
1739997840980 169.2313804197962 263
1739997840997 169.1974645360681 264
1739997841014 169.1635556463673 265
1739997841030 169.12965374923107 266
1739997841047 169.0957588431967 267
1739997841066 169.0618709268019 268
1739997841083 169.02798999858467 269
1739997841099 168.9941160570834 270
1739997841117 168.96024910083673 271
1739997841133 168.92638912838356 272
1739997841152 168.89253613826315 273
1739997841170 168.85869012901506 274
1739997841188 168.8248510991792 275
1739997841203 168.7910190472957 276
1739997841220 168.7571939719051 277
1739997841238 168.72337587154811 278
1739997841255 168.6895647447659 279
1739997841274 168.65576059009985 280
1739997841290 168.62196340609174 281
1739997841307 168.58817319128352 282
1739997841322 168.5543899442175 283
1739997841338 168.5206136634364 284
1739997841354 168.4868443474831 285
1739997841374 168.45308199490086 286
1739997841395 168.4193266042333 287
1739997841413 168.38557817402426 288
1739997841430 168.35183670281788 289
1739997841447 168.31810218915868 290
1739997841464 168.28437463159142 291
1739997841482 168.25065402866124 292
1739997841499 168.2169403789135 293
1739997841515 168.18323368089392 294
1739997841531 168.14953393314855 295
1739997841548 168.11584113422364 296
1739997841567 168.0821552826659 297
1739997841586 168.0484763770222 298
1739997841605 168.01480441583982 299
1739997841623 167.98113939766628 300
1739997841639 167.9474813210495 301
1739997841657 167.9138301845376 302
1739997841675 167.88018598667904 303
1739997841691 167.84654872602258 304
1739997841707 167.81291840111737 305
1739997841723 167.7792950105127 306
1739997841739 167.7456785527583 307
1739997841757 167.7120690264042 308
1739997841775 167.67846643000073 309
1739997841792 167.64487076209838 310
1739997841808 167.6112820212482 311
1739997841825 167.57770020600128 312
1739997841841 167.54412531490925 313
1739997841858 167.5105573465239 314
1739997841877 167.47699629939737 315
1739997841895 167.44344217208211 316
1739997841911 167.40989496313085 317
1739997841928 167.37635467109666 318
1739997841944 167.34282129453288 319
1739997841959 167.3092948319932 320
1739997841980 167.2757752820316 321
1739997841996 167.2422626432023 322
1739997842012 167.2087569140599 323
1739997842030 167.17525809315936 324
1739997842046 167.14176617905574 325
1739997842063 167.10828117030462 326
1739997842080 167.07480306546174 327
1739997842095 167.04133186308323 328
1739997842111 167.0078675617255 329
1739997842126 166.9744101599453 330
1739997842142 166.94095965629958 331
1739997842158 166.90751604934565 332
1739997842176 166.8740793376412 333
1739997842192 166.8406495197441 334
1739997842208 166.8072265942126 335
1739997842225 166.7738105596053 336
1739997842245 166.74040141448094 337
1739997842263 166.7069991573987 338
1739997842280 166.67360378691805 339
1739997842297 166.64021530159872 340
1739997842312 166.60683370000078 341
1739997842329 166.5734589806846 342
1739997842344 166.54009114221083 343
1739997842361 166.5067301831404 344
1739997842380 166.47337610203462 345
1739997842397 166.44002889745502 346
1739997842412 166.40668856796356 347
1739997842433 166.37335511212237 348
1739997842449 166.3400285284939 349
1739997842467 166.30670881564097 350
1739997842498 166.27339597212668 351
1739997842520 166.24008999651446 352
1739997842542 166.2067908873679 353
1739997842563 166.17349864325104 354
1739997842599 166.14021326272828 355
1739997842633 166.10693474436408 356
1739997842665 166.0736630867234 357
1739997842699 166.0403982883715 358
1739997842731 166.00714034787381 359
1739997842760 165.9738892637962 360
1739997842786 165.94064503470474 361
1739997842803 165.90740765916593 362
1739997842823 165.8741771357464 363
1739997842845 165.84095346301325 364
1739997842863 165.80773663953374 365
1739997842892 165.77452666387558 366
1739997842981 165.7413235346066 367
1739997843002 165.70812725029512 368
1739997843021 165.6749378095096 369
1739997843042 165.64175521081893 370
1739997843058 165.6085794527922 371
1739997843080 165.57541053399896 372
1739997843098 165.5422484530088 373
1739997843114 165.50909320839185 374
1739997843137 165.47594479871847 375
1739997843153 165.44280322255923 376
1739997843174 165.40966847848514 377
1739997843194 165.37654056506744 378
1739997843212 165.34341948087766 379
1739997843232 165.31030522448768 380
1739997843249 165.27719779446963 381
1739997843266 165.24409718939597 382
1739997843288 165.21100340783943 383
1739997843305 165.17791644837314 384
1739997843323 165.14483630957037 385
1739997843340 165.11176299000482 386
1739997843363 165.07869648825044 387
1739997843391 165.0456368028815 388
1739997843424 165.01258393247255 389
1739997843454 164.97953787559845 390
1739997843482 164.94649863083433 391
1739997843507 164.9134661967557 392
1739997843531 164.88044057193835 393
1739997843549 164.84742175495828 394
1739997843567 164.81440974439187 395
1739997843585 164.78140453881574 396
1739997843603 164.74840613680692 397
1739997843622 164.71541453694266 398
1739997843641 164.6824297378005 399
1739997843658 164.64945173795834 400
1739997843679 164.6164805359943 401
1739997843698 164.58351613048686 402
1739997843716 164.55055852001476 403
1739997843735 164.5176077031571 404
1739997843754 164.48466367849323 405
1739997843774 164.45172644460283 406
1739997843791 164.41879600006578 407
1739997843810 164.38587234346244 408
1739997843899 164.3529554733733 409
1739997843923 164.32004538837927 410
1739997843942 164.28714208706148 411
1739997843960 164.25424556800138 412
1739997843978 164.22135582978078 413
1739997843995 164.18847287098166 414
1739997844013 164.1555966901864 415
1739997844033 164.12272728597767 416
1739997844050 164.08986465693843 417
1739997844068 164.0570088016519 418
1739997844085 164.02415971870167 419
1739997844102 163.99131740667156 420
1739997844120 163.95848186414574 421
1739997844137 163.9256530897086 422
1739997844153 163.89283108194493 423
1739997844169 163.86001583943977 424
1739997844191 163.82720736077846 425
1739997844212 163.79440564454666 426
1739997844241 163.76161068933027 427
1739997844262 163.72882249371554 428
1739997844281 163.696041056289 429
1739997844300 163.6632663756375 430
1739997844318 163.63049845034817 431
1739997844339 163.59773727900844 432
1739997844356 163.564982860206 433
1739997844376 163.53223519252884 434
1739997844394 163.4994942745654 435
1739997844410 163.4667601049042 436
1739997844429 163.4340326821343 437
1739997844445 163.40131200484473 438
1739997844460 163.36859807162506 439
1739997844478 163.33589088106518 440
1739997844497 163.3031904317551 441
1739997844514 163.27049672228526 442
1739997844536 163.23780975124637 443
1739997844551 163.2051295172294 444
1739997844569 163.17245601882573 445
1739997844589 163.13978925462686 446
1739997844608 163.10712922322472 447
1739997844628 163.07447592321145 448
1739997844646 163.0418293531796 449
1739997844662 163.0091895117219 450
1739997844680 162.9765563974315 451
1739997844697 162.94393000890167 452
1739997844716 162.91131034472613 453
1739997844733 162.87869740349888 454
1739997844751 162.84609118381414 455
1739997844768 162.8134916842665 456
1739997844785 162.78089890345078 457
1739997844802 162.74831283996213 458
1739997844820 162.71573349239608 459
1739997844836 162.68316085934825 460
1739997844852 162.65059493941476 461
1739997844869 162.61803573119195 462
1739997844890 162.58548323327645 463
1739997844912 162.55293744426518 464
1739997844935 162.5203983627553 465
1739997844961 162.48786598734446 466
1739997844985 162.45534031663036 467
1739997845005 162.42282134921118 468
1739997845022 162.39030908368528 469
1739997845040 162.35780351865142 470
1739997845057 162.32530465270852 471
1739997845075 162.29281248445596 472
1739997845092 162.26032701249332 473
1739997845109 162.22784823542042 474
1739997845129 162.1953761518375 475
1739997845145 162.16291076034497 476
1739997845162 162.13045205954367 477
1739997845181 162.09800004803463 478
1739997845197 162.06555472441923 479
1739997845214 162.03311608729908 480
1739997845234 162.0006841352762 481
1739997845252 161.9682588669528 482
1739997845269 161.9358402809314 483
1739997845287 161.90342837581483 484
1739997845303 161.87102315020627 485
1739997845322 161.8386246027091 486
1739997845341 161.80623273192705 487
1739997845357 161.77384753646416 488
1739997845379 161.74146901492466 489
1739997845396 161.70909716591328 490
1739997845413 161.67673198803476 491
1739997845432 161.6443734798944 492
1739997845449 161.61202164009762 493
1739997845466 161.5796764672503 494
1739997845487 161.54733795995838 495
1739997845505 161.51500611682826 496
1739997845525 161.4826809364667 497
1739997845542 161.45036241748053 498
1739997845559 161.41805055847706 499
