1739961435071 4.474795665420095 0
1739961435143 7.227810958564809 1
1739961435215 4.142858122163894 2
1739961435285 6.556770750006063 3
1739961435352 9.340453040394072 4
1739961435422 10.012382063245079 5
1739961435492 4.609605817592796 6
1739961435564 1.7659846470369136 7
1739961435630 8.298640504209393 8
1739961435691 9.925637984501071 9
1739961435753 0.17679868368559093 10
1739961435818 5.468411279481758 11
1739961435882 5.933495874424254 12
1739961435946 5.90096021535734 13
1739961436030 8.085127177972081 14
1739961436090 10.117023563811713 15
1739961436153 4.936109377784361 16
1739961436218 3.01338674987925 17
1739961436324 6.026468580197106 18
1739961436395 7.122803693172024 19
1739961436461 5.092008829429961 20
1739961436528 7.390159274268613 21
1739961436592 3.011018823406964 22
1739961436654 8.642418232016341 23
1739961436716 3.1282767319251095 24
1739961436778 6.78892029513303 25
1739961436838 6.174468981509444 26
1739961436901 6.00070580145244 27
1739961436965 8.669425623374101 28
1739961437031 9.171916353490962 29
1739961437094 7.959580703889324 30
1739961437156 7.4022132392715525 31
1739961437220 7.004734465505738 32
1739961437285 9.2308247863123 33
1739961437349 6.944398952582474 34
1739961437411 6.707316676670356 35
1739961437477 6.602536435767746 36
1739961437540 5.56178667355907 37
1739961437606 8.571581334740621 38
1739961437669 5.055225284811705 39
1739961437732 8.449898582891775 40
1739961437794 2.963325503051389 41
1739961437857 6.104597601169503 42
1739961437922 6.897613952671465 43
1739961437983 4.7378412240723184 44
1739961438046 3.999296957947568 45
1739961438111 4.502501267711352 46
1739961438179 9.152089879607928 47
1739961438251 5.570892012720903 48
1739961438319 7.8760845719189145 49
1739961438388 10.439792034040012 50
1739961438459 4.102047045054523 51
1739961438526 6.2937119140452795 52
1739961438593 6.900491497720981 53
1739961438659 11.136692273856532 54
1739961438724 6.714433416858272 55
1739961438803 7.483263803648647 56
1739961438887 6.703982494044621 57
1739961438967 7.62771928308568 58
1739961439039 9.128143553717416 59
1739961439104 7.259475489182389 60
1739961439167 6.672216863255339 61
1739961439238 4.784379717135869 62
1739961439315 17.482535376765753 63
1739961439401 8.965936005209523 64
1739961439505 5.298238478223684 65
1739961439580 4.03161189657865 66
1739961439646 7.615956146128449 67
1739961439709 16.1725738756117 68
1739961439772 4.169107058170776 69
1739961439835 5.833091844907027 70
1739961439896 6.0235030413528685 71
1739961439958 5.395376834419093 72
1739961440021 5.82278141510852 73
1739961440093 7.215214901508187 74
1739961440171 10.077726010437505 75
1739961440252 4.453682351738371 76
1739961440342 7.107228766358083 77
1739961440464 4.921234852489555 78
1739961440605 4.019628393639422 79
1739961440700 5.874071745384177 80
1739961440767 8.26335995979376 81
1739961440830 10.660475486544847 82
1739961440892 6.692412915288763 83
1739961440955 5.844463040193158 84
1739961441019 8.69021679207909 85
1739961441080 6.443695356339518 86
1739961441141 4.180736179014414 87
1739961441205 8.15040875328878 88
1739961441279 11.648031744249497 89
1739961441374 7.733305330422089 90
1739961441443 8.218272064760885 91
1739961441509 4.109212068663303 92
1739961441572 6.820797508433814 93
1739961441634 7.50713302877523 94
1739961441696 8.032187146040517 95
1739961441758 5.182794103473339 96
1739961441821 3.038282801114408 97
1739961441884 5.1496246973790365 98
1739961441948 10.047839130018707 99
1739961442016 8.598674046322287 100
1739961442091 7.440656482683027 101
1739961442198 6.497684442875092 102
1739961442302 4.1736747913613685 103
1739961442376 14.929682139558233 104
1739961442443 6.580710107705726 105
1739961442513 3.289507108529598 106
1739961442578 5.530721683944692 107
1739961442639 6.684310264695142 108
1739961442700 10.576094165943228 109
1739961442762 6.811887878037466 110
1739961442822 5.979340751397688 111
1739961442882 6.180026721665348 112
1739961442943 7.9367921116237135 113
1739961443008 8.560013195003044 114
1739961443069 5.460036337732054 115
1739961443129 7.008930610368164 116
1739961443190 4.264185418900451 117
1739961443253 5.421949295451289 118
1739961443322 5.417645784948746 119
1739961443384 9.87717030890081 120
1739961443452 6.895277707952054 121
1739961443550 9.741340144640459 122
1739961443622 3.5650238986958267 123
1739961443692 7.096118693360883 124
1739961443795 6.441776407424308 125
1739961443863 6.045760642606838 126
1739961443928 4.516631465376297 127
1739961444004 10.871153716832499 128
1739961444082 3.4046660534365274 129
1739961444163 6.358817706393824 130
1739961444241 11.415347570272598 131
1739961444308 9.272976749416692 132
1739961444374 7.849576924283899 133
1739961444437 8.132806071863069 134
1739961444508 0.8707333585176407 135
1739961444576 6.756246571428385 136
1739961444646 3.8427909653144567 137
1739961444715 5.835248707704916 138
1739961444789 5.544589302068708 139
1739961444866 6.413682041912252 140
1739961444953 5.099053562947383 141
1739961445023 5.791565663146508 142
1739961445087 3.813390178908921 143
1739961445151 7.671017813279088 144
1739961445214 3.7979468567910057 145
1739961445278 3.8430046888157996 146
1739961445342 3.3783200166624003 147
1739961445407 5.8401034919561505 148
1739961445475 10.097820645996492 149
1739961445542 6.4311768454338605 150
1739961445603 0.28093529518018523 151
1739961445666 9.692626169527397 152
1739961445732 4.947141547773147 153
1739961445796 5.013228345788221 154
1739961445856 8.017416211481061 155
1739961445919 7.580529822888628 156
1739961445983 2.6294066863539407 157
1739961446045 6.408454581996428 158
1739961446106 6.539554893667049 159
1739961446170 9.724956499897225 160
1739961446235 9.06144730651684 161
1739961446298 3.5312253933304856 162
1739961446361 6.532742374484507 163
1739961446424 4.8023032266028505 164
1739961446495 4.4935599604919565 165
1739961446590 8.922485099455852 166
1739961446665 6.997351508625372 167
1739961446730 8.785807460126621 168
1739961446794 7.0858041438172 169
1739961446854 5.16840868674114 170
1739961446921 5.416330495948486 171
1739961446985 6.461348126840376 172
1739961447055 11.342213356988108 173
1739961447134 7.772990597702365 174
1739961447234 9.6001357478804 175
1739961447326 9.724702696728723 176
1739961447391 5.973239938579476 177
1739961447454 6.013523571879033 178
1739961447519 5.329608568695159 179
1739961447582 8.922929541262702 180
1739961447643 5.538328051502534 181
1739961447706 8.22616177960457 182
1739961447771 8.671493022732447 183
1739961447834 7.684920948964973 184
1739961447894 10.390742837104781 185
1739961447955 6.280576009351593 186
1739961448017 4.1581161524626955 187
1739961448081 5.49444950864745 188
1739961448145 6.906720999746965 189
1739961448235 7.6812603564391875 190
1739961448306 8.961627558895954 191
1739961448374 8.822870058909844 192
1739961448444 8.065495558175149 193
1739961448508 5.974105416608978 194
1739961448572 8.041488833549478 195
1739961448641 8.975857943741657 196
1739961448709 5.603699658112479 197
1739961448775 6.942848340661263 198
1739961448842 7.417387207967515 199
1739961448920 7.400315767710251 200
1739961449014 5.850262881303003 201
1739961449121 6.345646074321045 202
1739961449188 5.749279374293356 203
1739961449259 5.136362696796319 204
1739961449322 5.089810021491953 205
1739961449383 8.66300122506829 206
1739961449450 5.360114187620532 207
1739961449538 4.870696096826003 208
1739961449608 6.920560245080034 209
1739961449674 7.768904074925097 210
1739961449737 4.813831627497683 211
1739961449801 5.923043432146361 212
1739961449864 7.012853841044642 213
1739961449925 3.1378249457865515 214
1739961449988 5.1957490936675566 215
1739961450060 4.273322295613398 216
1739961450140 5.342615091405384 217
1739961450240 6.0469185351419545 218
1739961450353 7.686729291970809 219
1739961450426 5.084663354482815 220
1739961450499 3.9559890075792845 221
1739961450576 7.991117054593306 222
1739961450668 8.447193726779442 223
1739961450779 4.713430355896629 224
1739961450849 6.526791764249283 225
1739961450920 10.047114832349157 226
1739961450993 5.954994560558762 227
1739961451074 7.042514044186735 228
1739961451173 6.072060136242567 229
1739961451271 7.668024425358383 230
1739961451344 8.102885132228907 231
1739961451408 5.888692625029752 232
1739961451476 4.5596953471779695 233
1739961451538 6.058026554054671 234
1739961451601 4.544003505933324 235
1739961451671 8.251012962775397 236
1739961451747 5.300044346045305 237
1739961451824 2.7933134463598543 238
1739961451903 4.727330359834359 239
1739961451978 4.552466344105502 240
1739961452045 13.315235174948176 241
1739961452106 6.338382203795232 242
1739961452168 6.351015358636209 243
1739961452234 7.8692281082787785 244
1739961452306 5.030745823280289 245
1739961452370 12.798284804564569 246
1739961452432 4.3371200341673335 247
1739961452497 7.020070758726137 248
1739961452558 4.1469992390003965 249
1739961452622 5.2941127033416535 250
1739961452686 5.544236885289682 251
1739961452768 5.842928330266224 252
1739961452868 6.222731477773048 253
1739961452939 7.135628432958064 254
1739961453007 5.198678074720355 255
1739961453073 5.268794300021644 256
1739961453137 7.691342114128469 257
1739961453198 6.2811170267213265 258
1739961453262 2.534551411160936 259
1739961453326 4.687069068479219 260
1739961453392 4.391872643703452 261
1739961453456 10.65444542343537 262
1739961453531 5.194051612631474 263
1739961453626 8.44645392248564 264
1739961453731 6.357286671958997 265
1739961453830 5.5292433092774385 266
1739961453897 3.1954333367104892 267
1739961453960 9.748014377067806 268
1739961454028 6.854939177287168 269
1739961454094 5.704993072386634 270
1739961454155 6.873551753580771 271
1739961454217 5.767772713781267 272
1739961454280 6.001286570780266 273
1739961454341 7.561346984200898 274
1739961454403 14.604698923844854 275
1739961454482 0.5830927446839435 276
1739961454620 4.822601711091781 277
1739961454742 7.627512272498652 278
1739961454840 8.540809697334401 279
1739961454906 8.614025859041835 280
1739961454992 5.964929965171315 281
1739961455120 4.575396535165577 282
1739961455234 9.725305980386603 283
1739961455354 7.752203730955457 284
1739961455436 5.969606594964097 285
1739961455504 6.717367117728472 286
1739961455566 12.278217979078871 287
1739961455628 7.424972131394046 288
1739961455689 7.293617082714386 289
1739961455756 11.336079568921148 290
1739961455842 12.035020421329616 291
1739961455960 3.568752075794921 292
1739961456061 13.173373694490675 293
1739961456125 8.397230650555652 294
1739961456189 4.9843901564844355 295
1739961456251 5.111353302419562 296
1739961456312 7.5063140870827025 297
1739961456373 7.9837525676313374 298
1739961456434 7.622402739317929 299
1739961456502 5.223248056489576 300
1739961456564 8.615141727822682 301
1739961456626 6.443841444312859 302
1739961456687 5.907122914462293 303
1739961456748 5.270255457943889 304
1739961456816 6.800541192840791 305
1739961456877 5.996451747625298 306
1739961456938 8.839258651545538 307
1739961456999 7.985835517520592 308
1739961457060 4.582786558758027 309
1739961457121 6.698245279617704 310
1739961457184 6.818418074708857 311
1739961457245 5.240581168782468 312
1739961457305 8.53642450703997 313
1739961457367 6.006344320671073 314
1739961457428 9.879711705806983 315
1739961457497 9.722982926901787 316
1739961457557 16.269931980379514 317
1739961457617 6.849807470267259 318
1739961457680 9.555624998622232 319
1739961457742 6.006876146376751 320
1739961457805 6.838066727050466 321
1739961457865 7.853060086337635 322
1739961457928 4.88257380027672 323
1739961457989 6.4273414011859265 324
1739961458053 6.1295353163676385 325
1739961458114 10.424024517681827 326
1739961458175 5.5896902664110115 327
1739961458236 7.111073057562992 328
1739961458299 6.109270461807055 329
1739961458363 4.379729585531042 330
1739961458424 4.199665960150078 331
1739961458488 6.953503684890098 332
1739961458548 7.727086815277032 333
1739961458608 4.371977177321754 334
1739961458668 6.095089051188594 335
1739961458730 6.0414018837934105 336
1739961458791 6.315449059099302 337
1739961458858 9.633324272634955 338
1739961458921 5.321271425008631 339
1739961458983 11.2717834535384 340
1739961459045 8.674618232933842 341
1739961459105 8.19864300374042 342
1739961459166 6.194521737802711 343
1739961459226 6.922905226773422 344
1739961459289 7.540584198179281 345
1739961459362 7.38873046050488 346
1739961459456 6.595219038192604 347
1739961459570 4.207362296293467 348
1739961459682 6.75814507226154 349
1739961459751 6.923918424033399 350
1739961459812 1.9172924886416514 351
1739961459875 9.339840912227611 352
1739961459937 4.677616622650818 353
1739961459999 6.181928622248996 354
1739961460060 4.448253044874088 355
1739961460122 5.863661570901616 356
1739961460183 5.124059852110722 357
1739961460269 7.724948037595836 358
1739961460344 5.951418867162595 359
1739961460414 7.566514217514155 360
1739961460490 5.957871233990927 361
1739961460559 6.60667178823113 362
1739961460626 5.325755359307541 363
1739961460689 4.790559936425367 364
1739961460751 4.480569106764651 365
1739961460816 5.287040113110558 366
1739961460886 5.679605387262235 367
1739961460948 2.7980213474331923 368
1739961461013 6.523839996731197 369
1739961461077 5.823028438437138 370
1739961461142 6.867907306980916 371
1739961461204 6.649691512945326 372
1739961461267 5.324825915384151 373
1739961461334 5.299261025093407 374
1739961461395 7.393753703900399 375
1739961461463 7.149227690709987 376
1739961461527 9.5386570272297 377
1739961461590 8.093700220830774 378
1739961461651 4.3164044063508245 379
1739961461713 6.583881252528912 380
1739961461776 4.2253758999855835 381
1739961461839 6.601844283449259 382
1739961461901 3.558793892341703 383
1739961461970 6.605982938000459 384
1739961462033 2.7481575916539214 385
1739961462096 8.894391480071427 386
1739961462156 7.813954988105408 387
1739961462218 4.228919297981973 388
1739961462284 6.4370204208377615 389
1739961462358 8.88616012651627 390
1739961462423 8.419522822908462 391
1739961462488 5.342182632341708 392
1739961462552 8.470343530258612 393
1739961462612 7.094089671731364 394
1739961462676 5.787259408677405 395
1739961462738 7.461396685715748 396
1739961462803 8.627555953884388 397
1739961462866 7.385855795017574 398
1739961462932 4.141019432694589 399
1739961462994 21.397143861264023 400
1739961463056 7.246190788610667 401
1739961463120 7.492640671179065 402
1739961463182 6.125090024959596 403
1739961463246 9.1966554235541 404
1739961463310 8.493831835214241 405
1739961463372 10.254172245783039 406
1739961463437 6.7537927648872245 407
1739961463502 6.810847554527198 408
1739961463564 5.256405471977196 409
1739961463626 7.295792790791726 410
1739961463688 8.898345342671957 411
1739961463749 10.940331249017692 412
1739961463812 5.541344671695288 413
1739961463877 2.095037967470409 414
1739961463942 4.321115881014061 415
1739961464005 7.894521223532346 416
1739961464070 6.1890534099287775 417
1739961464132 11.021343209320499 418
1739961464192 11.934573175514346 419
1739961464254 7.4917406169673395 420
1739961464316 5.358682329734571 421
1739961464378 6.567908687850033 422
1739961464441 5.73776869943014 423
1739961464510 4.50853383746217 424
1739961464572 5.979907099349448 425
1739961464634 4.300178299731078 426
1739961464701 6.522433336852705 427
1739961464766 5.273127272654429 428
1739961464831 6.189372068712141 429
1739961464897 2.7067941287979393 430
1739961464967 6.78400007983248 431
1739961465069 15.75529258195515 432
1739961465131 6.461449389340644 433
1739961465194 6.275566121952166 434
1739961465258 5.147601323300665 435
1739961465320 5.58719324643838 436
1739961465385 5.319038945254155 437
1739961465451 4.429550440916926 438
1739961465516 6.710212341064374 439
1739961465578 5.446626529065259 440
1739961465639 13.720360164645895 441
1739961465700 5.193590666965723 442
1739961465765 7.600794852953273 443
1739961465826 5.014410752809534 444
1739961465887 6.296558047502768 445
1739961465949 6.5175114193860795 446
1739961466013 9.289097412698364 447
1739961466075 8.213786533384804 448
1739961466137 6.804755403617708 449
1739961466198 4.810464830156194 450
1739961466260 2.7429250359232853 451
1739961466322 6.052299915711954 452
1739961466383 15.969777878195966 453
1739961466451 4.8248999055175315 454
1739961466512 3.4997848746537925 455
1739961466572 10.005024503223634 456
1739961466635 3.06815772172477 457
1739961466696 14.673478209702346 458
1739961466757 8.818782553860576 459
1739961466820 6.222864961242738 460
1739961466880 6.179885774138879 461
1739961466946 5.818193978992847 462
1739961467053 6.913959076968326 463
1739961467113 15.263180458996183 464
1739961467174 8.61537465249919 465
1739961467237 7.873990500856587 466
1739961467298 5.719601091511908 467
1739961467360 6.3986621329311815 468
1739961467426 5.370492612422092 469
1739961467537 9.436849147354264 470
1739961467604 6.184090959749374 471
1739961467672 6.408160448333355 472
1739961467740 12.913643741330317 473
1739961467801 7.428966865717326 474
1739961467864 4.9130197951022625 475
1739961467929 7.166051298881145 476
1739961467992 10.405298190925219 477
1739961468053 7.8905889269966485 478
1739961468114 7.525041635374525 479
1739961468177 8.664389758089133 480
1739961468241 2.870925677581934 481
1739961468301 7.371906457744039 482
1739961468363 6.804810904899199 483
1739961468425 6.50049047593315 484
1739961468492 6.849028054106812 485
1739961468553 7.644471498591577 486
1739961468614 6.611938529676923 487
1739961468676 4.675239716237327 488
1739961468740 8.0110729601022 489
1739961468801 5.122229794103994 490
1739961468862 7.6585586520479 491
1739961468924 6.325936406826558 492
1739961468988 7.841332097700436 493
1739961469051 4.526084163126702 494
1739961469110 5.676235142621693 495
1739961469171 2.2793255778721324 496
1739961469232 4.257410466091367 497
1739961469294 7.380064891267235 498
1739961469356 5.6096500627278045 499
