1740006573282 144.56130846801355 0
1740006573309 116.27624067660871 1
1740006573340 99.1310417161898 2
1740006573366 82.90421556795069 3
1740006573391 69.11172111417987 4
1740006573416 56.4480123601739 5
1740006573482 47.693080331010634 6
1740006573510 40.0072221588871 7
1740006573536 34.36267971834028 8
1740006573561 27.1503860549196 9
1740006573592 23.374762303941335 10
1740006573622 19.490443193295263 11
1740006573648 16.388082654141208 12
1740006573673 14.169561425395774 13
1740006573698 11.219490597033243 14
1740006573723 9.66327089286898 15
1740006573749 7.657324503427395 16
1740006573776 6.453778789652033 17
1740006573801 5.823021476126353 18
1740006573827 4.397107833232331 19
1740006573851 4.184132009271494 20
1740006573881 3.388655987384392 21
1740006573926 2.545406774246875 22
1740006573956 2.367029568883216 23
1740006573981 2.1727110187631506 24
1740006574006 1.640230441861924 25
1740006574031 1.4397231619833177 26
1740006574056 1.2105355579322503 27
1740006574081 0.8602676952310865 28
1740006574105 1.1413311219737918 29
1740006574129 0.812049081141478 30
1740006574154 0.6540147556956682 31
1740006574178 0.5876191131163986 32
1740006574202 0.5108797828597221 33
1740006574227 0.30555879227098715 34
1740006574251 0.34594792546266157 35
1740006574276 0.43688380123644555 36
1740006574300 0.25691175273782 37
1740006574325 0.2396057178219848 38
1740006574350 0.17203282249209387 39
1740006574375 0.2618320676664427 40
1740006574401 0.20904995702441728 41
1740006574425 0.20207657058428394 42
1740006574450 0.24044601296560922 43
1740006574474 0.2518597948741666 44
1740006574500 0.21172937753763246 45
1740006574529 0.18274924003486667 46
1740006574554 0.06848849291964966 47
1740006574581 0.10573656733799663 48
1740006574605 0.16790123440867832 49
1740006574631 0.11091360829882581 50
1740006574656 0.15880206611888287 51
1740006574681 0.11268978359403528 52
1740006574705 0.12765757736627495 53
1740006574730 0.0979735913006687 54
1740006574754 0.14338351440190542 55
1740006574779 0.15111208527165004 56
1740006574805 0.07769890786641666 57
1740006574831 0.1052564785349765 58
1740006574894 0.1355497652407549 59
1740006574949 0.14094812596797474 60
1740006574973 0.09393556703554574 61
1740006574994 0.11696177471884349 62
1740006575019 0.07569872096918809 63
1740006575041 0.07936735728548239 64
1740006575065 0.08022699533920084 65
1740006575088 0.08055686284673583 66
1740006575110 0.08300593237083827 67
1740006575132 0.08184280720038653 68
1740006575155 0.13048634443424995 69
1740006575177 0.1323734670933314 70
1740006575199 0.09354335961498216 71
1740006575221 0.1136701632329419 72
1740006575244 0.13932392511019323 73
1740006575266 0.07440065221171317 74
1740006575288 0.10358435428320845 75
1740006575310 0.06527095275982325 76
1740006575336 0.21266514502108624 77
1740006575359 0.08014496841158722 78
1740006575383 0.10478363846455366 79
1740006575404 0.1331365724140054 80
1740006575427 0.14437532265249348 81
1740006575448 0.12327869330206316 82
1740006575470 0.1001779857232303 83
1740006575492 0.12722013788089234 84
1740006575514 0.12839153530260858 85
