1740001361585 3.7789728878598803 0
1740001361667 8.296358078268169 1
1740001361756 5.55641461780844 2
1740001361837 5.516668590073297 3
1740001361921 4.7536088047302 4
1740001362000 7.5260684416601356 5
1740001362077 4.1863059121325366 6
1740001362156 5.541875055234614 7
1740001362234 3.0308175148294287 8
1740001362315 5.232015420896248 9
1740001362397 5.007370352026954 10
1740001362479 3.793546602069638 11
1740001362558 4.31413208217142 12
1740001362638 6.529818311633022 13
1740001362722 5.1510348059988775 14
1740001362853 7.242263212449676 15
1740001362933 5.688347726955537 16
1740001363012 7.222150135093613 17
1740001363090 3.506263356577899 18
1740001363170 6.522515930472124 19
1740001363251 6.131945241214952 20
1740001363331 7.0677891901669465 21
1740001363480 3.6075436326361388 22
1740001363561 4.481980841265848 23
1740001363641 6.082811574330281 24
1740001363721 8.499875604044293 25
1740001363806 4.671681892743427 26
1740001363887 5.715457150870008 27
1740001363966 5.9741124291451415 28
1740001364046 7.75271721808647 29
1740001364125 3.930280881907573 30
1740001364206 2.754238915773539 31
1740001364285 3.5874594507753983 32
1740001364364 3.7195547587874755 33
1740001364444 5.12337190457625 34
1740001364523 4.5265942815433755 35
1740001364601 3.1971071969895157 36
1740001364681 6.500020515068925 37
1740001364774 4.233807336606468 38
1740001364863 4.530431996821106 39
1740001364943 8.494475902324295 40
1740001365022 5.03321205198859 41
1740001365101 4.855160390309543 42
1740001365181 4.18067440275742 43
1740001365262 5.580021368055844 44
1740001365341 5.825501147399297 45
1740001365420 3.9886208316190324 46
1740001365499 4.4402624389261165 47
1740001365578 5.413461497716118 48
1740001365657 5.973757941175065 49
1740001365736 3.0721278215732526 50
1740001365816 4.428418472964134 51
1740001365896 6.821031167561863 52
1740001365976 7.936125147429904 53
1740001366057 3.2965555715269206 54
1740001366162 7.6337977139000985 55
1740001366242 4.3824182941780405 56
1740001366322 4.241762305267986 57
1740001366400 4.343124540863762 58
1740001366479 3.96768764816973 59
1740001366561 5.892400599302257 60
1740001366642 4.591216793107719 61
1740001366721 1.8469956003576706 62
1740001366808 5.701801006029296 63
1740001366887 7.465282676053132 64
1740001366966 3.751566247200027 65
1740001367045 8.367134118283829 66
1740001367125 4.388284603406515 67
1740001367206 4.932112450712516 68
1740001367287 5.988246347828236 69
1740001367366 6.445667897621716 70
1740001367446 4.47885335038352 71
1740001367530 3.7305028862048917 72
1740001367609 6.215873545281018 73
1740001367690 5.77861077532773 74
1740001367771 10.993397423162445 75
1740001367852 5.084625822451601 76
1740001367931 7.3581377859627155 77
1740001368010 5.063904018898597 78
1740001368090 3.8359367557085196 79
1740001368171 6.920226085563095 80
1740001368252 4.4476811667849425 81
1740001368333 7.741809179005858 82
1740001368423 3.4934957949994363 83
1740001368518 5.116279370129022 84
1740001368602 4.976852052213249 85
1740001368681 5.095267390469044 86
1740001368762 3.2662718185098796 87
1740001368847 5.527010146623907 88
1740001368925 5.5367898987128354 89
1740001369005 6.975982051987128 90
1740001369084 3.972040668002889 91
1740001369164 6.051767733734438 92
1740001369246 2.160078545509405 93
1740001369324 4.4795098077658615 94
1740001369402 2.2178438377213 95
1740001369481 4.157347056778251 96
1740001369564 2.8844832524132973 97
1740001369645 5.886177718202687 98
1740001369725 2.5259383644287174 99
1740001369806 4.910443734967257 100
1740001369886 5.012488287700926 101
1740001369965 4.137937022829942 102
1740001370045 6.085353880286302 103
1740001370123 6.071894825927098 104
1740001370203 3.490350574349587 105
1740001370282 3.033961309694162 106
1740001370362 3.7195698443652 107
1740001370474 4.118422801596505 108
1740001370554 4.110235936521057 109
1740001370636 10.219850479993937 110
1740001370719 3.372314185544648 111
1740001370799 3.4145192156253534 112
1740001370884 3.2789390479377487 113
1740001370962 9.247525628658464 114
1740001371044 3.5694228685852756 115
1740001371123 4.3846375345318735 116
1740001371203 3.9423903971604384 117
1740001371284 7.3185724144302515 118
1740001371362 9.218957733562647 119
1740001371441 5.425475171980342 120
1740001371521 6.126131360178755 121
1740001371602 5.82394807576104 122
1740001371684 6.697987036317741 123
1740001371767 5.953637020061478 124
1740001371847 2.580711795766113 125
1740001371926 4.112968194801239 126
1740001372006 5.735597172254367 127
1740001372084 4.553496286819501 128
1740001372163 5.277837048051337 129
1740001372241 6.180916691281249 130
1740001372321 1.9484449903582715 131
1740001372400 2.113960468579709 132
1740001372481 4.545632332292197 133
1740001372562 8.294422045633304 134
1740001372641 4.445010054098826 135
1740001372719 4.4727087346328736 136
1740001372799 4.421977994951095 137
1740001372883 5.66272440472936 138
1740001372961 1.7327493677826 139
1740001373039 5.164457105357729 140
1740001373118 3.2542936933841076 141
1740001373198 5.4580641041605835 142
1740001373278 4.745968703290241 143
1740001373358 3.8513190719655577 144
1740001373436 5.478058357788542 145
1740001373513 4.545755315051284 146
1740001373595 3.8292391712218667 147
1740001373674 3.25013164833727 148
1740001373760 3.267652425999418 149
1740001373838 4.173931339545352 150
1740001373917 3.041333944887195 151
1740001373996 3.7165168412828504 152
1740001374076 5.369762837397494 153
1740001374154 5.016876134109428 154
1740001374234 2.6755542569660236 155
1740001374315 6.055101538836351 156
1740001374393 2.48383589374557 157
1740001374471 2.721603849087372 158
1740001374552 4.062715953108525 159
1740001374631 4.107641624550073 160
1740001374710 3.216600048271641 161
1740001374791 3.1912844046434867 162
1740001374870 3.3521329070153256 163
1740001374955 4.689171852196147 164
1740001375034 3.6754013637705674 165
1740001375113 7.975788359048889 166
1740001375193 6.348031953988391 167
1740001375274 5.126238870198083 168
1740001375353 2.540301845789188 169
1740001375432 5.002315753191666 170
1740001375514 2.605958818828006 171
1740001375594 4.770195598244456 172
1740001375674 3.1807097012783014 173
1740001375756 6.9814855944105485 174
1740001375838 4.719615249412194 175
1740001375915 5.7896246769693125 176
1740001375994 3.818837717467364 177
1740001376073 3.7188401910253015 178
1740001376152 3.4102629407633 179
1740001376232 4.175564251464783 180
1740001376310 4.79484990749804 181
1740001376389 6.138482760022415 182
1740001376468 3.7392060434616607 183
1740001376549 6.4836430906279405 184
1740001376630 4.021334101105138 185
1740001376713 3.765494432207838 186
1740001376795 5.6395315194683535 187
1740001376877 2.8426172749888523 188
1740001376960 3.400625949883265 189
1740001377040 6.8641980450211895 190
1740001377119 6.348890090812029 191
1740001377198 4.79038870766909 192
1740001377278 3.4308200127987556 193
1740001377354 4.533043919348973 194
1740001377436 4.4733311451352655 195
1740001377519 4.10494035181479 196
1740001377600 3.6580391694590184 197
1740001377679 4.2455777144657585 198
1740001377761 4.519977480125868 199
1740001377841 8.880662756135543 200
1740001377922 5.611218207459607 201
1740001378001 4.969376405874857 202
1740001378080 2.0597807815110634 203
1740001378160 4.0891340443915745 204
1740001378241 4.857268154586061 205
1740001378321 5.266282351921762 206
1740001378400 5.064869711007726 207
1740001378479 4.35260084682087 208
1740001378571 6.672690151546221 209
1740001378655 2.860318095613462 210
1740001378736 5.005168891376196 211
1740001378816 9.19932450016892 212
1740001378895 3.704796768796562 213
1740001378980 4.619589115587092 214
1740001379059 2.812018941192518 215
1740001379138 5.662176008373223 216
1740001379216 7.021916106006745 217
1740001379295 4.659305946783546 218
1740001379373 3.7518923674087747 219
1740001379451 1.863861129325133 220
1740001379532 3.570062566502094 221
1740001379610 4.1484929950337435 222
1740001379689 2.1626851761226957 223
1740001379770 3.4233966810384144 224
1740001379848 9.077751493397141 225
1740001379927 5.6034467688660285 226
1740001380007 4.0281014268144455 227
1740001380085 3.5574938527729643 228
1740001380164 6.140539027142967 229
1740001380243 4.4279262435904565 230
1740001380324 5.96030940042856 231
1740001380402 3.6317949670511274 232
1740001380481 3.8609685799313405 233
1740001380562 4.296132962635138 234
1740001380640 4.750720664575107 235
1740001380721 4.21995514926165 236
1740001380802 7.44573400724261 237
1740001380882 5.877844284445647 238
1740001380962 4.265602675380842 239
1740001381052 8.195412060464154 240
1740001381134 4.0646824856646555 241
1740001381215 5.583805602471693 242
1740001381296 4.640901147409011 243
1740001381373 4.170688686894276 244
1740001381452 2.6821515210629596 245
1740001381531 5.571911935024649 246
1740001381611 3.9524945127119087 247
1740001381691 5.584416201516651 248
1740001381772 2.215250638257214 249
1740001381852 3.429705121149313 250
1740001381932 1.8622876772271264 251
1740001382011 3.2217624346404743 252
1740001382092 2.387870044646482 253
1740001382171 7.487989853772311 254
1740001382249 4.132812576351026 255
1740001382331 5.971562125398953 256
1740001382410 2.278776682603093 257
1740001382490 9.141949610003904 258
1740001382569 6.648486183665935 259
1740001382649 4.690026751001874 260
1740001382729 8.004586868222914 261
1740001382810 3.12433444188989 262
1740001382889 3.0355972883859472 263
1740001382968 4.551241214305134 264
1740001383052 4.816310238832784 265
1740001383132 4.487490921994867 266
1740001383211 5.107721348162009 267
1740001383291 7.204744754422781 268
1740001383433 4.091406364413679 269
1740001383513 2.6500333943387857 270
1740001383593 4.541171311045478 271
1740001383672 5.719864181443591 272
1740001383754 4.654284602564881 273
1740001383834 5.048295519552142 274
1740001383915 2.9416530016978752 275
1740001383993 3.8119473026474013 276
1740001384072 4.8404361790575505 277
1740001384152 3.906112460931419 278
1740001384233 10.204684156192357 279
1740001384312 5.811404097529193 280
1740001384390 4.2969575943090925 281
1740001384470 5.067182267630656 282
1740001384550 3.075848515574337 283
1740001384630 6.61326226990139 284
1740001384709 5.839169011752903 285
1740001384790 4.671696275703958 286
1740001384870 2.3413735505169795 287
1740001384948 7.3929777330922635 288
1740001385030 5.595287838953352 289
1740001385114 4.962991724290211 290
1740001385196 4.513190158202574 291
1740001385276 5.033254075599091 292
1740001385354 6.005241962581732 293
1740001385434 4.030744034004511 294
1740001385515 4.910451987045906 295
1740001385596 4.970825004483744 296
1740001385675 3.1040586764105944 297
1740001385757 4.760509043107069 298
1740001385841 3.430819466737668 299
1740001385920 4.432705349701287 300
1740001385999 5.44674164261163 301
1740001386077 5.247627257661732 302
1740001386157 4.5429242186917085 303
1740001386239 2.0929264867903874 304
1740001386318 5.120981317496897 305
1740001386396 3.4306647182665544 306
1740001386474 3.013359847316799 307
1740001386555 5.055957400651062 308
1740001386633 8.77362180709272 309
1740001386712 4.695404744086348 310
1740001386826 6.674616517053914 311
1740001386921 4.399931559397708 312
1740001387009 4.110736944838401 313
1740001387095 4.471563001168079 314
1740001387186 6.359983628850842 315
1740001387274 4.739826316016496 316
1740001387362 6.238941546349419 317
1740001387448 5.289186920471205 318
1740001387534 4.964341929234874 319
1740001387621 5.790287256528262 320
1740001387706 4.2106649586401 321
1740001387795 3.7406678631310832 322
1740001387882 3.4139812364218556 323
1740001387969 4.752602480159745 324
1740001388059 5.584492533990729 325
1740001388143 7.0455895226221985 326
1740001388231 4.646539991789799 327
1740001388319 5.676060975564127 328
1740001388404 4.5704288266231705 329
1740001388489 3.7125321845253425 330
1740001388575 5.037063682450602 331
1740001388676 4.746333724615933 332
1740001388765 4.003702988939317 333
1740001388852 3.039688120781259 334
1740001388943 5.6045739148337494 335
1740001389030 5.477430489188698 336
1740001389116 4.560467395181205 337
1740001389207 2.960010142982346 338
1740001389292 5.0370346280363885 339
1740001389379 1.9260184352235337 340
1740001389463 8.928310436617586 341
1740001389553 4.199159764404052 342
1740001389640 3.796220672073364 343
1740001389726 4.483073955121489 344
1740001389816 3.2135694039456766 345
1740001389903 5.001799611417415 346
1740001389997 3.474476406993117 347
1740001390084 8.267071723468666 348
1740001390174 4.278357029818788 349
1740001390261 8.455710534295205 350
1740001390349 6.095111340722748 351
1740001390437 3.741586627774354 352
1740001390523 5.8086538539550805 353
1740001390608 5.360500141205302 354
1740001390689 4.778377490559277 355
1740001390771 3.5871000546395435 356
1740001390849 4.638231106471387 357
1740001390930 4.390848125562144 358
1740001391008 8.327378930332726 359
1740001391089 5.180146954918684 360
1740001391169 4.476134311942511 361
1740001391255 4.995557149217543 362
1740001391333 6.599892267260688 363
1740001391415 5.986380519500757 364
1740001391494 6.470530193831085 365
1740001391575 4.595180301573987 366
1740001391653 4.752079506683967 367
1740001391732 5.44754216573552 368
1740001391824 4.243413639152179 369
1740001391908 5.671273498186174 370
1740001391987 4.997517406399523 371
1740001392066 3.830586655426364 372
1740001392143 4.781078181290024 373
1740001392224 5.828030384242891 374
1740001392306 4.935059098500759 375
1740001392386 4.919026917059093 376
1740001392469 5.595650035796601 377
1740001392551 4.0378015572221395 378
1740001392631 5.801961448292413 379
1740001392711 4.224679610334255 380
1740001392795 3.4705408676541456 381
1740001392875 4.144825696664102 382
1740001392954 4.11848456510423 383
1740001393034 6.210556977938848 384
1740001393115 5.050639797988978 385
1740001393197 4.362660218284479 386
1740001393281 4.951317995502703 387
1740001393361 4.6610843750538145 388
1740001393440 4.672676059811198 389
1740001393524 4.033510299204065 390
1740001393604 4.750637790364678 391
1740001393683 3.3414593197479916 392
1740001393769 5.975107894604857 393
1740001393908 3.0484402553804815 394
1740001393988 6.185192783244151 395
1740001394068 5.407520736067592 396
1740001394148 5.866186584256927 397
1740001394230 2.769524375642119 398
1740001394309 3.8490932081157916 399
1740001394389 7.595999454554967 400
1740001394468 7.474942641937254 401
1740001394551 5.583506599310764 402
1740001394631 5.985321001748604 403
1740001394711 2.7359804814535638 404
1740001394794 4.233150511956769 405
1740001394875 3.9597223379602884 406
1740001394956 3.3521064995319634 407
1740001395043 5.57854318693131 408
1740001395127 5.815493027873814 409
1740001395206 4.4300201550498235 410
1740001395291 5.075101245199523 411
1740001395376 6.352834029609209 412
1740001395456 4.111970145977217 413
1740001395535 6.350544507489275 414
1740001395617 3.5739474756660696 415
1740001395696 3.254413267563742 416
1740001395778 7.394133906072287 417
1740001395857 4.361882333187056 418
1740001395936 3.8240932128896756 419
1740001396017 5.107892211977018 420
1740001396096 5.65103193150842 421
1740001396175 5.453815732804528 422
1740001396257 5.555735224815203 423
1740001396336 4.301012560821718 424
1740001396416 4.791202011687565 425
1740001396497 8.070670790276626 426
1740001396581 3.074748128974097 427
1740001396662 7.18988413100485 428
1740001396742 5.191159275852383 429
1740001396885 2.1700116575204573 430
1740001396967 5.9279500261838285 431
1740001397049 4.650101407004018 432
1740001397127 5.1463817474333435 433
1740001397205 3.18334691415608 434
1740001397291 4.464135260134443 435
1740001397371 5.256091050564897 436
1740001397449 4.8656259814759535 437
1740001397529 4.926799233996068 438
1740001397608 4.316405320497584 439
1740001397686 4.340919809993747 440
1740001397770 6.222072454615803 441
1740001397851 4.535946426028795 442
1740001397929 7.53062340018 443
1740001398007 2.475462510309623 444
1740001398090 3.598721630684187 445
1740001398169 7.140172991927551 446
1740001398252 6.209015954812862 447
1740001398331 1.9988650041230316 448
1740001398409 7.798922966118699 449
1740001398488 4.8973619470758045 450
1740001398569 6.979750683385757 451
1740001398647 5.349482577020415 452
1740001398736 5.373783959389073 453
1740001398826 2.147751457734241 454
1740001398907 2.8070307820740905 455
1740001398988 4.709507044537025 456
1740001399067 2.6187045783358935 457
1740001399146 4.782424935740971 458
1740001399229 6.292276692991333 459
1740001399309 5.212654046086068 460
1740001399392 5.715068210104147 461
1740001399471 6.4557425704090345 462
1740001399551 4.271835288651369 463
1740001399631 5.90458084493544 464
1740001399712 6.668170899799742 465
1740001399795 2.885591539401706 466
1740001399875 5.136517648066794 467
1740001399954 5.710343872541926 468
1740001400034 3.4889685824283903 469
1740001400113 3.806377239969499 470
1740001400192 4.862705727934747 471
1740001400273 4.855190003749569 472
1740001400352 1.638535747531393 473
1740001400433 3.6533701200545488 474
1740001400560 5.306097403042032 475
1740001400641 5.792551670599105 476
1740001400722 4.50621780270361 477
1740001400806 6.080907505461908 478
1740001400886 7.610864262658373 479
1740001400964 5.749158776389369 480
1740001401044 3.8265574086171306 481
1740001401124 4.475856585692785 482
1740001401206 6.497678556512384 483
1740001401287 5.478064923386681 484
1740001401372 4.197123541798199 485
1740001401452 4.490270087562085 486
1740001401530 3.3409515661263636 487
1740001401609 7.005826518148809 488
1740001401687 4.9256616767579295 489
1740001401771 6.128836682340064 490
1740001401856 6.533659244539702 491
1740001401935 2.264305340691876 492
1740001402015 3.971171884985136 493
1740001402103 6.400326405219436 494
1740001402200 7.505650185561587 495
1740001402291 3.92560836262676 496
1740001402376 4.6332603169793725 497
1740001402457 4.9818923662639145 498
1740001402538 4.641382209480488 499
