1740008985640 179.66569896525533 0
1740008985701 176.04983421791417 1
1740008985734 172.50848173217756 2
1740008985802 169.04008752528824 3
1740008985827 165.66868354799095 4
1740008985851 162.36644967262757 5
1740008985878 159.13194661739615 6
1740008985905 155.9637652979713 7
1740008985930 152.86052619048888 8
1740008985960 149.82087870802476 9
1740008985984 146.8435005902803 10
1740008986008 143.92709730619427 11
1740008986038 141.07040146920576 12
1740008986068 138.27217226489987 13
1740008986094 135.53119489077244 14
1740008986118 132.84628000785634 15
1740008986141 130.2162632039574 16
1740008986165 127.64000446825341 17
1740008986190 125.11638767701409 18
1740008986216 122.64432009020652 19
1740008986239 120.22273185875414 20
1740008986265 117.8505755422237 21
1740008986294 115.52682563671766 22
1740008986322 113.25047811275635 23
1740008986352 111.02054996293701 24
1740008986380 108.83607875916232 25
1740008986403 106.69612221923505 26
1740008986427 104.59975778262044 27
1740008986450 102.54608219518103 28
1740008986477 100.53421110269379 29
1740008986502 98.5632786529632 30
1740008986529 96.63243710634762 31
1740008986551 94.74085645452048 32
1740008986579 92.88772404729153 33
1740008986607 91.07224422731692 34
1740008986632 89.29363797253116 35
1740008986654 87.55114254613663 36
1740008986677 85.84401115399046 37
1740008986701 84.17151260923205 38
1740008986725 82.53293100399736 39
1740008986748 80.92756538806981 40
1740008986771 79.35472945432055 41
1740008986793 77.81375123079432 42
1740008986817 76.30523524786328 43
1740008986843 74.82722532326821 44
1740008986869 73.37909221772526 45
1740008986891 71.96021981710939 46
1740008986913 70.5700048568342 47
1740008986936 69.20785665204593 48
1740008986962 67.87319683350904 49
1740008986986 66.56545908906213 50
1740008987012 65.28408891052716 51
1740008987034 64.02854334595558 52
1740008987063 62.79829075709946 53
1740008987089 61.59281058199577 54
1740008987182 60.411593102557 55
1740008987207 59.254139217060995 56
1740008987229 58.119960217436905 57
1740008987252 57.00857757124587 58
1740008987277 55.919522708256586 59
1740008987302 54.85233681151912 60
1740008987325 53.80657061284151 61
1740008987347 52.781784192575955 62
1740008987369 51.77754678362374 63
1740008987394 50.79468918245699 64
1740008987418 49.831496327689024 65
1740008987440 48.887565294789766 66
1740008987463 47.96250152559314 67
1740008987486 47.05591865323887 68
1740008987523 46.167438330794965 69
1740008987552 45.296690063483524 70
1740008987578 44.44331104443335 71
1740008987600 43.60694599388537 72
1740008987622 42.787247001777864 73
1740008987647 41.98387337364018 74
1740008987674 41.19649147972513 75
1740008987698 40.42477460731189 76
1740008987720 39.668402816112334 77
1740008987743 38.927062796715596 78
1740008987768 38.2004477320065 79
1740008987792 37.48825716149542 80
1740008987817 36.79019684849797 81
1740008987839 36.10597865010461 82
1740008987861 35.435320389881156 83
1740008987884 34.77794573324287 84
1740008987908 34.133584065445525 85
1740008987931 33.50197037213843 86
1740008987953 32.88284512242539 87
1740008987975 32.2759541543807 88
1740008988000 31.68104856296848 89
1740008988028 31.097884590314735 90
1740008988051 30.526223518282436 91
1740008988073 29.96583156330128 92
1740008988095 29.416479773404443 93
1740008988119 28.87794392742599 94
1740008988144 28.350004436313316 95
1740008988171 27.832446246510095 96
1740008988196 27.32505874536617 97
1740008988221 26.827635668531645 98
1740008988243 26.339975009293408 99
1740008988267 25.861878929813155 100
1740008988291 25.39315367422694 101
1740008988316 24.933609483566986 102
1740008988339 24.48306051246744 103
1740008988361 24.041324747616454 104
1740008988382 23.60822392791793 105
1740008988406 23.183583466326827 106
1740008988433 22.767232373322884 107
1740008988456 22.35900318198824 108
1740008988496 21.958756376515314 109
1740008988568 21.56628033641457 110
1740008988592 21.181467705530675 111
1740008988616 20.804115582008833 112
1740008988640 20.43412087337344 113
1740008988665 20.071311932270554 114
1740008988689 19.7155206820856 115
1740008988712 19.366652030088762 116
1740008988734 19.024521481590813 117
1740008988758 18.689037678408845 118
1740008988783 18.360045150372205 119
1740008988807 18.037391562106098 120
1740008988830 17.720992805226427 121
1740008988851 17.410701936794037 122
1740008988875 17.10637493139883 123
1740008988900 16.807934489520758 124
1740008988923 16.515221168045656 125
1740008988944 16.228160651588308 126
1740008988966 15.946619737068115 127
1740008988989 15.670467762459998 128
1740008989015 15.399636598099494 129
1740008989038 15.133980968737584 130
1740008989065 14.873435336479258 131
1740008989088 14.617878890448894 132
1740008989112 14.36719301818448 133
1740008989134 14.1213178115745 134
1740008989159 13.880120786634238 135
1740008989185 13.643544277002997 136
1740008989209 13.411478647566689 137
1740008989231 13.183816149734884 138
1740008989256 12.960504251036829 139
1740008989282 12.741422012951798 140
1740008989308 12.526518832570623 141
1740008989330 12.315678862339471 142
1740008989352 12.10885333399311 143
1740008989375 11.90594683507985 144
1740008989399 11.706865424916929 145
1740008989425 11.511564893078878 146
1740008989447 11.319939340384595 147
1740008989470 11.13194612377944 148
1740008989492 10.947483839037153 149
1740008989517 10.766511332130856 150
1740008989541 10.58894551250516 151
1740008989564 10.41470439689386 152
1740008989586 10.243750900165479 153
1740008989608 10.07599217531414 154
1740008989631 9.911392397215424 155
1740008989657 9.749862694593324 156
1740008989679 9.591368438098328 157
1740008989701 9.435837210042289 158
1740008989724 9.283197379663164 159
1740008989748 9.133417971721874 160
1740008989772 8.986417460096906 161
1740008989795 8.842165868859587 162
1740008989817 8.700585195181715 163
1740008989840 8.561646410218577 164
1740008989863 8.425286338212345 165
1740008989888 8.291442308703173 166
1740008989911 8.160088595266988 167
1740008989933 8.0311534839622 168
1740008989954 7.904612026673491 169
1740008989979 7.780395638431216 170
1740008990004 7.658480107409631 171
1740008990027 7.538799860046009 172
1740008990051 7.421331381009802 173
1740008990074 7.306021855654476 174
1740008990098 7.1928186446870095 175
1740008990122 7.081701181402757 176
1740008990146 6.972608985250736 177
1740008990169 6.865522045877324 178
1740008990192 6.760382564950675 179
1740008990214 6.657171056987429 180
1740008990238 6.555832305332839 181
1740008990262 6.456347319630084 182
1740008990287 6.358663368062202 183
1740008990311 6.262761927305531 184
1740008990333 6.168600723177913 185
1740008990356 6.076137307075729 186
1740008990382 5.9853557808811075 187
1740008990407 5.896207274934704 188
1740008990429 5.808676244912626 189
1740008990451 5.722716043294898 190
1740008990473 5.638311457957667 191
1740008990497 5.555417980369307 192
1740008990522 5.47402071028235 193
1740008990546 5.39407719804188 194
1740008990569 5.315572836157972 195
1740008990596 5.238467156667248 196
1740008990620 5.162745826860801 197
1740008990643 5.0883765039513 198
1740008990668 5.015326326665201 199
1740008990691 4.943583317064434 200
1740008990714 4.873109692667769 201
1740008990736 4.803893660296543 202
1740008990760 4.735899219563181 203
1740008990785 4.669114748969155 204
1740008990807 4.603505963587354 205
1740008990830 4.539061401378829 206
1740008990853 4.475748428658805 207
1740008990878 4.413555731439452 208
1740008990901 4.352452265386419 209
1740008990923 4.292426853922298 210
1740008990946 4.233449982412033 211
1740008990969 4.175510601773527 212
1740008990993 4.1185806695783995 213
1740008991018 4.062649255010208 214
1740008991041 4.007689732434093 215
1740008991067 3.9536912807169156 216
1740008991093 3.900632482107587 217
1740008991118 3.8484909955311193 218
1740008991140 3.797258123604456 219
1740008991162 3.7469086039506188 220
1740008991185 3.6974337803152872 221
1740008991211 3.6488096775048096 222
1740008991235 3.601027675151627 223
1740008991258 3.5540650369569926 224
1740008991280 3.5079131736582116 225
1740008991303 3.4625505412947057 226
1740008991329 3.4179685773590194 227
1740008991356 3.374146885340941 228
1740008991379 3.3310769255445942 229
1740008991402 3.2887394056308836 230
1740008991424 3.247125805152783 231
1740008991448 3.2062178942134656 232
1740008991472 3.1660071684092506 233
1740008991493 3.126476420051137 234
1740008991516 3.0876171579080385 235
1740008991539 3.049413157704823 236
1740008991563 3.011855938825692 237
1740008991588 2.9749302230040016 238
1740008991611 2.938627537975166 239
1740008991633 2.902933515414249 240
1740008991655 2.867839689417886 241
1740008991680 2.8333325668265106 242
1740008991704 2.7994036863639784 243
1740008991727 2.7660403965038327 244
1740008991749 2.7332342391019404 245
1740008991771 2.700973371932109 246
1740008991796 2.669249338709603 247
1740008991820 2.638051075332058 248
1740008991842 2.607370126308673 249
1740008991864 2.577196175599489 250
1740008991887 2.5475207676348433 251
1740008991911 2.5183343054508125 252
1740008991935 2.4896283327049664 253
1740008991957 2.461393943559698 254
1740008991979 2.433622680371798 255
1740008992003 2.406306301479864 256
1740008992028 2.3794363475654965 257
1740008992055 2.353005215157329 258
1740008992078 2.327004443029369 259
1740008992101 2.3014270408436803 260
1740008992123 2.276264545365327 261
1740008992148 2.2515105552296433 262
1740008992175 2.2271566052121035 263
1740008992198 2.2031968596256895 264
1740008992220 2.17962285138661 265
1740008992242 2.1564292880236895 266
1740008992266 2.1336077008259227 267
1740008992291 2.1111533188803375 268
1740008992316 2.0890576721738827 269
1740008992339 2.067316490469774 270
1740008992363 2.0459213028630017 271
1740008992387 2.024868319659066 272
1740008992411 2.004149069548318 273
1740008992434 1.9837602239662495 274
1740008992456 1.9636933117558935 275
1740008992478 1.9439454467664836 276
1740008992500 1.9245081586142614 277
1740008992525 1.905378985517366 278
1740008992551 1.8865494585425797 279
1740008992575 1.868017522879798 280
1740008992597 1.8497747117744698 281
1740008992622 1.8318193606158844 282
1740008992649 1.8141430056014665 283
1740008992674 1.79674435615027 284
1740008992696 1.7796149522248879 285
1740008992719 1.7627538616859835 286
1740008992742 1.7461526291094127 287
1740008992767 1.7298106657702743 288
1740008992791 1.713719521736106 289
1740008992815 1.6978789372104555 290
1740008992838 1.6822804686568797 291
1740008992859 1.6669241712435685 292
1740008992882 1.651801608756349 293
1740008992909 1.6369131378680015 294
1740008992932 1.6222503306309624 295
1740008992955 1.607813832248637 296
1740008992977 1.5935952239989881 297
1740008992999 1.5795954271110568 298
1740008993025 1.5658060330585089 299
1740008993052 1.5522282270435563 300
1740008993076 1.538853611713961 301
1740008993098 1.5256836246292527 302
1740008993122 1.512709880595049 303
1740008993148 1.4999340583336618 304
1740008993177 1.4873477857950113 305
1740008993206 1.4749529720762073 306
1740008993230 1.4627412592581868 307
1740008993252 1.4507147764171477 308
1740008993274 1.4388683342896893 309
1740008993299 1.4271947639876565 310
1740008993325 1.4156984800540766 311
1740008993348 1.4043692151063285 312
1740008993370 1.393211529597273 313
1740008993392 1.3822152227236875 314
1740008993419 1.3713849930699487 315
1740008993444 1.3607107060441141 316
1740008993467 1.3501971908802872 317
1740008993489 1.339834378856541 318
1740008993512 1.3296272226608312 319
1740008993538 1.319565719124358 320
1740008993563 1.3096549374687083 321
1740008993587 1.2998849397833816 322
1740008993609 1.2902609051691616 323
1740008993631 1.2807729606988982 324
1740008993656 1.2714263889543904 325
1740008993682 1.2622113817347365 326
1740008993705 1.2531333189516667 327
1740008993727 1.2441824568893518 328
1740008993749 1.2353642668766003 329
1740008993772 1.226669069455646 330
1740008993796 1.2181024216892158 331
1740008993820 1.2096547081630902 332
1740008993842 1.2013315662122355 333
1740008993865 1.1931234442624117 334
1740008993888 1.1850360546726724 335
1740008993913 1.1770641811845755 336
1740008993936 1.16920072162544 337
1740008993958 1.1614534656429156 338
1740008993979 1.1538110713208156 339
1740008994003 1.1462813413891124 340
1740008994030 1.1388530461506388 341
1740008994056 1.1315339982078292 342
1740008994078 1.1243130785814175 343
1740008994100 1.1171981066799983 344
1740008994123 1.110178072782343 345
1740008994147 1.103260800175027 346
1740008994170 1.0964353869742827 347
1740008994194 1.0897096575493503 348
1740008994216 1.0830728164707066 349
1740008994239 1.0765326865227889 350
1740008994262 1.0700785773826664 351
1740008994288 1.0637183077054881 352
1740008994311 1.0574412909611346 353
1740008994333 1.051255339249266 354
1740008994357 1.0451499685510406 355
1740008994381 1.0391329820982245 356
1740008994406 1.033198975889362 357
1740008994429 1.0273407223594295 358
1740008994452 1.0215679814716703 359
1740008994475 1.0158685709531599 360
1740008994499 1.0102521868826395 361
1740008994523 1.0047067942716355 362
1740008994547 0.9992420247164528 363
1740008994570 0.9938459880284081 364
1740008994592 0.9885282507812694 365
1740008994615 0.9832770651633369 366
1740008994639 0.9781019322409847 367
1740008994669 0.9729912442163539 368
1740008994695 0.9679544362162936 369
1740008994718 0.9629800381512301 370
1740008994740 0.9580774188266896 371
1740008994762 0.953235243611387 372
1740008994788 0.9484628146557587 373
1740008994814 0.9437489305904572 374
1740008994837 0.9391028266228798 375
1740008994859 0.934513432501068 376
1740008994881 0.9299899162451143 377
1740008994905 0.9255267684835916 378
1740008994928 0.9211167009559604 379
1740008994951 0.9167707546546875 380
1740008994973 0.9124762289297886 381
1740008994995 0.9082440474489724 382
1740008995019 0.904061682583362 383
1740008995043 0.899939941918372 384
1740008995068 0.8958664675835162 385
1740008995090 0.891851952321889 386
1740008995114 0.8878842048387003 387
1740008995140 0.8839738042715936 388
1740008995163 0.8801087227963572 389
1740008995185 0.8762994271783312 390
1740008995207 0.8725340500339877 391
1740008995231 0.8688229469852499 392
1740008995254 0.8651544081323028 393
1740008995277 0.8615386791777555 394
1740008995299 0.8579700380204124 395
1740008995322 0.854441020892127 396
1740008995345 0.850963685013035 397
1740008995370 0.8475247525739197 398
1740008995394 0.8441361242074523 399
1740008995417 0.840784718808961 400
1740008995438 0.8374822829766426 401
1740008995460 0.8342159283249914 402
1740008995486 0.830997249926352 403
1740008995512 0.8278135482278374 404
1740008995536 0.824676269240881 405
1740008995558 0.8215728984546588 406
1740008995581 0.8185147352416565 407
1740008995604 0.8154894464357582 408
1740008995628 0.8125081871501884 409
1740008995652 0.8095588019567301 410
1740008995675 0.8066523040474285 411
1740008995697 0.8037828274885367 412
1740008995720 0.8009427929333012 413
1740008995744 0.7981449790934826 414
1740008995768 0.7953757105300341 415
1740008995791 0.7926475799972287 416
1740008995813 0.7899471268737348 417
1740008995837 0.7872867615034188 418
1740008995863 0.7846532335219254 419
1740008995886 0.7820587743335986 420
1740008995908 0.77949033938469 421
1740008995930 0.7769599845363967 422
1740008995953 0.7744548667103778 423
1740008995978 0.7719868695482379 424
1740008996001 0.7695433472198796 425
1740008996024 0.7671360143996775 426
1740008996046 0.7647588125718291 427
1740008996073 0.7624039956878488 428
1740008996095 0.7600850050192998 429
1740008996120 0.7577877208930264 430
1740008996143 0.7555253737395664 431
1740008996167 0.7532840761746129 432
1740008996189 0.7510768521525241 433
1740008996211 0.7488900414703145 434
1740008996234 0.7467364658691359 435
1740008996259 0.7446026873494125 436
1740008996282 0.7425013296026879 437
1740008996304 0.7404191719809103 438
1740008996326 0.7383686441926876 439
1740008996350 0.7363367382121361 440
1740008996375 0.734335693737065 441
1740008996399 0.7323527107535401 442
1740008996422 0.7303998428285022 443
1740008996445 0.7284709996497617 444
1740008996467 0.726558418375741 445
1740008996492 0.7246758545538563 446
1740008996516 0.722809059627461 447
1740008996544 0.72097156262076 448
1740008996567 0.7191493567727479 449
1740008996589 0.7173557495083502 450
1740008996612 0.7155769704183103 451
1740008996636 0.7138261101321368 452
1740008996663 0.7120896292877407 453
1740008996690 0.7103804064060973 454
1740008996715 0.7086851280031674 455
1740008996736 0.7070164650643083 456
1740008996759 0.7053613249461606 457
1740008996785 0.7037321755603244 458
1740008996810 0.7021228109111151 459
1740008996833 0.7005253691566824 460
1740008996855 0.698953995822614 461
1740008996878 0.6973941800022186 462
1740008996935 0.6958598251313741 463
1740008996968 0.694336673527454 464
1740008996994 0.6928383919810084 465
1740008997019 0.6913509702151527 466
1740008997043 0.6898878436830591 467
1740008997070 0.6884352438454424 468
1740008997096 0.6870063799932139 469
1740008997121 0.6855877198026038 470
1740008997145 0.6841922514480334 471
1740008997169 0.6828135702881786 472
1740008997202 0.6814436350730309 473
1740008997227 0.6800970855794312 474
1740008997249 0.6787590076236768 475
1740008997271 0.6774437822336793 476
1740008997293 0.6761367622355463 477
1740008997318 0.6748520758767199 478
1740008997344 0.6735753367498069 479
1740008997366 0.6723204261378712 480
1740008997388 0.6710732123191789 481
1740008997410 0.6698473352802062 482
1740008997434 0.6686289120620563 483
1740008997459 0.6674313468780574 484
1740008997482 0.6662409997630003 485
1740008997504 0.6650710445400027 486
1740008997527 0.6639150422423413 487
1740008997550 0.6627649261856429 488
1740008997578 0.6616355084914151 489
1740008997602 0.6605117832451444 490
1740008997624 0.6594082953421774 491
1740008997647 0.6583103118484037 492
1740008997669 0.6572321167022538 493
1740008997693 0.6561592434914278 494
1740008997717 0.6551057213046332 495
1740008997739 0.6540573439617996 496
1740008997761 0.6530278916514238 497
1740008997782 0.6520034123004599 498
1740008997806 0.6509974429932726 499
