1740011683689 4.6751000842218 0
1740011683798 0.8794796449610401 1
1740011683898 0.5804167505858532 2
1740011683997 0.4160242864099668 3
1740011684096 0.7582263987751411 4
1740011684193 0.45861652967716277 5
1740011684287 0.22680891937879122 6
1740011684394 0.5978975788084094 7
1740011684491 0.9281041087808383 8
1740011684587 0.4363977425945061 9
1740011684682 0.003184568039459524 10
1740011684786 0.09777339068079512 11
1740011684901 0.506386590331689 12
1740011685014 0.5720764239213428 13
1740011685121 0.06718174692207551 14
1740011685249 0.24312823339115547 15
1740011685343 1.2437330862860272 16
1740011685440 0.3249777695173796 17
1740011685555 1.7211527902367938 18
1740011685656 0.7939499118574809 19
1740011685797 0.7448381401117092 20
1740011685891 1.1687467978237625 21
1740011685987 0.3813227126735661 22
1740011686086 1.1602519734324157 23
1740011686201 1.4321608975708906 24
1740011686310 1.172470415252763 25
1740011686419 0.0012383933489053202 26
1740011686527 0.5516673859629891 27
1740011686642 0.6214695807653329 28
1740011686748 0.7678673584276345 29
1740011686856 0.6105372165179371 30
1740011686967 0.8587718624356829 31
1740011687077 0.7194874465552916 32
1740011687193 1.2097173308893308 33
1740011687291 0.5904420598925297 34
1740011687383 1.5644659645428993 35
1740011687478 0.45614075675359395 36
1740011687575 0.3161884429210826 37
1740011687675 0.9640443566615262 38
1740011687770 0.3466328472946093 39
1740011687865 0.3461534803204871 40
1740011687958 1.0534315418190305 41
1740011688055 0.005396797193284298 42
1740011688152 0.23736592226132502 43
1740011688247 0.5130433753042603 44
1740011688341 0.3112554527135746 45
1740011688437 0.39347246880202935 46
1740011688539 0.6516889366634228 47
1740011688640 2.409426861638841 48
1740011688736 2.099872904003306 49
1740011688831 0.6428760534695392 50
1740011688924 1.4652330731811647 51
1740011689022 0.19179860715703842 52
1740011689121 0.1517844468045647 53
1740011689219 1.2411881985860065 54
1740011689318 0.918812700288837 55
1740011689412 0.9689415461199536 56
1740011689511 1.4918435050530587 57
1740011689607 0.48758507826023106 58
1740011689707 0.92418543205024 59
1740011689812 0.7305921483704818 60
1740011689909 1.929955728462155 61
1740011690004 0.6139826634455668 62
1740011690108 0.14262875590774218 63
1740011690214 1.1687981019964575 64
1740011690311 0.785210774830661 65
1740011690411 1.2994170547961006 66
1740011690511 0.6702105854159941 67
1740011690606 1.1074479488876714 68
1740011690701 0.20130267990182638 69
1740011690799 0.540028301731411 70
1740011690894 0.9257213747345705 71
1740011690990 1.9659617904318185 72
1740011691086 1.575379798268852 73
1740011691184 1.4214846046807557 74
1740011691281 0.3318916183939202 75
1740011691379 0.6995557512465336 76
1740011691476 0.38410253643995745 77
1740011691571 0.614785991234788 78
1740011691669 0.7678687299649541 79
1740011691764 1.2661980584755534 80
1740011691860 0.1867786986468753 81
1740011691955 0.19112774752763298 82
1740011692049 0.21036280828447865 83
1740011692146 0.25240452120302026 84
1740011692238 0.6483989802638447 85
1740011692332 1.056182329707089 86
1740011692426 0.8721284660810817 87
1740011692525 1.029188903965286 88
1740011692621 1.20340603987167 89
1740011692717 0.15298216862318736 90
1740011692813 0.5032205886698555 91
1740011692909 0.34221430444706147 92
1740011693005 1.625053195997447 93
1740011693104 0.2440815322452545 94
1740011693197 2.0384810564855442 95
1740011693291 0.03128732204370699 96
1740011693386 0.9034625259695329 97
1740011693480 0.21639192925151488 98
1740011693575 0.6485952605260886 99
1740011693680 0.9595307651322973 100
1740011693776 0.5867289454936679 101
1740011693870 0.02470511179967684 102
1740011693967 0.28295353542566853 103
1740011694061 1.0107321589492695 104
1740011694158 0.015136134284041002 105
1740011694252 0.3850148881925167 106
1740011694348 0.005774028228152152 107
1740011694444 1.362484755336184 108
1740011694548 0.19280775061141484 109
1740011694645 0.8198944099090298 110
1740011694739 1.1822016961996262 111
1740011694834 0.011057554160143796 112
1740011694930 0.32018839767434415 113
1740011695028 0.2251919578212911 114
1740011695124 0.15785983271673476 115
1740011695220 0.051758489453408815 116
1740011695315 0.2485886965059369 117
1740011695410 0.6811035887502802 118
1740011695505 1.8483859434334589 119
1740011695601 0.2737997546253145 120
1740011695696 0.21887117580800394 121
1740011695791 0.5049633395592039 122
1740011695886 1.119826463230477 123
1740011695984 0.1858599899882092 124
1740011696086 0.4158339966644794 125
1740011696184 0.6825808079205434 126
1740011696279 0.2728415670324799 127
1740011696376 1.3586991802865775 128
1740011696478 0.8325108225731068 129
1740011696585 0.14657453680846133 130
1740011696683 0.07670165377362531 131
1740011696779 0.16155529372370478 132
1740011696880 0.7275832063019202 133
1740011696980 0.6059854994608592 134
1740011697082 0.2768415552857944 135
1740011697178 0.15236100395971794 136
1740011697274 0.3056364442549606 137
1740011697369 0.5067024413868212 138
1740011697469 0.3993461469779943 139
1740011697567 0.06635122616027442 140
1740011697664 0.23378447681268258 141
1740011697759 1.1590662961463079 142
1740011697855 0.2805353605649509 143
1740011697949 0.504950905847611 144
1740011698048 0.3397838427179434 145
1740011698147 0.7467399544724845 146
1740011698242 0.9962877447473784 147
1740011698336 0.6796835169134354 148
1740011698432 0.9345468578433663 149
1740011698530 0.3084035817270281 150
1740011698632 0.1046394001997675 151
1740011698728 0.30356038324944556 152
1740011698823 0.9477106752303894 153
1740011698920 1.1118054413631255 154
1740011699018 0.2612691399307529 155
1740011699117 0.5544193093179636 156
1740011699211 0.21627740290353556 157
1740011699306 0.31823892693768546 158
1740011699399 0.3158724107922743 159
1740011699493 0.8326466178515124 160
1740011699588 0.5244332400875806 161
1740011699682 0.6017529040406856 162
1740011699778 0.9461716261957018 163
1740011699873 0.08470771824905286 164
1740011699967 0.9597897520005063 165
1740011700064 1.4822627416395069 166
1740011700163 0.2381755415112675 167
1740011700272 0.7672468323825763 168
1740011700369 0.6896352061692068 169
1740011700461 0.8039325551361369 170
1740011700557 0.5574839151080478 171
1740011700659 0.4447970808407838 172
1740011700755 0.46121749357545566 173
1740011700850 0.6319668999641457 174
1740011700944 0.6755599990947379 175
1740011701042 1.0909455677140636 176
1740011701138 0.824265139049258 177
1740011701234 0.37749037240738303 178
1740011701330 0.954867394714322 179
1740011701428 0.5354724818956029 180
1740011701524 0.11488914072951296 181
1740011701620 0.8252404013590315 182
1740011701715 0.5302657636076823 183
1740011701810 0.4753784054619235 184
1740011701905 0.3748490791664807 185
1740011701998 0.24778064863895857 186
1740011702095 0.5723706537497547 187
1740011702193 1.5737260746461612 188
1740011702287 0.3637092990205242 189
1740011702381 0.146477585945453 190
1740011702477 0.09877441122528789 191
1740011702572 0.4056793729635015 192
1740011702668 1.0849899051643586 193
1740011702767 0.409948810134092 194
1740011702863 0.06597100792698445 195
1740011702957 0.36658388223687227 196
1740011703053 1.4734147046892583e-05 197
1740011703150 0.4546055470411116 198
1740011703247 0.249062413477983 199
1740011703341 0.13692566166621886 200
1740011703436 0.0017898073951169461 201
1740011703534 0.003436366379563226 202
1740011703633 0.32085699329544454 203
1740011703730 0.96441168313699 204
1740011703829 0.5705706635453649 205
1740011703932 0.6666427334901673 206
1740011704028 1.5011422249449922 207
1740011704127 0.3458176335804664 208
1740011704222 2.138342439315717 209
1740011704319 0.18597111083842172 210
1740011704418 0.22945438419340877 211
1740011704518 1.40208120274112 212
1740011704618 0.05190841001047294 213
1740011704718 0.45230233936847064 214
1740011704816 0.31972770664135547 215
1740011704912 0.5926115170350635 216
1740011705006 0.7989060126155226 217
1740011705104 0.0007602807531360433 218
1740011705200 0.2729007178981734 219
1740011705301 0.19871456840584673 220
1740011705402 0.5617771455382797 221
1740011705496 0.9908168076243258 222
1740011705592 0.7037340999361659 223
1740011705687 1.2632835496733605 224
1740011705784 0.03157840463119173 225
1740011705881 0.2127038862187537 226
1740011705976 1.0615720715813757 227
1740011706072 0.610889535246932 228
1740011706170 0.05629885017976505 229
1740011706267 0.3800903226287924 230
1740011706362 0.24530229049714428 231
1740011706458 0.44979617812423994 232
1740011706554 0.3905552043483694 233
1740011706649 0.5479746278055535 234
1740011706749 0.7314330093171807 235
1740011706843 0.2426716401872972 236
1740011706938 0.5287657724918625 237
1740011707033 1.1555633088661865 238
1740011707158 0.5186422937044111 239
1740011707277 0.21486722171889708 240
1740011707377 0.31631389390096093 241
1740011707483 0.19646527348136825 242
1740011707580 0.425135923740786 243
1740011707678 0.6190578428271089 244
1740011707774 1.2805201841622365 245
1740011707874 1.1023383488023792 246
1740011707969 0.4630948673546758 247
1740011708062 0.7135149822423025 248
1740011708159 0.3881156985969939 249
1740011708254 0.29318693305874677 250
1740011708350 0.4134753558279409 251
1740011708450 1.1906819715618189 252
1740011708550 0.5778946787309719 253
1740011708647 0.06217666999187896 254
1740011708742 0.2206681517998907 255
1740011708843 0.8735996083811185 256
1740011708938 0.2949648085169746 257
1740011709033 0.15664836656118902 258
1740011709132 0.18114967010699123 259
1740011709237 0.7891088100945636 260
1740011709330 1.2312465702774182 261
1740011709429 1.1651335383315036 262
1740011709529 0.6916185830277769 263
1740011709626 1.2053583869021935 264
1740011709723 0.04379325266869745 265
1740011709817 0.5429071926513424 266
1740011709912 1.122249445713664 267
1740011710007 0.5340868526698395 268
1740011710109 0.7991969138776214 269
1740011710205 0.21681068462786524 270
1740011710320 0.3267051820197394 271
1740011710422 0.3522857018849188 272
1740011710524 0.5215177867474694 273
1740011710621 0.048910068094708874 274
1740011710753 0.04478553985145266 275
1740011710853 0.05636476169678958 276
1740011710948 0.30633190696292223 277
1740011711044 0.2328581533603446 278
1740011711142 1.3785770347912203 279
1740011711238 0.33378653510229594 280
1740011711336 0.16652225356260741 281
1740011711435 0.7330429097836986 282
1740011711542 0.6739512119090948 283
1740011711642 0.5526734055834555 284
1740011711737 0.39248841424548087 285
1740011711833 0.020215119276113778 286
1740011711929 0.6515432637832154 287
1740011712025 0.16178507338584508 288
1740011712121 2.013483721586536 289
1740011712217 1.2979509386459402 290
1740011712315 1.0955167979888607 291
1740011712412 0.2854305187492571 292
1740011712508 0.1501294574960175 293
1740011712607 0.19235989598614253 294
1740011712704 1.3877295014420892 295
1740011712802 2.6847304492190553 296
1740011712904 0.3969377610800823 297
1740011713002 0.12600360777699102 298
1740011713102 0.056465219798337345 299
1740011713203 1.9525684830601273 300
1740011713299 1.1462555971106527 301
1740011713395 0.43380085631387205 302
1740011713491 0.3845050673479974 303
1740011713610 0.3388422802246344 304
1740011713714 0.31798318947179516 305
1740011713811 0.8112324986239944 306
1740011713906 4.004915882017191e-05 307
1740011714003 0.7607754817979827 308
1740011714102 0.7318353834913056 309
1740011714201 1.574458104639647 310
1740011714316 0.485087497961204 311
1740011714423 0.8987174267890968 312
1740011714530 0.9711803611648152 313
1740011714630 1.4593692082910865 314
1740011714731 0.4003651023565989 315
1740011714828 0.8729414125150364 316
1740011714934 0.003222733874405834 317
1740011715028 2.219492604751672 318
1740011715131 0.33519034145865195 319
1740011715229 0.5059437258308885 320
1740011715324 0.03364723669558016 321
1740011715421 1.0436218017589074 322
1740011715516 1.185990269078057 323
1740011715613 0.14945617427688956 324
1740011715712 0.5514055024209664 325
1740011715811 0.37876904942216416 326
1740011715911 0.9610428328483812 327
1740011716005 0.4515693129137524 328
1740011716105 0.6021234095412586 329
1740011716202 0.8203276412647906 330
1740011716297 0.049790268670521505 331
1740011716397 1.568849352816507 332
1740011716496 1.085741344935501 333
1740011716594 0.30398583813881186 334
1740011716733 0.5052409743236 335
1740011716832 0.329163843191807 336
1740011716932 0.15324595275453748 337
1740011717036 0.38514261685388906 338
1740011717142 0.3777542012059948 339
1740011717241 0.33211015359373575 340
1740011717338 0.43387349724324503 341
1740011717438 0.27583876473905367 342
1740011717535 0.028639857902242525 343
1740011717633 0.15163089489658904 344
1740011717733 0.7134827962127316 345
1740011717832 0.974056333884711 346
1740011717933 0.13514778108331393 347
1740011718036 0.43408932813935674 348
1740011718142 1.620953979131031 349
1740011718239 1.906622832069251 350
1740011718335 0.1510663000773459 351
1740011718431 0.4492376693706772 352
1740011718535 0.051236611536554684 353
1740011718637 0.4154659356435874 354
1740011718735 0.21764145435502696 355
1740011718833 0.9928463801657034 356
1740011718930 1.0606045287185601 357
1740011719037 0.5446449370101379 358
1740011719141 0.5826752767709946 359
1740011719240 0.0122972761813956 360
1740011719337 0.24928553449195706 361
1740011719434 0.0716123341747015 362
1740011719533 0.0009798780575147362 363
1740011719631 1.1846399564662693 364
1740011719728 0.6093577922657487 365
1740011719827 0.05625357808882665 366
1740011719925 1.029490894820269 367
1740011720021 0.07846225762471797 368
1740011720122 0.06336141829351047 369
1740011720219 0.950675035500732 370
1740011720318 0.6655152090094553 371
1740011720424 0.4067132094507901 372
1740011720528 0.12385862933485343 373
1740011720623 0.12205163712765044 374
1740011720721 0.9188096583409175 375
1740011720819 0.7421366131143439 376
1740011720923 0.0036342399454491123 377
1740011721032 0.5632262996325879 378
1740011721154 0.09311432717233308 379
1740011721258 0.26008454268469916 380
1740011721359 1.7055796786982855 381
1740011721463 0.2885252396097523 382
1740011721572 0.2007950848721069 383
1740011721679 1.0691879455886149 384
1740011721780 0.3882460269637023 385
1740011721883 0.03833940909956483 386
1740011721989 0.28901619620080227 387
1740011722097 0.5463467355060103 388
1740011722205 0.11853358721088421 389
1740011722313 0.13430593972189214 390
1740011722422 0.8931412767412039 391
1740011722527 0.43426240386518317 392
1740011722629 0.12543753871182053 393
1740011722732 0.15060170111002272 394
1740011722837 0.5460436392722879 395
1740011722944 0.6314829326427406 396
1740011723064 1.6279669513621056 397
1740011723160 0.8405474408771373 398
1740011723258 0.3137772696314736 399
1740011723356 0.22478075470506004 400
1740011723457 0.5996070952299362 401
1740011723556 0.4625359795201877 402
1740011723651 0.6310181289439537 403
1740011723746 2.0794385907716215 404
1740011723841 0.10686045991683653 405
1740011723939 0.943214715954607 406
1740011724037 1.5602652472950345 407
1740011724143 0.23329589075342427 408
1740011724250 1.6988160185445003 409
1740011724348 0.16825269143344568 410
1740011724448 0.42467562545095167 411
1740011724551 0.22046831814408535 412
1740011724651 1.4135674678611747 413
1740011724751 0.21164139681831257 414
1740011724884 0.24295933108164092 415
1740011724982 0.8417964406008311 416
1740011725085 0.7143483211969852 417
1740011725183 1.0738559587540368 418
1740011725282 0.007372879402086591 419
1740011725381 0.2866161516770673 420
1740011725483 0.422198556198889 421
1740011725584 0.7177693751941213 422
1740011725681 0.5904661914842027 423
1740011725778 0.43425410042925117 424
1740011725875 0.20438913337722023 425
1740011725976 0.6703167834439802 426
1740011726082 0.28243256544837003 427
1740011726181 0.6710089760611845 428
1740011726278 0.142967660283379 429
1740011726380 0.6617734298747009 430
1740011726479 0.17017954274590488 431
1740011726574 0.004778193325384885 432
1740011726670 2.20838831941303 433
1740011726764 0.8774143801002502 434
1740011726862 0.41249137472262487 435
1740011726960 0.06573451278796139 436
1740011727059 0.7389360167193734 437
1740011727168 1.0656674771693504 438
1740011727271 0.2779491946844981 439
1740011727372 0.14677574939503055 440
1740011727468 0.00558430208278254 441
1740011727564 0.19305383425687658 442
1740011727660 0.12961895385623118 443
1740011727756 0.014856224023183085 444
1740011727852 0.9487941723304926 445
1740011727946 0.49597232834030625 446
1740011728041 0.3188510428517819 447
1740011728155 0.5694961484786976 448
1740011728304 0.31355106578695596 449
1740011728400 0.30025763594592714 450
1740011728496 0.2566446883094374 451
1740011728595 0.48658660440291135 452
1740011728692 0.030515362907649963 453
1740011728787 1.2607962908167873 454
1740011728882 0.40625277518804226 455
1740011728978 0.20366282830301521 456
1740011729074 0.02303340549874308 457
1740011729179 1.066465768128948 458
1740011729276 1.336280177522642 459
1740011729373 0.04465073058906792 460
1740011729471 0.6337505654657527 461
1740011729574 0.9014211393991347 462
1740011729674 1.1036751458347616 463
1740011729771 0.7845960206014496 464
1740011729870 0.587319877764497 465
1740011729966 0.6475433763081739 466
1740011730062 1.8518368920471304 467
1740011730160 0.7337761425612278 468
1740011730256 0.15130199217027038 469
1740011730354 1.5394320308688183 470
1740011730455 0.4071130448138884 471
1740011730565 0.1694262708883747 472
1740011730667 2.0064041667876524 473
1740011730765 0.20414325306989228 474
1740011730865 0.31927082365964016 475
1740011730967 1.0779409909828592 476
1740011731069 1.0209717612723535 477
1740011731186 0.8687887567535152 478
1740011731288 0.553349755631505 479
1740011731384 0.4563918504498456 480
1740011731480 0.39032650287142073 481
1740011731574 0.44061270248838375 482
1740011731673 0.9666507588841287 483
1740011731773 0.3499655926210208 484
1740011731874 2.146220299124128 485
1740011731979 0.09510008140404096 486
1740011732078 0.41486576025319805 487
1740011732177 0.7780939333577992 488
1740011732276 0.4145097521023676 489
1740011732374 0.501424360178854 490
1740011732481 0.9482575990876076 491
1740011732581 0.11666578073601938 492
1740011732679 0.7058962508546847 493
1740011732775 0.03482974717188327 494
1740011732871 0.9572580158189034 495
1740011732965 0.10818949822137214 496
1740011733061 0.24588936763399197 497
1740011733159 0.5002272141224949 498
1740011733258 0.004024013905059723 499
