1740010209180 90.44862682463257 0
1740010209289 37.272633296364724 1
1740010209393 10.889086229156282 2
1740010209506 13.412601388150442 3
1740010209610 3.2524341749270453 4
1740010209710 1.332249498199441 5
1740010209816 0.8887930583884811 6
1740010209921 0.5279660229372539 7
1740010210026 0.5506235235868647 8
1740010210129 0.7544737182703829 9
1740010210234 2.6109326639351944 10
1740010210348 0.16544203570907162 11
1740010210449 0.2530174573459136 12
1740010210550 0.6682030028536357 13
1740010210653 0.5659621398890794 14
1740010210755 0.8046754834391051 15
1740010210858 1.1557540678225506 16
1740010210961 0.26267170785613714 17
1740010211064 0.0006161725029424874 18
1740010211238 0.2676499960044377 19
1740010211342 0.2448406671896047 20
1740010211443 1.0611691671877534 21
1740010211547 0.07562258503786265 22
1740010211650 0.4774536868496415 23
1740010211753 1.1209343491050963 24
1740010211856 1.6898665183281587 25
1740010211955 1.5797627362670108 26
1740010212060 0.1535165465025867 27
1740010212163 1.7845657823806689 28
1740010212267 0.6435068255453912 29
1740010212383 0.5720784899757952 30
1740010212487 0.29486809949094134 31
1740010212593 0.5623429611052494 32
1740010212697 0.4011013344355543 33
1740010212799 0.4374240129880934 34
1740010212904 0.5632650217012503 35
1740010213006 0.3993455525916736 36
1740010213115 1.1080104465163734 37
1740010213217 0.362124083797284 38
1740010213321 1.1890773934319812 39
1740010213423 9.097627042066725e-05 40
1740010213527 0.6945360487287091 41
1740010213632 0.399050490210394 42
1740010213733 0.8658102356822532 43
1740010213834 0.45075366036828096 44
1740010213937 0.21572294729313327 45
1740010214039 0.43868819308053747 46
1740010214195 0.3342310194676828 47
1740010214297 1.3111518283797694 48
1740010214401 0.018851610458296177 49
1740010214508 0.9584965455503748 50
1740010214612 0.5423165482857344 51
1740010214718 1.6312709402557375 52
1740010214822 1.0433267012851823 53
1740010214930 0.004262690459207369 54
1740010215035 0.504538219452178 55
1740010215139 1.4148500053596973 56
1740010215246 0.7612928734819236 57
1740010215357 0.17254837496555078 58
1740010215464 0.9211321817282976 59
1740010215591 0.33874776903411874 60
1740010215693 0.46939149460311524 61
1740010215795 0.7044515492926049 62
1740010215900 0.6041464117206081 63
1740010216005 0.7453916630661347 64
1740010216113 0.8255897294381336 65
1740010216218 0.6412199639731173 66
1740010216321 0.7424972157306406 67
1740010216425 0.36497240713944773 68
1740010216532 0.5347453609522558 69
1740010216627 0.21177056417249807 70
1740010216722 0.358435732362729 71
1740010216815 0.41042464557938996 72
1740010216913 0.8191447459809494 73
1740010217009 0.4555249668512019 74
1740010217104 0.9999320482921523 75
1740010217277 1.122491009384 76
1740010217370 0.3420261081130826 77
1740010217463 0.3200231835253973 78
1740010217561 0.153157938351338 79
1740010217659 0.9401569332395625 80
1740010217753 0.32983225963674734 81
1740010217863 0.17328979620612112 82
1740010217975 0.42327826581684375 83
1740010218089 0.43081857903435633 84
1740010218200 1.0150132242732097 85
1740010218311 2.017967016741858 86
1740010218419 0.2327107047249982 87
1740010218527 0.6552831329057016 88
1740010218631 0.8258740830506413 89
1740010218734 0.9033101691778281 90
1740010218841 0.8858070542494734 91
1740010218939 0.13312336101369665 92
1740010219037 0.2295605436733913 93
1740010219135 0.6433720483460416 94
1740010219229 0.4369357503806252 95
1740010219333 0.14538587852606746 96
1740010219429 0.16638647839349544 97
1740010219524 0.4652854718970471 98
1740010219619 0.2296615417457956 99
1740010219714 1.3695506928560512 100
1740010219811 1.3774632908741802 101
1740010219907 0.14163144728932328 102
1740010220002 0.09978959721317716 103
1740010220099 0.4374687003083535 104
1740010220195 0.2478631021756657 105
1740010220292 0.6175833239104291 106
1740010220388 0.49446304387292933 107
1740010220483 0.165227105741799 108
1740010220586 0.4816254943989739 109
1740010220680 2.084881865790975 110
1740010220775 0.7995034862211401 111
1740010220870 0.7551731960746971 112
1740010220964 0.5203329152850429 113
1740010221062 0.03797772571284901 114
1740010221161 0.2637714387564419 115
