1739966933808 2.0965367753859945 0
1739966933880 7.9256693221830465 1
1739966933953 7.152165239462384 2
1739966934065 6.984353468272091 3
1739966934187 4.60443628685858 4
1739966934258 15.541651082184632 5
1739966934327 12.839280078311976 6
1739966934396 10.129282934622992 7
1739966934468 8.486812994202065 8
1739966934544 6.037700081238441 9
1739966934614 4.8890270652719785 10
1739966934684 6.079717006681415 11
1739966934754 5.351874595632181 12
1739966934825 5.885778759985247 13
1739966934898 7.08462206604376 14
1739966934970 8.609835489856078 15
1739966935045 8.00100240969474 16
1739966935115 8.778827045462622 17
1739966935184 5.656980762540379 18
1739966935254 4.8652114269225715 19
1739966935324 7.295777673380667 20
1739966935393 7.040460038122317 21
1739966935465 6.63203641286919 22
1739966935538 5.413066074325095 23
1739966935608 7.722197317997563 24
1739966935710 5.451347265919068 25
1739966935781 6.766952121956033 26
1739966935849 7.748940012529882 27
1739966935918 7.887253546839707 28
1739966935993 5.454551962425027 29
1739966936067 5.309214110763965 30
1739966936135 7.931641337337931 31
1739966936203 6.861699290187409 32
1739966936274 5.66210265205254 33
1739966936348 7.7101322016086975 34
1739966936429 10.946523361204438 35
1739966936504 6.597854317066029 36
1739966936575 7.321676662842944 37
1739966936643 8.641850217037872 38
1739966936712 8.187511869327977 39
1739966936781 5.938245225185881 40
1739966936850 8.36335339667231 41
1739966936920 7.331465278098132 42
1739966936991 7.4694789069284395 43
1739966937060 5.465154026645312 44
1739966937131 5.007808670763231 45
1739966937200 4.1224202632747255 46
1739966937270 6.54567925853587 47
1739966937341 6.911843684893352 48
1739966937412 5.414356310045725 49
1739966937482 8.836957470693307 50
1739966937557 3.8478364459780576 51
1739966937626 8.649314673403742 52
1739966937694 2.8716601467539427 53
1739966937763 9.218334856254401 54
1739966937833 6.314425564053067 55
1739966937902 5.046292010258533 56
1739966937971 7.730955709353596 57
1739966938048 9.063753993302695 58
1739966938117 10.26782736390114 59
1739966938184 9.386537758419003 60
1739966938255 9.206946022143148 61
1739966938325 6.794287770163611 62
1739966938396 6.19667572544051 63
1739966938468 10.446850068383085 64
1739966938548 5.9886929216593625 65
1739966938619 6.440878507286856 66
1739966938687 5.816264830894277 67
1739966938756 3.0956124826811653 68
1739966938826 6.550029081851883 69
1739966938897 5.038796316660174 70
1739966938994 6.535644928615227 71
1739966939070 10.08397854416388 72
1739966939138 11.761445526418537 73
1739966939207 4.759297674133207 74
1739966939282 7.731815947350401 75
1739966939353 8.27765138059551 76
1739966939422 5.054390566761711 77
1739966939495 8.225834049044364 78
1739966939569 7.0945770931036085 79
1739966939638 5.282977656397214 80
1739966939706 4.875922851481495 81
1739966939776 6.670208825948806 82
1739966939846 11.89052801262447 83
1739966939915 5.986632854923846 84
1739966939986 8.706108709918054 85
1739966940060 6.991229386695586 86
1739966940134 4.868329734978238 87
1739966940202 8.698562522364819 88
1739966940275 6.940775589472697 89
1739966940345 9.070391616940887 90
1739966940415 6.458233865267987 91
1739966940486 8.73257680169714 92
1739966940557 6.8281176683474945 93
1739966940627 6.468346853951324 94
1739966940696 4.326304028434794 95
1739966940767 9.340253419709446 96
1739966940836 12.643190568583455 97
1739966940904 7.040186774975283 98
1739966940975 8.786876592679004 99
1739966941044 9.098609204612217 100
1739966941115 10.336916168506352 101
1739966941185 8.961461272591373 102
1739966941254 5.503612257556374 103
1739966941323 4.850845409956884 104
1739966941395 4.918570358247727 105
1739966941468 7.049456900370832 106
1739966941543 5.49624657143423 107
1739966941611 8.053539344615107 108
1739966941682 12.8613685215545 109
1739966941753 7.835023049938474 110
1739966941821 4.411756262751057 111
1739966941891 4.699787079343639 112
1739966941962 6.620270099780893 113
1739966942031 5.037703325061541 114
1739966942106 8.46349168387437 115
1739966942176 7.520549338358185 116
1739966942246 5.505973561297188 117
1739966942317 13.262976192565572 118
1739966942388 4.912431592698091 119
1739966942458 6.56873769744306 120
1739966942529 8.239264074541094 121
1739966942596 7.182794803737253 122
1739966942666 5.169438985787851 123
1739966942736 6.420446189723669 124
1739966942804 7.431889410196728 125
1739966942874 7.558927639782109 126
1739966942945 5.148281639352366 127
1739966943015 8.465674510830063 128
1739966943085 6.596764199904811 129
1739966943155 5.657999109047362 130
1739966943224 6.3393061154462655 131
1739966943293 6.719414592142353 132
1739966943362 3.6325938617376687 133
1739966943433 3.176048504329771 134
1739966943508 10.291458899134785 135
1739966943581 7.729051453934238 136
1739966943650 7.032919026464976 137
1739966943718 5.808037642290306 138
1739966943788 4.20564518704401 139
1739966943858 7.407911128303635 140
1739966943928 8.682127982419562 141
1739966943999 3.904833714913459 142
1739966944071 7.524775619609981 143
1739966944143 9.28585779393754 144
1739966944213 4.470655140841732 145
1739966944281 7.066077666919856 146
1739966944350 7.489907418803375 147
1739966944423 7.822091024227026 148
1739966944496 5.489359943526137 149
1739966944567 8.650835171071659 150
1739966944636 4.696756677073714 151
1739966944704 7.3069268100256455 152
1739966944774 6.695142019511711 153
1739966944844 8.966096251466398 154
1739966944915 7.265731714987127 155
1739966944985 7.5179022086140135 156
1739966945055 4.914177216195958 157
1739966945125 7.5516481513981155 158
1739966945195 7.920808599193781 159
1739966945267 5.824484040140817 160
1739966945336 6.153767921656067 161
1739966945406 4.705439893108033 162
1739966945477 7.100661059689387 163
1739966945551 3.6167771738568946 164
1739966945620 5.121192529817906 165
1739966945690 8.849980392412629 166
1739966945759 3.8862436264873446 167
1739966945827 6.370005502131708 168
1739966945897 15.12853345461567 169
1739966945968 8.152313306390445 170
1739966946037 4.948790912823433 171
1739966946105 6.14577920427619 172
1739966946179 6.69264084196376 173
1739966946249 6.5304734286837185 174
1739966946319 4.8755518913383025 175
1739966946391 4.832706469063418 176
1739966946466 6.413090562557677 177
1739966946549 10.283337193640534 178
1739966946622 5.278236708311604 179
1739966946690 5.5509547534622445 180
1739966946759 5.0235518829875865 181
1739966946828 7.022876798560571 182
1739966946899 5.55600551115484 183
1739966946969 9.598433013505904 184
1739966947039 5.674043216625951 185
1739966947107 6.789863532796831 186
1739966947177 5.429650955655216 187
1739966947247 4.996364364273071 188
1739966947317 6.327567730506499 189
1739966947388 7.757733954218034 190
1739966947458 8.578614698477825 191
1739966947529 2.7759273961348674 192
1739966947599 7.876792493443246 193
1739966947666 6.916436698199769 194
1739966947738 12.346735100354174 195
1739966947807 7.2086887566531646 196
1739966947875 8.62374545752216 197
1739966947946 7.265987643612367 198
1739966948016 9.221916645797174 199
1739966948086 7.2315892984620405 200
1739966948157 4.030635543535282 201
1739966948232 8.693140325437245 202
1739966948301 10.083512614089768 203
1739966948371 6.67470379673609 204
1739966948441 5.1671699570942895 205
1739966948519 7.978331856884157 206
1739966948589 5.898660743552171 207
1739966948659 7.058751125046761 208
1739966948727 7.16612212951438 209
1739966948796 5.278508641640213 210
1739966948866 6.697464928204468 211
1739966948937 7.72416363487337 212
1739966949008 9.030464658275143 213
1739966949077 10.196391330177788 214
1739966949148 8.365744907142048 215
1739966949217 8.69663359425924 216
1739966949287 8.76280215365586 217
1739966949356 4.913012112058621 218
1739966949428 10.735910751061168 219
1739966949497 7.347480189591867 220
1739966949571 6.21978070333745 221
1739966949640 7.291126567408337 222
1739966949709 6.173372001395624 223
1739966949779 3.93798591624589 224
1739966949849 5.65696942272441 225
1739966949917 4.717159327090343 226
1739966949989 5.783148025822571 227
1739966950059 7.466842162502488 228
1739966950128 4.374642284102045 229
1739966950197 4.486954373634138 230
1739966950274 5.03170973029704 231
1739966950342 10.001176861897713 232
1739966950413 5.952790233300972 233
1739966950485 6.770411567237364 234
1739966950563 5.342682720864482 235
1739966950631 7.06561464325286 236
1739966950700 7.150407116860667 237
1739966950776 6.034902749776683 238
1739966950844 4.881862574807753 239
1739966950914 6.838336576398582 240
1739966950984 5.396439429241195 241
1739966951056 6.407545529268773 242
1739966951126 8.825167406556703 243
1739966951196 9.425929263835142 244
1739966951266 7.504676044741146 245
1739966951335 7.624253794017011 246
1739966951406 6.246829447880295 247
1739966951476 7.008304862173443 248
1739966951556 6.74222053046065 249
1739966951669 6.6432061850151625 250
1739966951738 8.892546167947785 251
1739966951807 8.270361360255194 252
1739966951878 7.963954704671802 253
1739966951949 5.793097968240465 254
1739966952018 6.720185170589103 255
1739966952090 5.625324530314397 256
1739966952159 6.269571072433498 257
1739966952228 13.182828383644297 258
1739966952303 9.880985078192685 259
1739966952373 7.249676611752654 260
1739966952443 8.468315152680173 261
1739966952515 6.422165003574685 262
1739966952587 3.8978243460308635 263
1739966952655 2.6208622958809453 264
1739966952723 9.152641961708724 265
1739966952795 7.098670568502034 266
1739966952866 5.151683391433933 267
1739966952937 6.036190658138664 268
1739966953006 9.024625760347359 269
1739966953077 6.774621432342582 270
1739966953146 13.041113498051155 271
1739966953216 9.472698063378663 272
1739966953293 9.587223756796984 273
1739966953363 7.144967464722588 274
1739966953440 4.987277596081492 275
1739966953522 7.056050870743549 276
1739966953604 6.988867725256724 277
1739966953688 8.035979852842551 278
1739966953774 8.544309215407537 279
1739966953858 10.660871915741843 280
1739966953944 9.204348299833631 281
1739966954064 6.035260908854813 282
1739966954133 5.040132716515226 283
1739966954202 4.917814866917082 284
1739966954273 5.330142193908988 285
1739966954354 13.22845986627692 286
1739966954424 7.424916565228901 287
1739966954496 4.96598974839827 288
1739966954567 10.150675012124356 289
1739966954636 8.017729020480736 290
1739966954709 3.948125752742628 291
1739966954780 7.2521695788785845 292
1739966954848 8.004586979245992 293
1739966954918 6.027444321471354 294
1739966954995 6.252234994557883 295
1739966955096 9.455427892656596 296
1739966955166 6.073900342616478 297
1739966955238 5.568303136104339 298
1739966955309 4.75926136463846 299
1739966955380 5.646651396636805 300
1739966955449 6.7175218107185986 301
1739966955526 7.2017580070166725 302
1739966955594 8.380829554735511 303
1739966955662 4.295722691657304 304
1739966955732 5.485766922985662 305
1739966955800 6.887915186762088 306
1739966955870 5.9215651934901 307
1739966955939 10.04809164620565 308
1739966956011 5.471191878851159 309
1739966956081 7.437680332864234 310
1739966956151 6.187267107896263 311
1739966956222 6.427197875699981 312
1739966956292 5.246574795086162 313
1739966956413 4.000460688277558 314
1739966956494 6.914200695129233 315
1739966956573 5.483466098314661 316
1739966956659 3.404822908637189 317
1739966956732 4.844969580991724 318
1739966956801 5.0412014169915995 319
1739966956871 6.168797358696704 320
1739966956941 6.358482532583201 321
1739966957013 5.8089044978593405 322
1739966957083 5.167969424073436 323
1739966957153 6.29313464102211 324
1739966957222 5.977190507247241 325
1739966957292 6.600993071873723 326
1739966957363 3.4124590705245805 327
1739966957432 7.703182008438797 328
1739966957506 7.602490738286769 329
1739966957581 7.616716412265375 330
1739966957651 6.745207064464642 331
1739966957720 6.825923992479917 332
1739966957789 6.52073829462352 333
1739966957859 7.259987066574974 334
1739966957929 6.060058839355076 335
1739966958000 11.297072716309485 336
1739966958071 5.814424768729056 337
1739966958140 4.025052837755419 338
1739966958210 5.339930134637136 339
1739966958282 7.088669837659004 340
1739966958352 4.98574842539897 341
1739966958428 4.746340416310579 342
1739966958498 7.166648166364629 343
1739966958570 7.1808500575900345 344
1739966958674 7.300050523199141 345
1739966958747 5.800745488142854 346
1739966958815 7.994967427571281 347
1739966958883 6.968740190384917 348
1739966958952 6.105509719786627 349
1739966959022 7.622670244672771 350
1739966959093 5.877054238405702 351
1739966959163 7.339070624581563 352
1739966959233 6.679652283844052 353
1739966959302 6.723182758726403 354
1739966959372 10.147546721934189 355
1739966959443 6.091326289663414 356
1739966959520 5.641662500893637 357
1739966959597 8.653968061010145 358
1739966959667 5.07966874048559 359
1739966959737 3.0004049451292603 360
1739966959807 5.842147238529101 361
1739966959875 6.7704844050831445 362
1739966959947 9.524898827443698 363
1739966960017 6.458604247173767 364
1739966960086 6.145439271780731 365
1739966960154 5.916309189597944 366
1739966960225 3.824200372208458 367
1739966960295 8.897477237685417 368
1739966960366 7.7986157574813095 369
1739966960438 7.07345983730651 370
1739966960521 5.8124846858451935 371
1739966960593 6.096880861901311 372
1739966960680 6.783545537055478 373
1739966960753 8.615759366762514 374
1739966960829 6.034031644458301 375
1739966960900 5.937661116673079 376
1739966960972 5.759476500872635 377
1739966961042 8.343569355716134 378
1739966961109 6.833506854603473 379
1739966961179 5.1452468873874 380
1739966961249 6.022392976683094 381
1739966961319 7.115104850114398 382
1739966961391 6.102822315341098 383
1739966961460 7.607828699777163 384
1739966961535 5.528823754600911 385
1739966961604 6.034318060951772 386
1739966961673 5.164730297284905 387
1739966961742 12.358324705409819 388
1739966961811 5.314804294302087 389
1739966961881 5.863602468860787 390
1739966961951 10.342343055774643 391
1739966962022 8.041209488865038 392
1739966962092 5.626462002547937 393
1739966962162 5.7632813082529974 394
1739966962231 11.852811939646417 395
1739966962301 6.741895659738083 396
1739966962372 5.029976405403268 397
1739966962442 6.211981680079863 398
1739966962518 4.327486980092871 399
1739966962593 7.055567611688781 400
1739966962662 5.726307739061207 401
1739966962731 6.57460275537577 402
1739966962803 6.667727839398976 403
1739966962872 5.313251137116 404
1739966962941 7.075959301550799 405
1739966963012 6.421939977765614 406
1739966963082 3.325718427694088 407
1739966963151 5.823265358842511 408
1739966963220 9.568542178308878 409
1739966963292 4.962867220319246 410
1739966963362 5.037664517393208 411
1739966963436 6.71113381124449 412
1739966963510 9.031207898770472 413
1739966963583 5.542330545820222 414
1739966963652 5.932880664476204 415
1739966963721 7.356335150791981 416
1739966963791 9.071504861635741 417
1739966963861 6.437797502354055 418
1739966963930 7.4456252117337725 419
1739966964000 7.941789670767794 420
1739966964071 6.4046838641685255 421
1739966964141 6.4602765583392365 422
1739966964211 4.4580747142652415 423
1739966964280 6.968642232283238 424
1739966964350 6.601209687018343 425
1739966964422 7.709490284033511 426
1739966964490 2.6283981055386483 427
1739966964620 6.0493869151758854 428
1739966964689 6.150190538322413 429
1739966964758 7.430503996610745 430
1739966964828 3.074901943602355 431
1739966964897 7.596709630399276 432
1739966964967 6.122204736731438 433
1739966965037 10.191162763558397 434
1739966965107 7.626479667024173 435
1739966965176 7.354115336408889 436
1739966965245 5.5180635387463015 437
1739966965316 4.002325919272892 438
1739966965387 6.518882175962701 439
1739966965457 7.722103885274655 440
1739966965531 9.188867737407756 441
1739966965602 6.775394449622219 442
1739966965670 2.9561377384314316 443
1739966965738 8.175070409661725 444
1739966965807 6.150871684031801 445
1739966965880 6.628108492003497 446
1739966965952 6.689483481748448 447
1739966966023 6.291793883233612 448
1739966966093 6.435199262192567 449
1739966966161 4.520513848217143 450
1739966966231 5.942383777044199 451
1739966966301 7.000623715449171 452
1739966966369 10.00077802830175 453
1739966966442 6.786365819313618 454
1739966966520 5.806929694316432 455
1739966966594 5.772234385439784 456
1739966966664 5.3347143791657174 457
1739966966746 4.623791242224874 458
1739966966819 7.294461580050434 459
1739966966888 5.950314157997593 460
1739966966956 6.9409263399507335 461
1739966967029 6.248638839161393 462
1739966967101 7.837167765435856 463
1739966967170 6.834503680135936 464
1739966967240 9.286892546002433 465
1739966967311 4.9931342795338916 466
1739966967381 10.127805038476467 467
1739966967451 5.983911191574596 468
1739966967522 5.033486007016039 469
1739966967592 6.060552976063613 470
1739966967660 8.099666841051148 471
1739966967729 4.760935762320035 472
1739966967798 7.866704959575155 473
1739966967867 4.722245230346397 474
1739966967936 5.9712992817445825 475
1739966968005 3.3367740196506555 476
1739966968074 6.010741025889965 477
1739966968146 5.871415340543389 478
1739966968221 3.8235729647764702 479
1739966968292 13.231816653441166 480
1739966968364 6.404783117123569 481
1739966968438 6.403258858686869 482
1739966968511 3.835241436821526 483
1739966968591 8.21707855228213 484
1739966968663 6.413291898644103 485
1739966968732 5.219163453814209 486
1739966968803 9.188307044767884 487
1739966968876 5.271080895218589 488
1739966968948 6.888556951807086 489
1739966969017 6.511107807137262 490
1739966969166 8.659765493985786 491
1739966969235 11.455028231400505 492
1739966969305 9.227363668706042 493
1739966969374 6.528976822742263 494
1739966969444 4.906105720101733 495
1739966969516 6.179521721384546 496
1739966969586 6.9700768519893925 497
1739966969654 8.233373096859317 498
1739966969724 3.9199906476853084 499
