1739989073725 6.527822458429708 0
1739989073888 6.307812614287009 1
1739989073995 6.856804485967744 2
1739989074100 6.254588841951491 3
1739989074199 6.601456275755525 4
1739989074297 6.82657225535356 5
1739989074394 6.7214236443709305 6
1739989074494 6.012501022412623 7
1739989074595 6.047786705409443 8
1739989074694 6.270834517446704 9
1739989074793 6.544308875365997 10
1739989074972 6.148039967337885 11
1739989075070 6.276063684529338 12
1739989075169 6.443246711558725 13
1739989075268 6.849997989102909 14
1739989075366 6.825620616567236 15
1739989075465 6.288234764354135 16
1739989075562 6.383127138523147 17
1739989075660 6.9642873948393405 18
1739989075762 6.595446272695531 19
1739989075866 6.295839746905035 20
1739989075968 6.28722225490485 21
1739989076071 6.055023689870571 22
1739989076173 6.393344045411414 23
1739989076276 6.497617030585147 24
1739989076377 6.4172649157760615 25
1739989076480 6.759368011334153 26
1739989076581 6.297507619293871 27
1739989076683 6.635700201658039 28
1739989076784 6.5407952780449365 29
1739989076886 7.6103695451034925 30
1739989076991 6.576281210856991 31
1739989077092 6.346393987554369 32
1739989077194 6.517105058516431 33
1739989077295 6.541598512039219 34
1739989077396 5.752853401689662 35
1739989077498 6.335820484599657 36
1739989077599 6.559929465599836 37
