1740014901675 7.186607667028165 0
1740014901768 3.850425576261632 1
1740014901862 6.11229194397262 2
1740014901957 4.200811120392908 3
1740014902049 4.687968035077806 4
1740014902141 4.0502819103688115 5
1740014902234 6.253833573694519 6
1740014902338 7.900535907249441 7
1740014902429 2.5012521790260034 8
1740014902520 3.344020847455802 9
1740014902612 3.827223453306457 10
1740014902702 4.158020774539639 11
1740014902791 3.136214340558918 12
1740014902884 5.010321255005947 13
1740014902980 6.443367836089368 14
1740014903074 4.071497893810433 15
1740014903205 5.072334671483332 16
1740014903303 3.482643508763042 17
1740014903392 7.313953861466124 18
1740014903481 5.918941324084376 19
1740014903572 4.338161895248584 20
1740014903660 3.2386399050962047 21
1740014903750 4.1678110051000905 22
1740014903844 5.933296370415118 23
1740014903938 4.916408889334069 24
1740014904026 3.441848283529919 25
1740014904120 4.799450375868326 26
1740014904207 6.603214056131652 27
1740014904301 3.599111727631216 28
1740014904396 2.064141044144485 29
1740014904489 4.164557507051922 30
1740014904580 8.004582073585375 31
1740014904669 4.66755380156964 32
1740014904760 4.4142189722041385 33
1740014904855 5.725816932551712 34
1740014904949 7.340936176736799 35
1740014905041 6.91273342529478 36
1740014905135 4.118372841299382 37
1740014905227 6.894027566666388 38
1740014905317 6.393160451292096 39
1740014905411 3.3477020290253052 40
1740014905503 3.7328147183420066 41
1740014905594 5.815632108926905 42
1740014905684 1.8073018822469042 43
1740014905774 3.7380806412542005 44
1740014905864 5.6702951036047375 45
1740014905954 6.005751039201298 46
1740014906046 5.245065752568035 47
