1740004075043 75.7451016765478 0
1740004075135 25.903025051967614 1
1740004075224 11.278461196194298 2
1740004075311 4.720837396173832 3
1740004075398 2.5195343538409367 4
1740004075483 0.5330752680910753 5
1740004075566 1.7290009806995055 6
1740004075651 0.0061812745097927675 7
1740004075742 0.03451241931350437 8
1740004075831 0.0778811095795761 9
1740004075919 0.15515008517944615 10
1740004076006 0.25881805516941364 11
1740004076092 0.0007462191609276598 12
1740004076178 0.04677853838100967 13
1740004076266 0.16300001880692516 14
1740004076353 0.02711870966740149 15
1740004076437 0.5373855840029744 16
1740004076521 0.14509371070534996 17
1740004076608 0.021942601526479824 18
1740004076692 0.036367236002633654 19
1740004076775 0.022998513922661053 20
1740004076865 0.0684039627953156 21
1740004077018 0.038551395074497154 22
1740004077107 0.09594223201834703 23
1740004077193 0.1330775634427782 24
1740004077277 0.4086189699323387 25
1740004077362 0.09939227406510756 26
1740004077448 0.1625246642891113 27
1740004077535 0.03083701816951909 28
1740004077619 1.3364356807428777 29
1740004077703 0.028138005784706228 30
1740004077787 0.016740422494210698 31
1740004077873 0.035004563182911064 32
1740004077959 0.00024158074534926 33
1740004078044 0.023924166444482604 34
1740004078128 0.027607341839551946 35
1740004078215 0.007678832142134939 36
1740004078307 0.022964344482393106 37
1740004078393 0.051755015394750824 38
1740004078477 0.06027502417037095 39
1740004078564 0.010611466189047004 40
1740004078650 0.0709939594048794 41
1740004078736 0.19828949199533893 42
1740004078822 0.056375270973941655 43
1740004078907 0.3911931426273534 44
1740004078992 0.09313595394702316 45
1740004079079 0.1008280993582231 46
1740004079168 0.20009987250344172 47
1740004079251 0.0011942181416990203 48
1740004079335 0.35350478417126274 49
1740004079421 0.4044819655332066 50
1740004079503 0.2263778421540277 51
1740004079588 0.28267241065234633 52
1740004079674 6.122203659418178e-05 53
1740004079758 0.011434096518482609 54
1740004079845 0.11880787360831634 55
1740004079930 0.0012214328175234783 56
1740004080015 0.5252391613553792 57
1740004080100 0.3944727531577665 58
1740004080186 0.01954786326649066 59
1740004080272 0.35005433971692335 60
1740004080357 0.009880748089897414 61
1740004080440 0.012396300105191804 62
1740004080524 5.590421961743732e-05 63
1740004080611 0.009015623815913682 64
1740004080696 0.04558547657950482 65
1740004080781 0.01029709838519608 66
1740004080865 0.14693244895049132 67
1740004080951 0.007352999656839062 68
1740004081035 0.14196365576389147 69
1740004081123 0.08645422677624762 70
1740004081215 0.0009118559775046273 71
1740004081299 0.22632231546704948 72
1740004081385 0.006296746076919217 73
1740004081469 0.18103839607581093 74
1740004081551 0.2854129994407109 75
1740004081640 0.0005049149452665392 76
1740004081725 0.1076626875716988 77
1740004081808 0.11840992106570325 78
1740004081896 0.33978077866525097 79
1740004081981 0.1021693227470023 80
1740004082067 0.12214463574167703 81
1740004082152 0.20284284702137104 82
1740004082238 0.11015505381311826 83
1740004082323 0.03707486652834788 84
1740004082410 0.2743599724542481 85
1740004082498 0.0024964110379573157 86
1740004082583 0.054797333656959 87
1740004082668 1.816812473705601e-08 88
1740004082753 0.009962988552571174 89
1740004082839 0.004230596434524134 90
1740004082923 0.02390052995203859 91
1740004083007 0.19219138033152475 92
1740004083092 0.4920823110552796 93
1740004083180 0.03309785623703307 94
1740004083272 0.01970012249696392 95
1740004083357 0.04744222185773287 96
1740004083441 0.005951537290721411 97
1740004083524 0.0034898191222793935 98
1740004083610 0.1292111404790381 99
1740004083694 0.024497145264933164 100
1740004083778 0.9432748707346764 101
1740004083864 0.042205616364634664 102
1740004083948 0.04701068172048178 103
1740004084033 0.02532224700681734 104
1740004084117 0.0035353467971958137 105
1740004084201 0.46347895992564214 106
1740004084288 0.14270494225465338 107
1740004084372 0.13325139729807034 108
1740004084458 0.007669319449485518 109
1740004084542 0.009746027772746508 110
1740004084626 0.036248974982159905 111
1740004084710 0.39167178192733504 112
1740004084795 1.335313122454541 113
1740004084886 0.1147613542979798 114
1740004084979 0.29037444030964715 115
1740004085063 0.33310064146025964 116
1740004085149 0.0035532308715085685 117
1740004085237 0.017963093179941096 118
1740004085325 0.004577869704564892 119
1740004085411 0.1454036369610482 120
1740004085496 0.30339108059599895 121
1740004085580 0.13446420853817026 122
1740004085669 0.003040203953320405 123
1740004085753 0.7492065412633825 124
1740004085843 0.20028127791895273 125
1740004085930 0.0010102643363932504 126
1740004086017 0.006810686247246822 127
1740004086102 0.004637963127916214 128
1740004086187 0.0013595344087703257 129
1740004086271 0.014789657273403561 130
1740004086357 0.2009199234091684 131
1740004086443 0.30955950425583006 132
1740004086526 0.39563926204262095 133
1740004086612 0.0033959357058411096 134
1740004086697 0.023237880010322093 135
1740004086779 0.022475292709054785 136
1740004086909 0.003311338623542958 137
1740004087010 0.11166963820052683 138
1740004087114 0.20628492070061416 139
