1740050706700 168.81788247382886 0
1740050706731 165.4604848748937 1
1740050706778 162.1699203869572 2
1740050706810 158.9448581616424 3
1740050706841 155.783993864267 4
1740050706872 152.686049145279 5
1740050706901 149.64977112223863 6
1740050706931 146.67393187213713 7
1740050706962 143.7573279338449 8
1740050706992 140.89877982048694 9
1740050707025 138.0971315415476 10
1740050707054 135.3512501345098 11
1740050707084 132.66002520583825 12
1740050707115 130.0223684811208 13
1740050707145 127.43721336418368 14
1740050707177 124.90351450500276 15
1740050707207 122.42024737623413 16
1740050707236 119.98640785819221 17
1740050707266 117.60101183210686 18
1740050707296 115.26309478149393 19
1740050707325 112.97171140147712 20
1740050707355 110.7259352159026 21
1740050707385 108.52485820209075 22
1740050707417 106.36759042307229 23
1740050707446 104.25325966715965 24
1740050707476 102.18101109470683 25
1740050707507 100.15000689191449 26
1740050707536 98.15942593153936 27
1740050707566 96.2084634403703 28
1740050707596 94.29633067333586 29
1740050707626 92.42225459411092 30
1740050707657 90.58547756209259 31
1740050707688 88.7852570256185 32
1740050707718 87.02086522130251 33
1740050707749 85.29158887936595 34
1740050707778 83.5967289348447 35
1740050707808 81.93560024455472 36
1740050707839 80.30753130970116 37
1740050707870 78.7118640040184 38
1740050707903 77.14795330733064 39
1740050707963 75.61516704442484 40
1740050708016 74.11288562912996 41
1740050708047 72.64050181349869 42
1740050708078 71.19742044198959 43
1740050708108 69.78305821055034 44
1740050708138 68.3968434305037 45
1740050708168 67.03821579714081 46
1740050708197 65.70662616292762 47
1740050708228 64.40153631523259 48
1740050708258 63.1224187584853 49
1740050708285 61.86875650067757 50
1740050708317 60.64004284412053 51
1740050708346 59.43578118037283 52
1740050708376 58.2554847892563 53
1740050708406 57.09867664187819 54
1740050708436 55.96488920757943 55
1740050708467 54.85366426473105 56
1740050708496 53.764552715301654 57
1740050708526 52.69711440312099 58
1740050708557 51.65091793576571 59
1740050708585 50.625540509995076 60
1740050708617 49.62056774066592 61
1740050708649 48.635593493057314 62
1740050708678 47.67021971853702 63
1740050708710 46.724056293503075 64
1740050708740 45.79672086153509 65
1740050708769 44.887838678691395 66
1740050708800 43.997042461889144 67
1740050708829 43.12397224030597 68
1740050708860 42.26827520974288 69
1740050708889 41.42960558988945 70
1740050708918 40.60762448443325 71
1740050708949 39.801999743956976 72
1740050708978 39.01240583156746 73
1740050709008 38.238523691202445 74
1740050709038 37.480040618561254 75
1740050709067 36.73665013460747 76
1740050709097 36.00805186159204 77
1740050709127 35.2939514015467 78
1740050709156 34.59406021719845 79
1740050709187 33.90809551525666 80
1740050709217 33.23578013202577 81
1740050709248 32.57684242129696 82
1740050709283 31.931016144473393 83
1740050709315 31.298040362884763 84
1740050709345 30.67765933224709 85
1740050709375 30.069622399225313 86
1740050709406 29.473683900056532 87
1740050709437 28.8896030611931 88
1740050709467 28.317143901924975 89
1740050709498 27.756075138942073 90
1740050709528 27.20617009279793 91
1740050709558 26.667206596236706 92
1740050709588 26.138966904346447 93
1740050709618 25.621237606502145 94
1740050709649 25.113809540063006 95
1740050709678 24.616477705788878 96
1740050709709 24.12904118494154 97
1740050709740 23.65130305803744 98
1740050709769 23.183070325218765 99
1740050709800 22.724153828210728 100
1740050709830 22.27436817383333 101
1740050709859 21.833531659036783 102
1740050709889 21.40146619743006 103
1740050709920 20.97799724727291 104
1740050709950 20.562953740902127 105
1740050709981 20.156168015563544 106
1740050710011 19.757475745621697 107
1740050710043 19.366715876119642 108
1740050710072 18.98373055766214 109
1740050710102 18.608365082595824 110
1740050710133 18.24046782246033 111
1740050710163 17.87989016668531 112
1740050710193 17.52648646250833 113
1740050710223 17.180113956089365 114
1740050710253 16.840632734798092 115
1740050710283 16.507905670650555 116
1740050710313 16.18179836487237 117
1740050710343 15.862179093565866 118
1740050710373 15.548918754459383 119
1740050710402 15.241890814717003 120
1740050710433 14.940971259787643 121
1740050710463 14.646038543272818 122
1740050710492 14.356973537792703 123
1740050710523 14.07365948683071 124
1740050710552 13.79598195753699 125
1740050710582 13.523828794471832 126
1740050710613 13.257090074270172 127
1740050710642 12.99565806120886 128
1740050710673 12.739427163658776 129
1740050710703 12.488293891404078 130
1740050710733 12.242156813811341 131
1740050710764 12.000916518831692 132
1740050710792 11.76447557281926 133
1740050710823 11.532738481149774 134
1740050710853 11.305611649623327 135
1740050710882 11.083003346635602 136
1740050710913 10.864823666102465 137
1740050710943 10.650984491122667 138
1740050710974 10.441399458364153 139
1740050711005 10.235983923159415 140
1740050711035 10.034654925295877 141
1740050711066 9.837331155487421 142
1740050711095 9.643932922513425 143
1740050711125 9.45438212101218 144
1740050711155 9.268602199915442 145
1740050711184 9.086518131511538 146
1740050711213 8.908056381124386 147
1740050711243 8.733144877396212 148
1740050711272 8.561712983161906 149
1740050711303 8.393691466903304 150
1740050711333 8.22901247477171 151
1740050711362 8.067609503167544 152
1740050711394 7.909417371865777 153
1740050711426 7.754372197676508 154
1740050711459 7.602411368629854 155
1740050711491 7.453473518674835 156
1740050711522 7.307498502881922 157
1740050711555 7.164427373139273 158
1740050711588 7.024202354332834 159
1740050711625 6.886766821000588 160
1740050711659 6.752065274451635 161
1740050711690 6.6200433203407245 162
1740050711720 6.490647646689236 163
1740050711751 6.363826002343728 164
1740050711782 6.239527175863279 165
1740050711812 6.1177009748271525 166
1740050711842 5.998298205554361 167
1740050711872 5.881270653226957 168
1740050711902 5.7665710624089925 169
1740050711933 5.654153117953305 170
1740050711963 5.543971426288339 171
1740050711993 5.435981497077532 172
1740050712023 5.330139725243722 173
1740050712053 5.226403373351427 174
1740050712084 5.124730554339816 175
1740050712114 5.025080214599374 176
1740050712148 4.927412117385432 177
1740050712183 4.831686826561879 178
1740050712214 4.737865690668462 179
1740050712246 4.645910827305203 180
1740050712277 4.555785107827665 181
1740050712307 4.4674521423468585 182
1740050712339 4.380876265027717 183
1740050712369 4.296022519680199 184
1740050712400 4.212856645637198 185
1740050712431 4.131345063913549 186
1740050712462 4.051454863640512 187
1740050712493 3.9731537887702926 188
1740050712524 3.89641022504518 189
1740050712554 3.8211931872260676 190
1740050712587 3.7474723065751387 191
1740050712617 3.6752178185877455 192
1740050712649 3.6044005509684194 193
1740050712678 3.5349919118462445 194
1740050712769 3.4669638782247434 195
1740050712800 3.4002889846616817 196
1740050712831 3.3349403121741723 197
1740050712862 3.2708914773645863 198
1740050712896 3.208116621762918 199
1740050712928 3.1465904013812347 200
1740050712962 3.0862879764760516 201
1740050712994 3.02718500151445 202
1740050713027 2.9692576153398926 203
1740050713060 2.912482431533767 204
1740050713092 2.856836528968755 205
1740050713124 2.802297442550224 206
1740050713155 2.7488431541418534 207
1740050713186 2.6964520836719035 208
1740050713218 2.645103080416441 209
1740050713248 2.594775414456076 210
1740050713280 2.5454487683027223 211
1740050713311 2.497103228692981 212
1740050713344 2.4497192785448676 213
1740050713378 2.403277789074595 214
1740050713409 2.3577600120702584 215
1740050713440 2.313147572319278 216
1740050713496 2.2694224601865507 217
1740050713529 2.2265670243402784 218
1740050713560 2.1845639646225936 219
1740050713591 2.143396325062057 220
1740050713623 2.1030474870251856 221
1740050713655 2.0635011625043167 222
1740050713688 2.0247413875389966 223
1740050713719 1.9867525157683341 224
1740050713750 1.949519212111634 225
1740050713782 1.9130264465747984 226
1740050713812 1.8772594881799853 227
1740050713843 1.842203899016056 228
1740050713873 1.8078455284074446 229
1740050713902 1.7741705071990332 230
1740050713933 1.741165242154785 231
1740050713963 1.7088164104678374 232
1740050714000 1.6771109543798308 233
1740050714038 1.6460360759073274 234
1740050714073 1.6155792316731568 235
1740050714107 1.5857281278406359 236
1740050714138 1.5564707151485684 237
1740050714170 1.5277951840450705 238
1740050714200 1.4996899599182143 239
1740050714231 1.4721436984215792 240
1740050714261 1.4451452808928278 241
1740050714291 1.4186838098634464 242
1740050714335 1.3927486046578232 243
1740050714366 1.3673291970799204 244
1740050714397 1.3424153271857713 245
1740050714428 1.3179969391400808 246
1740050714464 1.2940641771553092 247
1740050714500 1.2706073815115204 248
1740050714531 1.2476170846554673 249
1740050714563 1.2250840073772744 250
1740050714594 1.2029990550632155 251
1740050714625 1.1813533140230426 252
1740050714656 1.1601380478903964 253
1740050714687 1.1393446940948453 254
1740050714718 1.1189648604041276 255
1740050714748 1.098990321535191 256
1740050714778 1.0794130158326587 257
1740050714809 1.0602250420134036 258
1740050714840 1.0414186559758936 259
1740050714872 1.0229862676730037 260
1740050714905 1.0049204380470902 261
1740050714936 0.9872138760260124 262
1740050714969 0.9698594355789457 263
1740050714999 0.9528501128307757 264
1740050715031 0.9361790432339079 265
1740050715062 0.9198394987963376 266
1740050715094 0.9038248853648988 267
1740050715127 0.8881287399625489 268
1740050715158 0.8727447281786432 269
1740050715190 0.857666641611125 270
1740050715220 0.842888395359628 271
1740050715250 0.8284040255684402 272
1740050715281 0.8142076870183599 273
1740050715312 0.800293650766476 274
1740050715343 0.7866563018328985 275
1740050715373 0.7732901369335153 276
1740050715404 0.76018976225787 277
1740050715436 0.7473498912912394 278
1740050715466 0.734765342680058 279
1740050715497 0.7224310381397968 280
1740050715528 0.7103420004044881 281
1740050715559 0.6984933512170266 282
1740050715592 0.6868803093594735 283
1740050715626 0.6754981887225378 284
1740050715657 0.6643423964134771 285
1740050715687 0.6534084309016355 286
1740050715718 0.6426918802008915 287
1740050715749 0.6321884200882473 288
1740050715779 0.6218938123578833 289
1740050715809 0.6118039031099317 290
1740050715839 0.6019146210733133 291
1740050715871 0.5922219759619246 292
1740050715912 0.582722056863547 293
1740050715953 0.573411030660804 294
1740050715988 0.5642851404835236 295
1740050716019 0.5553407041919121 296
1740050716050 0.5465741128898913 297
1740050716086 0.5379818294680181 298
1740050716134 0.5295603871753951 299
1740050716190 0.5213063882199878 300
1740050716241 0.5132165023968034 301
1740050716291 0.505287465743341 302
1740050716347 0.4975160792218124 303
1740050716396 0.48989920742756976 304
1740050716433 0.4824337773232308 305
1740050716479 0.4751167769979876 306
1740050716510 0.4679452544516053 307
1740050716540 0.4609163164026091 308
1740050716571 0.4540271271201802 309
1740050716601 0.4472749072792934 310
1740050716634 0.44065693283863555 311
1740050716666 0.4341705339408396 312
1740050716699 0.42781309383460775 313
1740050716731 0.42158204781826936 314
1740050716763 0.41547488220436507 315
1740050716795 0.40948913330482356 316
1740050716828 0.40362238643632936 317
1740050716861 0.3978722749454885 318
1740050716893 0.3922364792533667 319
1740050716925 0.3867127259190591 320
1740050716959 0.3812987867218766 321
1740050716990 0.3759924777617915 322
1740050717022 0.3707916585777888 323
1740050717053 0.36569423128374584 324
1740050717083 0.360698139721511 325
1740050717114 0.3558013686308256 326
1740050717145 0.35100194283576724 327
1740050717176 0.3462979264473701 328
1740050717208 0.3416874220821145 329
1740050717240 0.3371685700959605 330
1740050717273 0.3327395478336181 331
1740050717306 0.32839856889275887 332
1740050717338 0.3241438824028615 333
1740050717369 0.3199737723184015 334
1740050717401 0.31588655672610855 335
1740050717431 0.3118805871659973 336
1740050717462 0.3079542479659142 337
1740050717495 0.30410595558931497 338
1740050717526 0.3003341579960208 339
1740050717556 0.29663733401569475 340
1740050717587 0.29301399273377515 341
1740050717619 0.28946267288963007 342
1740050717650 0.2859819422866816 343
1740050717679 0.282570397214269 344
1740050717709 0.2792266618810084 345
1740050717741 0.2759493878594288 346
1740050717770 0.2727372535416539 347
1740050717802 0.2695889636059115 348
1740050717832 0.2665032484936605 349
1740050717861 0.2634788638971135 350
1740050717893 0.2605145902569591 351
1740050717923 0.25760923227007493 352
1740050717953 0.2547616184070303 353
1740050717982 0.2519706004391927 354
1740050718012 0.24923505297523993 355
1740050718044 0.24655387300688963 356
1740050718073 0.24392597946366995 357
1740050718101 0.24135031277654553 358
1740050718133 0.23882583445022063 359
1740050718162 0.2363515266439579 360
1740050718193 0.23392639176073013 361
1740050718223 0.23154945204454477 362
1740050718253 0.2292197491857861 363
1740050718284 0.22693634393439652 364
1740050718317 0.22469831572076435 365
1740050718353 0.22250476228414603 366
1740050718438 0.22035479930848403 367
1740050718492 0.21824756006546311 368
1740050718543 0.21618219506467726 369
1740050718591 0.2141578717107457 370
1740050718651 0.21217377396725742 371
1740050718712 0.21022910202739664 372
1740050718777 0.20832307199111919 373
1740050718841 0.20645491554875692 374
1740050718902 0.2046238796709068 375
1740050718963 0.20282922630449934 376
1740050719026 0.2010702320749029 377
1740050719076 0.19934618799396264 378
1740050719114 0.19765639917384126 379
1740050719147 0.19600018454655516 380
1740050719178 0.19437687658908595 381
1740050719209 0.19278582105396727 382
1740050719243 0.1912263767052243 383
1740050719273 0.18969791505956649 384
1740050719304 0.18819982013273318 385
1740050719336 0.18673148819088203 386
1740050719366 0.1852923275069202 387
1740050719400 0.18388175812168878 388
1740050719432 0.1824992116098915 389
1740050719464 0.1811441308506846 390
1740050719494 0.17981596980282713 391
1740050719525 0.17851419328430432 392
1740050719557 0.17723827675633683 393
1740050719587 0.17598770611168332 394
1740050719620 0.17476197746715674 395
1740050719655 0.1735605969602662 396
1740050719685 0.17238308054990498 397
1740050719717 0.1712289538210019 398
1740050719750 0.17009775179306225 399
1740050719783 0.16898901873251068 400
1740050719816 0.16790230796877284 401
1740050719853 0.16683718171401404 402
1740050719891 0.16579321088646173 403
1740050719936 0.16476997493724316 404
1740050719978 0.16376706168066837 405
1740050720024 0.16278406712789042 406
1740050720061 0.16182059532386953 407
1740050720092 0.160876258187586 408
1740050720123 0.1599506753554277 409
1740050720153 0.15904347402769453 410
1740050720184 0.15815428881815458 411
1740050720214 0.15728276160659638 412
1740050720245 0.1564285413943081 413
1740050720275 0.15559128416243923 414
1740050720305 0.15477065273317184 415
1740050720336 0.15396631663365815 416
1740050720365 0.15317795196266482 417
1740050720396 0.152405241259866 418
1740050720427 0.1516478733777392 419
1740050720456 0.15090554335600995 420
1740050720487 0.15017795229859257 421
1740050720517 0.14946480725297745 422
1740050720548 0.14876582109202 423
1740050720579 0.1480807123980797 424
1740050720609 0.14740920534946386 425
1740050720640 0.14675102960913114 426
1740050720670 0.14610592021560578 427
1740050720700 0.14547361747606471 428
1740050720731 0.14485386686155177 429
1740050720761 0.14424641890427278 430
1740050720791 0.14365102909693675 431
1740050720821 0.14306745779409802 432
1740050720851 0.14249547011545913 433
1740050720882 0.14193483585110078 434
1740050720912 0.1413853293685945 435
1740050720942 0.1408467295219618 436
1740050720973 0.14031881956244688 437
1740050721003 0.13980138705106357 438
1740050721035 0.1392942237728786 439
1740050721065 0.138797125653005 440
1740050721094 0.13830989267426216 441
1740050721126 0.13783232879647553 442
1740050721155 0.137364241877382 443
1740050721185 0.13690544359510612 444
1740050721216 0.13645574937218205 445
1740050721245 0.136014978301083 446
1740050721276 0.13558295307123416 447
1740050721306 0.1351594998974765 448
1740050721336 0.13474444844995417 449
1740050721367 0.1343376317853964 450
1740050721397 0.13393888627976405 451
1740050721428 0.13354805156223953 452
1740050721458 0.13316497045052691 453
1740050721487 0.1327894888874404 454
1740050721518 0.1324214558787518 455
1740050721548 0.13206072343227873 456
1740050721579 0.13170714649817866 457
1740050721611 0.1313605829104356 458
1740050721644 0.13102089332950673 459
1740050721676 0.1306879411861126 460
1740050721706 0.13036159262614394 461
1740050721736 0.1300417164566635 462
1740050721767 0.12972818409298498 463
1740050721796 0.1294208695068006 464
1740050721827 0.12911964917534377 465
1740050721857 0.12882440203156056 466
1740050721887 0.12853500941527296 467
1740050721918 0.12825135502531512 468
1740050721948 0.12797332487261828 469
1740050721979 0.12770080723423222 470
1740050722009 0.1274336926082592 471
1740050722039 0.12717187366968435 472
1740050722070 0.12691524522708522 473
1740050722100 0.12666370418020292 474
1740050722130 0.12641714947835478 475
1740050722161 0.1261754820796772 476
1740050722191 0.12593860491117692 477
1740050722221 0.1257064228295773 478
1740050722252 0.1254788425829447 479
1740050722283 0.12525577277307606 480
1740050722315 0.12503712381863585 481
1740050722347 0.12482280791902621 482
1740050722380 0.12461273901897489 483
1740050722410 0.12440683277382808 484
1740050722440 0.12420500651553364 485
1740050722470 0.12400717921930077 486
1740050722501 0.1238132714709222 487
1740050722533 0.12362320543474763 488
1740050722563 0.12343690482229286 489
1740050722593 0.1232542948614733 490
1740050722624 0.12307530226645054 491
1740050722656 0.12289985520807804 492
1740050722686 0.12272788328493386 493
1740050722716 0.12255931749493093 494
1740050722746 0.12239409020749048 495
1740050722778 0.12223213513627026 496
1740050722808 0.12207338731243418 497
1740050722838 0.12191778305845372 498
1740050722868 0.12176525996243154 499
