1739965646797 6.250504010716637 0
1739965646883 6.602246567193662 1
1739965646968 6.864619002221331 2
1739965647043 6.40761408381113 3
1739965647122 6.685287905501243 4
1739965647197 6.484707887619756 5
1739965647272 6.62353314756045 6
1739965647343 6.321869972806216 7
1739965647415 6.632163399304351 8
1739965647501 6.619116617476507 9
1739965647594 6.481834291643169 10
1739965647670 6.699816143857988 11
1739965647742 5.8769952349582555 12
1739965647817 6.336734413798154 13
1739965647894 7.257771822606828 14
1739965647975 7.06854632707619 15
1739965648087 8.019306427177337 16
1739965648163 6.116882572468693 17
1739965648239 7.73493887357902 18
1739965648314 6.748564342331074 19
1739965648385 6.725796911714393 20
1739965648463 6.562690565381233 21
1739965648538 6.854707813488525 22
1739965648613 6.829028719962741 23
1739965648686 7.6385506563385315 24
1739965648758 7.274345935823361 25
1739965648829 6.911302783709641 26
1739965648905 6.9728432977063735 27
1739965649079 6.38688866767067 28
1739965649153 6.367318344769525 29
1739965649228 6.428333517388675 30
1739965649303 6.832331597633331 31
1739965649376 6.834933644182963 32
1739965649447 6.660816857654108 33
1739965649529 6.7048092281395535 34
1739965649599 6.4260071387600375 35
1739965649672 6.36717831874265 36
1739965649744 6.190317255983589 37
1739965649819 6.428979742063884 38
1739965649890 6.430541411568985 39
1739965649968 6.139635574261891 40
1739965650043 6.779642111319897 41
1739965650119 6.576034283051572 42
1739965650192 6.4073350486193315 43
1739965650266 6.601314984126561 44
1739965650337 6.369436623149704 45
1739965650411 6.374038234695323 46
1739965650485 6.966072632038301 47
1739965650563 6.854005863178454 48
1739965650636 6.649642814274576 49
1739965650710 6.6346428436453495 50
1739965650782 6.180363246536469 51
1739965650855 6.600556714024646 52
1739965650928 6.504314976867464 53
1739965651002 6.48124327443529 54
1739965651075 6.438910566312849 55
1739965651150 6.530711724531811 56
1739965651222 6.95667322619247 57
1739965651296 6.744546246881368 58
1739965651367 6.8028707881660795 59
1739965651443 6.438367732259029 60
1739965651523 6.265142577601221 61
1739965651596 6.4829859863808545 62
1739965651670 7.021585101525776 63
1739965651746 6.332299212538525 64
1739965651817 6.548620037641261 65
1739965651890 7.165271617797285 66
1739965651965 5.900418464795192 67
1739965652039 6.46968716914731 68
1739965652113 6.28256325769495 69
1739965652185 6.869811015392371 70
1739965652258 6.323769332453514 71
1739965652333 6.41600867637213 72
1739965652405 7.043425738107785 73
1739965652479 6.824981572519285 74
1739965652558 6.5275908021815985 75
1739965652632 6.815774078429579 76
1739965652705 6.513106171770887 77
1739965652778 7.176054524254969 78
1739965652851 6.727208758566255 79
1739965652927 6.154424965995746 80
1739965653000 6.06360292739668 81
1739965653074 6.63485530992712 82
1739965653147 6.6991220862024425 83
1739965653220 6.7803304786422816 84
1739965653294 6.739101699924877 85
1739965653367 6.634227784961883 86
1739965653439 6.325019065989755 87
1739965653517 6.125543750242898 88
1739965653589 5.813490624399417 89
1739965653671 5.936941642634638 90
1739965653750 6.270894988326238 91
1739965653822 6.801574238076604 92
1739965653892 6.164519477340653 93
1739965653968 6.569581247484804 94
1739965654048 6.332314407523411 95
1739965654122 7.199959435616668 96
1739965654198 6.608985911216702 97
1739965654272 6.567195292657865 98
1739965654344 6.246720446828657 99
1739965654418 6.607164362033238 100
1739965654493 7.753375077807302 101
1739965654573 6.076249037240159 102
1739965654647 6.206294439380112 103
1739965654720 6.684402840676534 104
1739965654795 6.62517613597684 105
1739965654867 6.705593256710466 106
1739965654939 6.575119936215815 107
1739965655015 7.375055341679799 108
1739965655088 6.649817035854605 109
1739965655162 5.949320183056886 110
1739965655233 6.686473939110021 111
1739965655308 7.222347375822771 112
1739965655383 6.043926616356029 113
1739965655457 6.441446895041821 114
1739965655533 6.110910161819893 115
1739965655606 6.2723030414829415 116
1739965655679 6.743159474408203 117
1739965655753 6.815145384547117 118
1739965655823 6.488507579478668 119
1739965655897 6.643836043824311 120
1739965655972 6.5921447818445325 121
1739965656044 6.538389203084424 122
1739965656118 6.448402701746632 123
1739965656191 6.746986910746253 124
1739965656266 6.6569390848627 125
1739965656337 6.477472764809157 126
1739965656411 5.972520430278046 127
1739965656486 6.280729349569322 128
1739965656564 6.937807368478673 129
1739965656706 6.150947536526636 130
1739965656778 6.57534985066638 131
1739965656857 6.296681759403495 132
1739965656930 6.81751727977698 133
1739965657005 6.638851046400551 134
1739965657078 6.805984356116349 135
1739965657150 6.164356203529855 136
1739965657226 6.260693626884813 137
1739965657300 7.320581313178946 138
1739965657373 6.708737270125436 139
