1739971622593 6.568589126048871 0
1739971622618 6.430506498840336 1
1739971622642 6.305226821024823 2
1739971622665 6.184790382635823 3
1739971622687 6.069111224689491 4
1739971622710 5.957877725339202 5
1739971622732 5.850924977056902 6
1739971622757 5.748161251361829 7
1739971622782 5.649290748446446 8
1739971622805 5.55412479456653 9
1739971622828 5.462589054923978 10
1739971622852 5.374491349839192 11
1739971622877 5.289654064658116 12
1739971622901 5.207934746159895 13
1739971622925 5.129265688567765 14
1739971622950 5.05336801934456 15
1739971622974 4.9802914405954715 16
1739971622998 4.909797911705879 17
1739971623021 4.841788635870608 18
1739971623044 4.776166175517611 19
1739971623067 4.712866928561786 20
1739971623089 4.651744921062802 21
1739971623113 4.592727227927517 22
1739971623137 4.535687498469634 23
1739971623160 4.480503826732423 24
1739971623182 4.427228281967913 25
1739971623203 4.37568962036875 26
1739971623225 4.325848260197627 27
1739971623249 4.2775945570010325 28
1739971623272 4.230900453497841 29
1739971623293 4.185661279087308 30
1739971623315 4.141825004533701 31
1739971623337 4.099348229915952 32
1739971623360 4.0581943539424765 33
1739971623383 4.018262155461003 34
1739971623406 3.979546551257987 35
1739971623428 3.94197836513056 36
1739971623451 3.9054726414020315 37
1739971623474 3.8700550061062535 38
1739971623498 3.8356181166854313 39
1739971623521 3.8021459852754753 40
1739971623544 3.769609418331316 41
1739971623568 3.7379890847786577 42
1739971623590 3.707219188461261 43
1739971623614 3.6772532531223394 44
1739971623636 3.648123027199385 45
1739971623659 3.6197540112078777 46
1739971623683 3.5920902503646848 47
1739971623706 3.5651626601136863 48
1739971623729 3.538919567476223 49
1739971623752 3.513313295551052 50
1739971623777 3.4883348608686986 51
1739971623826 3.4639773299309913 52
1739971623851 3.440129986026262 53
1739971623875 3.4169173652795664 54
1739971623899 3.3942353823340103 55
1739971623922 3.3720793744719613 56
1739971623945 3.3504367924385776 57
1739971623967 3.3292879477971344 58
1739971623990 3.3085605388504287 59
1739971624012 3.288332207761791 60
1739971624035 3.2685390718124623 61
1739971624058 3.249141052997645 62
1739971624081 3.2301541081580356 63
1739971624104 3.2115855352700597 64
1739971624130 3.193311454138458 65
1739971624153 3.1754367583073866 66
1739971624176 3.157936545200708 67
1739971624199 3.140813928966611 68
1739971624221 3.1240230362120855 69
1739971624242 3.107520872625446 70
1739971624263 3.0913448238858714 71
1739971624286 3.0754890326330706 72
1739971624308 3.059926489267917 73
1739971624331 3.044591200275566 74
1739971624352 3.029585693471177 75
1739971624375 3.014812190569627 76
1739971624398 3.000315056193471 77
1739971624420 2.9860453145459394 78
1739971624441 2.972052767031133 79
1739971624463 2.9582836505932946 80
1739971624486 2.9447371132714584 81
1739971624509 2.931412461943161 82
1739971624532 2.9182845625664844 83
1739971624555 2.9053897098117263 84
1739971624578 2.8926627846217214 85
1739971624601 2.8801869573055647 86
1739971624624 2.8678631096828924 87
1739971624646 2.8557431019873 88
1739971624669 2.8438295721555598 89
1739971624692 2.8321533233293064 90
1739971624715 2.8206422513757445 91
1739971624738 2.80927790935592 92
1739971624761 2.798083189910004 93
1739971624784 2.787067019847869 94
1739971624807 2.7762032337669686 95
1739971624830 2.765477406902499 96
1739971624852 2.754914540614294 97
1739971624875 2.7444765716187955 98
1739971624898 2.7342248134758376 99
1739971624920 2.724046416997535 100
1739971624942 2.714043103071476 101
1739971624964 2.7041741211173282 102
1739971624987 2.694417892686619 103
1739971625011 2.6848440917144965 104
1739971625034 2.675382554151366 105
1739971625057 2.6659995914968895 106
1739971625079 2.6567787620084387 107
1739971625102 2.647617976080431 108
1739971625126 2.6385939204011812 109
1739971625148 2.6297199075962654 110
1739971625171 2.6209241607395284 111
1739971625194 2.6122296612602387 112
1739971625214 2.603647159990263 113
1739971625236 2.59506846088338 114
1739971625256 2.5867011870673626 115
1739971625277 2.57842879729969 116
1739971625298 2.5702131538415167 117
1739971625319 2.562102119473176 118
1739971625340 2.5540937288653063 119
1739971625361 2.546154834527602 120
1739971625383 2.5382758750660748 121
1739971625406 2.5304880954475717 122
1739971625428 2.522797292108105 123
1739971625448 2.5152098019585774 124
1739971625470 2.5076984851997035 125
1739971625492 2.5002414949954423 126
1739971625514 2.492870347966923 127
1739971625536 2.485524632242171 128
1739971625556 2.4783169507630767 129
1739971625577 2.471197887543023 130
1739971625668 2.464111861563936 131
1739971625713 2.4571043054838846 132
1739971625736 2.4501859532993713 133
1739971625758 2.4432941061191813 134
1739971625780 2.436470786814111 135
1739971625803 2.4297484443185247 136
1739971625825 2.4230471113605163 137
1739971625845 2.4164679097198176 138
1739971625865 2.4099262165448527 139
1739971625886 2.4034729218895 140
1739971625910 2.3970288476436212 141
1739971625931 2.3906822917685577 142
1739971625953 2.384350240987797 143
1739971625974 2.3780894259250136 144
1739971625995 2.3719013821547064 145
1739971626016 2.365734985045992 146
1739971626038 2.3596728493427603 147
1739971626059 2.3536608029236543 148
1739971626080 2.347641462633764 149
1739971626103 2.341729223634434 150
1739971626126 2.3358472913889603 151
1739971626149 2.3300285145375246 152
1739971626172 2.324264275877933 153
1739971626194 2.3185472944563346 154
1739971626215 2.3128575404703375 155
1739971626236 2.3072102196442223 156
1739971626256 2.3016206493093327 157
1739971626278 2.2960511116454896 158
1739971626299 2.2905509077914927 159
1739971626322 2.285097967639525 160
1739971626343 2.2796568959371726 161
1739971626364 2.2743743353386456 162
1739971626384 2.2691383319032625 163
1739971626407 2.263908532254729 164
1739971626428 2.258689713214893 165
1739971626449 2.2535481368353865 166
1739971626470 2.2484545013460955 167
1739971626493 2.2434128025595372 168
1739971626516 2.23839558516012 169
1739971626538 2.2334293908734635 170
1739971626560 2.2284931553185015 171
1739971626585 2.223580294811338 172
1739971626608 2.218670969311758 173
1739971626631 2.2138384930429527 174
1739971626653 2.2090476942462316 175
1739971626675 2.204248013705848 176
1739971626698 2.199502615342814 177
1739971626720 2.1947742682478983 178
1739971626741 2.1901215677932533 179
1739971626762 2.185482131952338 180
1739971626783 2.180852193695179 181
1739971626806 2.1762976178283515 182
1739971626829 2.1717688102834467 183
1739971626849 2.1672152010924033 184
1739971626871 2.162757374400602 185
1739971626894 2.1583077518532092 186
1739971626916 2.153875318759111 187
1739971626937 2.149504021378427 188
1739971626958 2.145124746191429 189
1739971626979 2.1407085663745242 190
1739971627001 2.1363856482514865 191
1739971627024 2.132111354848124 192
1739971627049 2.1279167064611095 193
1739971627072 2.1236861823196307 194
1739971627095 2.119464182166632 195
1739971627120 2.1153511471199082 196
1739971627144 2.1112176217023504 197
1739971627166 2.1071137616549898 198
1739971627188 2.103010540709686 199
1739971627209 2.0989357116638026 200
1739971627231 2.094921558317173 201
1739971627253 2.090922989493682 202
1739971627276 2.0869460542533598 203
1739971627300 2.0829139445134204 204
1739971627325 2.0790248019148145 205
1739971627349 2.0750968328254604 206
1739971627372 2.0712070547912442 207
1739971627395 2.0673831188725065 208
1739971627418 2.063480789792891 209
1739971627440 2.059686222975122 210
1739971627461 2.0558699366819377 211
1739971627484 2.052125618629778 212
1739971627506 2.0483721953348177 213
1739971627529 2.044667475077572 214
1739971627550 2.040941012515543 215
1739971627572 2.0372063563741025 216
1739971627593 2.0335154936641353 217
1739971627617 2.0298820761475 218
1739971627640 2.026225997633756 219
1739971627662 2.0226320039510175 220
1739971627683 2.019063319618476 221
1739971627705 2.0154403581216855 222
1739971627727 2.0119312509248357 223
1739971627748 2.008408990357334 224
1739971627770 2.0049078385650385 225
1739971627794 2.0013911475967787 226
1739971627816 1.9979140861770905 227
1739971627840 1.9944635032199645 228
1739971627862 1.9909772165258273 229
1739971627882 1.9875411792689006 230
1739971627903 1.9841296525177512 231
1739971627927 1.9807660590119147 232
1739971627950 1.9774369913566843 233
1739971627972 1.9740654011151948 234
1739971627994 1.9707569881361597 235
1739971628017 1.9674470761254563 236
1739971628040 1.9641861883745109 237
1739971628062 1.9608584129569393 238
1739971628084 1.95758455357757 239
1739971628107 1.954306416320503 240
1739971628131 1.9510655547153766 241
1739971628154 1.9478549697569325 242
1739971628175 1.9446529682609461 243
1739971628196 1.9414789653807285 244
1739971628219 1.938318788258536 245
1739971628242 1.93518551131039 246
1739971628262 1.932024601586429 247
1739971628283 1.928884923779738 248
1739971628305 1.9257998620561858 249
1739971628327 1.922669990653171 250
1739971628350 1.9195771633242134 251
1739971628372 1.9165079409859993 252
1739971628393 1.9134650269330888 253
1739971628414 1.9104195962414778 254
1739971628436 1.9073736441014628 255
1739971628457 1.904365146209665 256
1739971628479 1.9014265895112097 257
1739971628502 1.8983977871359587 258
1739971628525 1.8954547721093933 259
1739971628548 1.8925421545702177 260
1739971628571 1.889482496131627 261
1739971628593 1.8865568629535556 262
1739971628617 1.8836517712999534 263
1739971628640 1.8807502833700787 264
1739971628661 1.8778449467112344 265
1739971628684 1.8749505107216928 266
1739971628705 1.8720823867199148 267
1739971628728 1.869271361946807 268
1739971628751 1.8664198333479995 269
1739971628772 1.863614360964971 270
1739971628793 1.8607873067229088 271
1739971628814 1.8579064283234474 272
1739971628837 1.8551555983747667 273
1739971628859 1.8523541836199064 274
1739971628880 1.8495840482476784 275
1739971628901 1.8468431446696614 276
1739971628923 1.8440686590480468 277
1739971628946 1.8413447063732549 278
1739971628968 1.8386184475874785 279
1739971628989 1.8359216924131991 280
1739971629009 1.8331603914605616 281
1739971629032 1.8304685599560309 282
1739971629055 1.8277571111764217 283
1739971629079 1.8250395578878271 284
1739971629102 1.8223974104018303 285
1739971629126 1.819749714196546 286
1739971629149 1.8171300912659205 287
1739971629172 1.8145247385995347 288
1739971629194 1.8118640212159178 289
1739971629215 1.8092777624564793 290
1739971629238 1.8066753111664233 291
1739971629259 1.8040486119153805 292
1739971629281 1.8014903833874736 293
1739971629302 1.79890655767834 294
1739971629324 1.7963022648388167 295
1739971629347 1.7937456782177041 296
1739971629368 1.7912617539913065 297
1739971629393 1.788717940145876 298
1739971629414 1.7862056424048203 299
1739971629437 1.7836697696570958 300
1739971629459 1.7811479387257587 301
1739971629480 1.7786359214058358 302
1739971629502 1.776175965144346 303
1739971629523 1.7736926010063516 304
1739971629545 1.7712075305327655 305
1739971629566 1.768776054541787 306
1739971629589 1.7663545951056248 307
1739971629611 1.7638483011943527 308
1739971629635 1.7614252730758655 309
1739971629657 1.7590125390370803 310
1739971629680 1.7565677570110754 311
1739971629703 1.7541791379294138 312
1739971629727 1.7517949399693078 313
1739971629752 1.7493957676512457 314
1739971629779 1.7470475360828042 315
1739971629807 1.7446240612972952 316
1739971629838 1.7422397063680872 317
1739971629869 1.739894910548168 318
1739971629899 1.7375309069887916 319
1739971629930 1.7351849856815869 320
1739971629961 1.7328783054921681 321
1739971629992 1.730559671450919 322
1739971630022 1.7282348709044002 323
1739971630049 1.7259111820151503 324
1739971630074 1.7236153980772304 325
1739971630100 1.7213299883704354 326
1739971630129 1.718975155160952 327
1739971630162 1.7167100611617414 328
1739971630194 1.7144579085817508 329
1739971630226 1.7122031585592006 330
1739971630258 1.7099433512329787 331
1739971630289 1.707694200582319 332
1739971630320 1.7054606920973414 333
1739971630346 1.7032130444727809 334
1739971630371 1.7009559432291999 335
1739971630398 1.6987447692104896 336
1739971630424 1.6965222771955746 337
1739971630451 1.6943182773485845 338
1739971630477 1.6921271462282674 339
1739971630503 1.6899712271112524 340
1739971630528 1.687743249688332 341
1739971630556 1.6855810202195771 342
1739971630585 1.6833561753480208 343
1739971630615 1.6811948175061453 344
1739971630640 1.6790760152571078 345
1739971630665 1.6769274256294655 346
1739971630690 1.6747905067005913 347
1739971630713 1.6726429993631462 348
1739971630736 1.6704896351277194 349
1739971630759 1.6683556072851027 350
1739971630782 1.6662471620878683 351
1739971630805 1.6640878916425246 352
1739971630827 1.6620127166090555 353
1739971630851 1.659943474857657 354
1739971630873 1.6578276432325474 355
1739971630896 1.6557346548099587 356
1739971630918 1.653676444977883 357
1739971630941 1.651582708161712 358
1739971630964 1.6494815895744868 359
1739971630987 1.6474462861435375 360
1739971631009 1.6453829147156425 361
1739971631032 1.643358652762853 362
1739971631056 1.6412999150996328 363
1739971631079 1.6392530562314305 364
1739971631109 1.6372141993046265 365
1739971631141 1.6352010901818557 366
1739971631173 1.6331697258223212 367
1739971631204 1.6311739307194641 368
1739971631234 1.6290961279579652 369
1739971631265 1.6271193433757951 370
1739971631295 1.6251353804406918 371
1739971631325 1.6231263120502737 372
1739971631351 1.6211787828005455 373
1739971631374 1.6192064592208202 374
1739971631398 1.617241912040877 375
1739971631421 1.6152308193614935 376
1739971631444 1.6132809475067738 377
1739971631467 1.6113259375168756 378
1739971631491 1.6093330781335153 379
1739971631514 1.6073883182944748 380
1739971631541 1.605481499534524 381
1739971631566 1.6035149451054846 382
1739971631593 1.601547721375759 383
1739971631619 1.5996701299266134 384
1739971631646 1.5977467771698353 385
1739971631674 1.595854938512075 386
1739971631703 1.5939466056351261 387
1739971631733 1.5920746566701445 388
1739971631759 1.5901487761484712 389
1739971631783 1.5881901986028986 390
1739971631805 1.5863346301210353 391
1739971631829 1.5844729964577207 392
1739971631852 1.5826062889984889 393
1739971631875 1.5807213559530109 394
1739971631896 1.5788822258655504 395
1739971631917 1.5769703702852438 396
1739971631941 1.5750957504895617 397
1739971631963 1.5732387347701708 398
1739971631985 1.5714193126791245 399
1739971632005 1.5695652391148691 400
1739971632026 1.5677193915539402 401
1739971632048 1.5659000475221583 402
1739971632070 1.5640595639258168 403
1739971632093 1.5622334039877883 404
1739971632116 1.5603970717185207 405
1739971632139 1.5586117069226868 406
1739971632162 1.5568377116485825 407
1739971632185 1.555039054786944 408
1739971632205 1.5532054469302048 409
1739971632226 1.5513982539316227 410
1739971632273 1.549590698720283 411
1739971632299 1.5478052016200934 412
1739971632322 1.5460469326502715 413
1739971632344 1.544296156682587 414
1739971632367 1.5425129456720454 415
1739971632389 1.5407394567651052 416
1739971632410 1.5389729769392122 417
1739971632431 1.5371858235557418 418
1739971632453 1.5354475453588496 419
1739971632475 1.5336732651583638 420
1739971632498 1.5319305233115919 421
1739971632519 1.530164241994216 422
1739971632541 1.5284508467364981 423
1739971632562 1.5267140642652408 424
1739971632586 1.5249527815625652 425
1739971632608 1.5232377787511449 426
1739971632631 1.5215711955536377 427
1739971632655 1.51988701428558 428
1739971632678 1.5180841679943118 429
1739971632703 1.5163787977040797 430
1739971632729 1.5147092319592963 431
1739971632755 1.5129475416418028 432
1739971632782 1.5113108653669716 433
1739971632808 1.5096200377454199 434
1739971632834 1.5079263231525442 435
1739971632859 1.5062695867660452 436
1739971632885 1.504596451026086 437
1739971632910 1.5029348042239274 438
1739971632936 1.50123941855254 439
1739971632962 1.499568297471456 440
1739971632987 1.4979676049328705 441
1739971633011 1.4962996954852033 442
1739971633035 1.4946153666301374 443
1739971633059 1.4930268065298893 444
1739971633082 1.491375305887321 445
1739971633105 1.4897353294435813 446
1739971633134 1.488109915990922 447
1739971633160 1.4865050137538038 448
1739971633187 1.4848549924106835 449
1739971633212 1.4832244180335545 450
1739971633238 1.4816167387650476 451
1739971633263 1.4800040097768008 452
1739971633289 1.4783917687463035 453
1739971633314 1.4768282600721008 454
1739971633340 1.4751716105856307 455
1739971633365 1.4735937098017318 456
1739971633391 1.4720372536095911 457
1739971633416 1.47043744156093 458
1739971633439 1.4688027326148017 459
1739971633462 1.4672445227265964 460
1739971633485 1.4656720982826428 461
1739971633508 1.4641295000270362 462
1739971633530 1.4625364226653532 463
1739971633557 1.460947707563324 464
1739971633583 1.45943295275101 465
1739971633609 1.4578774671775627 466
1739971633634 1.4563212946859148 467
1739971633659 1.4547739966614022 468
1739971633685 1.4531961514019878 469
1739971633709 1.4516618576128582 470
1739971633732 1.4500975307219235 471
1739971633755 1.4485706273496508 472
1739971633778 1.4470540361762614 473
1739971633801 1.4455413776082744 474
1739971633823 1.444029491124224 475
1739971633845 1.4424639076977885 476
1739971633869 1.4409307465169572 477
1739971633892 1.4394242845989182 478
1739971633914 1.4379156216699762 479
1739971633937 1.436398823482985 480
1739971633960 1.4349002452789887 481
1739971633984 1.4334442229817546 482
1739971634010 1.4318773149852582 483
1739971634034 1.4303730961506118 484
1739971634058 1.4289117939029201 485
1739971634082 1.4274622078690062 486
1739971634105 1.4259324224322678 487
1739971634130 1.4244457596693443 488
1739971634154 1.4229801970210945 489
1739971634177 1.4214821766478376 490
1739971634200 1.4200000559835004 491
1739971634223 1.4185499189157593 492
1739971634246 1.4170896407863423 493
1739971634269 1.4156439902502052 494
1739971634292 1.4141796944478935 495
1739971634318 1.412682479623003 496
1739971634343 1.4112128703914972 497
1739971634368 1.4098020109001688 498
1739971634393 1.408330382922495 499
