1740002973964 12.366079182563475 0
1740002974051 4.341364107194811 1
1740002974144 5.317099281147145 2
1740002974225 4.1647746949736675 3
1740002974308 5.873122352277736 4
1740002974388 6.4207219968905624 5
1740002974467 6.68013319519909 6
1740002974545 4.951324650426089 7
1740002974625 7.333699007594407 8
1740002974704 5.14845569642743 9
1740002974783 4.390855633465783 10
1740002974869 3.730397574809891 11
1740002974952 6.127032708671661 12
1740002975030 7.02031159724088 13
1740002975110 3.1118111483270363 14
1740002975201 2.740457737630952 15
1740002975325 3.3866672605866706 16
1740002975441 5.421199975520933 17
1740002975537 7.596900843117982 18
1740002975617 5.823018758776432 19
1740002975695 2.993332341853425 20
1740002975779 5.987565080358094 21
1740002975872 4.410549144576585 22
1740002976030 7.55602994661341 23
1740002976112 6.520218602190804 24
1740002976200 4.625022359437977 25
1740002976289 4.691032551597185 26
1740002976373 6.243142579375131 27
1740002976458 3.1496487826686947 28
1740002976542 5.0088652408088175 29
1740002976626 5.785735912163018 30
1740002976710 4.133786734327679 31
1740002976793 4.799209511577056 32
1740002976877 6.200449889135838 33
1740002976962 4.432262562608828 34
1740002977047 5.37822568952421 35
1740002977129 4.044647125330883 36
1740002977215 2.0224652551408138 37
1740002977304 5.226418064211551 38
1740002977388 3.3739593825772096 39
1740002977474 5.437791163242524 40
1740002977557 4.6820862495324995 41
1740002977641 7.351580473078735 42
1740002977722 3.599581335322286 43
1740002977807 6.260314759813326 44
1740002977900 7.154841826351605 45
1740002977991 5.431373193852329 46
1740002978078 2.031665653144355 47
1740002978160 2.734263184768232 48
1740002978242 4.819429959630742 49
1740002978327 7.343248506365441 50
1740002978410 6.224609891854538 51
1740002978492 6.498762632774919 52
1740002978574 5.290477695148517 53
1740002978656 4.67710307674173 54
1740002978739 4.644393540548331 55
1740002978821 4.741923189049607 56
1740002978908 3.9608659235400423 57
1740002978990 10.296573610942438 58
1740002979075 5.9352999730394425 59
1740002979160 5.277508384830242 60
1740002979243 5.06637320085857 61
1740002979328 5.022097237598299 62
1740002979413 5.839906317281618 63
1740002979502 4.496218252946432 64
1740002979585 5.991566147305595 65
1740002979667 3.4385063722053752 66
1740002979749 4.952762475985058 67
1740002979829 4.4232687436157905 68
1740002979918 7.973400516297709 69
1740002980002 2.7783563122217934 70
1740002980091 3.7676358940794605 71
1740002980175 6.272562402825302 72
1740002980258 4.281690200476101 73
1740002980341 3.5986155720708783 74
1740002980425 1.4076781962559821 75
1740002980506 6.025971332736804 76
1740002980589 2.9908863743827316 77
1740002980677 3.6688630830709115 78
1740002980764 4.586944788045928 79
1740002980850 7.549664186969184 80
1740002980935 5.687745282150854 81
1740002981019 8.314754718320104 82
1740002981107 9.428927708383046 83
1740002981195 5.597534280387904 84
1740002981279 5.591872228141662 85
1740002981362 5.018352911024508 86
1740002981445 2.9994677277227604 87
1740002981531 4.777244720289049 88
1740002981615 7.290062803493779 89
1740002981699 2.14034434992813 90
1740002981781 4.28844792865382 91
1740002981863 4.324210033745757 92
1740002981946 2.544904658583837 93
1740002982029 6.702757702328591 94
1740002982111 3.797191580163046 95
1740002982193 6.114678735080863 96
1740002982278 5.776851816164315 97
1740002982363 4.181948383033288 98
1740002982445 6.431566595169211 99
1740002982529 4.19415357811995 100
1740002982612 6.204977586985846 101
1740002982771 4.375893097267218 102
1740002982864 4.689110226531926 103
1740002982954 3.576528753424437 104
1740002983036 7.6034883222284675 105
1740002983120 4.017994489640686 106
1740002983201 5.588613877937425 107
1740002983286 4.429704394034552 108
1740002983427 4.358658080611457 109
1740002983511 5.504758067018264 110
1740002983601 4.254524236994829 111
1740002983686 6.498592343747192 112
1740002983771 3.459543314988774 113
1740002983857 7.187455285082999 114
1740002983942 5.646116274282362 115
1740002984025 5.674874514229495 116
1740002984112 2.457675349295316 117
1740002984209 4.381272720619754 118
1740002984294 6.477278423692 119
1740002984378 1.8416959515913123 120
1740002984460 2.9069462426817014 121
1740002984543 4.995630583638966 122
1740002984627 5.449561710770185 123
1740002984710 2.4265701519881784 124
1740002984792 2.9110826175360094 125
1740002984892 4.478801680561361 126
1740002984983 3.1665947131879615 127
1740002985082 3.9238694525823057 128
1740002985175 5.998033898037042 129
1740002985262 4.703216269746621 130
1740002985351 4.312695677909588 131
1740002985438 6.13087318299794 132
1740002985524 6.321548151386626 133
1740002985613 6.372230017890914 134
1740002985703 4.14750335284319 135
1740002985786 3.0280866570707974 136
1740002985870 4.640533892079532 137
1740002985954 5.3915422678572895 138
1740002986035 5.198858314598821 139
1740002986118 4.24191207641654 140
1740002986200 4.078614496089376 141
1740002986283 4.702615504860359 142
1740002986368 2.524956580950731 143
1740002986450 4.49117422071989 144
1740002986532 6.33273619416353 145
1740002986620 6.851230651404708 146
1740002986704 4.840755592813374 147
1740002986787 4.336793431007544 148
1740002986877 3.159621869369195 149
1740002987031 5.067187437241092 150
1740002987114 7.3337123140654885 151
1740002987197 3.9003958302087485 152
1740002987280 2.9780465820776496 153
1740002987364 2.3468860390069004 154
1740002987447 6.097971746751441 155
1740002987529 4.0838879024768575 156
1740002987617 3.3544060051399542 157
1740002987700 6.299775192653523 158
1740002987781 3.281943236459283 159
1740002987865 6.972630220857244 160
1740002987947 4.943599186766566 161
1740002988030 3.735325688706686 162
1740002988116 7.011998590802672 163
1740002988200 2.854963156588372 164
1740002988286 2.4620550505414305 165
1740002988370 4.611446757072878 166
1740002988452 5.678177390024078 167
1740002988563 4.570686343013618 168
1740002988646 4.599423006370378 169
1740002988729 4.560157476509936 170
1740002988812 3.738039179435879 171
1740002988899 3.533988223921953 172
1740002988982 4.078839872701906 173
1740002989065 5.822393182879546 174
1740002989147 6.325588423997035 175
1740002989229 7.1453388703872935 176
1740002989316 3.1490733731409257 177
1740002989400 5.4905981259801155 178
1740002989483 5.04270230285514 179
1740002989568 3.673844678323702 180
1740002989656 4.456687668669298 181
1740002989738 3.6937141451816755 182
1740002989823 3.3750546426492742 183
1740002989910 6.7550668224843395 184
1740002989995 5.536307859489404 185
1740002990078 7.2110164397372305 186
1740002990160 4.368075545045726 187
1740002990242 4.750843584901428 188
1740002990326 5.704914863673549 189
1740002990410 4.231171609611213 190
1740002990492 3.215612154677613 191
1740002990576 3.461462527299447 192
1740002990661 2.733749497287114 193
1740002990744 5.557246383936339 194
1740002990827 3.6457985794395436 195
1740002990912 4.516171372433151 196
1740002991000 5.56599574316502 197
1740002991083 6.611479690081753 198
1740002991167 6.623162008922654 199
1740002991252 7.240260720889359 200
1740002991337 5.204328843004873 201
1740002991420 2.150106380325596 202
1740002991503 5.984328293509836 203
1740002991591 4.643104710190513 204
1740002991683 5.175734843358724 205
1740002991766 1.822194395949957 206
1740002991851 4.555957060205751 207
1740002991937 4.419135235104316 208
1740002992020 4.246719839167655 209
1740002992104 3.6806084412966658 210
1740002992190 3.065450164883058 211
1740002992279 10.065364237819798 212
1740002992367 3.642212882007463 213
1740002992450 4.9754879232368 214
1740002992534 5.900288252253479 215
1740002992619 6.2588106118707305 216
1740002992702 4.524864544332283 217
1740002992785 5.624604500073297 218
1740002992872 8.538614964406165 219
1740002992956 5.316685508364507 220
1740002993038 3.656710738466102 221
1740002993120 3.316714001585347 222
1740002993201 5.733504085477893 223
1740002993283 7.367023435061395 224
1740002993369 2.514330864914359 225
1740002993503 5.429869539833832 226
1740002993592 4.948788645648294 227
1740002993685 4.715298337675023 228
1740002993781 4.755407368648425 229
1740002993874 5.615935067404867 230
1740002993958 7.251027772847145 231
1740002994040 4.921505392679178 232
1740002994123 2.818813091704305 233
1740002994207 4.632794724885322 234
1740002994303 5.265249311269899 235
1740002994389 3.291147126403229 236
1740002994472 6.434557731943867 237
1740002994554 4.048687465709443 238
1740002994639 3.6357356069095914 239
1740002994721 5.216084697015917 240
1740002994810 6.358659639675874 241
1740002994902 3.7425341724262293 242
1740002994983 4.173205938762966 243
1740002995070 6.679837269032805 244
1740002995153 7.499727287942454 245
1740002995239 2.9092415349829435 246
1740002995325 2.230360456371035 247
1740002995408 6.914502392896239 248
1740002995490 1.7147240885747606 249
1740002995573 3.6625720240795694 250
1740002995656 4.272009519326348 251
1740002995745 5.924200779604094 252
1740002995829 4.901103841209407 253
1740002995915 5.864358632297366 254
1740002995999 3.3872354460182255 255
1740002996083 4.901019788690703 256
1740002996166 4.279801956124228 257
1740002996252 2.422659459532125 258
1740002996337 6.461241505833346 259
1740002996420 2.9960262380777167 260
1740002996505 3.2196757951010824 261
1740002996587 3.7902264129656067 262
1740002996672 4.208283985573057 263
1740002996755 5.374361703908485 264
1740002996843 3.0040383472679286 265
1740002996932 3.355097181986949 266
1740002997017 9.885237702556344 267
1740002997101 4.697674744996178 268
1740002997226 7.6758075348873 269
1740002997310 4.053441009666211 270
1740002997393 4.99014850933843 271
1740002997476 5.625677877141387 272
1740002997561 1.4156650330710054 273
1740002997644 5.362131883600518 274
1740002997725 4.982828598167459 275
1740002997813 3.7196743979926303 276
1740002997904 4.00479538680108 277
1740002997987 4.493218349025555 278
1740002998072 5.909893014895531 279
1740002998155 4.955474812107231 280
1740002998238 4.48281625270657 281
1740002998321 4.47877310277363 282
1740002998407 5.502184679181095 283
1740002998489 3.8538559603393865 284
1740002998573 5.593146618064747 285
1740002998656 5.1502925386048375 286
1740002998737 5.993010055361718 287
1740002998821 3.1779086585624636 288
1740002998907 2.9824872258402353 289
1740002998990 5.624211818701715 290
1740002999074 3.0509535800263725 291
1740002999155 4.713889807367672 292
1740002999236 7.978660066261561 293
1740002999320 6.592207532321729 294
1740002999403 5.033272754522815 295
1740002999486 9.194838743767749 296
1740002999568 4.5282202855464595 297
1740002999652 3.1597777087659384 298
1740002999733 6.818332987303078 299
1740002999820 7.970943152100586 300
1740002999903 5.22910786829307 301
1740002999987 4.651074556245678 302
1740003000072 3.914360148951963 303
1740003000154 4.5033778913987454 304
1740003000237 3.050254598792874 305
1740003000324 5.503826265509266 306
1740003000409 7.0958685562156925 307
1740003000491 3.6032074513275183 308
1740003000573 3.5617788050516115 309
1740003000657 4.367549956488716 310
1740003000739 4.961680890369578 311
1740003000822 6.822204560041307 312
1740003000908 5.480559937506045 313
1740003000994 4.559359777166573 314
1740003001076 3.761063281195167 315
1740003001158 2.7145116252740307 316
1740003001241 4.022330069929598 317
1740003001324 3.3038876030182007 318
1740003001407 4.94423424949865 319
1740003001488 5.1280509022017755 320
1740003001571 5.297184282589174 321
1740003001654 5.329017685033036 322
1740003001736 4.044850915439556 323
1740003001818 5.437787361103341 324
1740003001909 6.211335423445447 325
1740003001993 3.2969231700005612 326
1740003002076 6.630775938871664 327
1740003002161 2.391933752536494 328
1740003002244 6.418157909042051 329
1740003002328 6.315426421654136 330
1740003002415 6.406224032976473 331
1740003002503 4.616820877048539 332
1740003002587 5.971464518436802 333
1740003002670 7.758390541826978 334
1740003002755 4.929893938091259 335
1740003002839 4.149506683797878 336
1740003002925 2.42606854200464 337
1740003003008 5.830428296640017 338
1740003003091 5.267774910797056 339
1740003003174 3.011308238567926 340
1740003003256 5.060461150546682 341
1740003003342 4.3632535210637595 342
1740003003426 7.616556995513183 343
1740003003508 2.246827100854882 344
1740003003587 3.0687648886318915 345
1740003003669 6.0251209178276195 346
1740003003752 5.745308627876073 347
1740003003833 4.24780328519078 348
1740003003931 3.4431055841378417 349
1740003004018 7.789747593595094 350
1740003004107 6.1066750198463495 351
1740003004195 4.523914797112931 352
1740003004282 4.33609110313741 353
1740003004374 3.714175101131684 354
1740003004459 4.146767502786804 355
1740003004543 4.444253318953838 356
1740003004627 6.145839687494415 357
1740003004710 5.06465312638846 358
1740003004791 8.058857038912702 359
1740003004876 3.978811930622615 360
1740003004959 6.313819488085279 361
1740003005042 3.3440674280563902 362
1740003005128 5.1817192787653426 363
1740003005213 3.9970284609422535 364
1740003005294 6.085860999579935 365
1740003005378 5.8120109074248525 366
1740003005460 5.0130553745001345 367
1740003005541 4.988418684232425 368
1740003005625 5.0313703767857225 369
1740003005708 5.843286381938079 370
1740003005789 5.7668377200419005 371
1740003005876 2.887320488998429 372
1740003005987 7.339249200337899 373
1740003006073 1.9733320252821582 374
1740003006157 7.011830316949699 375
1740003006241 4.81978636107089 376
1740003006325 6.893292407160174 377
1740003006408 5.57836480899744 378
1740003006492 4.215541380899326 379
1740003006573 5.539508447402151 380
1740003006656 5.375947167300021 381
1740003006738 4.25862912667105 382
1740003006820 4.053773684700705 383
1740003007001 7.240979190320753 384
1740003007104 6.2054716908847265 385
1740003007201 6.233755084509314 386
1740003007299 3.697431612220928 387
1740003007398 4.887007340252353 388
1740003007489 6.809467404498765 389
1740003007586 5.802905717056679 390
1740003007683 4.696292814534251 391
1740003007780 3.5057888838469 392
1740003007880 4.948341736753733 393
1740003007975 4.7000220029983 394
1740003008067 5.851559706798089 395
1740003008158 3.3484690681802305 396
1740003008246 3.863262931567199 397
1740003008343 5.181867972157395 398
1740003008433 4.383429505737704 399
1740003008522 5.343052255162371 400
1740003008614 4.415211715561388 401
1740003008702 4.8294722346130445 402
1740003008792 4.322758034891001 403
1740003008884 5.880692647738886 404
1740003008977 7.079747693551213 405
1740003009067 3.811089100192982 406
1740003009155 5.484712771650222 407
1740003009243 2.3646170826722095 408
1740003009333 5.8504759105157635 409
1740003009425 5.966056464552562 410
1740003009513 6.081136784639095 411
1740003009602 5.035541249790649 412
1740003009692 6.1340761092525575 413
1740003009781 2.2095704672179 414
1740003009872 3.8892831746391887 415
1740003009966 4.826468258934835 416
1740003010060 3.737422152890825 417
1740003010151 5.89742460853521 418
1740003010238 4.326854859541233 419
1740003010330 4.896476290234675 420
1740003010420 5.931986541676843 421
1740003010510 6.585797979134719 422
1740003010597 6.198793913956232 423
1740003010687 5.5655924520872055 424
1740003010778 3.580038670161941 425
1740003010868 4.813719068881828 426
1740003010957 4.013952475807994 427
1740003011046 2.8275469439233527 428
1740003011134 3.826782599031883 429
1740003011223 3.430004038895983 430
1740003011314 4.543644241192726 431
1740003011408 4.676439295056502 432
1740003011496 4.822463420867836 433
1740003011585 2.635429812142805 434
1740003011678 2.6829414217428007 435
1740003011765 8.122153725726495 436
1740003011852 5.608192621872276 437
1740003011942 4.958845223291904 438
1740003012035 5.118359958923887 439
1740003012123 7.546746981088285 440
1740003012211 3.618556211361026 441
1740003012294 4.5822006719154444 442
1740003012379 7.378057185703911 443
1740003012464 4.0509237123023585 444
1740003012546 6.086482550043027 445
1740003012630 3.904199275253886 446
1740003012714 3.7727143829239966 447
1740003012795 1.1986800812143903 448
1740003012878 7.869176015231583 449
1740003012964 6.594915241704116 450
1740003013050 5.100177985898802 451
1740003013134 5.383485944068702 452
1740003013219 5.660406156173417 453
1740003013303 3.81033459418273 454
1740003013385 5.882231374854543 455
1740003013469 4.066268801883947 456
1740003013552 5.214062620855227 457
1740003013637 4.287987564772803 458
1740003013718 3.962708229409172 459
1740003013807 6.17978888364524 460
1740003013896 4.981114525373033 461
1740003013979 4.185049191496007 462
1740003014067 3.6737341255989255 463
1740003014150 7.154206104435259 464
1740003014235 4.140843459219178 465
1740003014320 5.14993661241883 466
1740003014405 2.1239645040446695 467
1740003014512 1.5743584712837146 468
1740003014596 4.236898906843679 469
1740003014680 4.253201146912975 470
1740003014764 4.644971191802449 471
1740003014847 4.389459930213699 472
1740003014994 4.375602843719086 473
1740003015077 4.7953856548828515 474
1740003015163 2.106993715708937 475
1740003015245 6.460733133086935 476
1740003015329 7.415794816794904 477
1740003015413 2.3427732423965377 478
1740003015496 7.385798931933989 479
1740003015579 5.264723332535907 480
1740003015666 4.7766594040646355 481
1740003015750 3.9977802458975726 482
1740003015838 7.134125550875181 483
1740003015930 3.684391382339143 484
1740003016013 5.657521882069017 485
1740003016106 3.536695632281396 486
1740003016193 4.323442758214416 487
1740003016276 4.01953830534493 488
1740003016359 6.566837084275486 489
1740003016441 3.952644703180547 490
1740003016524 6.204242311170255 491
1740003016609 5.158844372499437 492
1740003016692 4.094544092267076 493
1740003016776 4.329971803052542 494
1740003016864 4.551495538778543 495
1740003016951 3.506984716639927 496
1740003017034 5.961783190760417 497
1740003017118 3.1498386751843954 498
1740003017203 5.5645318399009325 499
