1740007459740 168.79801204511594 0
1740007459761 168.59210970895057 1
1740007459784 168.423784674788 2
1740007459804 168.25560915748903 3
1740007459827 168.08760173336174 4
1740007459849 167.919762224966 5
1740007459868 167.75209046442825 6
1740007459897 167.5845862840382 7
1740007459922 167.4172495162533 8
1740007459944 167.2500799936985 9
1740007459964 167.0830775491663 10
1740007459984 166.91624201561626 11
1740007460006 166.74957322617516 12
1740007460028 166.5830710141366 13
1740007460049 166.41673521296093 14
1740007460071 166.2505656562751 15
1740007460095 166.08456217787247 16
1740007460118 165.9187246117126 17
1740007460139 165.75305279192108 18
1740007460159 165.58754655278955 19
1740007460179 165.42220572877528 20
1740007460201 165.25703015450108 21
1740007460222 165.09201966475527 22
1740007460241 164.92717409449133 23
1740007460261 164.7624932788279 24
1740007460283 164.59797705304845 25
1740007460302 164.43362525260125 26
1740007460322 164.26943771309908 27
1740007460342 164.10541427031924 28
1740007460363 163.9415547602032 29
1740007460384 163.77785901885653 30
1740007460404 163.6143268825488 31
1740007460424 163.45095818771316 32
1740007460445 163.2877527709466 33
1740007460467 163.12471046900936 34
1740007460486 162.96183111882505 35
1740007460507 162.79911455748027 36
1740007460527 162.6365606222247 37
1740007460549 162.47416915047066 38
1740007460569 162.31193997979324 39
1740007460589 162.1498729479298 40
1740007460609 161.98796789278018 41
1740007460630 161.8262246524062 42
1740007460650 161.66464306503173 43
1740007460670 161.50322296904244 44
1740007460690 161.3419642029856 45
1740007460711 161.18086660556995 46
1740007460731 161.0199300156656 47
1740007460751 160.85915427230384 48
1740007460771 160.69853921467686 49
1740007460791 160.53808468213776 50
1740007460812 160.37779051420029 51
1740007460832 160.21765655053866 52
1740007460852 160.05768263098759 53
1740007460872 159.8978685955418 54
1740007460894 159.73821428435616 55
1740007460915 159.57871953774537 56
1740007460943 159.41938419618393 57
1740007460987 159.26020810030568 58
1740007461009 159.10119109090405 59
1740007461030 158.94233300893166 60
1740007461050 158.78363369550019 61
1740007461070 158.62509299188017 62
1740007461090 158.466710739501 63
1740007461110 158.30848677995056 64
1740007461130 158.15042095497526 65
1740007461153 157.99251310647978 66
1740007461175 157.8347630765268 67
1740007461197 157.67717070733718 68
1740007461216 157.51973584128933 69
1740007461236 157.36245832091956 70
1740007461258 157.20533798892143 71
1740007461281 157.04837468814605 72
1740007461300 156.89156826160152 73
1740007461320 156.73491855245305 74
1740007461340 156.57842540402277 75
1740007461365 156.42208865978932 76
1740007461390 156.26590816338808 77
1740007461411 156.10988375861072 78
1740007461431 155.95401528940513 79
1740007461453 155.79830259987534 80
1740007461473 155.6427455342813 81
1740007461493 155.48734393703862 82
1740007461513 155.33209765271863 83
1740007461533 155.17700652604805 84
1740007461554 155.02207040190896 85
1740007461573 154.8672891253385 86
1740007461593 154.71266254152883 87
1740007461614 154.55819049582695 88
1740007461637 154.40387283373454 89
1740007461657 154.2497094009078 90
1740007461677 154.09570004315725 91
1740007461697 153.9418446064477 92
1740007461722 153.7881429368979 93
1740007461742 153.63459488078072 94
1740007461763 153.48120028452254 95
1740007461783 153.32795899470338 96
1740007461804 153.1748708580569 97
1740007461823 153.0219357214698 98
1740007461843 152.86915343198206 99
1740007461863 152.7165238367866 100
1740007461884 152.56404678322917 101
1740007461904 152.41172211880814 102
1740007461926 152.25954969117456 103
1740007461947 152.1075293481317 104
1740007461968 151.95566093763503 105
1740007461990 151.80394430779225 106
1740007462013 151.65237930686283 107
1740007462033 151.50096578325804 108
1740007462053 151.3497035855408 109
1740007462075 151.19859256242543 110
1740007462094 151.04763256277755 111
1740007462114 150.896823435614 112
1740007462134 150.74616503010262 113
1740007462156 150.59565719556198 114
1740007462177 150.44529978146153 115
1740007462197 150.2950926374211 116
1740007462217 150.14503561321106 117
1740007462239 149.99512855875196 118
1740007462261 149.84537132411447 119
1740007462282 149.69576375951917 120
1740007462302 149.54630571533647 121
1740007462321 149.3969970420864 122
1740007462345 149.2478375904386 123
1740007462366 149.0988272112119 124
1740007462386 148.94996575537445 125
1740007462406 148.8012530740434 126
1740007462427 148.65268901848472 127
1740007462449 148.50427344011337 128
1740007462469 148.35600619049268 129
1740007462489 148.20788712133452 130
1740007462510 148.0599160844991 131
1740007462530 147.91209293199466 132
1740007462550 147.76441751597764 133
1740007462570 147.61688968875228 134
1740007462590 147.46950930277038 135
1740007462611 147.3222762106315 136
1740007462631 147.17519026508253 137
1740007462651 147.02825131901764 138
1740007462671 146.88145922547812 139
1740007462696 146.7348138376523 140
1740007462716 146.5883150088752 141
1740007462735 146.44196259262864 142
1740007462755 146.29575644254098 143
1740007462779 146.14969641238693 144
1740007462800 146.00378235608736 145
1740007462820 145.8580141277094 146
1740007462840 145.712391581466 147
1740007462861 145.566914571716 148
1740007462882 145.42158295296386 149
1740007462902 145.27639657985952 150
1740007462924 145.1313553071984 151
1740007462945 144.98645898992092 152
1740007462966 144.8417074831128 153
1740007462986 144.69710064200464 154
1740007463006 144.55263832197176 155
1740007463026 144.40832037853417 156
1740007463052 144.26414666735627 157
1740007463074 144.12011704424702 158
1740007463093 143.9762313651594 159
1740007463113 143.83248948619055 160
1740007463135 143.6888912635815 161
1740007463155 143.54543655371702 162
1740007463175 143.4021252131256 163
1740007463195 143.2589570984791 164
1740007463216 143.11593206659285 165
1740007463239 142.97304997442524 166
1740007463259 142.83031067907783 167
1740007463279 142.68771403779508 168
1740007463299 142.54525990796412 169
1740007463320 142.4029481471149 170
1740007463341 142.26077861291967 171
1740007463361 142.11875116319305 172
1740007463382 141.9768656558919 173
1740007463407 141.83512194911526 174
1740007463431 141.69351990110385 175
1740007463451 141.5520593702403 176
1740007463471 141.41074021504886 177
1740007463494 141.26956229419525 178
1740007463517 141.12852546648654 179
1740007463537 140.98762959087105 180
1740007463557 140.84687452643806 181
1740007463578 140.7062601324179 182
1740007463599 140.56578626818163 183
1740007463619 140.42545279324094 184
1740007463639 140.28525956724798 185
1740007463658 140.14520644999536 186
1740007463679 140.00529330141586 187
1740007463700 139.86551998158234 188
1740007463720 139.7258863507076 189
1740007463739 139.58639226914426 190
1740007463761 139.44703759738454 191
1740007463781 139.3078221960603 192
1740007463801 139.1687459259426 193
1740007463821 139.02980864794196 194
1740007463841 138.89101022310783 195
1740007463861 138.75235051262868 196
1740007463881 138.61382937783182 197
1740007463901 138.47544668018324 198
1740007463922 138.33720228128743 199
1740007463943 138.19909604288736 200
1740007463963 138.06112782686426 201
1740007463983 137.9232974952374 202
1740007464003 137.78560491016418 203
1740007464025 137.6480499339397 204
1740007464045 137.51063242899693 205
1740007464066 137.3733522579063 206
1740007464087 137.23620928337579 207
1740007464111 137.09920336825056 208
1740007464132 136.96233437551305 209
1740007464152 136.82560216828267 210
1740007464171 136.6890066098157 211
1740007464193 136.5525475635052 212
1740007464214 136.4162248928809 213
1740007464234 136.2800384616089 214
1740007464254 136.14398813349183 215
1740007464274 136.00807377246826 216
1740007464296 135.87229524261306 217
1740007464317 135.736652408137 218
1740007464337 135.60114513338647 219
1740007464357 135.4657732828438 220
1740007464379 135.33053672112663 221
1740007464400 135.1954353129881 222
1740007464420 135.06046892331656 223
1740007464440 134.9256374171355 224
1740007464461 134.79094065960345 225
1740007464481 134.6563785160137 226
1740007464501 134.52195085179426 227
1740007464521 134.3876575325078 228
1740007464543 134.25349842385137 229
1740007464565 134.11947339165638 230
1740007464585 133.9855823018884 231
1740007464605 133.851825020647 232
1740007464625 133.71820141416575 233
1740007464647 133.58471134881194 234
1740007464666 133.45135469108646 235
1740007464686 133.3181313076238 236
1740007464706 133.18504106519174 237
1740007464727 133.05208383069143 238
1740007464747 132.91925947115692 239
1740007464767 132.78656785375546 240
1740007464787 132.654008845787 241
1740007464808 132.5215823146842 242
1740007464828 132.38928812801237 243
1740007464849 132.25712615346922 244
1740007464868 132.12509625888475 245
1740007464889 131.9931983122212 246
1740007464909 131.86143218157284 247
1740007464931 131.7297977351658 248
1740007464951 131.598294841358 249
1740007464971 131.4669233686391 250
1740007464992 131.33568318563013 251
1740007465012 131.2045741610837 252
1740007465032 131.0735961638835 253
1740007465052 130.9427490630445 254
1740007465076 130.8120327277124 255
1740007465097 130.6814470271641 256
1740007465118 130.550991830807 257
1740007465139 130.4206670081792 258
1740007465160 130.29047242894922 259
1740007465180 130.16040796291594 260
1740007465200 130.03047348000842 261
1740007465219 129.9006688502859 262
1740007465242 129.77099394393738 263
1740007465262 129.64144863128192 264
1740007465285 129.51203278276805 265
1740007465305 129.38274626897396 266
1740007465324 129.2535889606073 267
1740007465347 129.12456072850492 268
1740007465367 128.99566144363294 269
1740007465387 128.86689097708643 270
1740007465408 128.73824920008946 271
1740007465433 128.6097359839948 272
1740007465459 128.48135120028394 273
1740007465479 128.35309472056687 274
1740007465499 128.22496641658202 275
1740007465520 128.09696616019593 276
1740007465541 127.96909382340353 277
1740007465561 127.84134927832753 278
1740007465581 127.71373239721864 279
1740007465601 127.58624305245529 280
1740007465622 127.4588811165436 281
1740007465642 127.33164646211706 282
1740007465661 127.20453896193669 283
1740007465682 127.07755848889066 284
1740007465703 126.95070491599427 285
1740007465723 126.82397811638984 286
1740007465742 126.69737796334644 287
1740007465762 126.57090433026008 288
1740007465785 126.44455709065318 289
1740007465806 126.31833611817477 290
1740007465826 126.1922412866002 291
1740007465846 126.06627246983099 292
1740007465868 125.94042954189491 293
1740007465890 125.81471237694555 294
1740007465910 125.6891208492624 295
1740007465931 125.56365483325077 296
1740007465951 125.43831420344144 297
1740007465975 125.31309883449067 298
1740007465994 125.18800860118021 299
1740007466014 125.06304337841686 300
1740007466034 124.93820304123265 301
1740007466054 124.81348746478447 302
1740007466075 124.6888965243542 303
1740007466094 124.5644300953483 304
1740007466114 124.44008805329788 305
1740007466135 124.31587027385854 306
1740007466156 124.19177663281023 307
1740007466177 124.06780700605711 308
1740007466197 123.94396126962744 309
1740007466218 123.82023929967343 310
1740007466239 123.6966409724712 311
1740007466259 123.57316616442058 312
1740007466279 123.44981475204496 313
1740007466299 123.32658661199123 314
1740007466322 123.2034816210297 315
1740007466342 123.0804996560538 316
1740007466361 122.95764059408019 317
1740007466383 122.83490431224841 318
1740007466404 122.71229068782097 319
1740007466424 122.58979959818299 320
1740007466445 122.46743092084235 321
1740007466464 122.34518453342929 322
1740007466485 122.22306031369655 323
1740007466506 122.10105813951905 324
1740007466525 121.97917788889383 325
1740007466545 121.85741943993996 326
1740007466565 121.73578267089839 327
1740007466586 121.6142674601318 328
1740007466606 121.49287368612461 329
1740007466625 121.37160122748263 330
1740007466645 121.25044996293316 331
1740007466666 121.1294197713247 332
1740007466686 121.00851053162698 333
1740007466707 120.88772212293074 334
1740007466727 120.7670544244476 335
1740007466749 120.64650731550994 336
1740007466770 120.52608067557098 337
1740007466790 120.40577438420425 338
1740007466810 120.28558832110389 339
1740007466831 120.16552236608426 340
1740007466854 120.04557639907996 341
1740007466874 119.9257503001456 342
1740007466894 119.80604394945581 343
1740007466914 119.68645722730493 344
1740007466936 119.56699001410722 345
1740007466956 119.44764219039624 346
1740007466976 119.32841363682523 347
1740007466995 119.20930423416675 348
1740007467017 119.09031386331249 349
1740007467038 118.97144240527341 350
1740007467058 118.85268974117928 351
1740007467078 118.73405575227885 352
1740007467099 118.61554031993958 353
1740007467119 118.49714332564767 354
1740007467139 118.37886465100765 355
1740007467159 118.26070417774262 356
1740007467179 118.14266178769384 357
1740007467202 118.02473736282079 358
1740007467223 117.90693078520097 359
1740007467242 117.78924193702979 360
1740007467263 117.67167070062057 361
1740007467287 117.55421695840411 362
1740007467307 117.43688059292896 363
1740007467327 117.31966148686111 364
1740007467347 117.20255952298375 365
1740007467369 117.0855745841974 366
1740007467390 116.96870655351972 367
1740007467444 116.85195531408523 368
1740007467496 116.73532074914537 369
1740007467517 116.6188027420684 370
1740007467537 116.50240117633906 371
1740007467557 116.38611593555873 372
1740007467578 116.26994690344517 373
1740007467598 116.15389396383237 374
1740007467618 116.03795700067052 375
1740007467637 115.92213589802589 376
1740007467659 115.80643054008061 377
1740007467680 115.6908408111327 378
1740007467700 115.57536659559584 379
1740007467720 115.4600077779993 380
1740007467740 115.34476424298786 381
1740007467762 115.22963587532159 382
1740007467782 115.11462255987583 383
1740007467805 114.99972418164108 384
1740007467829 114.88494062572278 385
1740007467857 114.77027177734132 386
1740007467881 114.65571752183186 387
1740007467901 114.54127774464418 388
1740007467924 114.42695233134266 389
1740007467946 114.3127411676061 390
1740007467967 114.19864413922762 391
1740007467987 114.08466113211453 392
1740007468008 113.97079203228827 393
1740007468028 113.85703672588421 394
1740007468048 113.74339509915161 395
1740007468069 113.62986703845347 396
1740007468089 113.51645243026645 397
1740007468110 113.40315116118072 398
1740007468133 113.28996311789982 399
1740007468153 113.17688818724064 400
1740007468173 113.06392625613326 401
1740007468192 112.95107721162073 402
1740007468215 112.8383409408592 403
1740007468236 112.72571733111751 404
1740007468256 112.61320626977735 405
1740007468276 112.50080764433297 406
1740007468297 112.38852134239116 407
1740007468317 112.27634725167104 408
1740007468338 112.16428526000406 409
1740007468359 112.05233525533384 410
1740007468379 111.94049712571604 411
1740007468400 111.82877075931822 412
1740007468420 111.71715604441988 413
1740007468440 111.60565286941207 414
1740007468461 111.49426112279764 415
1740007468484 111.3829806931908 416
1740007468503 111.2718114693172 417
1740007468523 111.16075334001373 418
1740007468543 111.04980619422847 419
1740007468567 110.93896992102053 420
1740007468586 110.82824440955999 421
1740007468606 110.71762954912768 422
1740007468626 110.60712522911524 423
1740007468648 110.49673133902488 424
1740007468668 110.38644776846928 425
1740007468689 110.27627440717154 426
1740007468709 110.16621114496502 427
1740007468730 110.05625787179324 428
1740007468750 109.94641447770977 429
1740007468770 109.83668085287813 430
1740007468790 109.72705688757169 431
1740007468810 109.61754247217353 432
1740007468831 109.50813749717634 433
1740007468851 109.39884185318229 434
1740007468870 109.28965543090301 435
1740007468890 109.18057812115934 436
1740007468913 109.07160981488136 437
1740007469002 108.96275040310817 438
1740007469029 108.85399977698788 439
1740007469049 108.74535782777735 440
1740007469070 108.63682444684233 441
1740007469089 108.52839952565704 442
1740007469111 108.42008295580435 443
1740007469133 108.31187462897546 444
1740007469156 108.20377443696994 445
1740007469178 108.09578227169547 446
1740007469199 107.98789802516792 447
1740007469219 107.88012158951106 448
1740007469239 107.7724528569566 449
1740007469259 107.66489171984396 450
1740007469281 107.55743807062025 451
1740007469303 107.45009180184009 452
1740007469324 107.34285280616558 453
1740007469345 107.23572097636615 454
1740007469366 107.12869620531843 455
1740007469388 107.0217783860062 456
1740007469409 106.91496741152022 457
1740007469429 106.8082631750582 458
1740007469450 106.70166556992461 459
1740007469471 106.59517448953062 460
1740007469496 106.48878982739399 461
1740007469519 106.38251147713893 462
1740007469541 106.2763393324961 463
1740007469562 106.17027328730234 464
1740007469582 106.06431323550066 465
1740007469602 105.95845907114018 466
1740007469623 105.85271068837591 467
1740007469643 105.74706798146873 468
1740007469664 105.64153084478522 469
1740007469684 105.53609917279765 470
1740007469704 105.43077286008374 471
1740007469725 105.32555180132667 472
1740007469745 105.22043589131495 473
1740007469765 105.11542502494223 474
1740007469786 105.01051909720732 475
1740007469806 104.90571800321402 476
1740007469826 104.801021638171 477
1740007469846 104.69642989739172 478
1740007469867 104.59194267629437 479
1740007469887 104.4875598704016 480
1740007469907 104.38328137534064 481
1740007469930 104.27910708684308 482
1740007469951 104.17503690074473 483
1740007469974 104.07107071298556 484
1740007469995 103.96720841960962 485
1740007470016 103.86344991676492 486
1740007470036 103.75979510070326 487
1740007470056 103.65624386778025 488
1740007470078 103.55279611445508 489
1740007470098 103.44945173729053 490
1740007470118 103.34621063295278 491
1740007470138 103.24307269821134 492
1740007470158 103.14003782993893 493
1740007470179 103.03710592511146 494
1740007470199 102.93427688080776 495
1740007470219 102.83155059420962 496
1740007470242 102.72892696260168 497
1740007470262 102.62640588337123 498
1740007470282 102.5239872540082 499
