1739989409410 6.307329089984329 0
1739989409488 6.704584390086662 1
1739989409566 6.8611113898629466 2
1739989409644 6.626694451811771 3
1739989409722 7.699631898708066 4
1739989409800 6.643243833618916 5
1739989409878 7.73374626430731 6
1739989409955 6.100098767432543 7
1739989410030 6.400413998861066 8
1739989410107 5.80338533724385 9
1739989410184 6.659055199350677 10
1739989410259 6.443641896170197 11
1739989410382 6.843947905295934 12
1739989410464 6.638342153758783 13
1739989410546 6.4765674451891035 14
1739989410633 7.533113272224661 15
1739989410709 7.417941098036573 16
1739989410786 6.945708210768757 17
1739989410864 6.652379000919701 18
