1739990278012 6.502932005856574 0
1739990278064 6.452775058405895 1
1739990278113 6.551840697634732 2
1739990278160 6.519219509379875 3
1739990278208 6.504162438821771 4
1739990278258 6.601853519397231 5
1739990278305 6.600621422258608 6
1739990278357 6.550550836608458 7
1739990278410 6.528867317188289 8
1739990278459 6.594976884233005 9
1739990278506 6.532467904465057 10
1739990278553 6.482752206299819 11
1739990278598 6.535760443794387 12
1739990278643 6.548553073161576 13
1739990278689 6.5052335300491055 14
1739990278738 6.609819479730315 15
1739990278785 6.619185997165122 16
1739990278832 6.554102129469664 17
1739990278881 6.543573856313149 18
1739990278930 6.566724304872989 19
1739990278978 6.569855305298493 20
1739990279028 6.523920666596032 21
1739990279084 6.503929053278632 22
1739990279133 6.571045263117447 23
1739990279182 6.556178643063122 24
1739990279230 6.5469309757243845 25
1739990279277 6.5107573156212695 26
1739990279325 6.550157400976778 27
1739990279372 6.555412103790576 28
1739990279420 6.515668993524076 29
1739990279468 6.657175143932572 30
1739990279516 6.546631577834793 31
1739990279564 6.505339251390381 32
1739990279611 6.607618184495884 33
1739990279658 6.624095777379067 34
1739990279705 6.533327931493574 35
1739990279814 6.566844135942284 36
1739990279873 6.574647454613489 37
1739990279921 6.564441668140322 38
1739990279968 6.586686791623991 39
1739990280017 6.656991888386264 40
1739990280066 6.565449236144966 41
1739990280113 6.53442914050351 42
1739990280164 6.466534750431948 43
1739990280212 6.54582872762701 44
1739990280264 6.581119108713108 45
1739990280312 6.557812466811813 46
1739990280359 6.490537519919233 47
1739990280407 6.493753445305916 48
1739990280455 6.556239973986505 49
1739990280502 6.590819902187057 50
1739990280550 6.605747392693972 51
1739990280598 6.611430707640168 52
1739990280645 6.583865875384525 53
1739990280693 6.453823444789299 54
1739990280741 6.654542906821465 55
1739990280790 6.56659979527788 56
1739990280836 6.571887109990946 57
1739990280884 6.624802177278016 58
1739990280931 6.585806567326026 59
1739990280979 6.545826485509332 60
