1739990212826 7.250606484446385 0
1739990212931 6.734159823890402 1
1739990213034 6.91506939157906 2
1739990213138 6.329325379900422 3
1739990213242 6.492385836917314 4
1739990213345 7.571418582361807 5
1739990213449 6.741018351354511 6
1739990213552 6.880657262395384 7
1739990213656 6.636975894792021 8
1739990213800 6.263217109405955 9
1739990217121 6.282595392816133 10
1739990217230 6.413502010594298 11
1739990217336 6.667222661725374 12
1739990217446 6.334982748005481 13
1739990217554 6.081246291222038 14
1739990217662 6.178999859217241 15
