1739995326514 64.8470753808442 0
1739995326607 23.595849176109045 1
1739995326700 13.691402472951257 2
1739995326793 2.708172940987948 3
1739995326891 4.939291264091837 4
1739995326987 1.1353138957186955 5
1739995327079 0.1544463996383786 6
1739995327171 0.14903060338386437 7
1739995327265 0.003926946046160606 8
1739995327356 0.002733216204572612 9
1739995327450 0.25390167107648365 10
1739995327547 0.0016527025538400958 11
1739995327647 0.18095102084080045 12
1739995327810 0.009336130103362702 13
1739995327909 0.0008857979076517195 14
1739995328001 0.07598862672060686 15
1739995328094 0.001603408661036855 16
1739995328185 0.0016360661467372277 17
1739995328278 1.2665276986458947 18
1739995328369 0.0035502967904260893 19
1739995328461 0.0027987014512628637 20
1739995328554 0.19928384814893074 21
1739995328645 0.05429551565650273 22
1739995328739 0.01212064165408074 23
1739995328832 0.058929769119635426 24
1739995328925 0.0742034075115258 25
1739995329017 0.03765965507745404 26
1739995329109 0.000776111235730222 27
1739995329200 0.03263597965399366 28
1739995329293 0.045582596341000085 29
1739995329384 0.3025005312690845 30
1739995329475 0.4533602625811173 31
1739995329567 0.00520606344078249 32
1739995329680 0.04214465731294363 33
1739995329775 0.1540655382121155 34
1739995329869 0.13194441152156444 35
1739995329963 0.11413180779716181 36
1739995330055 0.08449221217811048 37
1739995330147 0.0018002053328237697 38
1739995330239 0.003363170836781405 39
1739995330330 0.00958826573447623 40
1739995330421 0.22141882324211953 41
1739995330512 0.19312620861128116 42
1739995330603 0.0250656316246876 43
1739995330695 0.1524497285568404 44
1739995330787 0.17488391406450218 45
1739995330881 0.03534328677195132 46
