1739963291367 6.529866153681875 0
1739963291382 6.569545404854162 1
1739963291401 6.519293704172577 2
1739963291416 6.584227259101175 3
1739963291430 6.607430882427113 4
1739963291448 6.596873761571147 5
1739963291462 6.567057080291048 6
1739963291477 6.574524891002324 7
1739963291492 6.545430017765893 8
1739963291506 6.554957400523758 9
1739963291521 6.575188477733545 10
1739963291535 6.554723112851261 11
1739963291551 6.536752858254457 12
1739963291567 6.507938965556127 13
1739963291581 6.561221927572907 14
1739963291596 6.614382075765037 15
1739963291611 6.546044064615037 16
1739963291625 6.603528673206319 17
1739963291640 6.570147931644757 18
1739963291655 6.506385005427736 19
1739963291670 6.5663395821941535 20
1739963291684 6.646100670239661 21
1739963291703 6.556224213874351 22
1739963291719 6.5683945857549535 23
1739963291733 6.53912776839166 24
1739963291752 6.555535198251948 25
1739963291767 6.553038830217705 26
1739963291782 6.546254691742104 27
1739963291796 6.589597930349218 28
1739963291811 6.57491151764198 29
1739963291825 6.629322875795033 30
1739963291840 6.538864692541142 31
1739963291854 6.578676873818273 32
1739963291869 6.5719887429331205 33
1739963291884 6.561070342205403 34
1739963291899 6.540218699235241 35
1739963291915 6.547163301300138 36
1739963291930 6.652813184585521 37
1739963291944 6.603555060663852 38
1739963291959 6.58207860099118 39
1739963291974 6.615913456361227 40
1739963291988 6.6070389379752426 41
1739963292003 6.559097648022388 42
1739963292017 6.5796765704760665 43
1739963292032 6.519310533625765 44
1739963292046 6.524856195745081 45
1739963292061 6.577414403328146 46
1739963292076 6.538948741372935 47
1739963292090 6.5650206232968324 48
1739963292104 6.559505102124253 49
1739963292119 6.57547071667458 50
1739963292133 6.607000693529819 51
1739963292148 6.600914685710563 52
1739963292163 6.546935866139877 53
1739963292178 6.571232920146428 54
1739963292192 6.569692869151202 55
1739963292207 6.585033261372644 56
1739963292222 6.598629682038746 57
1739963292237 6.52479534629155 58
1739963292251 6.601492460810972 59
1739963292266 6.5863998278903395 60
1739963292281 6.538595923634814 61
1739963292295 6.605536139523354 62
1739963292310 6.553195242413607 63
1739963292324 6.489182103967345 64
