1740007806170 168.37661613262742 0
1740007806193 166.40538416263507 1
1740007806219 161.4707355759857 2
1740007806242 166.21912662969922 3
1740007806266 157.5175496453115 4
1740007806289 160.02394480170045 5
1740007806313 158.22117290446727 6
1740007806339 153.94204481865503 7
1740007806363 153.79656551547103 8
1740007806386 155.5139945292176 9
1740007806408 145.19844045092532 10
1740007806431 154.79035224272502 11
1740007806454 151.30721951023062 12
1740007806479 149.18531751893548 13
1740007806501 149.84702833679745 14
1740007806527 145.35131907772984 15
1740007806551 141.26052562719659 16
1740007806576 143.0224494266887 17
1740007806598 145.54594101246008 18
1740007806625 142.13753606794435 19
1740007806647 141.69598665789275 20
1740007806676 137.2137741372488 21
1740007806700 136.50655339523993 22
1740007806725 135.1727171574131 23
1740007806749 135.88539018617874 24
1740007806775 134.92949700212995 25
1740007806797 131.65045047333578 26
1740007806823 130.16683510968352 27
1740007806845 128.43582025131747 28
1740007806870 131.43037242521362 29
1740007806892 129.14546971258818 30
1740007806915 126.35821718422703 31
1740007806938 125.2743612624294 32
1740007806960 124.92698499471244 33
1740007806987 117.80532012511868 34
1740007807066 122.72990399940785 35
1740007807105 119.65343164568074 36
1740007807188 120.1413585391586 37
1740007807289 118.84593227958996 38
1740007807321 115.7097036620022 39
1740007807350 117.66306947291228 40
1740007807380 114.76849426320578 41
1740007807411 116.71042821411142 42
1740007807439 114.13406490390466 43
1740007807464 112.78530167796399 44
1740007807492 112.39652122542003 45
1740007807520 109.32596861900583 46
1740007807547 108.44979096842873 47
1740007807576 109.22719805277221 48
1740007807606 106.03076974763367 49
1740007807632 105.57213484460762 50
1740007807662 104.25170585469496 51
1740007807710 103.97683109425779 52
1740007807740 105.34097046428556 53
1740007807766 103.71563113446997 54
1740007807801 101.83161909795025 55
1740007807896 100.41894612501385 56
1740007807932 98.28536699594113 57
1740007807962 100.00406885458085 58
1740007807993 97.79124428254856 59
1740007808025 100.65562623153235 60
1740007808117 100.83569868820082 61
1740007808157 92.28159360230505 62
1740007808188 94.84608133498399 63
1740007808221 96.40538848290802 64
1740007808250 95.45298012602278 65
1740007808279 89.3781272205416 66
1740007808307 90.20060123697645 67
1740007808338 94.35433464868561 68
1740007808367 90.7853440113391 69
1740007808396 91.11855401871546 70
1740007808425 85.94604970095142 71
1740007808456 87.78512502116922 72
1740007808485 88.11912100942088 73
1740007808514 84.79172950197766 74
1740007808542 85.82245159024235 75
1740007808572 84.22247331272898 76
1740007808604 82.13491260314419 77
1740007808636 80.77679123745469 78
1740007808667 84.06581342444292 79
1740007808697 81.91710847048411 80
1740007808729 81.60837682709149 81
1740007808760 82.84087635950462 82
1740007808793 82.16663985652512 83
1740007808822 77.2644167699308 84
1740007808851 78.66416616127384 85
1740007808883 75.00186036916125 86
1740007808912 76.0078617189786 87
1740007808943 72.47794864561997 88
1740007808976 74.75761583421065 89
1740007809007 73.89984527628214 90
1740007809036 73.72075080645665 91
1740007809080 74.2617554238572 92
1740007809104 71.98418486217328 93
1740007809134 72.35850280267681 94
1740007809159 72.78982553151717 95
1740007809183 71.24627624676471 96
1740007809206 68.08310529734419 97
1740007809230 67.40429640128141 98
1740007809255 66.45421039691266 99
1740007809282 65.67402787108198 100
1740007809306 66.9638820521971 101
1740007809329 64.08643404793276 102
1740007809353 67.43484702580801 103
1740007809379 66.9375003580365 104
1740007809407 66.62337915557315 105
1740007809432 64.78335704065118 106
1740007809456 65.26086047952452 107
1740007809480 64.35411087106301 108
1740007809507 60.21145365294758 109
1740007809533 63.14986835460513 110
1740007809556 61.94385189387415 111
1740007809579 62.99674358515516 112
1740007809602 61.77692651756187 113
1740007809630 60.32765739898543 114
1740007809659 59.24714050940553 115
1740007809684 61.7625170402286 116
1740007809707 58.81048012792768 117
1740007809730 58.41361837677941 118
1740007809754 56.448906533149696 119
1740007809781 57.83872131214405 120
1740007809807 57.56672121124754 121
1740007809830 54.054864454849806 122
1740007809853 56.19612631894757 123
1740007809877 56.47408117124178 124
1740007809901 57.34142802341158 125
1740007809929 54.2273140578001 126
1740007809957 53.358243458589975 127
1740007809984 53.30241175438203 128
1740007810012 52.5797010435897 129
1740007810036 52.18356314483378 130
1740007810063 51.09821979018629 131
1740007810089 50.42267900108575 132
1740007810113 50.40575745374482 133
1740007810137 50.26728095029329 134
1740007810160 50.306528828130446 135
1740007810185 48.749742343559994 136
1740007810214 49.33389321457191 137
1740007810240 48.91009811309005 138
1740007810266 49.33628239149445 139
1740007810293 47.29637752266961 140
1740007810319 47.12703997837991 141
1740007810346 45.82031634882703 142
1740007810375 45.9582029340034 143
1740007810399 45.53418964146402 144
1740007810422 46.29265389863696 145
1740007810446 46.07647634312068 146
1740007810472 45.18272299042246 147
1740007810500 43.21229796286379 148
1740007810525 44.56483783755094 149
1740007810549 42.91236986965966 150
1740007810572 42.28862127936274 151
1740007810596 43.80520354385793 152
1740007810624 42.13125672973824 153
1740007810648 42.731074938882635 154
1740007810672 40.320716252046815 155
1740007810695 41.197961730252494 156
1740007810719 41.53917891362808 157
1740007810747 41.089325965308234 158
1740007810771 40.45223436047874 159
1740007810795 39.320366915866174 160
1740007810821 38.771569474345185 161
1740007810848 38.62722528104301 162
1740007810877 40.1255716587491 163
1740007810903 37.223364819407934 164
1740007810926 37.162652934724825 165
1740007810950 38.24629948946361 166
1740007810975 37.01957709367413 167
1740007811001 35.99562255821525 168
1740007811030 36.48610681886962 169
1740007811057 35.58827920050097 170
1740007811081 34.62646230671417 171
1740007811104 34.72166518541015 172
1740007811158 36.806862595745194 173
1740007811181 33.88146381951087 174
1740007811207 34.516587114932946 175
1740007811236 36.57422018760183 176
1740007811264 34.85354334993764 177
1740007811289 34.230679689703955 178
1740007811313 33.632980273652024 179
1740007811336 33.4687081062348 180
1740007811363 33.67120754176665 181
1740007811390 31.50785726498173 182
1740007811416 33.13707261785065 183
1740007811444 32.93254971488074 184
1740007811473 31.561773660374012 185
1740007811499 30.994035047872583 186
1740007811524 31.24355325194669 187
1740007811552 30.470436679079437 188
1740007811577 31.228252061649147 189
1740007811601 30.169165400918864 190
1740007811624 29.03859874440312 191
1740007811649 29.20169252611135 192
1740007811679 29.759001757358075 193
1740007811704 29.928226923542272 194
1740007811727 29.004416334103375 195
1740007811752 28.388831952769312 196
1740007811775 28.097624431729976 197
1740007811801 28.505025141511663 198
1740007811829 28.652022757017363 199
1740007811855 27.272411348482724 200
1740007811879 26.791794058513833 201
1740007811903 27.394538031773756 202
1740007811928 27.51301613765022 203
1740007811956 26.345414210344202 204
1740007811981 26.87755142654774 205
1740007812005 25.983391482438375 206
1740007812031 25.436527262863876 207
1740007812059 26.408228765423207 208
1740007812089 25.76289856683987 209
1740007812117 25.559035593521635 210
1740007812141 25.016735054467514 211
1740007812164 24.71769906155712 212
1740007812188 25.148402460769002 213
1740007812213 24.2938601153867 214
1740007812240 24.468374117894488 215
1740007812266 23.63679031803249 216
1740007812290 23.29433087447182 217
1740007812314 22.69818398537036 218
1740007812338 23.94052350304744 219
1740007812364 24.131861596581587 220
1740007812391 22.729242473845048 221
1740007812415 21.39830233148607 222
1740007812439 23.133493611799384 223
1740007812463 22.512673036470154 224
1740007812489 21.144135304392858 225
1740007812517 22.17008188728523 226
1740007812541 22.50686326610429 227
1740007812565 20.739034424865046 228
1740007812588 20.62356548666466 229
1740007812613 21.890286674564273 230
1740007812643 20.9993816140418 231
1740007812669 20.996208739398952 232
1740007812695 20.83925881864619 233
1740007812718 21.303094902005224 234
1740007812742 21.37916715785932 235
1740007812767 19.58414809406862 236
1740007812795 19.55115533903732 237
1740007812821 19.730719759698815 238
1740007812844 19.263403619446137 239
1740007812868 18.394982611374054 240
1740007812892 19.665412794337136 241
1740007812920 19.629232025446903 242
1740007812946 18.623397714106563 243
1740007812969 18.66883725971761 244
1740007812993 18.616843641158678 245
1740007813021 18.260289933103472 246
1740007813050 17.707853149049924 247
1740007813080 18.31809696792483 248
1740007813107 17.505164166516547 249
1740007813133 17.969950281798997 250
1740007813158 17.01807254979552 251
1740007813187 17.48161949921553 252
1740007813215 16.9011054234774 253
1740007813239 17.362513309110607 254
1740007813263 17.786078502322567 255
1740007813286 16.82672062234003 256
1740007813312 16.628265760434303 257
1740007813339 16.517172574712518 258
1740007813365 16.749769967976444 259
1740007813387 16.633769699374103 260
1740007813411 16.449900034309508 261
1740007813437 15.359311489655296 262
1740007813465 14.728594173227654 263
1740007813490 15.003780909030281 264
1740007813514 15.804388448879182 265
1740007813537 15.2535970976623 266
1740007813561 15.28116410739334 267
1740007813587 14.602467444691156 268
1740007813614 14.918542566551281 269
1740007813640 14.095335848622769 270
1740007813664 14.552551535610291 271
1740007813688 14.036240341880358 272
1740007813716 14.576212247463692 273
1740007813743 13.882431461185654 274
1740007813768 14.479581143510053 275
1740007813791 13.637849840835134 276
1740007813815 13.543608315991651 277
1740007813840 14.385593477492542 278
1740007813868 14.028864542263982 279
1740007813892 13.333115689598847 280
1740007813916 13.097657493181178 281
1740007813940 13.401739243197975 282
1740007813964 13.827752554039037 283
1740007813993 12.48006802355084 284
1740007814022 13.098963661547756 285
1740007814048 13.058408767543586 286
1740007814072 12.239504625655913 287
1740007814096 12.222426176830949 288
1740007814120 12.092344241742932 289
1740007814146 11.896766523170148 290
1740007814176 12.493442269063362 291
1740007814202 12.539872962655153 292
1740007814227 11.941184317623627 293
1740007814252 12.257310950940326 294
1740007814277 12.726476456286896 295
1740007814303 11.573908269758542 296
1740007814331 11.872319453285266 297
1740007814355 11.498816612906321 298
1740007814381 10.768223967699944 299
1740007814404 11.631430906767953 300
1740007814428 11.222596062023676 301
1740007814457 11.310080824297147 302
1740007814482 11.108226527404845 303
1740007814506 10.527479130413031 304
1740007814529 10.786557293975273 305
1740007814553 11.432172979202308 306
1740007814578 10.89942449171512 307
1740007814604 10.699599849946237 308
1740007814629 10.315840214998305 309
1740007814652 10.443729624363666 310
1740007814676 9.487984039923472 311
1740007814700 10.122067046825704 312
1740007814727 10.477675855812805 313
1740007814752 9.624513157648495 314
1740007814776 11.33391542890353 315
1740007814800 9.871899905286199 316
1740007814823 9.77147992294183 317
1740007814850 8.985575928542485 318
1740007814877 9.439776490619824 319
1740007814901 9.821066564192199 320
1740007814924 9.038430460557613 321
1740007814948 9.37598464058218 322
1740007814973 8.79206619186498 323
1740007815000 9.036337844872582 324
1740007815027 9.66903352086063 325
1740007815050 8.842146203687475 326
1740007815076 9.000235797644487 327
1740007815102 8.934457178972188 328
1740007815129 9.170359706656768 329
1740007815155 8.83918084515705 330
1740007815178 8.588934342472617 331
1740007815204 8.558571110896251 332
1740007815231 7.855512084741154 333
1740007815258 8.208225164439916 334
1740007815284 7.941511454921858 335
1740007815307 8.145242792766709 336
1740007815331 8.049591895465298 337
1740007815354 8.110431820967705 338
1740007815381 7.718822990010359 339
1740007815408 8.192995959687867 340
1740007815432 8.14989247032619 341
1740007815456 7.702175887451927 342
1740007815480 8.098598386772883 343
1740007815504 7.570654819181754 344
1740007815530 7.743802349176675 345
1740007815558 7.613812180276867 346
1740007815582 7.372504415608092 347
1740007815606 7.745562826835297 348
1740007815630 7.916444726916797 349
1740007815653 7.639852453964263 350
1740007815680 7.436175634782839 351
1740007815709 6.822871017895001 352
1740007815736 7.073700534569819 353
1740007815760 7.035329905526054 354
1740007815784 7.183526346006398 355
1740007815807 6.681913858557373 356
1740007815833 7.160858552751549 357
1740007815860 6.79760866461514 358
1740007815883 6.814927189035114 359
1740007815907 6.819150328819058 360
1740007815930 6.290490505774656 361
1740007815955 5.976581161210811 362
1740007815982 6.273880552405292 363
1740007816009 6.6982234326706855 364
1740007816036 6.257420634616578 365
1740007816063 6.7056404092135296 366
1740007816092 6.193794012819198 367
1740007816118 6.323470914320057 368
1740007816142 6.194997834657661 369
1740007816166 5.960653282079809 370
1740007816189 5.97082023360325 371
1740007816216 6.102084687294573 372
1740007816246 5.431985592008277 373
1740007816273 5.442204733529128 374
1740007816297 6.108712695305293 375
1740007816321 5.65818747653861 376
1740007816345 5.792279229848566 377
1740007816371 5.491771990183002 378
1740007816397 5.793882600734158 379
1740007816421 5.205030444675282 380
1740007816446 5.517876100545792 381
1740007816470 5.676007967830937 382
1740007816493 5.373646667418115 383
1740007816517 5.172782483995811 384
1740007816544 5.213730986252057 385
1740007816570 5.430181382114382 386
1740007816594 5.376285307026278 387
1740007816617 5.026676577612719 388
1740007816640 5.097741066833815 389
1740007816665 5.436786497368389 390
1740007816692 5.651668448789876 391
1740007816717 5.07146757392636 392
1740007816741 5.230779661955791 393
1740007816764 4.714632328357596 394
1740007816789 4.914790032415025 395
1740007816814 4.503365742875638 396
1740007816841 4.7203076828153545 397
1740007816866 4.161073654271566 398
1740007816890 4.563802066760219 399
1740007816915 4.342600375501183 400
1740007816941 4.918748249074302 401
1740007816970 4.492511520461192 402
1740007816998 4.735097447829808 403
1740007817022 4.850651948731774 404
1740007817045 4.534120498790894 405
1740007817068 4.2528542539409 406
1740007817092 4.527127994646355 407
1740007817120 4.267775667733596 408
1740007817144 4.485517172421639 409
1740007817167 3.9787089375529754 410
1740007817191 3.985582435342141 411
1740007817218 4.167551127298145 412
1740007817248 4.264464873321727 413
1740007817277 4.323012395839806 414
1740007817308 4.153859804430779 415
1740007817331 4.083532702548954 416
1740007817355 4.564260695033303 417
1740007817379 4.078193090309431 418
1740007817406 3.807443619926986 419
1740007817433 4.038453860462437 420
1740007817460 3.530021644823593 421
1740007817487 3.8527187119016717 422
1740007817516 3.3547503630162048 423
1740007817540 3.638382984636594 424
1740007817564 3.7431853352888216 425
1740007817588 3.805927171394115 426
1740007817613 3.6522268280180357 427
1740007817642 3.8820921868443827 428
1740007817670 3.4615310826289942 429
1740007817696 3.5330388367932604 430
1740007817719 3.850857819400713 431
1740007817744 3.5305897193294724 432
1740007817772 3.871143447806299 433
1740007817799 3.4227324679465987 434
1740007817826 3.335373517818684 435
1740007817850 3.200640198690509 436
1740007817873 3.6891261151106933 437
1740007817896 3.394533118552147 438
1740007817922 3.3062306413765503 439
1740007817949 3.3010799408636506 440
1740007817974 3.062027414568831 441
1740007817997 3.0238471481214315 442
1740007818023 3.176376149965525 443
1740007818048 2.947539964766094 444
1740007818074 3.216472184090456 445
1740007818104 3.3769380758623533 446
1740007818131 2.8735977074760726 447
1740007818155 3.153507402756769 448
1740007818179 3.269836174523805 449
1740007818202 3.2688394594773205 450
1740007818230 2.6088579060254866 451
1740007818254 3.07285883555334 452
1740007818277 2.7789845701211964 453
1740007818300 3.0865292779176907 454
1740007818324 2.9409518663325653 455
1740007818354 2.625563624460327 456
1740007818380 3.053143710315051 457
1740007818404 2.9527127094930448 458
1740007818428 2.60646480309643 459
1740007818455 2.890725337687919 460
1740007818483 2.986033701068697 461
1740007818513 2.7508194517822444 462
1740007818538 2.8232114069624457 463
1740007818562 3.049554800090259 464
1740007818586 2.711539798877748 465
1740007818611 2.7401200038830984 466
1740007818638 2.6899746994087828 467
1740007818662 2.471864654093557 468
1740007818686 2.733163535260508 469
1740007818709 2.73072064227102 470
1740007818735 2.6411670016574105 471
1740007818761 2.640288544466396 472
1740007818785 2.7498915720809642 473
1740007818808 2.499488970366373 474
1740007818832 2.5746123883890912 475
1740007818855 2.729826738636895 476
1740007818883 2.2777569635408814 477
1740007818908 2.262700874028543 478
1740007818931 2.402105078377342 479
1740007818954 2.3940213280172147 480
1740007818978 2.5011778964256512 481
1740007819004 2.4248569090465315 482
1740007819034 2.171011632218583 483
1740007819061 2.1677014713081726 484
1740007819087 2.0450429381210125 485
1740007819110 2.1496954128778953 486
1740007819134 2.4265579195211893 487
1740007819160 2.1635654239101156 488
1740007819187 2.063748023561817 489
1740007819213 2.339044819176131 490
1740007819236 1.8191478683058102 491
1740007819260 2.1239816539918595 492
1740007819284 1.9313730668145874 493
1740007819308 2.1822384382992217 494
1740007819337 2.0927325136541257 495
1740007819362 2.225132070940188 496
1740007819388 1.7252549150229735 497
1740007819412 2.042468480106175 498
1740007819438 1.7889690403662932 499
