1740011064161 68.4133789328403 0
1740011064191 29.069934854049617 1
1740011064218 13.666324308424945 2
1740011064243 6.410475442852072 3
1740011064269 3.6333858255673714 4
1740011064298 2.0236954952438975 5
1740011064323 1.1925143677883394 6
1740011064346 0.9703766546627813 7
1740011064370 0.7615272888477201 8
1740011064439 0.7753476052677272 9
1740011064466 0.6299204392727537 10
1740011064491 0.6424532977597217 11
1740011064522 0.5976088298283052 12
1740011064548 0.6096588513862737 13
1740011064572 0.4730882095877801 14
1740011064596 0.5159061593972237 15
1740011064619 0.8274590705638686 16
1740011064644 0.6368511150401936 17
1740011064667 0.44407171885948116 18
1740011064691 0.4351662858439749 19
1740011064716 0.5542313562007943 20
1740011064740 0.5268892019300189 21
1740011064763 0.5279289108005961 22
1740011064788 0.5331255456696719 23
1740011064813 0.5923280863376049 24
1740011064837 0.5939462246107405 25
1740011064860 0.47281471540820796 26
