1740003136098 195.06464649647629 0
1740003136123 191.1274250126233 1
1740003136145 187.2695687972375 2
1740003136165 183.4894776810597 3
1740003136184 179.78558380989813 4
1740003136206 176.15635099028725 5
1740003136226 172.60027404844467 6
1740003136245 169.11587820225395 7
1740003136263 165.75282023412902 8
1740003136281 162.4570522498114 9
1740003136300 159.22722264373232 10
1740003136318 156.0620070523586 11
1740003136338 152.96010780316684 12
1740003136356 149.920253374808 13
1740003136376 146.9411978682346 14
1740003136396 144.02172048856613 15
1740003136418 141.16062503747432 16
1740003136437 138.35673941587305 17
1740003136458 135.60891513670344 18
1740003136477 132.91602684760738 19
1740003136496 130.27697186328876 20
1740003136515 127.69066970736395 21
1740003136534 125.15606166350912 22
1740003136555 122.67211033571387 23
1740003136574 120.23779921745633 24
1740003136593 117.8521322696176 25
1740003136611 115.51413350695724 26
1740003136630 113.22284659297591 27
1740003136649 110.97733444299391 28
1740003136667 108.77667883527818 29
1740003136685 106.61998003005422 30
1740003136704 104.50635639624198 31
1740003136724 102.43494404575871 32
1740003136743 100.40489647523437 33
1740003136761 98.41538421498905 34
1740003136780 96.46559448512434 35
1740003136800 94.55473085858395 36
1740003136825 92.68201293104151 37
1740003136845 90.84667599747713 38
1740003136867 89.04797073530601 39
1740003136888 87.28516289392617 40
1740003136908 85.5575329905546 41
1740003136927 83.86437601222404 42
1740003136946 82.20500112381468 43
1740003136966 80.58205389969213 44
1740003136985 78.99304646187869 45
1740003137006 77.43564375075306 46
1740003137025 75.90921435782242 47
1740003137043 74.4131395317512 48
1740003137062 72.94681292385084 49
1740003137081 71.50964033870441 50
1740003137118 70.10103948982147 51
1740003137144 68.72043976022194 52
1740003137165 67.36728196784858 53
1740003137185 66.04101813571097 54
1740003137205 64.74111126666449 55
1740003137224 63.467035122731176 56
1740003137243 62.21827400886993 57
1740003137262 60.99432256110649 58
1740003137281 59.794685538934615 59
1740003137301 58.61887762190236 60
1740003137323 57.46642321029835 61
1740003137342 56.33685622985564 62
1740003137364 55.22971994039135 63
1740003137384 54.14456674830291 64
1740003137415 53.08095802284261 65
1740003137454 52.03846391609424 66
1740003137494 51.01666318657681 67
1740003137529 50.01514302640213 68
1740003137560 49.0334988919143 69
1740003137584 48.07133433774084 70
1740003137612 47.128260854186344 71
1740003137635 46.203897707901184 72
1740003137660 45.29787178575913 73
1740003137684 44.40981744187889 74
1740003137712 43.53937634772616 75
1740003137736 42.686197345233865 76
1740003137760 41.849936302879634 77
1740003137783 41.030255974660875 78
1740003137806 40.22682586190867 79
1740003137826 39.439322077883375 80
1740003137852 38.66742721509568 81
1740003137876 37.910830215297956 82
1740003137920 37.169226242092236 83
1740003137943 36.4423165561017 84
1740003137966 35.72980839265411 85
1740003137985 35.03141484192635 86
1740003138006 34.34685473150053 87
1740003138029 33.675852511282805 88
1740003138054 33.01813814073737 89
1740003138078 32.373446978388785 90
1740003138098 31.741519673546975 91
1740003138117 31.122102060209883 92
1740003138136 30.514945053100075 93
1740003138157 29.919804545791948 94
1740003138177 29.336441310887707 95
1740003138196 28.764620902200363 96
1740003138214 28.204113558903714 97
1740003138233 27.65469411160928 98
1740003138255 27.116141890331537 99
1740003138274 26.588240634303265 100
1740003138294 26.070778403603747 101
1740003138312 25.563547492563227 102
1740003138332 25.066344344907886 103
1740003138350 24.578969470610193 104
1740003138369 24.10122736441016 105
1740003138388 23.63292642597408 106
1740003138411 23.173878881657437 107
1740003138439 22.723900707839867 108
1740003138463 22.282811555800397 109
1740003138482 21.850434678101916 110
1740003138504 21.4265968564546 111
1740003138523 21.01112833102822 112
1740003138544 20.60386273118443 113
1740003138566 20.204637007600258 114
1740003138585 19.813291365754832 115
1740003138604 19.429669200751835 116
1740003138623 19.053617033450866 117
1740003138643 18.68498444788124 118
1740003138664 18.32362402991255 119
1740003138682 17.969391307156464 120
1740003138701 17.622144690075153 121
1740003138719 17.281745414272056 122
1740003138739 16.94805748394096 123
1740003138758 16.620947616450383 124
1740003138776 16.300285188040114 125
1740003138795 15.985942180607761 126
1740003138813 15.677793129563216 127
1740003138832 15.375715072729621 128
1740003138856 15.079587500269675 129
1740003138876 14.789292305616799 130
1740003138895 14.50471373739084 131
1740003138916 14.225738352278457 132
1740003138936 13.952254968858906 133
1740003138955 13.684154622356152 134
1740003138974 13.421330520298607 135
1740003138993 13.163677999068277 136
1740003139012 12.911094481321548 137
1740003139030 12.663479434263852 138
1740003139049 12.42073432876123 139
1740003139068 12.182762599271836 140
1740003139086 11.949469604581019 141
1740003139105 11.72076258932367 142
1740003139124 11.496550646278171 143
1740003139142 11.276744679416261 144
1740003139161 11.061257367693774 145
1740003139180 10.850003129567272 146
1740003139199 10.642898088221973 147
1740003139217 10.439860037496748 148
1740003139238 10.240808408492082 149
1740003139257 10.04566423684733 150
1740003139276 9.854350130673838 151
1740003139296 9.666790239130702 152
1740003139317 9.482910221630224 153
1740003139337 9.302637217660532 154
1740003139356 9.125899817212831 155
1740003139375 8.952628031801185 156
1740003139395 8.782753266063002 157
1740003139414 8.616208289928398 158
1740003139432 8.452927211347186 159
1740003139451 8.292845449562122 160
1740003139470 8.135899708917623 161
1740003139488 7.982027953192982 162
1740003139507 7.831169380449769 163
1740003139525 7.683264398382927 164
1740003139544 7.538254600165516 165
1740003139567 7.39608274077721 166
1740003139587 7.256692713806791 167
1740003139609 7.120029528719145 168
1740003139630 6.986039288577425 169
1740003139649 6.854669168211276 170
1740003139669 6.725867392822118 171
1740003139691 6.599583217016744 172
1740003139712 6.4757669042606345 173
1740003139734 6.3543697067425615 174
1740003139753 6.235343845642226 175
1740003139771 6.118642491792845 176
1740003139790 6.004219746730766 177
1740003139809 5.892030624124299 178
1740003139827 5.782031031574255 179
1740003139848 5.674177752778619 180
1740003139866 5.5684284300541504 181
1740003139884 5.4647415472076535 182
1740003139905 5.363076412750028 183
1740003139924 5.263393143446081 184
1740003139942 5.165652648193474 185
1740003139963 5.069816612224163 186
1740003139982 4.975847481621868 187
1740003140000 4.883708448149212 188
1740003140019 4.793363434378365 189
1740003140037 4.70477707911907 190
1740003140056 4.6179147231381075 191
1740003140075 4.532742395164341 192
1740003140094 4.449226798173619 193
1740003140113 4.367335295947951 194
1740003140130 4.287035899903401 195
1740003140150 4.208297256181378 196
1740003140168 4.131088632998008 197
1740003140186 4.055379908246397 198
1740003140205 3.981141557346755 199
1740003140223 3.908344641339396 200
1740003140242 3.836960795215754 201
1740003140262 3.7669622164826264 202
1740003140285 3.698321653954968 203
1740003140304 3.6310123967727073 204
1740003140323 3.565008263637045 205
1740003140341 3.5002835922618254 206
1740003140359 3.4368132290357405 207
1740003140377 3.3745725188910742 208
1740003140395 3.313537295374884 209
1740003140414 3.253683870918554 210
1740003140432 3.194989027301749 211
1740003140450 3.137430006306874 212
1740003140469 3.0809845005602288 213
1740003140487 3.025630644556108 214
1740003140505 2.9713470058601974 215
1740003140524 2.9181125764886584 216
1740003140543 2.865906764459394 217
1740003140561 2.814709385512061 218
1740003140580 2.7645006549934026 219
1740003140599 2.7152611799046666 220
1740003140619 2.6669719511077705 221
1740003140637 2.6196143356871398 222
1740003140657 2.573170069464008 223
1740003140676 2.5276212496601884 224
1740003140696 2.4829503277083003 225
1740003140715 2.4391401022055175 226
1740003140737 2.396173712007991 227
1740003140757 2.3540346294630727 228
1740003140775 2.312706653776671 229
1740003140794 2.2721739045129494 230
1740003140814 2.2324208152237563 231
1740003140833 2.1934321272052135 232
1740003140855 2.155192883378858 233
1740003140874 2.117688422294909 234
1740003140893 2.0809043722551843 235
1740003140911 2.0448266455532567 236
1740003140930 2.009441432829554 237
1740003140949 1.974735197539049 238
1740003140967 1.9406946705293306 239
1740003140985 1.907306844726822 240
1740003141004 1.8745589699289869 241
1740003141022 1.8424385477004162 242
1740003141040 1.8109333263707046 243
1740003141059 1.7800312961320957 244
1740003141079 1.7497206842348723 245
1740003141098 1.7199899502785714 246
1740003141116 1.690827781597089 247
1740003141135 1.662223088735803 248
1740003141154 1.6341650010188662 249
1740003141173 1.6066428622048774 250
1740003141191 1.5796462262291608 251
1740003141210 1.5531648530309117 252
1740003141229 1.5271887044635308 253
1740003141248 1.5017079402864804 254
1740003141267 1.4767129142370075 255
1740003141285 1.4521941701801697 256
1740003141304 1.428142438335589 257
1740003141323 1.4045486315793942 258
1740003141342 1.3814038418198427 259
1740003141361 1.3586993364451876 260
1740003141379 1.3364265548422765 261
1740003141400 1.3145771049845558 262
1740003141420 1.2931427600880063 263
1740003141438 1.272115455333729 264
1740003141460 1.2514872846557976 265
1740003141478 1.2312504975930965 266
1740003141499 1.2113974962038556 267
1740003141520 1.1919208320416437 268
1740003141539 1.172813203191584 269
1740003141561 1.1540674513655877 270
1740003141580 1.135676559055419 271
1740003141598 1.1176336467424595 272
1740003141617 1.0999319701630275 273
1740003141642 1.082564917628126 274
1740003141662 1.0655260073965633 275
1740003141681 1.0488088851003643 276
1740003141700 1.0324073212214115 277
1740003141718 1.016315208618339 278
1740003141737 1.000526560102624 279
1740003141758 0.9850355060629303 280
1740003141781 0.9698362921367276 281
1740003141807 0.9549232769282364 282
1740003141829 0.940290929771784 283
1740003141853 0.9259338285396662 284
1740003141874 0.9118466574936113 285
1740003141895 0.8980242051790034 286
1740003141916 0.8844613623609775 287
1740003141937 0.8711531200015754 288
1740003141957 0.8580945672771468 289
1740003141977 0.8452808896351586 290
1740003141998 0.8327073668896741 291
1740003142018 0.820369371354688 292
1740003142038 0.8082623660145871 293
1740003142058 0.7963819027309872 294
1740003142078 0.7847236204852213 295
1740003142099 0.7732832436557749 296
1740003142119 0.7620565803299513 297
1740003142138 0.7508998210438452 298
1740003142157 0.7400891991547642 299
1740003142178 0.7294802090450133 300
1740003142197 0.7190689766868699 301
1740003142216 0.7087131612756333 302
1740003142235 0.6986869219752442 303
1740003142255 0.6888472772714848 304
1740003142273 0.6790548370208493 305
1740003142292 0.669578414214864 306
1740003142314 0.6602780658700839 307
1740003142339 0.6510172003241601 308
1740003142360 0.6420595549611751 309
1740003142381 0.6332680695350233 310
1740003142402 0.6245088053873574 311
1740003142423 0.6160406835032266 312
1740003142443 0.6077293774230523 313
1740003142464 0.5994434624294318 314
1740003142484 0.5914372914144002 315
1740003142504 0.5835791293027482 316
1740003142559 0.5757399323928697 317
1740003142624 0.5681697233237762 318
1740003142646 0.5606170322850524 319
1740003142668 0.5533238254359121 320
1740003142688 0.5461650682374782 321
1740003142714 0.5390179276845158 322
1740003142735 0.5321206049640214 323
1740003142758 0.5253502102851639 324
1740003142779 0.5185858746387991 325
1740003142800 0.5120622387098128 326
1740003142822 0.5056584405382231 327
1740003142889 0.4992554660549519 328
1740003142928 0.49308459120525383 329
1740003142947 0.4870268701273133 330
1740003142966 0.4809650394935837 331
1740003142985 0.47512719791442615 332
1740003143003 0.46939620885550537 333
1740003143022 0.4636564601807583 334
1740003143040 0.45813305254881037 335
1740003143060 0.4526005627436786 336
1740003143080 0.447276891715308 337
1740003143099 0.44205037501033606 338
1740003143118 0.4368104650283728 339
1740003143137 0.4317725378018109 340
1740003143156 0.4268263793476799 341
1740003143175 0.4218627584446044 342
1740003143194 0.41709467827745556 343
1740003143212 0.41241328879130207 344
1740003143231 0.4077105945295498 345
1740003143250 0.40319737130100747 346
1740003143271 0.3986630321556479 347
1740003143289 0.39431164868064333 348
1740003143308 0.3900391431445292 349
1740003143328 0.38574193209657226 350
1740003143346 0.38162227927813 351
1740003143366 0.37757716188430007 352
1740003143384 0.3735039440798063 353
1740003143404 0.36960320344314584 354
1740003143423 0.3656748344189987 355
1740003143441 0.3619130583860656 356
1740003143461 0.35821913924138943 357
1740003143479 0.35449440039415886 358
1740003143498 0.35093175906182467 359
1740003143516 0.347433259476882 360
1740003143536 0.3439009167081149 361
1740003143555 0.3405264441825894 362
1740003143574 0.3371188355787929 363
1740003143592 0.33386375825058084 364
1740003143610 0.3306671116738316 365
1740003143629 0.32743446806904525 366
1740003143647 0.3243506393825682 367
1740003143666 0.32123162342522976 368
1740003143685 0.31825641015891276 369
1740003143703 0.31533444780701875 370
1740003143722 0.31237457996121865 371
1740003143742 0.3095552655902624 372
1740003143761 0.30678631588450034 373
1740003143779 0.30397687713055765 374
1740003143798 0.3013049449745774 375
1740003143816 0.2985935091633131 376
1740003143835 0.2960149953400372 377
1740003143861 0.2934824139847095 378
1740003143882 0.29090785734506125 379
1740003143900 0.2884635845456226 380
1740003143919 0.28597839251382845 381
1740003143939 0.28361916124473846 382
1740003143958 0.28130184070394626 383
1740003143976 0.27894122697719964 384
1740003143995 0.2767043098126735 385
1740003144013 0.27442521717586654 386
1740003144032 0.27226573733700915 387
1740003144051 0.27014451824208896 388
1740003144069 0.2679788347955421 389
1740003144088 0.2659308421288603 390
1740003144107 0.26383955653073354 391
1740003144125 0.2618620969658364 392
1740003144144 0.25991958489978806 393
1740003144163 0.25793156496629255 394
1740003144182 0.2560557622138463 395
1740003144200 0.2541356696947819 396
1740003144218 0.2523241300848992 397
1740003144237 0.2505445297850118 398
1740003144257 0.2487184889054236 399
1740003144276 0.24699967873660264 400
1740003144295 0.24523568657195832 401
1740003144315 0.24357544437545575 402
1740003144334 0.24194440968700595 403
1740003144356 0.24026609765950818 404
1740003144378 0.23869047582585423 405
1740003144397 0.23706887026020348 406
1740003144416 0.23554664218557433 407
1740003144434 0.23405114025978674 408
1740003144452 0.23250760711477683 409
1740003144471 0.23106263196170546 410
1740003144490 0.2295709494164296 411
1740003144508 0.228174666038235 412
1740003144527 0.2267329714629929 413
1740003144544 0.22538361451991037 414
1740003144563 0.22405790184547214 415
1740003144582 0.22268473003638728 416
1740003144600 0.22140343581833594 417
1740003144619 0.22007600558064766 418
1740003144638 0.21883752490600025 419
1740003144657 0.21762071594329446 420
1740003144675 0.21635575978309693 421
1740003144694 0.21517948402001752 422
1740003144712 0.21395640742544353 423
1740003144730 0.21281920544532318 424
1740003144752 0.21170188192762926 425
1740003144770 0.210535778056954 426
1740003144788 0.20945545440453503 427
1740003144807 0.20832771679726883 428
1740003144826 0.20728306556913065 429
1740003144846 0.20619233541124804 430
1740003144865 0.20518207924847337 431
1740003144884 0.20418947735785378 432
1740003144905 0.2031487974596968 433
1740003144925 0.20218877398022156 434
1740003144944 0.2011820261719613 435
1740003144962 0.20025341882753703 436
1740003144981 0.19927940897209614 437
1740003145001 0.198381099207478 438
1740003145019 0.1974984970027709 439
1740003145038 0.19656847133277985 440
1740003145057 0.19571457438586431 441
1740003145076 0.19481459351130972 442
1740003145095 0.19398838365150242 443
1740003145114 0.19311739721580976 444
1740003145133 0.1923178944555709 445
1740003145152 0.1915323944386125 446
1740003145170 0.19070007352912505 447
1740003145188 0.18993988397233544 448
1740003145206 0.18913419802140888 449
1740003145224 0.18839842653025143 450
1740003145243 0.18767555787558504 451
1740003145261 0.18690517225327163 452
1740003145279 0.18620544940525147 453
1740003145297 0.18545954921338564 454
1740003145316 0.1847821593045586 455
1740003145335 0.18405989854884017 456
1740003145353 0.18340405904536797 457
1740003145372 0.1827597633394806 458
1740003145390 0.18206854817896284 459
1740003145410 0.18144468560830415 460
1740003145429 0.18077522525381437 461
1740003145447 0.18017108271785454 462
1740003145466 0.17952263097788843 463
1740003145485 0.1789375218997581 464
1740003145504 0.1783093598546858 465
1740003145522 0.17774262315482417 466
1740003145541 0.17718593839595306 467
1740003145559 0.17658407666389303 468
1740003145578 0.17604481759078705 469
1740003145596 0.17546165502557465 470
1740003145615 0.17493921887322994 471
1740003145634 0.17437412041847777 472
1740003145652 0.17386792673162693 473
1740003145671 0.17337077577712387 474
1740003145693 0.17282881530693106 475
1740003145716 0.17234707383851186 476
1740003145739 0.1718217815298569 477
1740003145763 0.17135492005290875 478
1740003145782 0.170845734222991 479
1740003145802 0.17039324277413248 480
1740003145821 0.16994890731024012 481
1740003145840 0.16946007775083213 482
1740003145860 0.16902937872352267 483
1740003145880 0.16855542992448186 484
1740003145899 0.1681379019231231 485
1740003145917 0.16767833642804553 486
1740003145937 0.16727353115058896 487
1740003145956 0.16682786938577648 488
1740003145975 0.16643535497940845 489
1740003145994 0.16605002571400748 490
1740003146012 0.16562160255484995 491
1740003146031 0.1652479399585203 492
1740003146050 0.16483238463249228 493
1740003146068 0.1644699943381562 494
1740003146087 0.16406688131849778 495
1740003146107 0.16371538337948693 496
1740003146126 0.16332430232530262 497
1740003146145 0.1629833306607215 498
1740003146164 0.16264872118430954 499
