1740016671956 168.79801204511594 0
1740016671985 168.5910255682699 1
1740016672011 168.42550165693547 2
1740016672039 168.25870614640726 3
1740016672066 168.09210124811602 4
1740016672094 167.92563833923077 5
1740016672120 167.75936490016642 6
1740016672145 167.59324897678658 7
1740016672173 167.42728266198105 8
1740016672199 167.26150517020713 9
1740016672226 167.0958847440499 10
1740016672255 166.93041352072456 11
1740016672287 166.76513049351828 12
1740016672314 166.60000408315761 13
1740016672341 166.43502647103963 14
1740016672370 166.27023643009755 15
1740016672398 166.10560255854278 16
1740016672426 165.94113254828352 17
1740016672455 165.7768107678209 18
1740016672484 165.61267574807627 19
1740016672514 165.448696296586 20
1740016672543 165.28486469068594 21
1740016672573 165.12121922507745 22
1740016672600 164.95772888332493 23
1740016672625 164.79438598641545 24
1740016672656 164.63122861134121 25
1740016672701 164.4682259170241 26
1740016672731 164.30537026794084 27
1740016672757 164.14269952418095 28
1740016672788 163.98018301937503 29
1740016672818 163.81782826358204 30
1740016672847 163.6556199914237 31
1740016672873 163.49359582533373 32
1740016672901 163.331725304578 33
1740016672928 163.17000088796388 34
1740016672955 163.00845996536566 35
1740016672980 162.8470722493185 36
1740016673007 162.6858302415951 37
1740016673032 162.52477111778035 38
1740016673057 162.36386476301604 39
1740016673082 162.2031037218805 40
1740016673111 162.04252495646625 41
1740016673136 161.8820985238807 42
1740016673160 161.72181701134815 43
1740016673191 161.56171716826387 44
1740016673227 161.40176922306136 45
1740016673317 161.24198046452818 46
1740016673345 161.08233607274593 47
1740016673374 160.92287256476135 48
1740016673400 160.76356037014776 49
1740016673425 160.60439216850114 50
1740016673453 160.4454042487687 51
1740016673485 160.2865672104319 52
1740016673511 160.12787377521644 53
1740016673537 159.9693600219468 54
1740016673565 159.81099671935957 55
1740016673591 159.65277663115242 56
1740016673616 159.4947356268129 57
1740016673642 159.33684464370066 58
1740016673672 159.17909648732848 59
1740016673701 159.02152681863024 60
1740016673727 158.8641067429587 61
1740016673754 158.70682910748482 62
1740016673781 158.54972936537035 63
1740016673806 158.39277878933254 64
1740016673831 158.23597026804438 65
1740016673859 158.07933904767455 66
1740016673886 157.92285656767822 67
1740016673911 157.76652981735953 68
1740016673936 157.61034457966787 69
1740016673962 157.4543358756226 70
1740016673988 157.298475339721 71
1740016674012 157.1427559503506 72
1740016674037 156.9872125064807 73
1740016674063 156.83181680795778 74
1740016674088 156.67656187416543 75
1740016674113 156.52148229960213 76
1740016674141 156.36655004882334 77
1740016674170 156.21175818205435 78
1740016674200 156.0571410900929 79
1740016674246 155.90267090158406 80
1740016674275 155.74834071744073 81
1740016674302 155.59418472552784 82
1740016674328 155.44017521796243 83
1740016674355 155.2863053361916 84
1740016674385 155.1326090659131 85
1740016674410 154.9790588621001 86
1740016674435 154.82564790658066 87
1740016674460 154.67240998364903 88
1740016674486 154.5193177105203 89
1740016674511 154.36636430925086 90
1740016674536 154.21358336349297 91
1740016674562 154.06094765209107 92
1740016674589 153.90845043717752 93
1740016674615 153.75612510252213 94
1740016674640 153.6039445879879 95
1740016674670 153.45190219563128 96
1740016674695 153.3000311100969 97
1740016674720 153.14830443165718 98
1740016674746 152.99671550214126 99
1740016674775 152.84529730782384 100
1740016674800 152.69402310877928 101
1740016674825 152.5428862864583 102
1740016674851 152.391919629519 103
1740016674876 152.24109655723177 104
1740016674902 152.09041049051848 105
1740016674926 151.93989402117143 106
1740016674954 151.78952072705314 107
1740016674978 151.63928406840637 108
1740016675003 151.48921644090666 109
1740016675028 151.33929158040618 110
1740016675059 151.1895029863188 111
1740016675084 151.03988285895022 112
1740016675110 150.8904050915416 113
1740016675137 150.74106322252845 114
1740016675166 150.5918892575916 115
1740016675240 150.44285724676195 116
1740016675286 150.2939607673478 117
1740016675312 150.14523163114785 118
1740016675337 149.99664404438542 119
1740016675362 149.84819162309296 120
1740016675389 149.69990598592778 121
1740016675414 149.5517614947098 122
1740016675438 149.4037518040477 123
1740016675467 149.25590834019584 124
1740016675495 149.10819307236514 125
1740016675525 148.9606436568685 126
1740016675552 148.81323472399194 127
1740016675583 148.66595999885016 128
1740016675609 148.51885055587582 129
1740016675636 148.37188119516532 130
1740016675664 148.22504567998638 131
1740016675693 148.0783748943884 132
1740016675718 147.93184379184623 133
1740016675743 147.78544617365233 134
1740016675769 147.63921273420362 135
1740016675794 147.49311857976568 136
1740016675819 147.34715754950943 137
1740016675844 147.20136014890838 138
1740016675873 147.05570163643236 139
1740016675900 146.91017588898504 140
1740016675925 146.76481322384362 141
1740016675950 146.61958905109722 142
1740016675979 146.4744972852371 143
1740016676004 146.32956805606895 144
1740016676029 146.18477692471836 145
1740016676054 146.040117843119 146
1740016676079 145.895620754328 147
1740016676104 145.75126136992603 148
1740016676129 145.6070336791444 149
1740016676155 145.462967439013 150
1740016676185 145.31902663019778 151
1740016676211 145.175246907211 152
1740016676236 145.0316042419889 153
1740016676264 144.88809269214588 154
1740016676290 144.74474167347634 155
1740016676317 144.6015273221955 156
1740016676342 144.45844373280252 157
1740016676369 144.31552013703657 158
1740016676394 144.17273281940183 159
1740016676420 144.03007591115687 160
1740016676446 143.8875784606992 161
1740016676471 143.74521690024798 162
1740016676496 143.6029853976786 163
1740016676521 143.46091281875843 164
1740016676547 143.31897574284932 165
1740016676573 143.17716837430117 166
1740016676598 143.03551939696078 167
1740016676623 142.8939940846802 168
1740016676653 142.7526268049728 169
1740016676684 142.61139439233165 170
1740016676710 142.4702911181222 171
1740016676734 142.3293453317752 172
1740016676760 142.1885340284997 173
1740016676785 142.04785151572887 174
1740016676810 141.90732596291483 175
1740016676835 141.766934510277 176
1740016676864 141.62667150119293 177
1740016676889 141.48656492583828 178
1740016676914 141.34659206887804 179
1740016676942 141.2067473094938 180
1740016676972 141.06705845928508 181
1740016676998 140.92749184315232 182
1740016677022 140.78808078258226 183
1740016677048 140.64880281311645 184
1740016677074 140.5096523798386 185
1740016677100 140.3706569654856 186
1740016677125 140.23179426341358 187
1740016677151 140.0930587541086 188
1740016677179 139.9544777436486 189
1740016677205 139.8160290677302 190
1740016677232 139.67770724212025 191
1740016677260 139.53953939693076 192
1740016677285 139.40149267822417 193
1740016677310 139.26359959022682 194
1740016677337 139.12583821619154 195
1740016677365 138.98820313691832 196
1740016677390 138.8507211579907 197
1740016677415 138.71337051821166 198
1740016677443 138.57614583326423 199
1740016677469 138.43907373466408 200
1740016677495 138.30213260147087 201
1740016677520 138.16531708413058 202
1740016677549 138.02865364077655 203
1740016677578 137.8921102271855 204
1740016677603 137.75571854172924 205
1740016677628 137.6194572077369 206
1740016677655 137.48332093982722 207
1740016677680 137.3473358758957 208
1740016677707 137.21148079257995 209
1740016677735 137.07575043886806 210
1740016677763 136.94017078115203 211
1740016677788 136.8047103677046 212
1740016677812 136.66940030718777 213
1740016677839 136.53421961811878 214
1740016677865 136.39916311303304 215
1740016677891 136.26425644120442 216
1740016677916 136.12947877282866 217
1740016677986 135.99482495443678 218
1740016678013 135.86032046566424 219
1740016678038 135.72593444127892 220
1740016678063 135.59169740621212 221
1740016678089 135.45758877016684 222
1740016678113 135.32360344260064 223
1740016678138 135.1897665891277 224
1740016678165 135.05605776951148 225
1740016678195 134.92247192683428 226
1740016678221 134.78903405892305 227
1740016678246 134.655713881084 228
1740016678275 134.52254134045296 229
1740016678301 134.3894962339458 230
1740016678327 134.2565735669551 231
1740016678352 134.1237980263604 232
1740016678378 133.9911495575324 233
1740016678403 133.85862319912005 234
1740016678428 133.7262434720532 235
1740016678452 133.59398066626397 236
1740016678482 133.46186415698355 237
1740016678507 133.3298741243976 238
1740016678532 133.1980056688538 239
1740016678559 133.06628300338576 240
1740016678587 132.93468645503984 241
1740016678613 132.80321115705462 242
1740016678639 132.67188115833807 243
1740016678665 132.54066731757922 244
1740016678690 132.40959844395218 245
1740016678716 132.27865509699825 246
1740016678742 132.14783247104765 247
1740016678773 132.01715431014046 248
1740016678799 131.88660131909654 249
1740016678824 131.75616872477423 250
1740016678849 131.6258801088983 251
1740016678879 131.4957068930897 252
1740016678904 131.36567732626943 253
1740016678929 131.2357723434494 254
1740016678957 131.1059872319769 255
1740016678983 130.9763452717152 256
1740016679010 130.84681824795507 257
1740016679035 130.71743404761864 258
1740016679060 130.58817384827583 259
1740016679085 130.45903299736483 260
1740016679110 130.330034474792 261
1740016679135 130.20115960084007 262
1740016679169 130.0724037548874 263
1740016679198 129.9437897574605 264
1740016679224 129.81528994733645 265
1740016679249 129.68693166059572 266
1740016679276 129.55869644397927 267
1740016679301 129.4305797363773 268
1740016679328 129.30260406132905 269
1740016679353 129.1747421154138 270
1740016679381 129.04702087855972 271
1740016679406 128.9194221361524 272
1740016679430 128.79194138620045 273
1740016679459 128.66460085713825 274
1740016679488 128.53738247452944 275
1740016679513 128.41028176774182 276
1740016679538 128.28332080873005 277
1740016679565 128.15647283822767 278
1740016679597 128.02976429461953 279
1740016679624 127.90317732623842 280
1740016679649 127.77670752099867 281
1740016679677 127.65037665868357 282
1740016679704 127.5241583320315 283
1740016679730 127.39807862905134 284
1740016679755 127.27211993285424 285
1740016679781 127.14627788951219 286
1740016679814 127.02057398849709 287
1740016679849 126.89498217231332 288
1740016679879 126.76952818082457 289
1740016679906 126.64419463042712 290
1740016679931 126.51897722498006 291
1740016679958 126.39389716549461 292
1740016679985 126.26892874201317 293
1740016680012 126.14409734847442 294
1740016680037 126.01938583307378 295
1740016680062 125.89478995708814 296
1740016680094 125.77033063491058 297
1740016680119 125.64599085048118 298
1740016680145 125.52176639541939 299
1740016680172 125.39767803271222 300
1740016680202 125.27370058023273 301
1740016680227 125.14985890664117 302
1740016680252 125.02613621219365 303
1740016680277 124.90252834536784 304
1740016680302 124.77905578540334 305
1740016680328 124.65569369203745 306
1740016680354 124.53246659365875 307
1740016680382 124.40935791853849 308
1740016680407 124.28636357163184 309
1740016680432 124.16350375025189 310
1740016680457 124.0407539538084 311
1740016680485 123.91813837260203 312
1740016680510 123.79564066145764 313
1740016680535 123.67325678144486 314
1740016680559 123.55100664976224 315
1740016680585 123.42886610331078 316
1740016680610 123.3068589964768 317
1740016680634 123.18496920918386 318
1740016680662 123.0631927582548 319
1740016680691 122.94154928257716 320
1740016680718 122.82001495437214 321
1740016680742 122.69861329427503 322
1740016680767 122.5773284058602 323
1740016680793 122.45615636134387 324
1740016680817 122.33511652309791 325
1740016680843 122.21418539650269 326
1740016680872 122.09338617059578 327
1740016680899 121.97270317116114 328
1740016680924 121.85213252545023 329
1740016680949 121.73169332110629 330
1740016680982 121.61136239451784 331
1740016681007 121.49116260526802 332
1740016681032 121.37107849991577 333
1740016681057 121.25110626039162 334
1740016681083 121.13126470138862 335
1740016681108 121.01153098816245 336
1740016681133 120.89192765297521 337
1740016681158 120.77243200311001 338
1740016681186 120.65306641685888 339
1740016681211 120.53381576324131 340
1740016681237 120.41467630405366 341
1740016681266 120.29566645517136 342
1740016681292 120.17676386227858 343
1740016681318 120.05799057937271 344
1740016681343 119.93933169278479 345
1740016681370 119.82078351812987 346
1740016681396 119.70236420262759 347
1740016681420 119.58405171566025 348
1740016681445 119.46586778905497 349
1740016681473 119.34779772504268 350
1740016681498 119.22983789270634 351
1740016681523 119.1120061723602 352
1740016681550 118.9942808549776 353
1740016681579 118.87668335231508 354
1740016681605 118.7591991810981 355
1740016681634 118.64182476352849 356
1740016681662 118.52457771475734 357
1740016681688 118.40743664525195 358
1740016681714 118.29042264878773 359
1740016681738 118.17351447443534 360
1740016681764 118.05673306572368 361
1740016681789 117.94006425309522 362
1740016681814 117.82350453644584 363
1740016681838 117.70707114294972 364
1740016681871 117.59074315045353 365
1740016681898 117.4745411874709 366
1740016681924 117.35845129554563 367
1740016681952 117.2424700268493 368
1740016681982 117.12661434760068 369
1740016682006 117.01086365007572 370
1740016682031 116.89523824985383 371
1740016682057 116.77971767596419 372
1740016682083 116.66432209575147 373
1740016682108 116.54903785975229 374
1740016682132 116.43386159665869 375
1740016682160 116.31880989057028 376
1740016682188 116.20386259409159 377
1740016682215 116.08903956456616 378
1740016682240 115.97432736027605 379
1740016682272 115.85972266135579 380
1740016682297 115.74524179511005 381
1740016682323 115.63086492356456 382
1740016682349 115.51661159611915 383
1740016682377 115.40246210972326 384
1740016682402 115.28843586753155 385
1740016682426 115.17451973214725 386
1740016682452 115.06071045906488 387
1740016682477 114.94702399926244 388
1740016682502 114.833440968122 389
1740016682527 114.71998046375525 390
1740016682555 114.60662955319269 391
1740016682581 114.49338504254702 392
1740016682606 114.38026263011567 393
1740016682631 114.26724323574966 394
1740016682664 114.15434565455175 395
1740016682689 114.04155093948756 396
1740016682714 113.92887774138205 397
1740016682739 113.81631342696734 398
1740016682765 113.7038548765688 399
1740016682790 113.59151741788486 400
1740016682815 113.4792824172286 401
1740016682840 113.36716822528464 402
1740016682865 113.25515634042381 403
1740016682890 113.14326497020225 404
1740016682916 113.03148177835509 405
1740016682948 112.91980371875002 406
1740016682976 112.8082457518328 407
1740016683000 112.69678968635085 408
1740016683025 112.58545343258433 409
1740016683051 112.4742248534977 410
1740016683076 112.3631009522857 411
1740016683102 112.2520964431587 412
1740016683127 112.1411934315753 413
1740016683155 112.0304095325373 414
1740016683181 111.91972698178401 415
1740016683206 111.80916325312126 416
1740016683233 111.69870650197872 417
1740016683262 111.5883538039664 418
1740016683287 111.47811951166833 419
1740016683313 111.36798616620518 420
1740016683340 111.25797094892276 421
1740016683366 111.1480565301841 422
1740016683391 111.03825995126823 423
1740016683416 110.92856965741868 424
1740016683442 110.81898279600219 425
1740016683466 110.70951336126402 426
1740016683491 110.60014432602996 427
1740016683516 110.490892441933 428
1740016683547 110.38174081000969 429
1740016683572 110.2727060429481 430
1740016683598 110.16377687317154 431
1740016683624 110.05495051914933 432
1740016683654 109.94624062005414 433
1740016683684 109.83763057648554 434
1740016683710 109.72913671428131 435
1740016683736 109.62074256122699 436
1740016683761 109.51246430532993 437
1740016683786 109.40428561248109 438
1740016683811 109.29622253318091 439
1740016683839 109.18826417650064 440
1740016683865 109.08040785416466 441
1740016683889 108.97266673955421 442
1740016683915 108.86502479437034 443
1740016683947 108.75749778588175 444
1740016683976 108.6500698016491 445
1740016684002 108.54275647255321 446
1740016684028 108.43554718884131 447
1740016684057 108.3284393318493 448
1740016684081 108.22144572733049 449
1740016684107 108.11455075579933 450
1740016684132 108.00776976765879 451
1740016684157 107.90108726827339 452
1740016684185 107.79451847275595 453
1740016684210 107.68805304995212 454
1740016684236 107.58168845016908 455
1740016684261 107.4754371547284 456
1740016684286 107.36928395911104 457
1740016684312 107.26324380068759 458
1740016684342 107.15730159878632 459
1740016684367 107.05147215657827 460
1740016684393 106.94574052785957 461
1740016684420 106.84012138191878 462
1740016684448 106.73460475329868 463
1740016684473 106.62918818284189 464
1740016684498 106.52388369965739 465
1740016684523 106.41867664398413 466
1740016684550 106.31358141091047 467
1740016684574 106.20858346322433 468
1740016684600 106.1036970632266 469
1740016684626 105.99890780675844 470
1740016684651 105.89422982364778 471
1740016684677 105.78965350987603 472
1740016684702 105.68517649576368 473
1740016684733 105.58081036348777 474
1740016684759 105.47654099168957 475
1740016684784 105.37238223950912 476
1740016684809 105.2683201068492 477
1740016684834 105.16436832146242 478
1740016684859 105.06051754876533 479
1740016684884 104.95676548577406 480
1740016684910 104.85312338159653 481
1740016684935 104.74957751616463 482
1740016684961 104.64614134921477 483
1740016684986 104.54280128096107 484
1740016685018 104.43957064081751 485
1740016685046 104.33643595958183 486
1740016685071 104.2334104366558 487
1740016685098 104.13048509145975 488
1740016685130 104.0276577086413 489
1740016685155 103.92493909959563 490
1740016685182 103.82231607156102 491
1740016685207 103.71980155938299 492
1740016685233 103.61738248931375 493
1740016685258 103.51507166725588 494
1740016685283 103.4128561486633 495
1740016685310 103.31074861080323 496
1740016685337 103.20874042293988 497
1740016685362 103.10682945631932 498
1740016685387 103.0050260897825 499
