1740001856387 169.25480595599964 0
1740001856411 168.9159640796469 1
1740001856437 168.74707773430845 2
1740001856466 168.57827547326994 3
1740001856492 168.4096592203735 4
1740001856520 168.24122870075874 5
1740001856542 168.07298370130948 6
1740001856568 167.9049240091228 7
1740001856591 167.73704941154585 8
1740001856618 167.56935969617552 9
1740001856641 167.40185465085807 10
1740001856668 167.23453406368893 11
1740001856691 167.06739772301233 12
1740001856719 166.9004454174211 13
1740001856742 166.73367693575625 14
1740001856771 166.56709206710673 15
1740001856793 166.40069060080916 16
1740001856817 166.23447232644753 17
1740001856841 166.06843703385294 18
1740001856868 165.90258451310314 19
1740001856893 165.73691455452243 20
1740001856917 165.57142694868128 21
1740001856937 165.40612148639605 22
1740001856961 165.2409979587287 23
1740001856981 165.07605615698648 24
1740001857002 164.9112958727217 25
1740001857025 164.74671689773132 26
1740001857046 164.58231902405674 27
1740001857068 164.4181020439836 28
1740001857088 164.25406575004126 29
1740001857111 164.09020993500272 30
1740001857131 163.92653439188422 31
1740001857178 163.76303891394502 32
1740001857199 163.59972329468698 33
1740001857223 163.43658732785448 34
1740001857243 163.273630807434 35
1740001857268 163.11085352765375 36
1740001857288 162.9482552829835 37
1740001857309 162.7858358681344 38
1740001857330 162.6235950780584 39
1740001857352 162.4615327079483 40
1740001857373 162.29964855323718 41
1740001857391 162.1379424095982 42
1740001857414 161.97641407294444 43
1740001857433 161.81506333942846 44
1740001857455 161.65389000544215 45
1740001857476 161.49289386761617 46
1740001857496 161.33207472282015 47
1740001857518 161.17143236816187 48
1740001857539 161.01096660098733 49
1740001857561 160.8506772188804 50
1740001857579 160.6905640196625 51
1740001857601 160.53062680139217 52
1740001857622 160.37086536236512 53
1740001857642 160.21127950111372 54
1740001857665 160.0518690164067 55
1740001857688 159.892633707249 56
1740001857710 159.73357337288132 57
1740001857729 159.5746878127801 58
1740001857749 159.41597682665696 59
1740001857772 159.2574402144586 60
1740001857813 159.09907777636639 61
1740001857885 158.9408893127963 62
1740001857913 158.78287462439832 63
1740001857933 158.62503351205646 64
1740001857954 158.46736577688836 65
1740001857976 158.30987122024496 66
1740001857996 158.15254964371027 67
1740001858019 157.99540084910117 68
1740001858037 157.8384246384669 69
1740001858058 157.68162081408917 70
1740001858078 157.5249891784815 71
1740001858098 157.36852953438913 72
1740001858121 157.21224168478875 73
1740001858140 157.05612543288814 74
1740001858162 156.900180582126 75
1740001858183 156.7444069361716 76
1740001858206 156.5888042989245 77
1740001858228 156.4333724745144 78
1740001858250 156.27811126730063 79
1740001858274 156.12302048187215 80
1740001858294 155.96809992304705 81
1740001858318 155.81334939587242 82
1740001858339 155.65876870562403 83
1740001858363 155.50435765780605 84
1740001858382 155.35011605815077 85
1740001858406 155.19604371261843 86
1740001858427 155.04214042739667 87
1740001858450 154.88840600890077 88
1740001858474 154.73484026377272 89
1740001858495 154.58144299888158 90
1740001858521 154.4282140213227 91
1740001858542 154.2751531384179 92
1740001858568 154.1222601577147 93
1740001858587 153.96953488698662 94
1740001858612 153.81697713423245 95
1740001858632 153.66458670767614 96
1740001858653 153.5123634157667 97
1740001858675 153.36030706717764 98
1740001858698 153.20841747080686 99
1740001858721 153.05669443577636 100
1740001858741 152.90513777143204 101
1740001858769 152.75374728734334 102
1740001858794 152.60252279330302 103
1740001858834 152.4514640993268 104
1740001858859 152.3005710156533 105
1740001858880 152.14984335274357 106
1740001858904 151.9992809212809 107
1740001858927 151.8488835321707 108
1740001858950 151.69865099653987 109
1740001858974 151.54858312573697 110
1740001858995 151.3986797313316 111
1740001859020 151.2489406251145 112
1740001859040 151.09936561909683 113
1740001859064 150.94995452551026 114
1740001859084 150.8007071568067 115
1740001859109 150.65162332565777 116
1740001859132 150.50270284495488 117
1740001859157 150.35394552780866 118
1740001859178 150.2053511875489 119
1740001859200 150.05691963772423 120
1740001859224 149.90865069210187 121
1740001859245 149.76054416466735 122
1740001859270 149.61259986962426 123
1740001859291 149.46481762139396 124
1740001859313 149.31719723461538 125
1740001859333 149.1697385241448 126
1740001859356 149.02244130505537 127
1740001859378 148.87530539263716 128
1740001859399 148.72833060239668 129
1740001859422 148.58151675005666 130
1740001859443 148.43486365155596 131
1740001859466 148.28837112304902 132
1740001859485 148.14203898090582 133
1740001859509 147.99586704171165 134
1740001859531 147.8498551222666 135
1740001859553 147.70400303958573 136
1740001859579 147.5583106108983 137
1740001859600 147.41277765364794 138
1740001859624 147.26740398549217 139
1740001859643 147.12218942430218 140
1740001859667 146.97713378816272 141
1740001859690 146.83223689537158 142
1740001859714 146.68749856443964 143
1740001859735 146.54291861409035 144
1740001859760 146.39849686325965 145
1740001859782 146.25423313109556 146
1740001859804 146.11012723695828 147
1740001859826 145.96617900041934 148
1740001859847 145.822388241262 149
1740001859870 145.67875477948047 150
1740001859888 145.53527843528005 151
1740001859911 145.3919590290766 152
1740001859930 145.24879638149645 153
1740001859952 145.1057903133761 154
1740001859974 144.962940645762 155
1740001859995 144.8202471999102 156
1740001860020 144.6777097972862 157
1740001860039 144.53532825956478 158
1740001860061 144.39310240862943 159
1740001860081 144.25103206657255 160
1740001860102 144.10911705569484 161
1740001860124 143.96735719850523 162
1740001860143 143.82575231772054 163
1740001860166 143.6843022362653 164
1740001860184 143.54300677727153 165
1740001860207 143.4018657640784 166
1740001860228 143.260879020232 167
1740001860250 143.12004636948524 168
1740001860274 142.97936763579736 169
1740001860294 142.83884264333383 170
1740001860318 142.69847121646623 171
1740001860355 142.5582531797717 172
1740001860432 142.4181883580329 173
1740001860454 142.27827657623786 174
1740001860479 142.13851765957932 175
1740001860504 141.9989114334551 176
1740001860538 141.85945772346727 177
1740001860582 141.72015635542226 178
1740001860642 141.5810071553306 179
1740001860673 141.44200994940647 180
1740001860700 141.30316456406766 181
1740001860727 141.16447082593518 182
1740001860751 141.02592856183318 183
1740001860777 140.88753759878864 184
1740001860801 140.74929776403096 185
1740001860826 140.61120888499204 186
1740001860849 140.47327078930576 187
1740001860872 140.33548330480792 188
1740001860893 140.19784625953585 189
1740001860916 140.0603594817284 190
1740001860935 139.92302279982542 191
1740001860958 139.78583604246765 192
1740001860979 139.64879903849658 193
1740001861001 139.51191161695402 194
1740001861024 139.3751736070821 195
1740001861044 139.23858483832265 196
1740001861067 139.10214514031745 197
1740001861086 138.96585434290765 198
1740001861107 138.82971227613356 199
1740001861129 138.69371877023463 200
1740001861148 138.55787365564896 201
1740001861169 138.42217676301317 202
1740001861187 138.28662792316226 203
1740001861209 138.15122696712922 204
1740001861229 138.01597372614475 205
1740001861248 137.88086803163733 206
1740001861271 137.74590971523267 207
1740001861290 137.61109860875362 208
1740001861312 137.47643454421987 209
1740001861333 137.3419173538478 210
1740001861355 137.20754687005024 211
1740001861379 137.07332292543612 212
1740001861400 136.93924535281025 213
1740001861425 136.80531398517329 214
1740001861445 136.67152865572135 215
1740001861470 136.5378891978458 216
1740001861491 136.40439544513293 217
1740001861513 136.27104723136395 218
1740001861534 136.13784439051446 219
1740001861559 136.00478675675456 220
1740001861596 135.87187416444831 221
1740001861627 135.73910644815368 222
1740001861649 135.60648344262228 223
1740001861676 135.4740049827991 224
1740001861702 135.34167090382232 225
1740001861729 135.20948104102308 226
1740001861752 135.07743522992516 227
1740001861779 134.94553330624493 228
1740001861802 134.8137751058909 229
1740001861829 134.68216046496372 230
1740001861852 134.55068921975575 231
1740001861878 134.41936120675098 232
1740001861901 134.28817626262475 233
1740001861926 134.15713422424346 234
1740001861951 134.02623492866445 235
1740001861976 133.89547821313573 236
1740001861999 133.76486391509565 237
1740001862025 133.63439187217298 238
1740001862048 133.5040619221863 239
1740001862074 133.37387390314396 240
1740001862098 133.24382765324393 241
1740001862125 133.11392301087338 242
1740001862149 132.98415981460874 243
1740001862174 132.8545379032152 244
1740001862198 132.72505711564648 245
1740001862221 132.59571729104488 246
1740001862242 132.46651826874086 247
1740001862268 132.33745988825277 248
1740001862292 132.20854198928674 249
1740001862321 132.07976441173653 250
1740001862343 131.95112699568304 251
1740001862372 131.82262958139427 252
1740001862394 131.6942720093252 253
1740001862423 131.5660541201173 254
1740001862451 131.43797575459854 255
1740001862478 131.310036753783 256
1740001862516 131.1822369588709 257
1740001862549 131.05457621124796 258
1740001862588 130.9270543524856 259
1740001862622 130.79967122434053 260
1740001862643 130.67242666875453 261
1740001862671 130.54532052785422 262
1740001862697 130.4183526439509 263
1740001862726 130.29152285954024 264
1740001862751 130.16483101730228 265
1740001862781 130.03827696010086 266
1740001862864 129.91186053098374 267
1740001862891 129.78558157318213 268
1740001862919 129.65943993011066 269
1740001862939 129.53343544536708 270
1740001862962 129.40756796273195 271
1740001862985 129.2818373261686 272
1740001863010 129.15624337982288 273
1740001863032 129.03078596802268 274
1740001863055 128.90546493527825 275
1740001863078 128.78028012628135 276
1740001863099 128.65523138590555 277
1740001863125 128.53031855920568 278
1740001863149 128.4055414914179 279
1740001863182 128.28090002795918 280
1740001863205 128.1563940144273 281
1740001863227 128.03202329660053 282
1740001863250 127.90778772043755 283
1740001863277 127.78368713207708 284
1740001863300 127.6597213778377 285
1740001863326 127.53589030421773 286
1740001863347 127.41219375789491 287
1740001863373 127.28863158572628 288
1740001863393 127.16520363474783 289
1740001863419 127.04190975217448 290
1740001863440 126.91874978539965 291
1740001863462 126.79572358199528 292
1740001863483 126.67283098971144 293
1740001863507 126.55007185647614 294
1740001863531 126.42744603039525 295
1740001863555 126.30495335975208 296
1740001863578 126.1825936930074 297
1740001863599 126.06036687879906 298
1740001863622 125.93827276594183 299
1740001863646 125.81631120342725 300
1740001863670 125.69448204042325 301
1740001863693 125.57278512627417 302
1740001863717 125.45122031050037 303
1740001863739 125.32978744279816 304
1740001863764 125.20848637303948 305
1740001863784 125.08731695127166 306
1740001863806 124.9662790277174 307
1740001863829 124.8453724527744 308
1740001863850 124.72459707701516 309
1740001863873 124.60395275118685 310
1740001863893 124.48343932621113 311
1740001863917 124.3630566531837 312
1740001863938 124.24280458337446 313
1740001863961 124.12268296822701 314
1740001863983 124.00269165935852 315
1740001864006 123.88283050855968 316
1740001864029 123.76309936779418 317
1740001864051 123.64349808919889 318
1740001864075 123.52402652508333 319
1740001864099 123.40468452792963 320
1740001864123 123.28547195039225 321
1740001864143 123.16638864529787 322
1740001864163 123.0474344656451 323
1740001864184 122.92860926460429 324
1740001864206 122.80991289551736 325
1740001864230 122.69134521189756 326
1740001864252 122.57290606742932 327
1740001864276 122.45459531596795 328
1740001864298 122.33641281153953 329
1740001864322 122.2183584083407 330
1740001864343 122.1004319607384 331
1740001864367 121.9826333232697 332
1740001864388 121.8649623506416 333
1740001864412 121.74741889773091 334
1740001864437 121.63000281958381 335
1740001864462 121.51271397141596 336
1740001864484 121.39555220861202 337
1740001864508 121.27851738672562 338
1740001864532 121.16160936147918 339
1740001864553 121.04482798876357 340
1740001864577 120.92817312463798 341
1740001864599 120.81164462532982 342
1740001864623 120.69524234723426 343
1740001864645 120.57896614691431 344
1740001864668 120.46281588110054 345
1740001864690 120.34679140669078 346
1740001864717 120.23089258074994 347
1740001864739 120.11511926051 348
1740001864764 119.99947130336956 349
1740001864784 119.88394856689384 350
1740001864806 119.76855090881433 351
1740001864829 119.65327818702872 352
1740001864851 119.53813025960059 353
1740001864874 119.4231069847593 354
1740001864896 119.30820822089976 355
1740001864918 119.19343382658228 356
1740001864939 119.0787836605322 357
1740001864961 118.96425758163994 358
1740001864983 118.8498554489607 359
1740001865006 118.73557712171417 360
1740001865028 118.62142245928445 361
1740001865049 118.50739132121981 362
1740001865071 118.3934835672326 363
1740001865092 118.27969905719885 364
1740001865116 118.1660376511582 365
1740001865136 118.05249920931378 366
1740001865158 117.93908359203188 367
1740001865178 117.82579065984176 368
1740001865199 117.7126202734356 369
1740001865220 117.59957229366817 370
1740001865241 117.48664658155667 371
1740001865261 117.37384299828054 372
1740001865283 117.26116140518131 373
1740001865306 117.14860166376236 374
1740001865329 117.0361636356887 375
1740001865351 116.92384718278691 376
1740001865374 116.81165216704476 377
1740001865395 116.69957845061116 378
1740001865417 116.58762589579598 379
1740001865437 116.47579436506967 380
1740001865459 116.36408372106337 381
1740001865480 116.2524938265684 382
1740001865502 116.14102454453636 383
1740001865526 116.02967573807871 384
1740001865549 115.9184472704667 385
1740001865571 115.80733900513117 386
1740001865592 115.69635080566236 387
1740001865614 115.58548253580963 388
1740001865635 115.47473405948148 389
1740001865657 115.3641052407451 390
1740001865682 115.25359594382641 391
1740001865706 115.1432060331097 392
1740001865727 115.03293537313762 393
1740001865749 114.92278382861075 394
1740001865772 114.81275126438764 395
1740001865793 114.70283754548454 396
1740001865817 114.59304253707518 397
1740001865837 114.48336610449063 398
1740001865858 114.37380811321906 399
1740001865881 114.26436842890564 400
1740001865901 114.15504691735222 401
1740001865924 114.04584344451736 402
1740001865946 113.93675787651591 403
1740001865970 113.82779007961892 404
1740001865991 113.71893992025353 405
1740001866013 113.61020726500267 406
1740001866034 113.50159198060493 407
1740001866054 113.39309393395435 408
1740001866075 113.28471299210028 409
1740001866095 113.17644902224718 410
1740001866117 113.06830189175442 411
1740001866137 112.96027146813603 412
1740001866158 112.8523576190607 413
1740001866179 112.7445602123514 414
1740001866200 112.63687911598534 415
1740001866222 112.52931419809369 416
1740001866244 112.42186532696145 417
1740001866269 112.31453237102727 418
1740001866290 112.20731519888322 419
1740001866312 112.1002136792747 420
1740001866335 111.99322768110012 421
1740001866357 111.88635707341088 422
1740001866379 111.77960172541104 423
1740001866400 111.67296150645726 424
1740001866424 111.56643628605852 425
1740001866445 111.46002593387601 426
1740001866467 111.35373031972293 427
1740001866488 111.24754931356426 428
1740001866509 111.14148278551671 429
1740001866531 111.03553060584836 430
1740001866551 110.92969264497869 431
1740001866572 110.82396877347816 432
1740001866592 110.71835886206821 433
1740001866614 110.61286278162106 434
1740001866633 110.50748040315949 435
1740001866654 110.40221159785663 436
1740001866675 110.29705623703586 437
1740001866695 110.1920141921706 438
1740001866717 110.08708533488411 439
1740001866737 109.98226953694932 440
1740001866774 109.87756667028873 441
1740001866819 109.77297660697407 442
1740001866846 109.66849921922628 443
1740001866878 109.56413437941525 444
1740001866905 109.45988196005969 445
1740001866933 109.35574183382694 446
1740001866960 109.25171387353272 447
1740001866987 109.14779795214108 448
1740001867019 109.04399394276412 449
1740001867043 108.94030171866191 450
1740001867070 108.83672115324224 451
1740001867095 108.73325212006041 452
1740001867123 108.6298944928192 453
1740001867148 108.52664814536857 454
1740001867175 108.42351295170553 455
1740001867199 108.32048878597394 456
1740001867227 108.21757552246434 457
1740001867253 108.11477303561388 458
1740001867280 108.01208120000595 459
1740001867307 107.9094998903702 460
1740001867332 107.8070289815822 461
1740001867359 107.70466834866345 462
1740001867388 107.60241786678101 463
1740001867417 107.50027741124748 464
1740001867445 107.39824685752075 465
1740001867473 107.29632608120387 466
1740001867499 107.19451495804485 467
1740001867527 107.09281336393646 468
1740001867554 106.99122117491616 469
1740001867579 106.8897382671658 470
1740001867603 106.78836451701154 471
1740001867628 106.6870998009237 472
1740001867653 106.58594399551642 473
1740001867678 106.48489697754773 474
1740001867705 106.38395862391921 475
1740001867731 106.28312881167585 476
1740001867758 106.18240741800592 477
1740001867783 106.08179432024083 478
1740001867812 105.98128939585483 479
1740001867837 105.88089252246495 480
1740001867861 105.78060357783085 481
1740001867886 105.68042243985452 482
1740001867912 105.58034898658028 483
1740001867937 105.48038309619444 484
1740001867964 105.38052464702533 485
1740001867990 105.2807735175429 486
1740001868019 105.18112958635878 487
1740001868044 105.08159273222591 488
1740001868068 104.98216283403853 489
1740001868089 104.88283977083195 490
1740001868111 104.78362342178235 491
1740001868132 104.6845136662067 492
1740001868154 104.58551038356246 493
1740001868177 104.48661345344757 494
1740001868198 104.38782275560018 495
1740001868221 104.28913816989852 496
1740001868241 104.1905595763607 497
1740001868263 104.09208685514457 498
1740001868285 103.99371988654761 499
