1740018706599 0.02751355849635059 0
1740018706691 0.2651966164599929 1
1740018706784 3.3323044414243297e-08 2
1740018706878 0.047744170537175036 3
1740018706982 0.1751304002108504 4
1740018707081 0.00359289386152529 5
1740018707176 0.40954476926729505 6
1740018707265 0.939392236537786 7
1740018707352 0.46035258784928024 8
1740018707440 0.00011782755722318633 9
1740018707530 0.05998823707744563 10
1740018707619 0.033264397150580556 11
1740018707707 0.03580438027427761 12
1740018707797 0.008496605372019173 13
1740018707894 0.005778485494809337 14
1740018707987 0.28025508882882116 15
1740018708076 0.031484290976455116 16
1740018708163 0.061743800186818694 17
1740018708258 0.01800835372873404 18
1740018708396 0.10117270516146895 19
1740018708484 0.005268153078041611 20
1740018708571 0.041655145851522614 21
1740018708662 0.29881714890147315 22
1740018708751 0.026009442292056154 23
1740018708838 0.06330528433882876 24
1740018708925 0.0031490865919966424 25
1740018709013 0.18191174555810696 26
1740018709100 0.1412677328644051 27
1740018709197 0.12542933386810473 28
1740018709287 0.07833655559691674 29
1740018709374 0.03407356553830764 30
1740018709463 0.0007517259831337687 31
1740018709554 0.011987686964349535 32
1740018709645 0.1706062773732681 33
1740018709752 0.03938163645304406 34
1740018709846 0.18567988593240056 35
1740018709938 0.008008792555156824 36
1740018710027 0.1497455725217714 37
1740018710116 0.0020609395877139863 38
1740018710207 0.40820887504459746 39
1740018710295 0.2302039868515838 40
1740018710385 0.005831194092087802 41
1740018710473 0.004242880502825164 42
1740018710559 0.03969387821391518 43
1740018710645 0.6576575829861256 44
1740018710739 0.0008189634072778231 45
1740018710829 9.607217499474652e-05 46
1740018710915 0.14096249989994566 47
1740018711006 0.028818909641419515 48
1740018711097 0.16298153533067716 49
1740018711196 0.7434384034009305 50
1740018711285 0.03263289322834172 51
1740018711373 0.03353382691969274 52
1740018711460 0.1307747740388853 53
1740018711548 0.10408812536118038 54
1740018711639 0.00014023664230620618 55
1740018711734 0.476717851064799 56
1740018711822 0.05871478337801293 57
1740018711911 0.19989168371893382 58
1740018712002 0.14453776812986963 59
1740018712092 0.4595852551599659 60
1740018712179 0.04724790191119553 61
1740018712270 0.09450304834710413 62
1740018712357 0.29377891422102825 63
1740018712444 0.2096881352387634 64
1740018712531 3.220887754108865e-05 65
1740018712618 0.05577060090823055 66
1740018712707 0.14886905855244734 67
1740018712796 0.00692994821667809 68
1740018712886 0.007009636248101506 69
1740018712979 0.001906155102336828 70
1740018713067 0.18842793839080746 71
1740018713153 0.10618526307399077 72
1740018713249 0.29043335384460933 73
1740018713337 0.008879566508288986 74
1740018713424 0.13705812014569407 75
1740018713511 0.1531140950977648 76
1740018713599 0.047525449621774636 77
1740018713690 0.03458769761433781 78
1740018713779 0.053686477240909865 79
1740018713870 0.02212653588456602 80
1740018713958 0.08816684536416075 81
1740018714046 0.20454662761984732 82
1740018714132 0.027174117159339255 83
1740018714225 0.049965605529170815 84
1740018714314 0.11956522653673528 85
1740018714401 0.5457804690901517 86
1740018714489 0.44677163030645367 87
1740018714577 0.013668333703645601 88
1740018714665 0.06130708927958884 89
1740018714754 0.04419988501030691 90
1740018714843 0.0024734190596257927 91
1740018714932 0.9311415483638146 92
1740018715020 0.02465966835716073 93
1740018715109 0.113143993678872 94
1740018715200 0.30119546559767263 95
1740018715294 0.5987158198918495 96
1740018715381 0.17874382930510824 97
1740018715469 0.00472047211521213 98
1740018715557 0.053584741611715316 99
1740018715645 0.003418771950839556 100
1740018715735 0.06841705475374892 101
1740018715823 0.2570333072423728 102
1740018715914 0.003229290531057875 103
1740018716084 1.1456973649835942 104
1740018716172 0.046138747613102556 105
1740018716265 0.013157559524340326 106
1740018716352 0.7897919524193253 107
1740018716439 0.7718027205710067 108
1740018716525 0.23111827004605548 109
1740018716612 0.42620856629787357 110
1740018716701 0.05153555815854183 111
1740018716790 0.23792127223778442 112
1740018716879 0.016309659239360095 113
1740018716968 0.014263229558477607 114
1740018717057 0.22182473093464805 115
1740018717144 0.5393512497873505 116
1740018717235 0.05074635616831666 117
1740018717329 0.00805629487036598 118
1740018717417 0.5422578271504318 119
1740018717506 0.07819946725592268 120
1740018717593 0.34223541478674824 121
1740018717682 0.3056038075014394 122
1740018717770 0.19702897636025807 123
1740018717858 0.004672854234310682 124
1740018717947 0.08174546908494047 125
1740018718039 0.22609925284679866 126
1740018718129 0.02020979936080627 127
1740018718219 4.3279738594707146e-07 128
1740018718307 0.331000564380904 129
1740018718394 0.02904175511148282 130
1740018718482 0.0032383418780768804 131
1740018718570 6.742081670106232e-05 132
1740018718658 0.16079326917949852 133
1740018718817 0.10480620138110248 134
1740018718904 0.9555720569494652 135
1740018718999 0.0012549179365042116 136
1740018719086 0.9323913090388843 137
1740018719175 0.006658055199882697 138
1740018719266 0.09835021893621647 139
1740018719359 0.22002662045035407 140
1740018719445 0.4003665452275154 141
1740018719535 0.024536940953471423 142
1740018719621 0.007507120375792848 143
1740018719709 0.23082907604555727 144
1740018719833 0.06921819980396364 145
1740018719929 0.02620626317504826 146
1740018720022 0.07261151668546918 147
1740018720108 0.03047527761649706 148
1740018720199 0.10111917017782662 149
1740018720288 0.029198602335584203 150
1740018720375 0.16641278733004036 151
1740018720461 0.2178704265108364 152
1740018720549 0.04890902645421633 153
1740018720638 0.0009262452194643803 154
1740018720727 0.04294715892632324 155
1740018720821 0.3664122125429606 156
1740018720922 0.05041340209707935 157
1740018721016 1.0090579438208571 158
1740018721112 0.014962768568020137 159
1740018721206 0.5096831537109522 160
1740018721293 0.010765769935950619 161
1740018721387 0.002995132786938727 162
1740018721475 0.03388286952199683 163
1740018721563 0.004199799452862811 164
1740018721650 0.0384109020081333 165
1740018721739 0.23950398284862096 166
1740018721826 0.25110076493229727 167
1740018721915 0.08998014066957613 168
1740018722008 0.027117996357476245 169
1740018722096 0.18003965189066265 170
1740018722185 0.2260752559589794 171
1740018722274 9.220202357233183e-05 172
1740018722362 0.030572306658349327 173
1740018722450 0.1174792103227935 174
1740018722537 0.37425078289963964 175
1740018722625 0.2688771278288849 176
1740018722714 0.00032216542007544786 177
1740018722802 0.009251578473572008 178
1740018722891 0.36872122673797736 179
1740018722981 0.2157469111886962 180
1740018723070 0.21076170142184858 181
1740018723157 0.030957473492077378 182
1740018723250 0.0795540327208059 183
1740018723340 0.0093367706059817 184
1740018723432 0.5192478566996892 185
1740018723519 0.04038539126199436 186
1740018723607 0.07865357498009953 187
1740018723696 0.0004902988405713477 188
1740018723785 0.2807741416177648 189
1740018723873 0.0003754047662287417 190
1740018723962 0.0020372386934316127 191
1740018724051 0.0025169014949111912 192
1740018724139 0.031848194491907775 193
1740018724234 0.2712799607221803 194
1740018724321 0.0007478067722884003 195
1740018724408 0.10923111784054927 196
1740018724497 0.598992260135042 197
1740018724585 8.964173362554212e-05 198
1740018724674 0.5914951366857087 199
1740018724762 0.0850688958468018 200
1740018724849 0.027337195112330476 201
1740018724937 0.0018513382893482564 202
1740018725027 0.10140608087450291 203
1740018725115 0.011389517513748301 204
1740018725207 0.932372044845636 205
1740018725296 0.7658321217082212 206
1740018725386 0.006552414108401668 207
1740018725477 0.00019363413638033577 208
1740018725564 0.15448245909831415 209
1740018725652 3.3911113114414205e-05 210
1740018725742 0.11176439775040921 211
1740018725832 0.11799695701220837 212
1740018725920 0.22511092547969008 213
1740018726009 0.020760593763355543 214
1740018726095 0.0019106483142125783 215
1740018726185 0.013573820232389719 216
1740018726277 0.21993967751534993 217
1740018726364 0.0509916951849523 218
1740018726452 0.003445093981381367 219
1740018726539 0.09688973480598666 220
1740018726626 0.006371248901047553 221
1740018726716 0.04739492838833156 222
1740018726805 0.06876608641183686 223
1740018726893 0.013971559326670909 224
1740018726983 0.12390246440698267 225
1740018727079 0.9370539390567632 226
1740018727167 0.0052771621965329385 227
1740018727285 0.006515102947586799 228
1740018727396 0.5659615106527769 229
1740018727506 0.009324271797511356 230
1740018727607 0.0012965434716755027 231
1740018727700 0.15624322282241934 232
1740018727795 0.021243879209973882 233
1740018727884 0.032621825093075915 234
1740018727976 0.07772264839517813 235
1740018728067 0.03712492544867272 236
1740018728156 0.1870341757483183 237
1740018728246 0.06800358451903844 238
1740018728339 0.0028706979464261134 239
1740018728430 0.015075307755581469 240
1740018728521 0.010040613952625208 241
1740018728610 0.13221977657306558 242
1740018728700 0.00018339788367838328 243
1740018728789 0.0004479082514616732 244
1740018728879 0.18816353887925688 245
1740018728969 1.2707468569438505 246
1740018729057 0.41701065308272084 247
1740018729146 0.09079745202427063 248
1740018729240 0.04047049260166736 249
1740018729330 0.1878131640770916 250
1740018729420 0.052581259545090915 251
1740018729521 0.4167999631800968 252
1740018729612 0.7615657767942688 253
1740018729700 0.0327178922918955 254
1740018729791 0.29109075955137237 255
1740018729882 0.020265708099167636 256
1740018729986 0.11304345559777583 257
1740018730078 0.17857008506337962 258
1740018730173 0.16136838256554673 259
1740018730263 0.0031183844501753827 260
1740018730350 0.156769708313271 261
1740018730441 0.08612210701800879 262
1740018730532 0.0009906250213637434 263
1740018730624 0.26292690848269146 264
1740018730756 0.8623173609432283 265
1740018730847 0.008971430350645366 266
1740018730936 0.6463548552942386 267
1740018731028 0.009087754973644778 268
1740018731118 0.18900334524401302 269
1740018731209 0.8647737715563444 270
1740018731301 0.2734955954203878 271
1740018731392 0.06425592195884582 272
1740018731484 0.0013017945533408046 273
1740018731579 0.005665530114943213 274
1740018731668 0.11627803197343999 275
1740018731756 0.445249549597565 276
1740018731847 0.017325749953206696 277
1740018731937 0.00289771601156131 278
1740018732028 0.14982546882715153 279
1740018732117 0.4224159950774043 280
1740018732207 0.1594277795731127 281
1740018732299 0.3355457128273674 282
1740018732386 0.04444582494072034 283
1740018732478 0.26493715053625877 284
1740018732568 0.04143324177009173 285
1740018732658 0.05854099110397481 286
1740018732748 0.0301406496762348 287
1740018732837 0.08531622688678533 288
1740018732929 0.1884442454499218 289
1740018733051 0.06568426341978761 290
1740018733138 0.5707417012065877 291
1740018733228 0.046273035400383064 292
1740018733318 0.014212155795975616 293
1740018733407 0.1652386478948636 294
1740018733496 0.08285838632091014 295
1740018733592 0.03292206923280958 296
1740018733683 0.3716302201599996 297
1740018733772 1.281971557819596 298
1740018733859 0.0710107560038602 299
1740018733947 0.08747283307392198 300
1740018734037 0.05957484174598623 301
1740018734124 0.07662766231733949 302
1740018734219 0.04242503890396658 303
1740018734311 1.008759362517665 304
1740018734399 0.005544334377619691 305
1740018734491 0.18878577057935045 306
1740018734583 0.025074550675132118 307
1740018734671 0.005240333806746611 308
1740018734760 0.12585328442763163 309
1740018734848 0.05443477137585478 310
1740018734936 0.770548494783093 311
1740018735031 0.006441711455969027 312
1740018735124 0.08454837764986292 313
1740018735216 0.10020511338816848 314
1740018735308 0.221805711938415 315
1740018735396 0.6134092192205527 316
1740018735484 0.09708455724141433 317
1740018735576 0.147722766048747 318
1740018735670 0.1211244779704252 319
1740018735759 0.0978743508178042 320
1740018735846 0.2525344221024768 321
1740018735936 0.21294169884599104 322
1740018736026 0.2654061151397253 323
1740018736113 0.006496232243866874 324
1740018736208 0.0023026545862238216 325
1740018736296 0.005407042472588932 326
1740018736383 0.14828161587200808 327
1740018736478 1.1199660249067234 328
1740018736568 0.42558452008964026 329
1740018736659 1.684811956281471e-06 330
1740018736748 0.11462052162321908 331
1740018736836 0.9815821641223512 332
1740018736929 0.8534880814035966 333
1740018737023 0.0002906156406545367 334
1740018737113 0.381278869659666 335
1740018737203 0.022108405548792273 336
1740018737292 0.11799432645625886 337
1740018737380 0.003995801396483733 338
1740018737469 0.011363932009778465 339
1740018737558 0.055984767148413765 340
1740018737659 0.07225969642289934 341
1740018737749 0.021173561142079078 342
1740018737837 0.10375993359541612 343
1740018737928 0.035990114363710815 344
1740018738018 0.006820463585956357 345
1740018738107 0.1476182151978673 346
1740018738200 0.07122577311768231 347
1740018738296 0.017686668140047046 348
1740018738383 0.08217868333278748 349
1740018738472 0.14544427345490993 350
1740018738561 0.01617140444198058 351
1740018738650 0.004046536099528387 352
1740018738741 0.4382461042574962 353
1740018738831 0.33581654187323634 354
1740018738920 0.20602609820296397 355
1740018739011 0.06193308144829981 356
1740018739098 0.11290338269558799 357
1740018739188 7.358372057323876e-05 358
1740018739290 0.20217131227751062 359
1740018739379 0.0030934284456580487 360
1740018739469 0.10179773615262415 361
1740018739557 0.6265387898992819 362
1740018739649 0.0005105903495155337 363
1740018739740 0.5949252997707435 364
1740018739829 0.5465200941371349 365
1740018739918 0.14931642014790278 366
1740018740015 0.32962847033514125 367
1740018740114 0.002847519955604813 368
1740018740205 0.024566315227879856 369
1740018740295 0.0072707413395512194 370
1740018740384 0.004180733581441053 371
1740018740475 0.006259409712385523 372
1740018740567 0.5647519941297898 373
1740018740655 0.0019354754353718194 374
1740018740747 0.006581898919029735 375
1740018740834 0.1188204278459608 376
1740018740922 0.0028308879700092377 377
1740018741013 0.01753276249098961 378
1740018741100 0.006195296097962879 379
1740018741190 0.025551305839445773 380
1740018741291 0.006121976566134783 381
1740018741379 0.27657484434762525 382
1740018741467 7.033692516669194e-05 383
1740018741556 0.12770756410878692 384
1740018741643 0.3529826723896856 385
1740018741740 0.227885064627506 386
1740018741830 0.08490989325956087 387
1740018741921 0.17110823201626854 388
1740018742013 0.002386039890915168 389
1740018742105 0.019138375219510385 390
1740018742195 0.09259594439766856 391
1740018742291 0.12733425835032952 392
1740018742380 0.21189426928634103 393
1740018742468 0.1413309760081182 394
1740018742557 0.02767615468723009 395
1740018742644 0.08770509152247975 396
1740018742734 0.05077071541899134 397
1740018742827 0.000313400194090187 398
1740018742914 0.10711972444254733 399
1740018743005 0.027497211087902637 400
1740018743094 0.33519226776852423 401
1740018743182 0.0020015372390104263 402
1740018743272 0.5324878490242844 403
1740018743361 0.15561196463068352 404
1740018743451 0.06340049299370983 405
1740018743540 0.019004548579511317 406
1740018743632 0.06603863738819754 407
1740018743725 0.07429072491839754 408
1740018743814 0.005210460325483862 409
1740018743906 0.21638855515093605 410
1740018743996 0.009159620806278362 411
1740018744085 0.10803539320176134 412
1740018744173 0.000201920403922843 413
1740018744267 0.15898033438828502 414
1740018744356 0.023596830326158648 415
1740018744444 0.04021550728495751 416
1740018744534 0.5428598942269679 417
1740018744624 0.17316530188658574 418
1740018744715 0.1230682410814064 419
1740018744804 0.01089050620605888 420
1740018744898 0.05931132700531595 421
1740018744989 0.001769467313126522 422
1740018745077 0.9456268697144756 423
1740018745166 0.17226094550198934 424
1740018745255 0.10474058445548934 425
1740018745342 0.008174709993400999 426
1740018745430 0.5260743691916551 427
1740018745520 0.2026988377666036 428
1740018745611 0.17690708129397723 429
1740018745703 0.05603907703141513 430
1740018745799 0.9435102311251656 431
1740018745888 0.05942093910542711 432
1740018745982 0.5878349448331606 433
1740018746072 0.003002485002716979 434
1740018746161 0.19938206254109456 435
1740018746253 0.00019405597048924346 436
1740018746343 0.45485859640156673 437
1740018746432 0.28586703067095287 438
1740018746520 0.0969523903713695 439
1740018746612 0.07209936054258555 440
1740018746704 0.015814268872649143 441
1740018746792 0.39408346435472674 442
1740018746879 0.30745659422229893 443
1740018746969 0.5098452694930274 444
1740018747062 0.0507553604442486 445
1740018747150 0.2852597012267455 446
1740018747238 0.0448330661178977 447
1740018747327 0.0001355685825984362 448
1740018747416 6.434328903597422e-05 449
1740018747505 0.04548297108864271 450
1740018747594 0.03531142543986514 451
1740018747685 0.3181589421685221 452
1740018747780 0.07337385719711888 453
1740018747869 0.08847312144261137 454
1740018747958 0.32308316390141917 455
1740018748050 0.18368837379103897 456
1740018748138 0.4293584798751312 457
1740018748231 0.008648052059180674 458
1740018748322 0.11245157487306552 459
1740018748412 0.04393369552819256 460
1740018748501 0.0016580659302600218 461
1740018748592 0.4226472107686065 462
1740018748683 0.48893891307126414 463
1740018748772 0.054571955825956 464
1740018748917 0.01756122352232109 465
1740018749007 0.04161507493059386 466
1740018749097 0.19429893515043511 467
1740018749186 0.054001800465043624 468
1740018749278 0.02713895168701379 469
1740018749366 0.19234606423616638 470
1740018749455 0.13556455151529012 471
1740018749546 0.02016806008032571 472
1740018749635 0.006457328659645442 473
1740018749724 0.028003962528466462 474
1740018749816 0.1961812295333989 475
1740018749905 0.06325297149060555 476
1740018749994 0.01940344548962251 477
1740018750083 0.04212448249568849 478
1740018750187 0.025278274933152205 479
1740018750278 0.018559450211903576 480
1740018750365 0.0010743013897412154 481
1740018750452 0.1023798110649385 482
1740018750539 0.014327312583853408 483
1740018750626 0.24364797173441935 484
1740018750717 0.04624544768699298 485
1740018750809 0.11998003102472547 486
1740018750973 0.0041898722083951135 487
1740018751065 0.07625369826112748 488
1740018751156 0.1585010817684176 489
1740018751246 0.1090722054186984 490
1740018751337 0.02521300071180564 491
1740018751426 0.005917818457547187 492
1740018751516 0.028568925186983223 493
1740018751602 0.2808487206278074 494
1740018751693 0.03593591966644293 495
1740018751782 0.08845211659978151 496
1740018751880 0.0012839158010945104 497
1740018751970 0.05484807926359646 498
1740018752058 0.06009720686779515 499
