1739983652690 6.572236828641381 0
1739983652768 6.593680181362538 1
1739983652834 6.535410821244887 2
1739983652907 6.5859925508284975 3
1739983652977 6.539643844798676 4
1739983653049 6.674208922165737 5
1739983653114 6.548085369979465 6
1739983653174 6.497104849165105 7
1739983653235 6.55172523876214 8
1739983653297 6.540401421488524 9
1739983653356 6.504071378128906 10
1739983653416 6.51939998239758 11
1739983653476 6.573572134269572 12
1739983653541 6.549615327454127 13
1739983653608 6.541482104790498 14
1739983653671 6.584487647080925 15
1739983653730 6.596440655908556 16
1739983653808 6.54327160792491 17
1739983653899 6.541812421104244 18
1739983653971 6.587317955536577 19
1739983654036 6.581402666034228 20
1739983654102 6.563346209490867 21
1739983654170 6.546106219190233 22
1739983654238 6.533748245852877 23
1739983654315 6.633026813176058 24
1739983654380 6.555873415909253 25
1739983654444 6.629772736619991 26
1739983654515 6.5601406752622955 27
1739983654586 6.540999971080842 28
1739983654651 6.547691494260997 29
1739983654711 6.539795840621203 30
1739983654781 6.632027456170773 31
1739983654842 6.555635094306777 32
1739983654901 6.605406000200005 33
1739983654965 6.5711848535945085 34
1739983655051 6.51463428906464 35
1739983655120 6.4652359141986215 36
1739983655193 6.546982181208294 37
1739983655264 6.516360248510514 38
1739983655339 6.5656681326109245 39
1739983655405 6.544301474964457 40
1739983655461 6.5359968135802635 41
1739983655532 6.645618492613308 42
1739983655617 6.547900327436126 43
1739983655701 6.657282663747382 44
1739983655787 6.559721616745976 45
1739983655871 6.635133416870255 46
1739983655952 6.62773705239974 47
1739983656033 6.572133902585354 48
1739983656100 6.604045782849418 49
1739983656165 6.585661397732467 50
1739983656226 6.511476011229803 51
1739983656298 6.6378631302316595 52
1739983656365 6.571489968698895 53
1739983656431 6.629956095195779 54
1739983656497 6.549610589927827 55
1739983656559 6.550862130720105 56
1739983656631 6.612878321076434 57
1739983656695 6.576238586203119 58
1739983656766 6.600673248055895 59
1739983656833 6.52977756604119 60
1739983656897 6.611692748167706 61
1739983656953 6.52715225388041 62
1739983657012 6.584541990443478 63
