1739994566236 169.15949537300656 0
1739994566267 168.82097777822898 1
1739994566298 168.48313842631575 2
1739994566328 168.14597595742887 3
1739994566361 167.8094890144591 4
1739994566393 167.4736762430205 5
1739994566430 167.13853629144504 6
1739994566474 166.80406781077713 7
1739994566513 166.47026945476802 8
1739994566559 166.13713987987052 9
1739994566600 165.8046777452336 10
1739994566640 165.47288171269676 11
1739994566678 165.1417504467848 12
1739994566716 164.8112826147025 13
1739994566755 164.48147688632898 14
1739994566799 164.1523319342125 15
1739994566847 163.82384643356508 16
1739994566889 163.49601906225715 17
1739994566927 163.16884850081226 18
1739994566964 162.8423334324015 19
1739994567004 162.51647254283856 20
1739994567041 162.19126452057404 21
1739994567078 161.86670805669058 22
1739994567114 161.54280184489713 23
1739994567151 161.21954458152393 24
1739994567188 160.89693496551723 25
1739994567223 160.57497169843396 26
1739994567260 160.2536534844365 27
1739994567298 159.9329790302876 28
1739994567332 159.61294704534484 29
1739994567368 159.29355624155565 30
1739994567464 158.9748053334522 31
1739994567521 158.65669303814585 32
1739994567606 158.33921807532232 33
1739994567640 158.02237916723638 34
1739994567673 157.70617503870665 35
1739994567704 157.39060441711047 36
1739994567736 157.07566603237888 37
1739994567772 156.76135861699126 38
1739994567807 156.44768090597046 39
1739994567846 156.1346316368775 40
1739994567884 155.8222095498066 41
1739994567921 155.51041338737994 42
1739994567957 155.1992418947428 43
1739994567992 154.88869381955828 44
1739994568028 154.5787679120024 45
1739994568062 154.26946292475893 46
1739994568096 153.96077761301436 47
1739994568130 153.65271073445305 48
1739994568162 153.34526104925203 49
1739994568194 153.03842732007595 50
1739994568228 152.73220831207232 51
1739994568263 152.42660279286625 52
1739994568298 152.12160953255574 53
1739994568333 151.81722730370646 54
1739994568368 151.51345488134692 55
1739994568403 151.21029104296355 56
1739994568439 150.90773456849578 57
1739994568474 150.60578424033093 58
1739994568510 150.3044388432995 59
1739994568546 150.00369716467017 60
1739994568582 149.7035579941449 61
1739994568618 149.40402012385405 62
1739994568655 149.10508234835152 63
1739994568690 148.8067434646099 64
1739994568727 148.50900227201558 65
1739994568764 148.2118575723638 66
1739994568801 147.91530816985411 67
1739994568837 147.61935287108514 68
1739994568873 147.32399048505013 69
1739994568908 147.02921982313188 70
1739994568944 146.73503969909814 71
1739994568980 146.44144892909668 72
1739994569015 146.14844633165058 73
1739994569050 145.85603072765335 74
1739994569086 145.56420094036437 75
1739994569123 145.27295579540396 76
1739994569161 144.9822941207487 77
1739994569196 144.69221474672676 78
1739994569230 144.402716506013 79
1739994569264 144.11379823362446 80
1739994569300 143.82545876691552 81
1739994569334 143.53769694557332 82
1739994569368 143.25051161161292 83
1739994569401 142.96390160937275 84
1739994569436 142.67786578550997 85
1739994569473 142.39240298899554 86
1739994569507 142.10751207111002 87
1739994569542 141.82319188543858 88
1739994569575 141.53944128786645 89
1739994569607 141.2562591365744 90
1739994569639 140.97364429203404 91
1739994569672 140.69159561700314 92
1739994569704 140.41011197652136 93
1739994569736 140.1291922379052 94
1739994569772 139.84883527074388 95
1739994569810 139.56903994689438 96
1739994569844 139.28980514047723 97
1739994569880 139.01112972787172 98
1739994569914 138.73301258771147 99
1739994569950 138.45545260087988 100
1739994569982 138.17844865050557 101
1739994570014 137.90199962195803 102
1739994570049 137.6261044028429 103
1739994570082 137.35076188299763 104
1739994570116 137.07597095448685 105
1739994570152 136.80173051159815 106
1739994570186 136.5280394508374 107
1739994570223 136.25489667092432 108
1739994570257 135.9823010727881 109
1739994570287 135.7102515595629 110
1739994570316 135.43874703658355 111
1739994570347 135.16778641138086 112
1739994570376 134.89736859367758 113
1739994570407 134.62749249538373 114
1739994570435 134.35815703059217 115
1739994570465 134.0893611155745 116
1739994570495 133.82110366877635 117
1739994570526 133.55338361081328 118
1739994570557 133.28619986446625 119
1739994570590 133.01955135467747 120
1739994570629 132.75343700854577 121
1739994570669 132.48785575532239 122
1739994570706 132.22280652640688 123
1739994570741 131.9582882553425 124
1739994570776 131.69429987781194 125
1739994570811 131.4308403316332 126
1739994570846 131.1679085567552 127
1739994570881 130.90550349525338 128
1739994570915 130.64362409132568 129
1739994570949 130.38226929128805 130
1739994570984 130.12143804357035 131
1739994571018 129.86112929871206 132
1739994571053 129.6013420093579 133
1739994571088 129.34207513025387 134
1739994571122 129.08332761824286 135
1739994571157 128.82509843226043 136
1739994571191 128.5673865333307 137
1739994571226 128.31019088456202 138
1739994571260 128.05351045114293 139
1739994571295 127.7973442003379 140
1739994571330 127.54169110148322 141
1739994571365 127.28655012598279 142
1739994571399 127.03192024730386 143
1739994571431 126.77780044097314 144
1739994571466 126.52418968457256 145
1739994571518 126.27108695773492 146
1739994571555 126.01849124214013 147
1739994571590 125.76640152151091 148
1739994571624 125.51481678160863 149
1739994571657 125.26373601022935 150
1739994571691 125.01315819719967 151
1739994571726 124.76308233437273 152
1739994571761 124.51350741562393 153
1739994571796 124.26443243684709 154
1739994571831 124.0158563959503 155
1739994571866 123.76777829285196 156
1739994571900 123.5201971294766 157
1739994571934 123.27311190975091 158
1739994571968 123.0265216395998 159
1739994572001 122.78042532694228 160
1739994572032 122.53482198168757 161
1739994572067 122.28971061573087 162
1739994572102 122.04509024294974 163
1739994572135 121.80095987919977 164
1739994572170 121.55731854231078 165
1739994572206 121.31416525208286 166
1739994572241 121.0714990302824 167
1739994572279 120.82931890063803 168
1739994572315 120.58762388883684 169
1739994572354 120.3464130225204 170
1739994572393 120.10568533128074 171
1739994572433 119.86543984665653 172
1739994572473 119.6256756021292 173
1739994572520 119.38639163311899 174
1739994572562 119.14758697698093 175
1739994572598 118.90926067300124 176
1739994572633 118.67141176239319 177
1739994572667 118.43403928829336 178
1739994572701 118.19714229575773 179
1739994572736 117.96071983175793 180
1739994572771 117.72477094517714 181
1739994572806 117.48929468680663 182
1739994572840 117.25429010934153 183
1739994572874 117.0197562673773 184
1739994572907 116.7856922174058 185
1739994572939 116.5520970178115 186
1739994572970 116.31896972886763 187
1739994573003 116.08630941273245 188
1739994573036 115.85411513344545 189
1739994573070 115.62238595692355 190
1739994573105 115.39112095095736 191
1739994573139 115.16031918520744 192
1739994573173 114.92997973120045 193
1739994573206 114.70010166232547 194
1739994573239 114.47068405383028 195
1739994573273 114.24172598281761 196
1739994573308 114.01322652824136 197
1739994573342 113.78518477090297 198
1739994573376 113.55759979344766 199
1739994573410 113.33047068036075 200
1739994573445 113.10379651796389 201
1739994573480 112.8775763944115 202
1739994573515 112.65180939968704 203
1739994573550 112.42649462559925 204
1739994573585 112.20163116577862 205
1739994573619 111.97721811567365 206
1739994573653 111.75325457254723 207
1739994573689 111.52973963547296 208
1739994573724 111.30667240533157 209
1739994573759 111.08405198480723 210
1739994573796 110.861877478384 211
1739994573832 110.64014799234216 212
1739994573869 110.41886263475463 213
1739994573907 110.19802051548335 214
1739994573944 109.9776207461757 215
1739994573981 109.7576624402609 216
1739994574016 109.5381447129465 217
1739994574051 109.31906668121471 218
1739994574087 109.1004274638189 219
1739994574124 108.88222618128003 220
1739994574164 108.66446195588306 221
1739994574206 108.44713391167355 222
1739994574246 108.2302411744539 223
1739994574310 108.01378287177997 224
1739994574349 107.79775813295764 225
1739994574389 107.58216608903908 226
1739994574431 107.36700587281936 227
1739994574475 107.15227661883301 228
1739994574515 106.93797746335039 229
1739994574559 106.72410754437435 230
1739994574599 106.51066600163661 231
1739994574640 106.2976519765944 232
1739994574677 106.08506461242693 233
1739994574714 105.872903054032 234
1739994574752 105.66116644802244 235
1739994574792 105.44985394272277 236
1739994574831 105.23896468816574 237
1739994574918 105.02849783608887 238
1739994574964 104.81845253993102 239
1739994575011 104.60882795482905 240
1739994575061 104.39962323761434 241
1739994575109 104.19083754680933 242
1739994575159 103.98247004262433 243
1739994575213 103.7745198869539 244
1739994575262 103.56698624337366 245
1739994575313 103.35986827713673 246
1739994575361 103.15316515517056 247
1739994575402 102.94687604607336 248
1739994575438 102.74100012011093 249
1739994575476 102.5355365492132 250
1739994575515 102.33048450697096 251
1739994575555 102.12584316863246 252
1739994575591 101.9216117111001 253
1739994575628 101.71778931292715 254
1739994575665 101.51437515431441 255
1739994575703 101.31136841710685 256
1739994575737 101.10876828479043 257
1739994575775 100.90657394248865 258
1739994575812 100.70478457695944 259
1739994575848 100.50339937659172 260
1739994575884 100.30241753140218 261
1739994575920 100.1018382330321 262
1739994575956 99.90166067474392 263
1739994575993 99.70188405141815 264
1739994576030 99.50250755954998 265
1739994576067 99.30353039724618 266
1739994576104 99.10495176422175 267
1739994576139 98.90677086179672 268
1739994576175 98.70898689289297 269
1739994576211 98.51159906203098 270
1739994576247 98.3146065753266 271
1739994576282 98.11800864048787 272
1739994576318 97.92180446681189 273
1739994576353 97.72599326518151 274
1739994576387 97.53057424806222 275
1739994576423 97.33554662949894 276
1739994576459 97.14090962511287 277
1739994576494 96.94666245209837 278
1739994576529 96.75280432921964 279
1739994576564 96.55933447680783 280
1739994576598 96.36625211675761 281
1739994576633 96.17355647252424 282
1739994576668 95.98124676912033 283
1739994576703 95.78932223311278 284
1739994576737 95.59778209261964 285
1739994576773 95.40662557730691 286
1739994576811 95.21585191838555 287
1739994576845 95.02546034860836 288
1739994576877 94.83545010226683 289
1739994576909 94.64582041518807 290
1739994576940 94.45657052473177 291
1739994576974 94.26769966978708 292
1739994577008 94.0792070907695 293
1739994577040 93.89109202961797 294
1739994577072 93.70335372979162 295
1739994577108 93.51599143626683 296
1739994577143 93.32900439553417 297
1739994577179 93.14239185559535 298
1739994577214 92.95615306596022 299
1739994577251 92.77028727764365 300
1739994577286 92.58479374316262 301
1739994577321 92.39967171653312 302
1739994577357 92.2149204532672 303
1739994577390 92.0305392103699 304
1739994577426 91.84652724633636 305
1739994577461 91.66288382114872 306
1739994577496 91.47960819627319 307
1739994577532 91.29669963465706 308
1739994577567 91.11415740072574 309
1739994577602 90.93198076037976 310
1739994577637 90.7501689809918 311
1739994577672 90.56872133140385 312
1739994577707 90.38763708192413 313
1739994577743 90.20691550432413 314
1739994577777 90.02655587183581 315
1739994577812 89.84655745914858 316
1739994577846 89.6669195424064 317
1739994577880 89.4876413992048 318
1739994577915 89.30872230858805 319
1739994577949 89.13016155104617 320
1739994577983 88.95195840851216 321
1739994578021 88.77411216435891 322
1739994578055 88.5966221033965 323
1739994578089 88.41948751186919 324
1739994578122 88.24270767745263 325
1739994578157 88.06628188925085 326
1739994578194 87.89020943779359 327
1739994578230 87.71448961503323 328
1739994578265 87.53912171434212 329
1739994578300 87.36410503050958 330
1739994578335 87.18943885973917 331
1739994578369 87.01512249964574 332
1739994578404 86.84115524925276 333
1739994578439 86.6675364089893 334
1739994578474 86.49426528068733 335
1739994578509 86.32134116757886 336
1739994578544 86.14876337429322 337
1739994578579 85.97653120685405 338
1739994578613 85.80464397267676 339
1739994578647 85.6331009805655 340
1739994578681 85.46190154071057 341
1739994578715 85.2910449646855 342
1739994578750 85.1205305654443 343
1739994578785 84.95035765731878 344
1739994578819 84.78052555601565 345
1739994578854 84.61103357861386 346
1739994578887 84.44188104356178 347
1739994578922 84.27306727067453 348
1739994578956 84.10459158113112 349
1739994578991 83.93645329747189 350
1739994579025 83.76865174359553 351
1739994579060 83.60118624475663 352
1739994579094 83.43405612756273 353
1739994579131 83.26726071997173 354
1739994579167 83.10079935128911 355
1739994579210 82.93467135216534 356
1739994579262 82.76887605459301 357
1739994579311 82.60341279190429 358
1739994579361 82.43828089876816 359
1739994579402 82.27347971118769 360
1739994579438 82.10900856649755 361
1739994579473 81.94486680336108 362
1739994579507 81.78105376176781 363
1739994579542 81.6175687830307 364
1739994579574 81.45441120978359 365
1739994579607 81.29158038597836 366
1739994579640 81.12907565688256 367
1739994579674 80.96689636907645 368
1739994579708 80.80504187045068 369
1739994579744 80.64351151020337 370
1739994579780 80.48230463883773 371
1739994579814 80.32142060815931 372
1739994579850 80.16085877127335 373
1739994579884 80.00061848258234 374
1739994579918 79.84069909778322 375
1739994579953 79.68109997386489 376
1739994579988 79.52182046910563 377
1739994580022 79.36285994307048 378
1739994580060 79.2042177566086 379
1739994580095 79.04589327185083 380
1739994580129 78.88788585220695 381
1739994580164 78.73019486236329 382
1739994580199 78.57281966828003 383
1739994580234 78.41575963718869 384
1739994580268 78.2590141375896 385
1739994580303 78.10258253924935 386
1739994580339 77.94646421319823 387
1739994580376 77.79065853172762 388
1739994580411 77.6351648683876 389
1739994580447 77.47998259798442 390
1739994580482 77.3251110965778 391
1739994580517 77.17054974147864 392
1739994580551 77.01629791124631 393
1739994580585 76.86235498568631 394
1739994580621 76.70872034584762 395
1739994580655 76.5553933740204 396
1739994580689 76.40237345373326 397
1739994580725 76.24965996975092 398
1739994580760 76.09725230807177 399
1739994580795 75.94514985592527 400
1739994580831 75.79335200176955 401
1739994580866 75.64185813528893 402
1739994580901 75.49066764739143 403
1739994580939 75.33977993020639 404
1739994580977 75.189194377082 405
1739994581014 75.03891038258271 406
1739994581053 74.88892734248707 407
1739994581091 74.73924465378497 408
1739994581129 74.58986171467545 409
1739994581167 74.44077792456423 410
1739994581205 74.29199268406114 411
1739994581244 74.14350539497792 412
1739994581281 73.99531546032564 413
1739994581318 73.8474222843124 414
1739994581356 73.69982527234083 415
1739994581392 73.5525238310058 416
1739994581430 73.40551736809192 417
1739994581468 73.25880529257125 418
1739994581506 73.11238701460086 419
1739994581541 72.96626194552042 420
1739994581578 72.82042949784997 421
1739994581613 72.67488908528736 422
1739994581648 72.52964012270601 423
1739994581683 72.38468202615253 424
1739994581717 72.24001421284436 425
1739994581753 72.09563610116739 426
1739994581790 71.95154711067362 427
1739994581824 71.80774666207894 428
1739994581860 71.66423417726058 429
1739994581894 71.52100907925498 430
1739994581928 71.37807079225534 431
1739994581963 71.23541874160931 432
1739994581998 71.09305235381674 433
1739994582033 70.95097105652737 434
1739994582070 70.80917427853835 435
1739994582113 70.6676614497922 436
1739994582149 70.52643200137432 437
1739994582185 70.38548536551073 438
1739994582221 70.2448209755659 439
1739994582256 70.10443826604028 440
1739994582292 69.96433667256814 441
1739994582329 69.8245156319153 442
1739994582364 69.68497458197677 443
1739994582398 69.54571296177458 444
1739994582433 69.40673021145551 445
1739994582476 69.26802577228872 446
1739994582526 69.12959908666366 447
1739994582573 68.99144959808768 448
1739994582618 68.85357675118391 449
1739994582660 68.71597999168891 450
1739994582702 68.57865876645047 451
1739994582739 68.4416125234255 452
1739994582784 68.30484071167758 453
1739994582834 68.16834278137493 454
1739994582885 68.03211818378809 455
1739994582938 67.89616637128773 456
1739994582985 67.76048679734255 457
1739994583038 67.62507891651681 458
1739994583082 67.48994218446848 459
1739994583125 67.35507605794677 460
1739994583167 67.22047999479001 461
1739994583209 67.08615345392357 462
1739994583247 66.95209589535754 463
1739994583284 66.81830678018467 464
1739994583342 66.68478557057811 465
1739994583382 66.55153172978926 466
1739994583423 66.41854472214564 467
1739994583457 66.2858240130487 468
1739994583488 66.15336906897167 469
1739994583526 66.02117935745744 470
1739994583561 65.88925434711638 471
1739994583593 65.7575935076242 472
1739994583624 65.62619630971982 473
1739994583656 65.49506222520321 474
1739994583686 65.36419072693334 475
1739994583718 65.23358128882597 476
1739994583779 65.10323338585155 477
1739994583899 64.97314649403317 478
1739994583938 64.84332009044432 479
1739994583979 64.7137536532069 480
1739994584024 64.58444666148904 481
1739994584069 64.45539859550308 482
1739994584124 64.32660893650339 483
1739994584186 64.19807716678433 484
1739994584215 64.06980276967812 485
1739994584237 63.94178522955284 486
1739994584263 63.81402403181025 487
1739994584284 63.68651866288379 488
1739994584312 63.55926861023648 489
1739994584335 63.432273362358856 490
1739994584371 63.305532408766894 491
1739994584413 63.17904524000002 492
1739994584456 63.05281134761894 493
1739994584485 62.92683022420371 494
1739994584516 62.80110136335159 495
1739994584543 62.6756242596751 496
1739994584566 62.550398408799914 497
1739994584588 62.425423307362806 498
1739994584609 62.30069845300972 499
