1740004593856 168.7980120451159 0
1740004593875 165.5782909934172 1
1740004593899 163.97143586603863 2
1740004593917 162.35876250649244 3
1740004593938 160.76199465629855 4
1740004593958 159.18123156850803 5
1740004593977 157.61601557433238 6
1740004593999 156.06613541733213 7
1740004594018 154.53178352091896 8
1740004594036 153.0125231903334 9
1740004594057 151.50815127748928 10
1740004594076 150.01884473529836 11
1740004594095 148.54418762821655 12
1740004594113 147.08398464250917 13
1740004594131 145.6383978727215 14
1740004594149 144.2070314062037 15
1740004594170 142.7896975000048 16
1740004594192 141.3865439859942 17
1740004594212 139.9970866532946 18
1740004594236 138.6215259927982 19
1740004594258 137.25949889234172 20
1740004594278 135.91083028322794 21
1740004594298 134.57564231993447 22
1740004594318 133.25359161001495 23
1740004594336 131.94450995999318 24
1740004594356 130.6485068298431 25
1740004594375 129.3651676317856 26
1740004594393 128.09464501749412 27
1740004594411 126.83662545588611 28
1740004594430 125.59095234041799 29
1740004594449 124.35771197382577 30
1740004594467 123.13653136549203 31
1740004594485 121.92753433673265 32
1740004594503 120.73043693946084 33
1740004594521 119.54509349218642 34
1740004594543 118.37156866046116 35
1740004594562 117.20952855495801 36
1740004594580 116.05907004226913 37
1740004594600 114.91993700291513 38
1740004594618 113.79199406686314 39
1740004594636 112.67528571428196 40
1740004594655 111.56951477570114 41
1740004594674 110.47475295425872 42
1740004594693 109.3907182258891 43
1740004594713 108.31747038731537 44
1740004594732 107.25479104911797 45
1740004594750 106.2025586613874 46
1740004594768 105.16078985919238 47
1740004594787 104.12923736967423 48
1740004594806 103.10793825274192 49
1740004594828 102.0966592320982 50
1740004594850 101.09542640576679 51
1740004594868 100.10402131522679 52
1740004594888 99.12245936145491 53
1740004594909 98.15056719804494 54
1740004594928 97.18823971515596 55
1740004594947 96.23546023043458 56
1740004594965 95.29204102143504 57
1740004594983 94.3579777174968 58
1740004595002 93.43309520580895 59
1740004595020 92.5173793002092 60
1740004595039 91.61066822682675 61
1740004595057 90.71293822870192 62
1740004595076 89.82404054356991 63
1740004595099 88.94394209685426 64
1740004595117 88.07250681654915 65
1740004595136 87.20969255899136 66
1740004595155 86.35537562709642 67
1740004595174 85.5095050520656 68
1740004595193 84.6719692023073 69
1740004595211 83.84270852333219 70
1740004595229 83.02162314542339 71
1740004595247 82.20864516341055 72
1740004595267 81.40368617154694 73
1740004595286 80.60667014462523 74
1740004595304 79.81751984858205 75
1740004595322 79.03615136452082 76
1740004595342 78.2624983432989 77
1740004595363 77.49646919444973 78
1740004595381 76.73800817241997 79
1740004595399 75.9870162331312 80
1740004595418 75.24344795862838 81
1740004595437 74.50719706508413 82
1740004595456 73.77822819140135 83
1740004595474 73.05642802383653 84
1740004595492 72.34177099257286 85
1740004595510 71.63413695981765 86
1740004595530 70.93350988653228 87
1740004595550 70.23976301283939 88
1740004595568 69.55288957496694 89
1740004595587 68.87275638907704 90
1740004595605 68.19936571605889 91
1740004595624 67.5325781424595 92
1740004595642 66.87240470804751 93
1740004595660 66.21869996038214 94
1740004595678 65.57148347707181 95
1740004595697 64.93060395365669 96
1740004595720 64.29608926920744 97
1740004595738 63.66778245061426 98
1740004595757 63.04571944661563 99
1740004595775 62.429737795279216 100
1740004595794 61.81988128772253 101
1740004595814 61.21598214953353 102
1740004595836 60.618091791349286 103
1740004595859 60.02603729919258 104
1740004595944 59.439877484714636 105
1740004595969 58.85943446391479 106
1740004595989 58.28477423523332 107
1740004596007 57.71571411086968 108
1740004596026 57.15232706603539 109
1740004596045 56.59442577208941 110
1740004596064 56.042089975132534 111
1740004596083 55.49512786543135 112
1740004596101 54.95362575815943 113
1740004596119 54.41743859281647 114
1740004596138 53.886481379543724 115
1740004596157 53.36083307547327 116
1740004596175 52.840285095614256 117
1740004596193 52.32494512484712 118
1740004596212 51.814601121206614 119
1740004596233 51.309366586525925 120
1740004596251 50.80902574729136 121
1740004596274 50.31369774618235 122
1740004596294 49.82322315389522 123
1740004596313 49.33751769012609 124
1740004596332 48.85668687007477 125
1740004596350 48.38050002709963 126
1740004596369 47.90909543056649 127
1740004596387 47.44230479262874 128
1740004596406 46.98004388223794 129
1740004596425 46.52243367908396 130
1740004596443 46.06923002842894 131
1740004596461 45.62058907946863 132
1740004596479 45.1762642025084 133
1740004596501 44.73641601911442 134
1740004596520 44.300866467697745 135
1740004596539 43.86953182882984 136
1740004596557 43.44255114367341 137
1740004596575 43.019665269584905 138
1740004596596 42.60105114640511 139
1740004596614 42.1865232868438 140
1740004596633 41.77599812575212 141
1740004596651 41.36962787867354 142
1740004596669 40.96714209107705 143
1740004596689 40.56873291042762 144
1740004596708 40.174207992345586 145
1740004596726 39.78348397051435 146
1740004596745 39.396725334481054 147
1740004596766 39.01365117948495 148
1740004596786 38.63446780944767 149
1740004596804 38.258976564082694 150
1740004596822 37.88709431820535 151
1740004596842 37.518996978715755 152
1740004596863 37.15439401046681 153
1740004596883 36.793504873767624 154
1740004596902 36.43612510733413 155
1740004596920 36.082171867218726 156
1740004596939 35.73183166290444 157
1740004596958 35.384805108582384 158
1740004596976 35.04132386982686 159
1740004596994 34.7011781740455 160
1740004597012 34.364285496498006 161
1740004597030 34.03084217458755 162
1740004597050 33.70063379276368 163
1740004597068 33.37357767551883 164
1740004597086 33.04987762482034 165
1740004597104 32.729219311202925 166
1740004597124 32.411854364224546 167
1740004597144 32.097563935566484 168
1740004597163 31.786265731933234 169
1740004597180 31.478172165977387 170
1740004597199 31.172961977083357 171
1740004597218 30.870896673549378 172
1740004597236 30.571753303613875 173
1740004597254 30.275449992731296 174
1740004597273 29.98220708783531 175
1740004597291 29.69179776121981 176
1740004597311 29.40414004393991 177
1740004597329 29.119460656749173 178
1740004597348 28.837529109631287 179
1740004597366 28.55826335264605 180
1740004597384 28.281896221970825 181
1740004597404 28.008088860100713 182
1740004597423 27.737126340682277 183
1740004597441 27.468775038022883 184
1740004597459 27.20295340342752 185
1740004597478 26.939900724885874 186
1740004597497 26.6793801086525 187
1740004597515 26.421309960275696 188
1740004597533 26.16593508769945 189
1740004597552 25.912906838696745 190
1740004597571 25.66252403483698 191
1740004597589 25.414547218392354 192
1740004597608 25.168895347693482 193
1740004597626 24.925818730483318 194
1740004597644 24.68507502819833 195
1740004597665 24.446583182248688 196
1740004597684 24.210598472578013 197
1740004597702 23.97687577098905 198
1740004597720 23.745334013619704 199
1740004597738 23.51623323713105 200
1740004597757 23.289212233510455 201
1740004597776 23.064587320003568 202
1740004597796 22.842111542993614 203
1740004597815 22.621704461059743 204
1740004597835 22.403630390541142 205
1740004597857 22.18763999676169 206
1740004597875 21.973652860381012 207
1740004597893 21.76193756807483 208
1740004597913 21.5522424334428 209
1740004597934 21.344487069912905 210
1740004597955 21.138944140943888 211
1740004597973 20.93535973199816 212
1740004597991 20.733653501692324 213
1740004598010 20.534102002614702 214
1740004598029 20.336449211864647 215
1740004598048 20.14061484524043 216
1740004598066 19.946879162582423 217
1740004598085 19.754864379674324 218
1740004598103 19.56491002754538 219
1740004598122 19.376759280340973 220
1740004598143 19.19033257607364 221
1740004598161 19.005912777539763 222
1740004598180 18.82324136891162 223
1740004598198 18.64223886608812 224
1740004598219 18.46319143821114 225
1740004598237 18.285838823117004 226
1740004598256 18.11010162382777 227
1740004598276 17.936269152792445 228
1740004598297 17.764079505609978 229
1740004598321 17.59345338274664 230
1740004598340 17.424683082023197 231
1740004598358 17.257505157582298 232
1740004598377 17.091840417274213 233
1740004598396 16.92798399134819 234
1740004598415 16.765670990038277 235
1740004598433 16.604822338145667 236
1740004598451 16.445735850265596 237
1740004598470 16.28814528712014 238
1740004598491 16.13197169966382 239
1740004598510 15.977515443488109 240
1740004598528 15.824509021129066 241
1740004598547 15.67287361854078 242
1740004598565 15.522911993568753 243
1740004598585 15.374355478897028 244
1740004598605 15.227125403977412 245
1740004598623 15.081526794652792 246
1740004598641 14.937162604024772 247
1740004598659 14.794400646661462 248
1740004598678 14.652972858465976 249
1740004598696 14.51280142841739 250
1740004598714 14.374191688986652 251
1740004598732 14.236874834985757 252
1740004598752 14.10077320966567 253
1740004598771 13.966194133512023 254
1740004598789 13.832867884960294 255
1740004598808 13.700716968543588 256
1740004598830 13.570050572866585 257
1740004598853 13.440598136240064 258
1740004598873 13.312282331659963 259
1740004598891 13.185414099915288 260
1740004598909 13.059722112847684 261
1740004598928 12.935129218788152 262
1740004598949 12.811947998644786 263
1740004598967 12.689906428916968 264
1740004598985 12.568927539841994 265
1740004599003 12.449325444147181 266
1740004599021 12.330827491654176 267
1740004599040 12.213356900784023 268
1740004599060 12.09722921144733 269
1740004599078 11.982171213054894 270
1740004599096 11.868106318202377 271
1740004599115 11.755351392912713 272
1740004599135 11.643632730118325 273
1740004599153 11.532873942300784 274
1740004599172 11.423393123992755 275
1740004599190 11.314916133308198 276
1740004599209 11.207366788053239 277
1740004599227 11.101064317041837 278
1740004599245 10.995734203017147 279
1740004599264 10.891300474282655 280
1740004599281 10.788083402987418 281
1740004599303 10.685808153798254 282
1740004599323 10.584398970429563 283
1740004599343 10.484177080611953 284
1740004599361 10.384867386134673 285
1740004599384 10.286394350784025 286
1740004599406 10.189080073223797 287
1740004599426 10.092649245525035 288
1740004599444 9.997026555960764 289
1740004599464 9.90253489249942 290
1740004599486 9.80889878866879 291
1740004599507 9.716043161403588 292
1740004599525 9.624291609285072 293
1740004599543 9.533368556541925 294
1740004599561 9.443199152711884 295
1740004599579 9.35410763115274 296
1740004599600 9.26581835415989 297
1740004599619 9.17825670758791 298
1740004599637 9.091747486511204 299
1740004599655 9.006015036830549 300
1740004599674 8.920984984209635 301
1740004599692 8.836982615078817 302
1740004599710 8.75373230270562 303
1740004599727 8.67115991583955 304
1740004599745 8.589591164530157 305
1740004599766 8.50875049144478 306
1740004599785 8.428564011485502 307
1740004599803 8.349357793134843 308
1740004599821 8.270856388812264 309
1740004599842 8.192986162435066 310
1740004599866 8.116073478211403 311
1740004599889 8.039843037031002 312
1740004599910 7.9642214544902785 313
1740004599934 7.889535330224915 314
1740004599957 7.815509550724188 315
1740004599985 7.742070985734462 316
1740004600005 7.669546412361789 317
1740004600024 7.597660938279929 318
1740004600043 7.526341689668118 319
1740004600065 7.4559155654203675 320
1740004600084 7.386107928478696 321
1740004600104 7.316846163555555 322
1740004600122 7.248457237860447 323
1740004600141 7.180666802228524 324
1740004600160 7.113402501828381 325
1740004600178 7.0469913208594175 326
1740004600198 6.9811592292572175 327
1740004600216 6.915834134396979 328
1740004600236 6.851342988227787 329
1740004600256 6.787412109615549 330
1740004600274 6.723969669725129 331
1740004600293 6.661342541040395 332
1740004600312 6.59925741984945 333
1740004600340 6.537642742527248 334
1740004600360 6.476825256844447 335
1740004600378 6.416532063703524 336
1740004600397 6.356691865952036 337
1740004600415 6.297631243309373 338
1740004600434 6.2390777272222495 339
1740004600452 6.180960288120172 340
1740004600470 6.123605296187499 341
1740004600489 6.066740738119311 342
1740004600507 6.010295852887718 343
1740004600527 5.9545967614584825 344
1740004600547 5.8993719292890745 345
1740004600565 5.844550864710644 346
1740004600584 5.790459401534157 347
1740004600604 5.736826506338144 348
1740004600623 5.683581957489423 349
1740004600641 5.6310512654039 350
1740004600659 5.5789639190184195 351
1740004600677 5.527249967276518 352
1740004600729 5.476234562604575 353
1740004600749 5.42564773644668 354
1740004600768 5.375419808732793 355
1740004600786 5.325875540902159 356
1740004600808 5.27674552599906 357
1740004600828 5.227960355222282 358
1740004600850 5.179844367575631 359
1740004600870 5.132128735771969 360
1740004600890 5.0847443224381035 361
1740004600911 5.038015014196912 362
1740004600931 4.991672580504455 363
1740004600949 4.945648155455387 364
1740004600968 4.900265144803836 365
1740004600986 4.8552559308598155 366
1740004601006 4.810551919110211 367
1740004601024 4.766476007366081 368
1740004601042 4.722761205967588 369
1740004601061 4.679339191606478 370
1740004601079 4.636532328447046 371
1740004601101 4.5940742691296625 372
1740004601119 4.551896961255554 373
1740004601137 4.510322210967323 374
1740004601156 4.469084326597314 375
1740004601174 4.428115526256392 376
1740004601193 4.387737034978513 377
1740004601211 4.347683829328615 378
1740004601229 4.307888397426393 379
1740004601248 4.268671361358542 380
1740004601267 4.229768377638378 381
1740004601287 4.191112203796181 382
1740004601305 4.153022838342326 383
1740004601324 4.115236628655346 384
1740004601343 4.077686600983711 385
1740004601362 4.040692110804352 386
1740004601381 4.003990206503956 387
1740004601399 3.9675141822659534 388
1740004601417 3.931582732211923 389
1740004601436 3.8959336151302617 390
1740004601455 3.860500392268489 391
1740004601474 3.825601079170396 392
1740004601492 3.790974153694137 393
1740004601510 3.756553443195975 394
1740004601528 3.722656268484091 395
1740004601550 3.6890218344522037 396
1740004601568 3.65558423352853 397
1740004601586 3.6226600766585784 398
1740004601607 3.5899893030578527 399
1740004601626 3.557506269111338 400
1740004601646 3.525526861772508 401
1740004601665 3.4936655640979355 402
1740004601683 3.4622999820993785 403
1740004601701 3.4311734707955686 404
1740004601720 3.4002214287887584 405
1740004601739 3.3697553207935647 406
1740004601757 3.3395196467705928 407
1740004601775 3.3094500531794817 408
1740004601794 3.2798573047235453 409
1740004601812 3.250486610893606 410
1740004601835 3.2212738668648915 411
1740004601855 3.192529125476664 412
1740004601874 3.163998311039903 413
1740004601892 3.1356175662052106 414
1740004601911 3.10769622098058 415
1740004601930 3.0799809192077854 416
1740004601949 3.0524080497057975 417
1740004601968 3.0252862095319952 418
1740004601986 2.9983627662097057 419
1740004602005 2.9715743533551384 420
1740004602024 2.945228825775457 421
1740004602043 2.91907427828538 422
1740004602061 2.8930475878656705 423
1740004602081 2.8674558585661214 424
1740004602101 2.8420479155801823 425
1740004602120 2.8167608777614195 426
1740004602139 2.7919010906609985 427
1740004602157 2.7672181124338713 428
1740004602176 2.742649302258045 429
1740004602195 2.7185002401848037 430
1740004602215 2.6945212194263104 431
1740004602233 2.6706498378824355 432
1740004602251 2.647190903818127 433
1740004602271 2.623774020949191 434
1740004602289 2.6007633152096408 435
1740004602310 2.577912483645104 436
1740004602328 2.555160123463387 437
1740004602348 2.5328065577203653 438
1740004602375 2.5106066183727633 439
1740004602394 2.4884991239012715 440
1740004602412 2.4667836691468543 441
1740004602430 2.445215778865988 442
1740004602450 2.4237344934302953 443
1740004602470 2.402638674480744 444
1740004602488 2.381684540506184 445
1740004602508 2.3608113521467704 446
1740004602526 2.3403172334972093 447
1740004602546 2.319959097297224 448
1740004602564 2.2996764227873046 449
1740004602582 2.2797665927754593 450
1740004602602 2.2599872143717854 451
1740004602620 2.2402779837051763 452
1740004602639 2.220935539140982 453
1740004602657 2.2016001686287905 454
1740004602676 2.182626120473399 455
1740004602694 2.1637743360199235 456
1740004602713 2.1449854741669694 457
1740004602734 2.12655174025903 458
1740004602752 2.1082351626362636 459
1740004602770 2.0899765993298933 460
1740004602788 2.072067562552397 461
1740004602808 2.054270726224777 462
1740004602831 2.0365271481198737 463
1740004602853 2.0191276450155367 464
1740004602876 2.0018355357493878 465
1740004602900 1.9845920761494167 466
1740004602924 1.9676873857819808 467
1740004602946 1.950885427397914 468
1740004602967 1.9341276531570233 469
1740004602988 1.9177034841324798 470
1740004603010 1.9012624920239698 471
1740004603034 1.8851502205093817 472
1740004603059 1.869133883625163 473
1740004603078 1.8531558620716746 474
1740004603097 1.837501224415325 475
1740004603116 1.8219382150336012 476
1740004603135 1.8064093931664893 477
1740004603153 1.7911991847797288 478
1740004603172 1.7760764257423707 479
1740004603194 1.7609838544928371 480
1740004603213 1.7462052536617838 481
1740004603233 1.7315100490801818 482
1740004603251 1.716841156716319 483
1740004603271 1.7024817155800829 484
1740004603289 1.6880892760532245 485
1740004603310 1.6740018193101691 486
1740004603329 1.6599919354665373 487
1740004603351 1.6460034378471633 488
1740004603370 1.6323152064686197 489
1740004603390 1.6187008026297631 490
1740004603410 1.6051041995385753 491
1740004603428 1.5918036918651837 492
1740004603447 1.5785733768333494 493
1740004603465 1.565357388280787 494
1740004603484 1.5524334355914093 495
1740004603503 1.5395761500245417 496
1740004603521 1.5267298244509708 497
1740004603540 1.5141715834268468 498
1740004603558 1.5015665780280754 499
