1739988621852 6.826565552221429 0
1739988621946 6.466390589493099 1
1739988622028 6.30301283045273 2
1739988622120 6.878160910815952 3
1739988622211 6.657856463421504 4
1739988622300 5.911394999666401 5
1739988622389 7.652781405486288 6
1739988622482 10.165511007699559 7
1739988622574 11.549872513367003 8
1739988622672 7.150112341614601 9
1739988622764 7.384078481160904 10
1739988622856 4.665831302890783 11
1739988622951 6.486552738347875 12
1739988623216 7.201434811608929 13
1739988623359 6.158456832711495 14
1739988623512 6.078943897433942 15
1739988623602 5.958219303985957 16
1739988623693 6.942082521950521 17
1739988623779 6.376176759668126 18
1739988623863 4.728989022195861 19
1739988623949 9.5063807373703 20
1739988624030 6.343234492228095 21
1739988624112 5.156473040810943 22
1739988624201 5.782196165627824 23
1739988624283 7.393196634603038 24
1739988624369 6.184192574277033 25
1739988624453 6.9123338167328745 26
1739988624540 7.402835276703998 27
1739988624627 6.888116033346885 28
1739988624710 6.183033656804657 29
1739988624795 7.118693732624963 30
1739988624882 5.070077226391029 31
1739988624966 5.998945892237947 32
1739988625048 6.659811540385123 33
1739988625133 6.76549924367533 34
1739988625217 6.818929050215211 35
1739988625311 6.4330143094851495 36
1739988625398 6.80140880478603 37
1739988625486 8.575592601230323 38
1739988625572 6.29569121800902 39
1739988625734 6.589010830267933 40
1739988625834 5.842967928054247 41
1739988625925 6.147514985379104 42
1739988626013 6.19060463037029 43
1739988626110 8.559701024483637 44
1739988626200 5.957144029140841 45
1739988626290 7.340768707619682 46
1739988626379 6.783243005632684 47
1739988626467 5.428431979500621 48
1739988626563 5.976229812965642 49
1739988626666 7.310375727081754 50
1739988626812 6.105713602180684 51
1739988626930 6.469523697773438 52
1739988627022 5.869108651069355 53
1739988627117 6.726767400679851 54
1739988627210 6.406843865168451 55
1739988627303 6.529976799729576 56
1739988627393 7.050275801901743 57
1739988627484 6.601470727521975 58
1739988627576 8.85817020377693 59
1739988627670 6.354433534509164 60
1739988627757 8.243745594047862 61
1739988627844 7.0769346954728976 62
1739988627932 7.394682552295448 63
1739988628018 6.187457295939817 64
1739988628106 5.7621715361373775 65
1739988628193 6.165550734294193 66
1739988628280 6.468549850881267 67
1739988628366 7.087244406176222 68
1739988628454 6.347864438665344 69
1739988628541 3.91853901120275 70
1739988628628 6.134104104191115 71
1739988628715 6.885079489651633 72
1739988628806 7.103329700605681 73
1739988628893 6.731188993585342 74
1739988628981 7.619718764091428 75
1739988629068 5.877453891389134 76
1739988629155 6.619237729688532 77
1739988629241 4.52469254100469 78
1739988629327 6.014863714903037 79
1739988629412 5.018407520715316 80
1739988629498 8.088834624111442 81
1739988629585 6.174341064693678 82
1739988629673 7.45616941940854 83
1739988629761 7.095992995434836 84
1739988629847 6.443961030525173 85
1739988629936 5.242382745961112 86
1739988630023 6.798818301153406 87
1739988630110 8.812623689669005 88
1739988630198 6.666220010580589 89
1739988630288 6.06204509963682 90
1739988630437 7.624680049754731 91
1739988630524 6.021428403728159 92
1739988630610 6.991477210849916 93
1739988630698 7.069341987892487 94
1739988630786 6.953071248423868 95
1739988630872 6.991728533399224 96
1739988630959 7.006863051195083 97
1739988631045 7.749753931083654 98
1739988631132 5.265373537583215 99
1739988631220 5.162162052254239 100
1739988631305 9.312822533500658 101
1739988631392 6.322651590095902 102
1739988631479 11.283436094248922 103
1739988631567 7.022746342857004 104
1739988631658 8.155355754661462 105
1739988631746 5.936414947304305 106
1739988631834 6.978646583712649 107
1739988631919 7.471359574814174 108
1739988632008 5.859891044911863 109
1739988632096 6.4841004919998575 110
1739988632186 5.463053170567316 111
1739988632275 5.575231005507256 112
1739988632363 7.200205787191609 113
1739988632449 6.836654254877865 114
1739988632534 6.901178175865737 115
1739988632620 7.4390954505931814 116
1739988632708 6.606238119484896 117
1739988632795 4.959128866702398 118
1739988632884 6.771443860735912 119
1739988632971 5.523349667338699 120
1739988633057 7.729596352326766 121
1739988633143 5.483178394671037 122
1739988633234 6.7478230743414205 123
1739988633320 6.189261885784794 124
1739988633406 7.079732503173705 125
1739988633493 6.119052531893656 126
1739988633579 5.870523093647437 127
1739988633664 7.880616971251845 128
1739988633752 6.745337480753115 129
1739988633844 6.711862135819076 130
1739988633931 7.217270058740448 131
1739988634017 7.457633307087827 132
1739988634103 7.424071670523551 133
1739988634190 7.220379753552717 134
1739988634280 7.371256230009305 135
1739988634389 7.291763428138078 136
1739988634475 4.470987323714495 137
1739988634561 7.6783589322844925 138
1739988634687 5.347906643823758 139
1739988634774 6.525156987483855 140
1739988634869 7.931158256523902 141
1739988634996 7.175774996120368 142
1739988635148 6.419021464685101 143
1739988635323 6.245978330600928 144
1739988635425 5.8659051935820425 145
1739988635569 4.9430965531132305 146
1739988635779 6.110794572979771 147
1739988635873 8.307201845753077 148
1739988635960 6.5933266362693175 149
1739988636048 7.029014440129764 150
1739988636133 8.693183004175639 151
1739988636223 7.253752726572455 152
1739988636309 5.77414637576277 153
1739988636396 6.7206778554949 154
1739988636483 5.585655551167604 155
1739988636568 7.510274541304278 156
1739988636673 7.442356119199331 157
1739988636879 6.702841674537194 158
1739988636994 7.459335934168745 159
1739988637090 6.4373523362308465 160
1739988637178 6.941489133261509 161
1739988637268 8.384799964006353 162
1739988637356 8.057840568349302 163
1739988637445 6.668780048022475 164
1739988637534 6.223037827370794 165
1739988637621 5.126940262578443 166
1739988637710 6.182550147991625 167
1739988637800 5.906280415284912 168
1739988637886 7.803125690492955 169
1739988637973 6.561520990874621 170
1739988638060 8.097581480799175 171
1739988638148 3.9100895812003387 172
1739988638235 6.490397242776317 173
1739988638322 7.801295642759054 174
1739988638410 5.513662877719991 175
1739988638500 8.33963412479182 176
1739988638588 5.9869695175500945 177
1739988638674 6.971041188920659 178
1739988638765 6.537739688575389 179
1739988638852 6.513269472009311 180
1739988638940 6.039594349942593 181
1739988639030 6.157973287474197 182
1739988639117 6.800064747448672 183
1739988639208 7.2464503399792 184
1739988639298 6.584165041319993 185
1739988639385 8.546604332755273 186
1739988639474 7.2382633649275085 187
1739988639564 6.367739575175827 188
1739988639654 6.197950291378473 189
1739988639746 7.140171236142652 190
1739988639837 6.03726495063179 191
1739988639923 8.052979564392622 192
1739988640010 8.950734275856751 193
