1739984227110 6.807666047623453 0
1739984227238 6.9029953485656765 1
1739984227326 5.968092559362387 2
1739984227407 6.534203426487308 3
1739984227492 6.5018559399625495 4
1739984227599 6.768772905310539 5
1739984227678 6.65487594879142 6
1739984227760 6.74814195292768 7
1739984227839 6.107142885841585 8
1739984227916 6.658037848672907 9
1739984227993 6.717086496266301 10
1739984228070 6.9769558275589665 11
1739984228148 6.431537718091113 12
1739984228225 6.755520728580239 13
1739984228331 6.634230228369012 14
1739984228411 6.015288925854995 15
1739984228494 5.92382248787503 16
1739984228574 5.597354533713719 17
1739984228660 6.61177126763114 18
1739984228746 6.057646959028477 19
1739984228830 6.912779540486328 20
1739984228911 6.67704689617226 21
1739984228994 6.380501617453937 22
1739984229076 6.085197454955307 23
1739984229154 6.013967142016382 24
1739984229234 6.503522387357046 25
1739984229313 7.020705829974525 26
1739984229394 6.399050427447028 27
1739984229476 5.154090649027441 28
1739984229555 6.223246733039675 29
1739984229634 6.577631153058906 30
1739984229714 6.464858966292158 31
1739984229798 6.713802723131288 32
1739984229878 6.560004978395273 33
1739984229955 6.984874329330438 34
1739984230033 6.6252435362587025 35
1739984230112 6.509644680736817 36
1739984230189 7.063133062679411 37
1739984230268 6.815516417418909 38
1739984230346 6.52740547905157 39
1739984230423 6.8752095407299585 40
1739984230502 6.389504327771562 41
1739984230579 6.437145167675149 42
1739984230659 6.753614791872718 43
1739984230740 6.350846134399822 44
1739984230821 6.982163625717939 45
1739984230902 6.157833597078711 46
1739984230981 6.038550667207279 47
1739984231062 6.652646317396124 48
1739984231141 5.991069983584631 49
1739984231221 5.293714867610357 50
1739984231302 6.705244109854297 51
1739984231384 6.25771470828159 52
1739984231463 6.842840888057665 53
1739984231543 6.509202880379595 54
1739984231623 7.338854816082815 55
1739984231705 5.922682370407713 56
1739984231789 6.824528068038318 57
1739984231867 6.5043638064526705 58
1739984231944 6.8319939307553055 59
1739984232023 6.460913322559246 60
1739984232104 6.910760032213296 61
1739984232185 6.831557553903676 62
1739984232267 6.498156268485602 63
1739984232346 6.898137415438543 64
1739984232426 7.183870702380603 65
1739984232508 5.749727139410746 66
1739984232591 6.201140016401827 67
1739984232673 6.215899906309967 68
1739984232754 6.724270321191758 69
1739984232835 6.758726898307575 70
1739984232913 7.146342136764198 71
1739984232992 6.850540416685496 72
1739984233071 5.924588845497452 73
1739984233148 6.419157313306643 74
1739984233223 7.077061633471943 75
1739984233301 6.632467643539762 76
1739984233381 5.810066882061636 77
1739984233474 6.777094091554072 78
1739984233559 6.39717461935114 79
1739984233642 6.498498113383684 80
1739984233722 6.5877359426897675 81
1739984233806 6.152885128062722 82
1739984233890 6.8212859145899944 83
1739984233967 6.972628763475791 84
1739984234040 7.064892421754437 85
1739984234115 6.394448532646656 86
1739984234191 6.875263396844802 87
1739984234266 6.435387094269974 88
1739984234346 6.544094923872144 89
1739984234423 6.565164073040256 90
1739984234508 6.431628073257866 91
1739984234591 7.03845778669079 92
1739984234668 6.5201615030053715 93
1739984234749 6.695334861008896 94
1739984234823 6.730971105270374 95
1739984234897 6.531441740937779 96
1739984234986 6.5017923275774585 97
1739984235067 8.765331288694343 98
1739984235146 7.5292961937407465 99
1739984235227 6.981686830553566 100
1739984235308 6.358648395083816 101
1739984235393 6.377566181336671 102
1739984235479 6.636003785512805 103
1739984235565 6.43965572142947 104
1739984235642 6.247078992954256 105
1739984235731 6.271218020641413 106
1739984235816 5.969037838368296 107
1739984235888 5.968390754336176 108
1739984235968 5.635499721528482 109
1739984236044 6.0908317594108015 110
1739984236122 6.536357900806771 111
1739984236204 6.736446291467886 112
1739984236282 7.071663732338408 113
1739984236357 6.3910107654544746 114
1739984236433 6.786347412647015 115
1739984236516 6.56338604401022 116
1739984236592 6.696326037090879 117
1739984236669 7.321963770734788 118
1739984236751 6.689083582954837 119
1739984236832 6.588538495728016 120
1739984236906 6.369707549693755 121
1739984236982 6.744862576359407 122
1739984237059 5.956738886601284 123
1739984237133 6.365534950452317 124
1739984237217 6.592817873823159 125
1739984237293 6.508728651914766 126
1739984237429 6.473553282899151 127
1739984237512 6.678708672209415 128
1739984237586 6.747499580704155 129
1739984237686 6.434263081664135 130
1739984237808 7.245665885341023 131
1739984237886 6.524886766948437 132
1739984237964 5.881668459089475 133
1739984238040 6.458096001756842 134
1739984238114 6.726370631871856 135
1739984238193 8.272858366320378 136
1739984238274 6.868319221520898 137
1739984238358 6.640845181196354 138
1739984238443 6.73062792832642 139
1739984238522 6.559541156799928 140
1739984238596 7.170024700220902 141
1739984238675 6.6985730398764085 142
1739984238758 6.667621361149491 143
1739984238837 6.1752001492091475 144
1739984238916 6.5657097762143986 145
1739984238991 7.567081154443578 146
1739984239084 6.628776524780989 147
1739984239170 7.464329078027205 148
1739984239250 6.486320631598018 149
1739984239327 5.560043761418885 150
1739984239402 6.272387236032382 151
1739984239481 6.593573258814581 152
1739984239562 7.204532725003916 153
1739984239637 5.820202854034511 154
1739984239732 6.694089239259483 155
1739984239819 6.606152821876229 156
1739984239901 7.266173088472976 157
1739984239979 6.689146816493899 158
1739984240054 6.815662925176299 159
1739984240130 6.6495236977068615 160
1739984240245 4.943695099411581 161
1739984240322 6.73131319079901 162
1739984240399 7.173280131165684 163
1739984240474 6.866461176899638 164
1739984240551 6.25998398416554 165
1739984240623 6.62350245909754 166
1739984240700 6.282802098915996 167
1739984240786 6.681478206369605 168
1739984240862 6.631182984096218 169
1739984240936 6.5644847798400745 170
1739984241012 6.1861379547084345 171
1739984241095 6.5663721117372456 172
1739984241173 6.732012547482639 173
1739984241252 6.715463643054518 174
1739984241331 6.65815081506608 175
1739984241408 6.76851071765219 176
1739984241482 6.3490571626420795 177
1739984241561 6.832776917506993 178
1739984241634 6.455423284715262 179
1739984241711 6.6890105119273455 180
1739984241796 7.004791275150651 181
1739984241870 5.8776838271809435 182
1739984241943 6.055349823014289 183
1739984242019 6.610245370124763 184
1739984242099 6.510390062710991 185
1739984242175 6.522648974102612 186
1739984242256 6.536017631883919 187
1739984242335 6.724009890424805 188
1739984242408 6.986603485348748 189
1739984242484 7.463491225948995 190
1739984242568 7.270029850416284 191
1739984242663 6.513160054130633 192
1739984242746 6.349181431696302 193
1739984242824 6.401542179069504 194
1739984242900 5.754627809240153 195
1739984242976 6.716286356788448 196
1739984243053 7.690771114473118 197
1739984243128 6.770658441400577 198
1739984243200 6.091315352376709 199
1739984243274 5.784660745424798 200
1739984243348 4.57233171999928 201
1739984243420 6.823884305254083 202
1739984243493 6.6706231102659554 203
1739984243572 6.474328349112717 204
1739984243646 6.7453991214765034 205
1739984243720 6.115673874880896 206
1739984243807 5.732638128779312 207
1739984243880 6.312255470795667 208
1739984243952 7.184656867134308 209
1739984244024 7.264324109656932 210
1739984244099 6.895817235768185 211
1739984244182 5.851249944317414 212
1739984244260 6.607893464826952 213
1739984244335 6.045946238823798 214
1739984244414 7.423543923190852 215
1739984244489 7.122350413274884 216
1739984244569 6.24144460898903 217
1739984244655 6.457013869665466 218
1739984244730 6.710894477121284 219
1739984244804 7.122325056188832 220
1739984244880 6.608042597327173 221
1739984244954 6.857075922137836 222
1739984245027 6.648513741077332 223
1739984245099 6.135348875407318 224
1739984245174 6.257872458079047 225
1739984245248 6.698542115023759 226
1739984245321 5.970576651585908 227
1739984245392 7.032894915968719 228
1739984245465 7.138533471779919 229
1739984245539 6.472576764588128 230
1739984245616 6.518478606774749 231
1739984245690 6.813113785762452 232
1739984245764 6.636390115331463 233
1739984245837 6.992924245231048 234
1739984245910 6.587763739688695 235
1739984245984 6.4865109577256055 236
1739984246057 6.951461540070958 237
1739984246129 6.020040675122419 238
1739984246202 5.653821701520827 239
1739984246278 6.665894415509183 240
1739984246352 5.724989432063247 241
1739984246425 5.834024370099952 242
1739984246499 5.266648442137205 243
1739984246572 6.463175464378085 244
1739984246644 6.158549717192973 245
1739984246717 6.426241260724234 246
1739984246807 6.018311486868343 247
1739984246882 6.309438692022563 248
1739984246953 6.806744255083105 249
1739984247031 6.680522121374674 250
1739984247111 6.787197332998559 251
1739984247189 7.350416487178282 252
1739984247265 6.359609160093853 253
1739984247341 6.2255675340399454 254
1739984247416 6.093107863242965 255
1739984247493 6.650712842637961 256
1739984247569 5.840311558923403 257
1739984247653 6.605040661132837 258
1739984247729 6.632730438461575 259
1739984247804 6.686080598996249 260
1739984247877 6.51738124061954 261
1739984247950 6.173027043066345 262
1739984248023 6.185797679007296 263
1739984248096 6.468599996131044 264
1739984248173 6.629706836596914 265
1739984248249 6.603352762021955 266
1739984248327 6.983868951358064 267
1739984248400 6.729905142907747 268
1739984248474 6.98766885306424 269
1739984248551 6.495192015755999 270
1739984248626 5.824923275479344 271
1739984248707 6.197618905685879 272
1739984248788 6.809353462434512 273
1739984248866 6.678523474130329 274
1739984248940 6.905014290566631 275
1739984249014 6.573564791897394 276
1739984249090 6.519386824745986 277
1739984249164 6.584469868159531 278
1739984249241 6.479382715109392 279
1739984249317 6.835923095331035 280
1739984249393 6.946775388800577 281
1739984249467 6.6364607071243 282
1739984249542 6.649288760703647 283
1739984249645 6.8126671012769515 284
1739984249745 6.678416816341984 285
1739984249819 6.678914913583787 286
1739984249893 6.211659776293401 287
1739984249966 6.771403607073209 288
1739984250041 6.7052890463698045 289
1739984250117 7.0826118645975535 290
1739984250193 6.525749287881436 291
1739984250269 6.957184900644365 292
1739984250348 5.737183329406059 293
1739984250422 6.586393994876159 294
1739984250498 6.463835502151701 295
1739984250574 6.38622555717682 296
1739984250652 6.509809700604584 297
1739984250735 6.61841242777244 298
1739984250814 6.626789680360728 299
1739984250888 5.9157983749998415 300
1739984250964 6.519913912519248 301
1739984251040 6.110266060763385 302
1739984251116 6.5023870820156775 303
1739984251192 6.335068140777537 304
1739984251268 6.4751879786779 305
1739984251345 6.537654426941092 306
1739984251420 6.492813250128715 307
1739984251500 6.94639319618177 308
1739984251576 7.753803563386118 309
1739984251654 6.662471921081207 310
1739984251736 6.216799297370683 311
1739984251811 7.204873397835522 312
1739984251886 7.505489191698855 313
1739984251961 6.487348426610506 314
1739984252034 6.783465912912176 315
1739984252110 6.774089618956911 316
1739984252185 6.7435627881582665 317
1739984252260 6.750926775343968 318
1739984252336 6.914937575338498 319
1739984252412 4.833882840055907 320
1739984252491 6.719640240347469 321
1739984252574 6.370969401771622 322
1739984252666 5.53109414477012 323
1739984252753 6.396246241782682 324
1739984252832 6.680402806004129 325
1739984252910 5.810219902860221 326
1739984252989 6.995338270024758 327
1739984253070 6.732619996513806 328
1739984253151 7.00167567659506 329
1739984253234 6.752005526704116 330
1739984253318 6.780275630578365 331
1739984253402 7.269736375443179 332
1739984253487 6.720824597089909 333
1739984253568 6.33762675398365 334
1739984253643 6.122460972065774 335
1739984253730 6.583371258214876 336
1739984253819 6.864804519375321 337
1739984253989 6.628807221010139 338
1739984254083 6.727808747868327 339
1739984254166 7.186627804414846 340
1739984254263 6.091664154881083 341
1739984254350 6.081681999781505 342
1739984254431 6.966042162470588 343
1739984254513 7.297154854273424 344
1739984254592 6.387947136461061 345
1739984254684 7.796427925988732 346
1739984254776 7.022326549382332 347
1739984254857 6.113842145387882 348
1739984254937 6.89954732261098 349
1739984255017 6.085297564784882 350
1739984255096 6.784992922267534 351
1739984255180 7.11636990899436 352
1739984255259 7.037432658850979 353
1739984255335 6.412968270246056 354
1739984255410 6.973602030698092 355
1739984255486 6.814924174413645 356
1739984255573 7.098036552836119 357
1739984255662 6.686356511908431 358
1739984255750 6.610922211584785 359
1739984255842 6.04309648035263 360
1739984255951 6.6628051328251345 361
1739984256071 7.269284786259205 362
1739984256190 7.020480353454675 363
1739984256385 7.364539379343736 364
1739984256500 7.415227139054346 365
1739984256616 6.559741119692808 366
1739984256712 5.792173723045224 367
1739984256835 5.566487247239551 368
1739984256958 7.462777833012345 369
1739984257081 5.731567670724021 370
1739984257232 5.597294620739983 371
1739984257338 6.542845353063571 372
1739984257432 6.733322886830275 373
1739984257529 7.663471585655945 374
1739984257622 6.355850521758201 375
1739984257712 6.25039587623007 376
1739984257800 6.041686798987527 377
1739984257878 6.740608138840981 378
1739984257955 6.4363139251587755 379
1739984258032 6.214965860163798 380
1739984258116 6.444637111937439 381
1739984258192 6.406965084882901 382
1739984258273 6.4383734591679245 383
1739984258364 6.8177689178707315 384
1739984258459 6.7358801807630035 385
1739984258581 6.384163707996054 386
1739984258710 6.5970753311690835 387
1739984258826 6.616283689106292 388
1739984259030 6.775199777195045 389
1739984259180 5.688065170592152 390
1739984259286 6.028359945644508 391
1739984259399 6.556222402979613 392
1739984259524 7.27277218444347 393
1739984259628 5.657112468376685 394
1739984259724 6.476242405706998 395
1739984259805 6.419089777929481 396
1739984259887 6.679322835685622 397
1739984259963 6.560887523167225 398
1739984260043 6.767787727864428 399
1739984260120 7.09213618669053 400
1739984260207 6.585458894439563 401
1739984260300 6.61141313176173 402
1739984260398 6.405414403773629 403
1739984260540 5.968281365406057 404
1739984260670 6.845655787076426 405
1739984260773 6.597975169574407 406
1739984260905 6.750307544242409 407
1739984261053 6.573513299879226 408
1739984261159 7.095847553913548 409
1739984261237 6.932432189620343 410
1739984261317 6.944443331419922 411
1739984261404 6.290500075198347 412
1739984261522 6.800698407563014 413
1739984261642 6.73852675818349 414
1739984261775 6.161462397533588 415
1739984261926 6.737463586097294 416
1739984262033 6.658992048792009 417
1739984262155 6.52963692723402 418
1739984262255 6.737054570472191 419
1739984262335 6.745377094534396 420
1739984262416 6.767006274167944 421
1739984262513 6.340518401448961 422
1739984262642 6.586702848385945 423
1739984262772 6.455837632702057 424
1739984262860 6.765100054477877 425
1739984262937 7.1296626974642505 426
1739984263024 7.3876244695525894 427
1739984263142 6.817172160538951 428
1739984263276 6.766749911581177 429
1739984263410 6.665009479924173 430
1739984263497 6.945445427781269 431
1739984263577 7.161473256492275 432
1739984263672 5.701345654601217 433
1739984263802 5.889104192139852 434
1739984263926 6.3391976187699814 435
1739984264045 6.541555553776005 436
1739984264127 6.260286805783531 437
1739984264212 6.479327481477153 438
1739984264312 7.1162825218580315 439
1739984264439 6.2568192057725165 440
1739984264589 7.064341501817214 441
1739984264709 6.452195365292075 442
1739984264800 7.0245109902942735 443
1739984264885 6.024395353258508 444
1739984264989 6.236666155013227 445
1739984265133 6.345417968834585 446
1739984265283 6.84993432052053 447
1739984265398 6.753052730361526 448
1739984265497 6.390575098916135 449
1739984265582 6.274677775489104 450
1739984265666 6.52503434845058 451
1739984265753 6.073850659147356 452
1739984265852 6.037484620982537 453
1739984265966 6.603312829395974 454
1739984266051 6.9131552663566245 455
1739984266132 6.649886175988974 456
1739984266215 6.476234998053573 457
1739984266308 6.426857287100791 458
1739984266396 7.482047229779505 459
1739984266489 7.1076452055679455 460
1739984266583 6.047506104593189 461
1739984266673 6.798535094646025 462
1739984266766 6.284761687320684 463
1739984266852 6.40301412601135 464
1739984266937 6.891655263687137 465
1739984267024 6.835197984299427 466
1739984267112 6.835453267731111 467
1739984267196 6.1768727320683805 468
1739984267281 6.689052702160728 469
1739984267367 5.739449628656756 470
1739984267453 7.101522931129101 471
1739984267540 6.664764572988365 472
1739984267626 6.173480413943713 473
1739984267708 6.983133613235982 474
1739984267806 6.894763580873661 475
1739984267885 5.9350385920659345 476
1739984267968 5.865656568579266 477
1739984268052 7.2257227632200935 478
1739984268131 5.73027499825476 479
1739984268212 7.3219447277382335 480
1739984268298 5.840487251124105 481
1739984268390 6.536443289780034 482
1739984268497 6.057173065697279 483
1739984268719 7.49823874293639 484
1739984268855 6.658604737494124 485
1739984268983 6.664042296858501 486
1739984269126 7.051689434826846 487
1739984269243 6.381657771809267 488
1739984269365 6.563933389962004 489
1739984269464 6.455216436076198 490
1739984269584 6.685304715958427 491
1739984269689 5.834763825132503 492
1739984269812 6.43165119552277 493
1739984269942 7.186081352661147 494
1739984270086 6.503735309928828 495
1739984270315 6.556152233107293 496
1739984270466 6.800878228569836 497
1739984270607 6.09151503758896 498
1739984270744 6.7865160117717185 499
