1739976377781 6.562914192467102 0
1739976377808 6.562810949685429 1
1739976377831 6.562711795535387 2
1739976377856 6.562616541599043 3
1739976377881 6.562525008764251 4
1739976377906 6.562437026747685 5
1739976377928 6.562352433642895 6
1739976377950 6.56227107549201 7
1739976377972 6.562192805879853 8
1739976377995 6.562117485549283 9
1739976378018 6.562044982036619 10
1739976378038 6.561975169326103 11
1739976378061 6.561907927522366 12
1739976378082 6.561843142539976 13
1739976378107 6.561780705809127 14
1739976378129 6.561720513996648 15
1739976378152 6.561662468741499 16
1739976378173 6.561606476403996 17
1739976378195 6.561552447828045 18
1739976378216 6.561500298115693 19
1739976378238 6.56144994641334 20
1739976378260 6.56140131570901 21
1739976378281 6.561354332640097 22
