1740003634525 0.041286252917197425 0
1740003634623 4.564447850324253e-06 1
1740003634718 0.0031551382813783785 2
1740003634810 0.010798396690524695 3
1740003634903 0.059912120228899225 4
1740003635019 0.09863844928491998 5
1740003635109 0.019709053989364945 6
1740003635196 0.07750230421122428 7
1740003635282 0.540969627733274 8
1740003635377 0.1012832211604811 9
1740003635464 0.1585737334544214 10
1740003635551 0.0018126415166994443 11
1740003635638 0.015444307076793217 12
1740003635725 0.030788966205458637 13
1740003635812 0.400218946844204 14
1740003635908 0.0016496572392833903 15
1740003636035 0.011497610118918845 16
1740003636125 0.015338335782954902 17
1740003636212 0.14451077029890227 18
1740003636297 0.07395180390549219 19
1740003636384 0.032743921231782054 20
1740003636472 0.0980858623141988 21
1740003636558 0.49197921230709835 22
1740003636646 0.19283566419214787 23
1740003636732 0.0007868067702486781 24
1740003636820 0.03943581934266737 25
1740003636914 0.09402213424757858 26
1740003637000 0.11924712101693084 27
1740003637085 0.002101803091485972 28
1740003637174 0.012141223542664753 29
1740003637262 0.5370340709084445 30
1740003637359 0.11814957288309888 31
1740003637446 0.05664669501851746 32
1740003637531 0.09936551106858495 33
1740003637620 0.08116900403340124 34
1740003637709 0.2960067502502655 35
1740003637797 0.04410202404160367 36
1740003637886 0.16074672313828162 37
1740003637972 0.002415360101474774 38
1740003638064 0.05575318986528409 39
1740003638150 0.18639906125199973 40
1740003638248 0.07504884699625951 41
1740003638338 0.018099011318584716 42
1740003638425 0.22280809048868283 43
1740003638511 0.0071559488858754915 44
1740003638596 0.44179621739877 45
1740003638684 0.0018396516118270826 46
1740003638770 0.21644171750783142 47
1740003638857 0.6479274137809251 48
1740003638944 0.13371074115205564 49
1740003639029 0.613594859528601 50
1740003639120 0.46693093127322877 51
1740003639206 0.42905480384714006 52
1740003639294 0.07969679218705973 53
1740003639383 0.01033289078416433 54
1740003639471 0.013690663688804094 55
1740003639559 0.009269914189306545 56
1740003639647 0.09878544649897915 57
1740003639737 0.2016476053942488 58
1740003639823 0.6075534959256956 59
1740003639915 0.0006646575175643793 60
1740003640004 0.03442230877052411 61
1740003640105 0.107435414223867 62
1740003640199 0.5074753812822859 63
1740003640288 0.07777209997856295 64
1740003640375 0.02746410406899213 65
1740003640464 0.017871840315336316 66
1740003640556 0.014629057164658323 67
1740003640652 0.040579517379213774 68
1740003640752 0.04215049249462782 69
1740003640841 0.038293617264259824 70
1740003640930 0.3393419740256905 71
1740003641016 0.11687501527285393 72
1740003641103 0.02648823695860282 73
1740003641189 0.1833817974755977 74
1740003641276 0.006949811980056414 75
1740003641365 0.17526486912679412 76
1740003641454 0.719918932820505 77
1740003641539 0.009639729244635808 78
1740003641626 0.01781012253765909 79
1740003641716 0.08340949362450528 80
1740003641803 0.1536227864722265 81
1740003641891 0.04540738957580631 82
1740003641977 0.004287589751527215 83
1740003642065 0.011039918296270617 84
1740003642153 0.08425760192575053 85
1740003642238 0.23689411951014747 86
1740003642323 0.0015623667549493673 87
1740003642413 0.15937486566647696 88
1740003642499 0.09658794057762757 89
1740003642585 0.4122535520593762 90
1740003642671 0.10604907837988153 91
1740003642758 0.8588532641391288 92
1740003642852 0.019643691686890792 93
1740003642943 0.08412616747548579 94
1740003643029 0.0353338376718252 95
1740003643115 0.06295567712193573 96
1740003643201 0.012381208682089445 97
1740003643288 0.0037723412753613603 98
1740003643375 0.23150721131431162 99
1740003643466 4.38746289816902e-05 100
1740003643552 0.001372523730667681 101
1740003643639 0.5913877713427863 102
1740003643726 0.002652907660067346 103
1740003643822 0.547141020347571 104
1740003643912 0.05872643171081133 105
1740003643999 0.026786672700787252 106
1740003644086 0.14160164038330386 107
1740003644172 0.018178796311614887 108
1740003644260 0.15558599764450537 109
1740003644349 0.12217043163762863 110
1740003644439 0.11970066939489156 111
1740003644526 0.004332169532172876 112
1740003644613 0.1837811591280994 113
1740003644699 0.05395874092874631 114
1740003644784 0.09246139483110706 115
1740003644885 0.0031751441643937165 116
1740003644974 0.030612059288320396 117
1740003645066 1.4166657084033902 118
1740003645153 0.20209691280566167 119
1740003645243 0.0046969866437314 120
1740003645337 0.06421546512717553 121
1740003645425 0.01906005791437967 122
1740003645517 0.23041932137505905 123
1740003645604 0.025236045761073068 124
1740003645690 0.09146760533742712 125
1740003645778 0.5221200147278366 126
1740003645868 0.42814835815263813 127
1740003645954 0.003565649904603864 128
1740003646040 0.000577465416758354 129
1740003646126 2.1655578485418676e-07 130
1740003646212 0.025476773828569117 131
1740003646297 0.2343224101885218 132
1740003646382 0.001588068212502933 133
1740003646468 0.048342570476480384 134
1740003646557 0.014850632908468508 135
1740003646645 0.14201825981333 136
1740003646732 0.02480175816437808 137
1740003646820 0.05852864978118919 138
1740003646914 0.002893193221654845 139
1740003647003 0.10779577712224446 140
1740003647089 0.009067587285371707 141
1740003647177 0.0038843529136460627 142
1740003647266 0.03142387819757619 143
1740003647352 0.48349638711357573 144
1740003647442 0.0008532908612156575 145
1740003647528 0.003409426341796323 146
1740003647630 0.5159560446155397 147
1740003647721 0.06710865407519015 148
1740003647807 0.002473001435043202 149
1740003647895 5.747412297639611e-06 150
1740003647980 0.5693407956176881 151
1740003648069 0.39607080053910576 152
1740003648156 0.022099996157175478 153
1740003648240 0.13174849759867224 154
1740003648330 0.43507127942676754 155
1740003648418 0.10378274296635147 156
1740003648503 0.11998907036542776 157
1740003648589 0.13643348022339558 158
1740003648677 0.0047258913132215636 159
1740003648766 0.04273904647538884 160
1740003648858 0.001284140550963442 161
1740003648999 0.0028024503708671705 162
1740003649085 0.025430217609796767 163
1740003649171 0.028634073167060386 164
1740003649255 0.003851213614827135 165
1740003649341 0.013391741070886254 166
1740003649429 0.10078793621424331 167
1740003649514 0.0913760191895967 168
1740003649607 0.057466991815393144 169
1740003649695 0.010722413789556122 170
1740003649782 0.041048037033045603 171
1740003649879 0.03759270679443577 172
1740003649966 0.36450129898828276 173
1740003650055 0.00668975415379904 174
1740003650141 0.02989409559176492 175
1740003650231 0.10681737891306345 176
1740003650318 0.08506533431775576 177
1740003650405 0.017972406662314196 178
1740003650491 0.6538620527094078 179
1740003650576 0.14277981341096604 180
1740003650668 0.03176314290436726 181
1740003650764 0.038306378017690344 182
1740003650857 0.0290818595610625 183
1740003650944 0.11603335908247643 184
1740003651030 0.3123619580713899 185
1740003651115 0.1066052512294944 186
1740003651201 0.06240536570366202 187
1740003651289 0.07580058362954953 188
1740003651374 0.15353990898891898 189
1740003651460 0.008115181949478953 190
1740003651546 0.1123403125314075 191
1740003651638 0.2527223849001801 192
1740003651726 0.4613993212436385 193
1740003651812 0.030521164261044013 194
1740003651899 0.27620698949991657 195
1740003651985 0.006413240131915879 196
1740003652070 0.04199787988162562 197
1740003652156 0.16326884100868394 198
1740003652242 0.04786196271276618 199
1740003652329 0.002922404804997874 200
1740003652419 0.03126155098092709 201
1740003652507 0.1850175497381427 202
1740003652594 0.0026038144172929544 203
1740003652683 0.17732348639764306 204
1740003652772 0.0039483055298407226 205
1740003652867 0.016922404709385466 206
1740003652954 0.12937892912626853 207
1740003653041 0.11881702716768507 208
1740003653128 0.12056230867718 209
1740003653215 0.00016894406973103757 210
1740003653303 0.00034653632350963406 211
1740003653391 0.010449003692008678 212
1740003653476 0.06444274050411981 213
1740003653562 0.3552899262347913 214
1740003653655 0.041288323456970304 215
1740003653742 0.01555110649320846 216
1740003653830 0.03591642184010052 217
1740003653919 0.032887539494180155 218
1740003654004 0.19640164881205072 219
1740003654089 0.9023962135419292 220
1740003654175 0.016790827049361922 221
1740003654261 0.06430584436064869 222
1740003654349 0.03559055421265236 223
1740003654436 0.3732075859350027 224
1740003654521 0.01955130589139811 225
1740003654609 0.40493756298663974 226
1740003654695 0.02293075139014407 227
1740003654783 0.12607587092500833 228
1740003654874 0.11579027852211826 229
1740003654959 0.15738615102923767 230
1740003655045 0.15351208232234653 231
1740003655130 0.053660244079859934 232
1740003655217 0.0009457912609695218 233
1740003655303 0.014101617037730989 234
1740003655391 0.0010152752250803978 235
1740003655477 0.06261437819133413 236
1740003655564 0.20774169254407993 237
1740003655653 0.17819501302793647 238
1740003655747 0.7656743725212759 239
1740003655834 0.06142809714175627 240
1740003655925 0.49948934508419907 241
1740003656012 0.023922610643396878 242
1740003656098 0.3333716449328723 243
1740003656184 0.03528466503768276 244
1740003656272 0.08417320820248173 245
1740003656360 0.196665528671558 246
1740003656451 0.03416350667906945 247
1740003656540 0.4733241837108622 248
1740003656628 0.15848647905847724 249
1740003656713 0.40289522736100575 250
1740003656800 0.05313633399537944 251
1740003656891 0.028337404984301075 252
1740003656979 0.01013942072426462 253
1740003657065 0.016176328389375227 254
1740003657154 0.14075046383611914 255
1740003657245 0.11328459326518625 256
1740003657329 0.2702483752015878 257
1740003657473 0.1621609155009205 258
1740003657558 0.0048211093857651 259
1740003657646 0.0941846010182474 260
1740003657737 0.04559516358084429 261
1740003657823 0.03434292322455721 262
1740003657916 0.032111728685975206 263
1740003658004 0.3368718645295971 264
1740003658088 0.0169174936887015 265
1740003658174 0.04997655726646371 266
1740003658260 0.444413773465118 267
1740003658425 0.0173219660246474 268
1740003658515 0.002865825054493053 269
1740003658603 0.12428211707067567 270
1740003658689 0.06726908758543682 271
1740003658777 0.02303877253433849 272
1740003658866 0.15709239434549965 273
1740003658952 0.012242583389939981 274
1740003659042 0.0025874995099441065 275
1740003659129 0.017435794263247224 276
1740003659216 0.01001886903023455 277
1740003659302 0.9819370526022312 278
1740003659390 0.035115263068438214 279
1740003659476 0.1051773164673399 280
1740003659564 1.2249696362142014e-06 281
1740003659651 0.004910266228884535 282
1740003659738 0.33024826866668394 283
1740003659828 0.006138604329235714 284
1740003659917 0.4479768996889128 285
1740003660002 0.18343509670110875 286
1740003660093 0.32769768925443776 287
1740003660178 0.03404813117450705 288
1740003660264 0.1535602630429502 289
1740003660351 0.050986213060990014 290
1740003660437 0.0005822641711009413 291
1740003660522 0.16974121288555585 292
1740003660610 0.0005421028206081227 293
1740003660699 0.04837982272034423 294
1740003660786 0.04115728516123086 295
1740003660889 0.0030812050730084106 296
1740003660978 0.0002643188825466801 297
1740003661066 0.2963587621490606 298
1740003661153 0.001458826128359421 299
1740003661240 0.48415170694223586 300
1740003661325 0.04748782529524257 301
1740003661417 0.3898865754574597 302
1740003661502 0.0031316279152375187 303
1740003661589 0.004090586197492641 304
1740003661675 0.08707102613141805 305
1740003661762 0.03294091426099495 306
1740003661856 0.12026151604990808 307
1740003661944 0.693454826807402 308
1740003662028 0.004098948509597934 309
1740003662113 0.013439885372377308 310
1740003662198 0.3830331155011127 311
1740003662285 0.038058849176852184 312
1740003662374 0.00024128599280703498 313
1740003662462 0.002199960491170896 314
1740003662548 0.23612224870693438 315
1740003662637 0.00010626205941666735 316
1740003662722 0.20053644275966936 317
1740003662810 0.10134511310848995 318
1740003662899 0.23583376180341978 319
1740003662985 0.04462925292489253 320
1740003663075 0.012811694623170467 321
1740003663162 0.47755345831613755 322
1740003663248 0.19959569135381372 323
1740003663334 0.08653088953042315 324
1740003663420 0.19747064013792953 325
1740003663504 0.5353424098150572 326
1740003663591 0.04475072475784305 327
1740003663680 0.0006582771423821936 328
1740003663765 0.0008492409460602761 329
1740003663859 0.3762531586495833 330
1740003663944 0.032175528354600615 331
1740003664031 0.1993391336786172 332
1740003664118 0.006856788643449721 333
1740003664207 0.013460510312515045 334
1740003664294 0.04527661650421182 335
1740003664383 0.22736509668298802 336
1740003664469 0.11449712163032383 337
1740003664557 0.0006302490066149019 338
1740003664644 0.2401396377220861 339
1740003664730 0.12967800658880455 340
1740003664820 0.09090507118721947 341
1740003664951 0.05906453060012401 342
1740003665038 0.020734908592719717 343
1740003665125 0.03378743200201523 344
1740003665213 0.59500153374942 345
1740003665300 0.008801137457499116 346
1740003665386 0.010550956651170087 347
1740003665471 0.09466701335898774 348
1740003665556 0.4693225670003688 349
1740003665643 0.061367016444067404 350
1740003665730 0.04836483700298078 351
1740003665818 4.097731911530149e-05 352
1740003665911 0.0966336826306845 353
1740003665997 0.3624924283026617 354
1740003666082 0.08174401937033585 355
1740003666167 0.21923576546334142 356
1740003666254 0.031118075104108217 357
1740003666341 0.025746945213503524 358
1740003666428 0.00701591399196001 359
1740003666516 0.14562520601689152 360
1740003666601 0.013262926190389844 361
1740003666692 0.00013100229097500518 362
1740003666777 0.08550644857131062 363
1740003666961 0.04721609709447284 364
1740003667064 0.016498976603551242 365
1740003667162 0.06735199394795989 366
1740003667257 0.10648708062973142 367
1740003667355 0.020986840442150566 368
1740003667454 0.08064186161757914 369
1740003667552 0.09211128063198595 370
1740003667649 0.42609387227224294 371
1740003667755 0.027111097002530095 372
1740003667850 0.06510137575059927 373
1740003667947 0.24408984642724638 374
1740003668042 0.03446451063335067 375
1740003668135 0.05209528219820955 376
1740003668228 0.028722443373708398 377
1740003668326 0.048319013478362934 378
1740003668424 0.13479083100959946 379
1740003668518 4.904871332375418e-05 380
1740003668612 0.0009567575878263807 381
1740003668703 0.04446798719886088 382
1740003668795 0.3237206071070375 383
1740003668888 0.6105489510831343 384
1740003668982 0.34837508372967857 385
1740003669074 0.11183628088022111 386
1740003669167 0.058633763482846706 387
1740003669259 0.041393303567987455 388
1740003669357 0.004740473007716984 389
1740003669452 0.03200876845219581 390
1740003669543 8.182216754276753e-06 391
1740003669641 4.041689564661879e-05 392
1740003669735 0.000833388110493025 393
1740003669834 0.3192244230433812 394
1740003669929 0.032584984403663544 395
1740003670030 0.23493645349868544 396
1740003670126 0.001675638775420688 397
1740003670223 0.17385374454844402 398
1740003670319 0.040142785171138916 399
1740003670414 0.08964153384258929 400
1740003670511 0.028991775341389737 401
1740003670602 0.18681544147586512 402
1740003670697 0.28315904463475816 403
1740003670797 0.056489351733807265 404
1740003670895 0.11666815909509708 405
1740003671007 0.0015402056867789453 406
1740003671101 0.07118771043405837 407
1740003671193 0.12353347221115753 408
1740003671284 0.05494967721236034 409
1740003671379 0.00016391201804493634 410
1740003671476 0.04046706177190096 411
1740003671572 0.21382910375023215 412
1740003671667 0.005058435273395204 413
1740003671763 0.04777310998422872 414
1740003671860 0.2464051845207809 415
1740003671957 0.00410994024563409 416
1740003672053 0.004286296323456895 417
1740003672145 0.0022839625425618167 418
1740003672239 0.0021058911960455218 419
1740003672337 0.17162305396154687 420
1740003672437 0.46388033030748826 421
1740003672534 0.07245511176792874 422
1740003672636 0.006063041326179473 423
1740003672729 0.300538906148072 424
1740003672826 0.1115186417203756 425
1740003672932 0.21544518054399825 426
1740003673035 0.0691070509877304 427
1740003673129 0.025925702329209637 428
1740003673225 0.00329952832345629 429
1740003673313 0.02112834006269338 430
1740003673403 0.045577670688770215 431
1740003673490 0.030036491583280128 432
1740003673578 0.17173422033442537 433
1740003673666 0.0020268350225331358 434
1740003673756 0.03462068422150893 435
1740003673845 0.0033842974901515913 436
1740003673931 0.010775485027530727 437
1740003674022 0.02399137710533257 438
1740003674108 0.1979019632065898 439
1740003674194 0.003225266963524151 440
1740003674280 0.03228492624329927 441
1740003674367 0.15203536421848965 442
1740003674455 0.27918222609892923 443
1740003674542 0.016304642040600725 444
1740003674629 0.11077231633008626 445
1740003674715 0.16971567517989603 446
1740003674801 0.10990089776578565 447
1740003674888 0.23786019925887075 448
1740003674986 0.034931643572947174 449
1740003675090 0.08922457037100066 450
1740003675185 0.000694205810561526 451
1740003675270 0.01853750314380552 452
1740003675357 0.5834627201916514 453
1740003675442 0.11561053648430411 454
1740003675531 0.34197273478661344 455
1740003675618 0.07543942604833244 456
1740003675708 0.004214225911754238 457
1740003675795 0.020991174861472003 458
1740003675881 0.0472773234320442 459
1740003675965 0.1819488997512056 460
1740003676057 0.20524666260740143 461
1740003676143 0.017630206368676158 462
1740003676238 0.039508434340245514 463
1740003676344 0.0901747580694602 464
1740003676440 0.025215714143691975 465
1740003676531 0.0897333670325824 466
1740003676620 2.6621144619791164e-05 467
1740003676712 0.03232576510143219 468
1740003676797 0.012194226201629797 469
1740003676888 0.02804048732688587 470
1740003676976 0.010574170029113384 471
1740003677062 0.09874664230775222 472
1740003677149 0.003926213594173127 473
1740003677237 0.131279445785116 474
1740003677334 0.09140280025726892 475
1740003677427 0.8619163319128285 476
1740003677517 0.44308914289154394 477
1740003677608 4.1825602823222e-05 478
1740003677699 0.22499332102284977 479
1740003677792 0.039732702405022045 480
1740003677887 0.09184243790159753 481
1740003677977 0.11868736730297968 482
1740003678075 0.023631125150930646 483
1740003678174 0.35094250216659434 484
1740003678261 0.08575544434819676 485
1740003678347 0.03255527148165166 486
1740003678433 0.01822319398161022 487
1740003678519 0.0007009941603565862 488
1740003678605 0.03430169627501561 489
1740003678691 0.3717294788074304 490
1740003678780 0.1891733552273324 491
1740003678868 0.0008555993938553865 492
1740003678952 0.034108166951808 493
1740003679038 0.37781875244304225 494
1740003679122 0.00017207465409308333 495
1740003679208 0.1283333417158578 496
1740003679294 0.5881875682369975 497
1740003679380 0.025145025192067023 498
1740003679465 0.01179691730401928 499
