1740001924808 190.70456612658478 0
1740001924832 190.45571379199498 1
1740001924853 190.26285658632423 2
1740001924874 190.07017963965282 3
1740001924894 189.8777162407478 4
1740001924915 189.6854661234466 5
1740001924933 189.49342904204923 6
1740001924952 189.30160475113274 7
1740001924971 189.1099930055633 8
1740001924988 188.91859356049557 9
1740001925006 188.72740617137242 10
1740001925024 188.53643059392482 11
1740001925041 188.34566658417117 12
1740001925059 188.15511389841714 13
1740001925078 187.9647722932553 14
1740001925096 187.77464152556476 15
1740001925117 187.5847213525109 16
1740001925135 187.39501153154484 17
1740001925152 187.2055118204033 18
1740001925172 187.01622197710827 19
1740001925191 186.82714175996645 20
1740001925209 186.63827092756907 21
1740001925227 186.44960923879162 22
1740001925245 186.2611564527933 23
1740001925263 186.07291232901693 24
1740001925283 185.88487662718836 25
1740001925301 185.69704910731633 26
1740001925321 185.50942952969206 27
1740001925339 185.32201765488887 28
1740001925357 185.13481324376193 29
1740001925374 184.94781605744785 30
1740001925392 184.7610258573644 31
1740001925409 184.57444240521014 32
1740001925427 184.3880654629641 33
1740001925444 184.2018947928855 34
1740001925463 184.01593015751322 35
1740001925481 183.83017131966568 36
1740001925498 183.64461804244053 37
1740001925516 183.459270089214 38
1740001925536 183.27412722364107 39
1740001925553 183.08918920965456 40
1740001925570 182.9044558114654 41
1740001925588 182.71992679356168 42
1740001925606 182.5356019207089 43
1740001925623 182.35148095794915 44
1740001925641 182.16756367060123 45
1740001925661 181.98384982425998 46
1740001925679 181.80033918479597 47
1740001925697 181.61703151835547 48
1740001925715 181.43392659135975 49
1740001925733 181.251024170505 50
1740001925752 181.06832402276194 51
1740001925771 180.88582591537536 52
1740001925789 180.70352961586414 53
1740001925809 180.52143489202044 54
1740001925829 180.33954151190974 55
1740001925847 180.15784924387052 56
1740001925865 179.97635785651354 57
1740001925884 179.79506711872207 58
1740001925904 179.61397679965114 59
1740001925923 179.43308666872744 60
1740001925941 179.2523964956488 61
1740001925959 179.07190605038414 62
1740001925978 178.89161510317294 63
1740001925995 178.7115234245249 64
1740001926017 178.5316307852198 65
1740001926036 178.35193695630701 66
1740001926053 178.17244170910524 67
1740001926073 177.99314481520224 68
1740001926091 177.8140460464544 69
1740001926109 177.6351451749865 70
1740001926126 177.45644197319137 71
1740001926144 177.27793621372962 72
1740001926162 177.09962766952916 73
1740001926180 176.92151611378506 74
1740001926199 176.7436013199592 75
1740001926217 176.56588306177983 76
1740001926235 176.38836111324136 77
1740001926253 176.21103524860416 78
1740001926271 176.03390524239387 79
1740001926289 175.8569708694015 80
1740001926308 175.6802319046829 81
1740001926325 175.50368812355836 82
1740001926343 175.32733930161262 83
1740001926361 175.15118521469415 84
1740001926380 174.97522563891522 85
1740001926398 174.7994603506512 86
1740001926416 174.62388912654063 87
1740001926433 174.4485117434846 88
1740001926452 174.27332797864662 89
1740001926470 174.09833760945224 90
1740001926489 173.9235404135887 91
1740001926507 173.74893616900476 92
1740001926526 173.57452465391023 93
1740001926545 173.40030564677573 94
1740001926565 173.22627892633238 95
1740001926582 173.05244427157152 96
1740001926600 172.87880146174422 97
1740001926618 172.70535027636132 98
1740001926635 172.53209049519273 99
1740001926652 172.35902189826749 100
1740001926670 172.18614426587308 101
1740001926688 172.01345737855544 102
1740001926707 171.84096101711853 103
1740001926724 171.6686549626239 104
1740001926742 171.49653899639068 105
1740001926783 171.32461289999497 106
1740001926878 171.1528764552698 107
1740001926906 170.9813294443045 108
1740001926929 170.80997164944472 109
1740001926952 170.638802853292 110
1740001926974 170.46782283870337 111
1740001926997 170.29703138879123 112
1740001927020 170.1264282869228 113
1740001927040 169.95601331672012 114
1740001927062 169.78578626205953 115
1740001927084 169.61574690707144 116
1740001927105 169.44589503613992 117
1740001927126 169.27623043390258 118
1740001927147 169.10675288525024 119
1740001927168 168.9374621753265 120
1740001927190 168.7683580895274 121
1740001927213 168.5994404135014 122
1740001927234 168.43070893314894 123
1740001927255 168.26216343462184 124
1740001927277 168.09380370432353 125
1740001927298 167.92562952890844 126
1740001927321 167.75764069528162 127
1740001927342 167.58983699059874 128
1740001927364 167.42221820226547 129
1740001927386 167.25478411793748 130
1740001927406 167.0875345255199 131
1740001927427 166.92046921316714 132
1740001927449 166.75358796928262 133
1740001927472 166.58689058251835 134
1740001927495 166.4203768417748 135
1740001927517 166.2540465362005 136
1740001927540 166.08789945519163 137
1740001927562 165.92193538839206 138
1740001927585 165.75615412569275 139
1740001927607 165.59055545723152 140
1740001927631 165.4251391733928 141
1740001927653 165.25990506480753 142
1740001927675 165.09485292235237 143
1740001927698 164.9299825371499 144
1740001927722 164.765293700568 145
1740001927745 164.60078620421982 146
1740001927769 164.4364598399633 147
1740001927792 164.27231439990095 148
1740001927817 164.10834967637953 149
1740001927839 163.94456546198978 150
1740001927861 163.7809615495661 151
1740001927882 163.61753773218635 152
1740001927905 163.4542938031714 153
1740001927927 163.29122955608509 154
1740001927951 163.12834478473357 155
1740001927974 162.96563928316544 156
1740001927995 162.80311284567114 157
1740001928018 162.64076526678275 158
1740001928040 162.4785963412738 159
1740001928062 162.3166058641589 160
1740001928084 162.15479363069338 161
1740001928106 161.99315943637316 162
1740001928128 161.83170307693436 163
1740001928149 161.6704243483531 164
1740001928170 161.50932304684505 165
1740001928194 161.34839896886527 166
1740001928215 161.18765191110805 167
1740001928237 161.02708167050628 168
1740001928259 160.8666880442315 169
1740001928281 160.70647082969344 170
1740001928302 160.54642982453987 171
1740001928325 160.38656482665598 172
1740001928348 160.22687563416466 173
1740001928370 160.06736204542565 174
1740001928393 159.9080238590357 175
1740001928416 159.74886087382797 176
1740001928438 159.58987288887187 177
1740001928461 159.4310597034729 178
1740001928484 159.27242111717217 179
1740001928506 159.11395692974625 180
1740001928529 158.95566694120677 181
1740001928552 158.79755095180028 182
1740001928575 158.63960876200792 183
1740001928598 158.48184017254505 184
1740001928621 158.32424498436117 185
1740001928644 158.16682299863933 186
1740001928667 158.00957401679622 187
1740001928689 157.85249784048165 188
1740001928712 157.69559427157833 189
1740001928735 157.5388631122016 190
1740001928760 157.38230416469915 191
1740001928783 157.22591723165075 192
1740001928808 157.06970211586795 193
1740001928828 156.9136586203939 194
1740001928848 156.7577865485029 195
1740001928867 156.60208570370028 196
1740001928887 156.44655588972205 197
1740001928907 156.29119691053464 198
1740001928928 156.13600857033467 199
1740001928950 155.98099067354855 200
1740001928970 155.8261430248324 201
1740001928991 155.67146542907162 202
1740001929011 155.5169576913806 203
1740001929032 155.36261961710267 204
1740001929051 155.20845101180953 205
1740001929071 155.0544516813012 206
1740001929090 154.90062143160557 207
1740001929110 154.74696006897844 208
1740001929129 154.59346739990275 209
1740001929149 154.44014323108877 210
1740001929168 154.28698736947376 211
1740001929187 154.13399962222135 212
1740001929207 153.98117979672162 213
1740001929228 153.82852770059077 214
1740001929249 153.67604314167082 215
1740001929270 153.52372592802925 216
1740001929290 153.3715758679589 217
1740001929310 153.21959276997748 218
1740001929330 153.0677764428276 219
1740001929349 152.9161266954762 220
1740001929370 152.76464333711456 221
1740001929389 152.61332617715775 222
1740001929408 152.46217502524465 223
1740001929428 152.31118969123742 224
1740001929447 152.1603699852214 225
1740001929466 152.00971571750483 226
1740001929486 151.85922669861858 227
1740001929505 151.7089027393158 228
1740001929525 151.5587436505717 229
1740001929544 151.4087492435834 230
1740001929564 151.25891932976947 231
1740001929583 151.1092537207698 232
1740001929602 150.95975222844538 233
1740001929622 150.81041466487787 234
1740001929641 150.66124084236944 235
1740001929660 150.5122305734425 236
1740001929680 150.36338367083945 237
1740001929699 150.21469994752243 238
1740001929719 150.06617921667294 239
1740001929739 149.91782129169178 240
1740001929760 149.76962598619855 241
1740001929780 149.62159311403167 242
1740001929799 149.47372248924793 243
1740001929819 149.3260139261221 244
1740001929839 149.1784672391471 245
1740001929858 149.03108224303327 246
1740001929877 148.88385875270845 247
1740001929896 148.73679658331758 248
1740001929920 148.58989555022234 249
1740001929944 148.44315546900117 250
1740001929966 148.29657615544875 251
1740001929989 148.15015742557586 252
1740001930012 148.00389909560914 253
1740001930058 147.85780098199075 254
1740001930080 147.71186290137817 255
1740001930102 147.56608467064405 256
1740001930128 147.42046610687558 257
1740001930151 147.2750070273748 258
1740001930174 147.12970724965786 259
1740001930196 146.98456659145495 260
1740001930219 146.83958487071013 261
1740001930242 146.69476190558092 262
1740001930264 146.5500975144381 263
1740001930286 146.40559151586558 264
1740001930308 146.2612437286599 265
1740001930330 146.11705397183016 266
1740001930352 145.97302206459779 267
1740001930374 145.8291478263961 268
1740001930395 145.68543107687034 269
1740001930417 145.54187163587704 270
1740001930439 145.39846932348414 271
1740001930458 145.25522395997052 272
1740001930479 145.1121353658259 273
1740001930501 144.96920336175037 274
1740001930522 144.82642776865436 275
1740001930544 144.68380840765826 276
1740001930566 144.54134510009223 277
1740001930588 144.39903766749595 278
1740001930609 144.2568859316183 279
1740001930630 144.11488971441725 280
1740001930650 143.9730488380594 281
1740001930671 143.83136312492002 282
1740001930691 143.68983239758245 283
1740001930712 143.5484564788382 284
1740001930734 143.4072351916865 285
1740001930757 143.2661683593341 286
1740001930778 143.1252558051949 287
1740001930799 142.98449735289006 288
1740001930822 142.8438928262473 289
1740001930843 142.70344204930097 290
1740001930864 142.56314484629178 291
1740001930885 142.42300104166637 292
1740001930908 142.28301046007712 293
1740001930930 142.14317292638222 294
1740001930952 142.00348826564488 295
1740001930978 141.86395630313353 296
1740001931003 141.7245768643214 297
1740001931025 141.5853497748863 298
1740001931048 141.4462748607103 299
1740001931072 141.3073519478797 300
1740001931095 141.1685808626846 301
1740001931119 141.02996143161852 302
1740001931139 140.89149348137863 303
1740001931162 140.7531768388651 304
1740001931183 140.6150113311809 305
1740001931205 140.47699678563183 306
1740001931227 140.33913302972584 307
1740001931248 140.20141989117332 308
1740001931268 140.06385719788634 309
1740001931289 139.9264447779788 310
1740001931309 139.78918245976593 311
1740001931329 139.65207007176429 312
1740001931349 139.51510744269123 313
1740001931369 139.378294401465 314
1740001931389 139.2416307772042 315
1740001931409 139.1051163992278 316
1740001931428 138.96875109705465 317
1740001931449 138.8325347004034 318
1740001931469 138.6964670391923 319
1740001931489 138.5605479435388 320
1740001931509 138.42477724375954 321
1740001931531 138.28915477036986 322
1740001931552 138.1536803540837 323
1740001931575 138.01835382581342 324
1740001931596 137.8831750166694 325
1740001931619 137.74814375796 326
1740001931641 137.61325988119117 327
1740001931665 137.47852321806627 328
1740001931688 137.3439336004858 329
1740001931710 137.20949086054728 330
1740001931732 137.0751948305448 331
1740001931756 136.94104534296918 332
1740001931781 136.80704223050714 333
1740001931802 136.67318532604168 334
1740001931825 136.5394744626514 335
1740001931846 136.40590947361062 336
1740001931866 136.27249019238874 337
1740001931887 136.1392164526504 338
1740001931907 136.00608808825504 339
1740001931930 135.87310493325674 340
1740001931950 135.74026682190387 341
1740001931970 135.607573588639 342
1740001931990 135.47502506809874 343
1740001932011 135.34262109511315 344
1740001932031 135.21036150470596 345
1740001932052 135.078246132094 346
1740001932075 134.94627481268716 347
1740001932098 134.81444738208813 348
1740001932122 134.68276367609207 349
1740001932145 134.55122353068646 350
1740001932165 134.41982678205088 351
1740001932188 134.28857326655685 352
1740001932210 134.1574628207674 353
1740001932233 134.02649528143692 354
1740001932255 133.89567048551118 355
1740001932278 133.76498827012668 356
1740001932299 133.63444847261079 357
1740001932322 133.50405093048124 358
1740001932341 133.3737954814462 359
1740001932361 133.2436819634037 360
1740001932379 133.11371021444168 361
1740001932398 132.9838800728377 362
1740001932416 132.85419137705858 363
1740001932436 132.72464396576032 364
1740001932455 132.5952376777879 365
1740001932474 132.46597235217496 366
1740001932492 132.33684782814353 367
1740001932512 132.20786394510395 368
1740001932535 132.07902054265463 369
1740001932553 131.9503174605816 370
1740001932572 131.8217545388587 371
1740001932590 131.69333161764692 372
1740001932608 131.56504853729444 373
1740001932627 131.43690513833639 374
1740001932644 131.30890126149455 375
1740001932662 131.18103674767713 376
1740001932680 131.05331143797864 377
1740001932698 130.92572517367955 378
1740001932717 130.79827779624623 379
1740001932735 130.67096914733042 380
1740001932755 130.54379906876946 381
1740001932776 130.41676740258566 382
1740001932800 130.28987399098634 383
1740001932840 130.16311867636344 384
1740001932860 130.03650130129338 385
1740001932878 129.910021708537 386
1740001932896 129.78367974103892 387
1740001932915 129.65747524192776 388
1740001932932 129.5314080545157 389
1740001932950 129.40547802229835 390
1740001932968 129.2796849889544 391
1740001932985 129.15402879834545 392
1740001933003 129.02850929451603 393
1740001933025 128.903126321693 394
1740001933043 128.7778797242856 395
1740001933062 128.65276934688512 396
1740001933080 128.52779503426478 397
1740001933098 128.40295663137934 398
1740001933115 128.27825398336503 399
1740001933133 128.15368693553944 400
1740001933152 128.02925533340098 401
1740001933170 127.9049590226289 402
1740001933189 127.78079784908303 403
1740001933206 127.65677165880365 404
1740001933224 127.532880298011 405
1740001933242 127.40912361310542 406
1740001933260 127.2855014506669 407
1740001933279 127.16201365745493 408
1740001933297 127.03866008040826 409
1740001933316 126.91544056664485 410
1740001933333 126.79235496346135 411
1740001933351 126.66940311833321 412
1740001933368 126.54658487891422 413
1740001933386 126.42390009303641 414
1740001933403 126.30134860870994 415
1740001933420 126.17893027412266 416
1740001933438 126.05664493764002 417
1740001933456 125.93449244780491 418
1740001933474 125.81247265333738 419
1740001933493 125.69058540313439 420
1740001933510 125.56883054626974 421
1740001933529 125.44720793199369 422
1740001933547 125.32571740973295 423
1740001933565 125.20435882909017 424
1740001933583 125.0831320398441 425
1740001933600 124.96203689194907 426
1740001933618 124.84107323553502 427
1740001933635 124.72024092090713 428
1740001933653 124.5995397985456 429
1740001933671 124.47896971910554 430
1740001933689 124.35853053341683 431
1740001933707 124.23822209248364 432
1740001933725 124.11804424748452 433
1740001933743 123.997996849772 434
1740001933764 123.8780797508725 435
1740001933783 123.75829280248601 436
1740001933801 123.63863585648599 437
1740001933819 123.51910876491914 438
1740001933837 123.39971138000513 439
1740001933854 123.28044355413644 440
1740001933871 123.16130513987815 441
1740001933888 123.0422959899678 442
1740001933906 122.92341595731504 443
1740001933924 122.80466489500161 444
1740001933942 122.68604265628092 445
1740001933962 122.5675490945781 446
1740001933983 122.44918406348948 447
1740001934004 122.33094741678279 448
1740001934029 122.21283900839651 449
1740001934050 122.09485869244004 450
1740001934068 121.97700632319328 451
1740001934086 121.85928175510654 452
1740001934103 121.7416848428002 453
1740001934121 121.6242154410647 454
1740001934139 121.50687340486026 455
1740001934157 121.38965858931654 456
1740001934176 121.27257084973262 457
1740001934195 121.15561004157672 458
1740001934215 121.03877602048608 459
1740001934233 120.92206864226657 460
1740001934251 120.80548776289274 461
1740001934268 120.68903323850735 462
1740001934287 120.57270492542153 463
1740001934304 120.45650268011417 464
1740001934322 120.34042635923191 465
1740001934340 120.22447581958914 466
1740001934357 120.1086509181674 467
1740001934375 119.9929515121155 468
1740001934392 119.87737745874918 469
1740001934411 119.76192861555094 470
1740001934428 119.64660484016983 471
1740001934446 119.53140599042129 472
1740001934465 119.41633192428692 473
1740001934483 119.30138249991434 474
1740001934501 119.1865575756168 475
1740001934518 119.07185700987336 476
1740001934537 118.9572806613282 477
1740001934554 118.84282838879088 478
1740001934572 118.72850005123588 479
1740001934589 118.61429550780247 480
1740001934608 118.50021461779454 481
1740001934625 118.38625724068035 482
1740001934643 118.27242323609242 483
1740001934661 118.15871246382719 484
1740001934679 118.04512478384501 485
1740001934697 117.93166005626985 486
1740001934716 117.81831814138907 487
1740001934734 117.70509889965325 488
1740001934752 117.59200219167606 489
1740001934775 117.47902787823404 490
1740001934794 117.36617582026626 491
1740001934811 117.25344587887444 492
1740001934829 117.14083791532242 493
1740001934847 117.02835179103616 494
1740001934865 116.91598736760353 495
1740001934882 116.80374450677404 496
1740001934899 116.69162307045883 497
1740001934917 116.57962292073016 498
1740001934937 116.46774391982156 499
