1739998666340 0.07076477853012801 0
1739998666435 0.546104347127584 1
1739998666524 1.8159779709021389 2
1739998666612 0.4601289449927447 3
1739998666710 0.9431819689519092 4
1739998666800 0.34210346426831273 5
1739998666887 1.2680341711344432 6
1739998666977 0.14941897915466693 7
1739998667062 0.6099019750652916 8
1739998667149 0.2229364701493751 9
1739998667236 1.2264666855745452 10
1739998667323 1.1215510008200091 11
1739998667409 1.979334186362742 12
1739998667497 0.03205699528801563 13
1739998667588 0.40257156277895867 14
1739998667676 0.11854414138866816 15
1739998667769 0.24969508013849306 16
1739998667859 0.47007428588082123 17
1739998667945 0.16743936329874534 18
1739998668032 0.6015616320639968 19
1739998668119 0.07323160068879402 20
1739998668208 0.33355969716098305 21
1739998668296 0.32197171063951613 22
1739998668384 0.3594753054751554 23
1739998668469 0.022308279731133116 24
1739998668558 0.04257571864566495 25
1739998668645 0.22333892068846037 26
1739998668736 1.3259413331043148 27
1739998668825 0.8599692947749483 28
1739998668913 0.008574569537834389 29
1739998668998 0.5065163968671588 30
1739998669087 0.2719992694122746 31
1739998669175 0.3619459629918049 32
1739998669264 2.224612188887457 33
1739998669350 0.6674464801233313 34
1739998669438 0.596139172291042 35
1739998669526 1.071470344478785 36
1739998669616 0.7614266270775759 37
1739998669707 0.3743981934571957 38
1739998669794 1.2740581235085349 39
1739998669882 1.0023320531561746 40
1739998669968 0.2962209668937039 41
1739998670056 0.3507079707223426 42
1739998670143 1.2358509097253245 43
1739998670233 0.8232769780636799 44
1739998670320 0.6731799142669398 45
1739998670409 0.5041644325198121 46
1739998670498 0.6645552191187973 47
1739998670585 0.8432044331087643 48
1739998670674 0.30708947516036317 49
1739998670768 0.1666133785204712 50
1739998670854 0.999039690395027 51
1739998670942 0.3631604162897678 52
1739998671029 0.3222994620241218 53
1739998671114 0.1119679183627333 54
1739998671202 0.5187732614272732 55
1739998671290 1.0231654806689627 56
1739998671377 0.5878755782857358 57
1739998671464 0.5506373851224695 58
1739998671551 1.1796102128698902 59
1739998671638 0.13204395828742302 60
1739998671729 0.5600049558057482 61
1739998671816 0.10719167972854168 62
1739998671904 2.279474187719627 63
1739998671992 0.7467380740613815 64
1739998672081 0.19967072382848908 65
1739998672180 0.15004249431851502 66
1739998672268 0.6247213285354432 67
1739998672355 0.029890742790036316 68
1739998672442 0.11161501192469735 69
1739998672529 0.4031867067282601 70
1739998672616 0.25635484459706975 71
1739998672704 0.41636232353375763 72
1739998672799 0.04991575787969365 73
1739998672886 0.33614531801318226 74
1739998672975 0.07131336061735837 75
1739998673069 0.9138010079088716 76
1739998673159 0.15476531916793201 77
1739998673246 0.3403969452861546 78
1739998673334 0.941773612419123 79
1739998673421 0.2683583243650408 80
1739998673511 0.15432475718107394 81
1739998673601 1.0022746135189038 82
1739998673688 0.3128358068504036 83
1739998673781 0.9437173599851901 84
1739998673866 0.6912855279929742 85
1739998673954 1.047069925200046 86
1739998674040 0.487879846391709 87
1739998674125 0.18367172257360256 88
1739998674211 0.5219866274085081 89
1739998674300 0.8425569212848909 90
1739998674388 0.04383144181596495 91
1739998674476 0.16009298571240077 92
1739998674563 0.2742544612429681 93
1739998674651 0.08230074706135042 94
1739998674739 0.5756451301525459 95
1739998674835 2.0899905825206755 96
1739998674922 2.126549988645366 97
1739998675009 0.9618127644900701 98
1739998675096 1.1837015820449162 99
1739998675184 1.1226829820563895 100
1739998675273 0.5208542914333584 101
1739998675360 0.3043765035761435 102
1739998675446 0.5299022163662653 103
1739998675533 0.30181644563357213 104
1739998675620 0.3543903247615171 105
1739998675709 1.4349233676683963 106
1739998675797 0.8482675484273648 107
1739998675882 0.47225989442263744 108
1739998675969 0.314002092138659 109
1739998676056 0.0012984402873697847 110
1739998676145 0.7049686553197811 111
1739998676233 0.1915625493020809 112
1739998676320 0.23725080402644874 113
1739998676407 0.48484072545055784 114
1739998676496 0.5980978290071488 115
1739998676585 0.018782150799083044 116
1739998676672 0.3037184784723262 117
1739998676761 1.2130733006690384 118
1739998676851 0.4689827643752011 119
1739998676940 0.07781220277787225 120
1739998677027 0.5464779312910905 121
1739998677114 9.070820597692523e-05 122
1739998677205 0.8294188168955205 123
1739998677291 0.01131670375166486 124
1739998677379 1.264331026188216 125
1739998677466 0.42690726847072347 126
1739998677552 0.581029174436333 127
1739998677640 0.5322009020192159 128
1739998677729 0.9441717505373526 129
1739998677815 0.5423918968427797 130
1739998677902 1.5718435769124932 131
1739998677990 2.0153815310241954 132
1739998678078 0.1494198223586681 133
1739998678168 0.32302748398412506 134
1739998678257 1.160821623721642 135
1739998678344 0.03537020882319133 136
1739998678431 1.6050990956182953 137
1739998678520 0.21167267475185558 138
1739998678607 1.012165332119113 139
1739998678696 1.249349870865489 140
1739998678782 0.13797776535421138 141
1739998678873 0.2592284338503966 142
1739998678960 0.9694272835026657 143
1739998679046 0.2431864802053978 144
1739998679133 1.3496951731870952 145
1739998679223 0.7596805518032556 146
1739998679311 0.9765529101368221 147
1739998679397 0.832421060261137 148
1739998679486 0.6530893995453786 149
1739998679572 0.35060572890484526 150
1739998679660 0.32403860728522066 151
1739998679750 0.6050682155254118 152
1739998679837 0.6395167926351241 153
1739998679924 0.07411942572194251 154
1739998680016 0.6802956978680011 155
1739998680105 0.010960039127141061 156
1739998680193 0.8855811601699827 157
1739998680341 0.016787218981074832 158
1739998680428 0.4765190445330618 159
1739998680517 0.9744341037092596 160
1739998680606 0.335682232287708 161
1739998680695 0.2927812793605653 162
1739998680782 0.6820762696586237 163
1739998680870 0.2100569581688454 164
1739998680964 0.3620474857734053 165
1739998681049 0.5183355318081372 166
1739998681135 0.6098143207724048 167
1739998681224 0.022480199792196398 168
1739998681312 0.35688964878048096 169
1739998681397 0.6639789076389228 170
1739998681485 0.6420983894396729 171
1739998681572 0.7804126512088039 172
1739998681659 2.0420921831475827 173
1739998681751 0.3465003053175046 174
1739998681838 0.4592833343070753 175
1739998681925 1.0227198041763503 176
1739998682012 0.47980577593706103 177
1739998682098 0.03900717833582528 178
1739998682193 0.5765592465126289 179
1739998682291 2.3514630193420456 180
1739998682382 0.16632906384834656 181
1739998682470 0.24024153030505216 182
1739998682624 0.6287303372381235 183
1739998682715 0.471145973979498 184
1739998682816 1.0727790099172667 185
1739998682904 0.33108462278760986 186
1739998682996 0.8893604257123067 187
1739998683081 0.13989632996017481 188
1739998683171 0.17052541833305396 189
1739998683260 0.2530473589891039 190
1739998683348 1.9298639431472007 191
1739998683436 0.11948110467625661 192
1739998683523 0.32100772343615275 193
1739998683610 0.3520851606368773 194
1739998683704 1.602394542054388 195
1739998683794 1.5103894610332853 196
1739998683886 0.20881057883792484 197
1739998683972 0.19217091633659877 198
1739998684060 0.5146910656179775 199
1739998684146 1.104485618161032 200
1739998684234 0.402881541521156 201
1739998684322 0.05534142684670892 202
1739998684407 0.3694944101066814 203
1739998684495 0.1624863696933909 204
1739998684581 0.4868177564529002 205
1739998684670 0.25439138186459753 206
1739998684759 0.32077430319726935 207
1739998684847 0.21830105278467327 208
1739998684934 0.06341594684915045 209
1739998685032 0.6169162217432039 210
1739998685119 2.1626596703249355e-05 211
1739998685206 0.047453599298921297 212
1739998685293 2.053132563904318 213
1739998685380 0.10369006024434319 214
1739998685470 2.425410933603392 215
1739998685560 1.4013410780326663 216
1739998685645 0.1862865040243368 217
1739998685775 0.6160067073930867 218
1739998685864 1.3502115690153769 219
1739998685949 0.2171844859080644 220
1739998686036 0.5767878970726155 221
1739998686122 0.19608811917961314 222
1739998686208 0.6284614253176133 223
1739998686295 0.0868603688505415 224
1739998686384 0.012692771198313345 225
1739998686473 0.6396998654015357 226
1739998686565 0.2165377200106965 227
1739998686652 0.18408006588725595 228
1739998686779 0.6702613055815226 229
1739998686876 0.24035879067977456 230
1739998686976 0.07323346497886299 231
1739998687076 0.9184552111141174 232
1739998687171 0.0017990848759576426 233
1739998687268 0.0037369360274332494 234
1739998687364 2.700976717437684 235
1739998687459 1.3482321213510853 236
1739998687554 0.2211035038809811 237
1739998687649 0.6615837869214232 238
1739998687745 0.9387637231269677 239
1739998687838 0.29658531555936857 240
1739998687936 0.45418729634402355 241
1739998688036 0.3450545344777113 242
1739998688133 0.12387937298898254 243
1739998688227 0.24230594208525838 244
1739998688320 0.03489690752015306 245
1739998688415 0.030422462064441665 246
1739998688511 0.35708552208272454 247
1739998688612 0.3129956179681862 248
1739998688709 1.2674113119623382 249
1739998688805 0.7257846647963617 250
1739998688900 0.33807758754947537 251
1739998689002 1.2688805563277632 252
1739998689101 0.07032508250182892 253
1739998689196 1.0978885837975145 254
1739998689307 0.024278412640566197 255
1739998689404 0.2812523270128627 256
1739998689496 0.08620509465768642 257
1739998689587 0.739187523563575 258
1739998689686 2.011950560913225 259
1739998689783 0.739084427309674 260
1739998689874 0.5385634095916582 261
1739998689976 0.261695778440884 262
1739998690079 0.45606326225293015 263
1739998690178 0.31046999318787777 264
1739998690268 0.3319598184222541 265
1739998690359 0.46552997008544184 266
1739998690455 0.6040729900898386 267
1739998690570 0.5805858224051785 268
1739998690665 1.1648367070974166 269
1739998690763 0.36323427712527845 270
1739998690853 0.0019378620469964996 271
1739998690944 0.6277452308244922 272
1739998691032 0.49207093812352815 273
1739998691125 0.06267265518293193 274
1739998691211 2.0826809340912718 275
1739998691301 0.4615647064028331 276
1739998691389 0.6998533250792357 277
1739998691474 0.46582455442017257 278
1739998691562 0.05521153042498278 279
1739998691649 0.8262213857471185 280
1739998691740 0.48634347058716815 281
1739998691832 0.04188662940181238 282
1739998691918 0.5254619205132479 283
1739998692006 0.2792087737135704 284
1739998692095 0.9725818595004997 285
1739998692183 0.8122483497575292 286
1739998692275 0.5173126170511345 287
1739998692376 0.7403347077984944 288
1739998692466 0.11055267586024628 289
1739998692552 0.5851386865349695 290
1739998692642 0.9530127471494488 291
1739998692732 0.4874675638451499 292
1739998692825 0.32066690848546603 293
1739998692912 0.40626195266542964 294
1739998692998 0.6916203167966882 295
1739998693087 0.17329662470131676 296
1739998693179 0.4138691775701531 297
1739998693267 0.39519805638408184 298
1739998693354 0.33780741652641005 299
1739998693442 1.3585536691636069 300
1739998693530 0.9134201420878336 301
1739998693616 0.15925311848935467 302
1739998693708 2.941187801714629 303
1739998693798 0.48329023637731927 304
1739998693888 2.058230390717617 305
1739998693977 0.4753247231256585 306
1739998694064 1.9340746013432504 307
1739998694151 0.9364597038526418 308
1739998694239 0.4555580858595919 309
1739998694329 0.332162586300951 310
1739998694416 0.33701561195378493 311
1739998694502 0.2750742613571219 312
1739998694591 0.8584324259484523 313
1739998694679 0.6144114353415324 314
1739998694767 0.8119418618261999 315
1739998694855 0.04649785508493015 316
1739998694944 0.214062357659973 317
1739998695030 0.23754331124152903 318
1739998695119 0.49163292016488686 319
1739998695211 1.1515321482375978 320
1739998695299 0.22345733197215636 321
1739998695388 1.1645685759236126 322
1739998695477 0.42615396010580087 323
1739998695566 0.9742956665020428 324
1739998695654 0.9639312910853423 325
1739998695746 0.3607032961041201 326
1739998695835 0.38782060877157704 327
1739998695922 0.031363233715019166 328
1739998696008 0.5686208034042045 329
1739998696095 0.6366463430001177 330
1739998696182 0.4046898258630748 331
1739998696269 0.3660292152224778 332
1739998696357 0.9757221302697875 333
1739998696445 0.4983988718052107 334
1739998696533 0.1775080915608963 335
1739998696620 1.3889368544131129 336
1739998696710 0.011134883175138182 337
1739998696859 0.23909137503007602 338
1739998696947 0.6454775006627841 339
1739998697032 0.601385675328886 340
1739998697120 0.01469286423514278 341
1739998697213 0.06757314263014387 342
1739998697299 0.34978489447741323 343
1739998697387 0.338183464685491 344
1739998697476 0.09088724801106737 345
1739998697563 0.009761164747867214 346
1739998697650 0.20149224481228914 347
1739998697742 0.09938566873640507 348
1739998697834 0.9996372108392687 349
1739998697922 0.1392241633838074 350
1739998698012 0.6970678760365439 351
1739998698099 0.36854254582208645 352
1739998698185 0.08308480247842126 353
1739998698275 0.5218812256064783 354
1739998698363 0.349598991642526 355
1739998698451 0.4651010326443634 356
1739998698537 0.011640483559094328 357
1739998698624 0.0025402386727394624 358
1739998698712 0.9039450010205242 359
1739998698803 0.18275685809006137 360
1739998698889 0.09974284536946515 361
1739998698976 0.02666471755741782 362
1739998699067 0.31770957730311766 363
1739998699153 0.2333438019085906 364
1739998699245 0.09073269919753228 365
1739998699334 0.4134248487106583 366
1739998699419 0.6625097567326917 367
1739998699507 1.305092856037049 368
1739998699594 0.7874099879726247 369
1739998699683 1.1023138043231369 370
1739998699777 1.084377818431119 371
1739998699864 0.2412777801270766 372
1739998699950 0.5409301446732888 373
1739998700039 0.9235202746991612 374
1739998700128 0.04240827483667341 375
1739998700215 0.10284898651650536 376
1739998700302 0.4645118501800974 377
1739998700389 0.0004078352714581314 378
1739998700474 0.071152917669387 379
1739998700561 0.392295023523663 380
1739998700648 0.08488625059833496 381
1739998700739 0.47259735197682173 382
1739998700827 1.2486821719196914 383
1739998700916 0.6026402018816249 384
1739998701004 0.03594813476267943 385
1739998701095 0.3664837883721752 386
1739998701182 0.5800706881970835 387
1739998701276 0.13808349093350844 388
1739998701363 1.8595588941480752 389
1739998701449 1.0611055112923329 390
1739998701536 0.16805452361354065 391
1739998701623 0.43749054901280915 392
1739998701714 0.20325595237034877 393
1739998701805 0.3421015071196464 394
1739998701891 1.0179803518781623 395
1739998701979 1.5285933118739432 396
1739998702070 0.16473513837493947 397
1739998702158 0.08275790030534295 398
1739998702245 0.5724241813878737 399
1739998702331 1.2645219018271234 400
1739998702434 0.0756898244820889 401
1739998702527 0.2983581608846986 402
1739998702614 0.30301261478771513 403
1739998702704 0.10608494128600554 404
1739998702791 1.0977779578951319 405
1739998702877 0.4522086581914411 406
1739998702966 0.608117132930712 407
1739998703054 0.07935911006597514 408
1739998703143 0.6839988290394936 409
1739998703233 0.8456571716536926 410
1739998703327 0.11881877170783813 411
1739998703414 1.0475178046446143 412
1739998703500 0.17940730812703845 413
1739998703584 0.041810890857096564 414
1739998703671 0.4217602881629741 415
1739998703759 0.0015117518348968023 416
1739998703847 0.022648226754114504 417
1739998703932 0.35901451457039246 418
1739998704019 0.7971474179718747 419
1739998704107 0.789968699145265 420
1739998704196 0.0256367227581767 421
1739998704282 0.956970385790258 422
1739998704370 0.1968493524505615 423
1739998704455 0.6774824391752731 424
1739998704541 0.8069454551590415 425
1739998704630 0.3349971514239404 426
1739998704721 0.2484688064389684 427
1739998704809 0.722387952581685 428
1739998704895 1.2225980493364843 429
1739998704981 0.08202620026441783 430
1739998705069 1.4643916630162865 431
1739998705159 0.2783892742582407 432
1739998705251 0.29155155886819767 433
1739998705344 0.18164056506986484 434
1739998705432 0.8839261938743552 435
1739998705520 0.3108719833523247 436
1739998705608 0.43306836388335057 437
1739998705695 0.9434911059525224 438
1739998705784 0.5120904312478347 439
1739998705870 0.3870862228854466 440
1739998705958 0.35588987766468333 441
1739998706044 0.9236492421224419 442
1739998706131 0.43955572149678157 443
1739998706217 0.37309520339663954 444
1739998706306 2.505142660650656 445
1739998706392 0.3831056671882557 446
1739998706482 0.38965493196069234 447
1739998706571 0.04565415276999286 448
1739998706658 0.5946827102170629 449
1739998706747 5.11131137214575e-05 450
1739998706835 0.1430165796498865 451
1739998706923 0.004608809643953789 452
1739998707010 0.5550717756358312 453
1739998707099 1.1309738901275566 454
1739998707185 0.14892758281886126 455
1739998707272 0.38923732401272987 456
1739998707366 1.3044427960965082 457
1739998707452 0.7320187287889031 458
1739998707539 0.49783680182735957 459
1739998707626 1.5444312300958325 460
1739998707719 0.3963176274461439 461
1739998707808 0.028370312625527704 462
1739998707895 1.0724344526806047 463
1739998707982 0.6898367974059757 464
1739998708071 0.17821571850360615 465
1739998708160 0.4658041898639958 466
1739998708250 1.0593366213437843 467
1739998708337 2.2945177433968142 468
1739998708424 0.4135330314172242 469
1739998708515 0.5515991945893116 470
1739998708602 0.000994972987003233 471
1739998708692 0.059245121765921484 472
1739998708782 0.06066599403802964 473
1739998708881 0.2616490350796011 474
1739998708978 0.006081397015465984 475
1739998709066 0.011261143914789287 476
1739998709153 0.4491245585780107 477
1739998709241 0.176638330327987 478
1739998709329 0.4966708511989731 479
1739998709421 0.07490375080874435 480
1739998709509 0.1910555158601829 481
1739998709596 1.0542013652714293 482
1739998709683 0.1538363571713402 483
1739998709774 0.03408165247020038 484
1739998709860 0.8409040836362113 485
1739998709947 0.19473172134260294 486
1739998710035 0.23715663723742933 487
1739998710123 0.5695576112728842 488
1739998710211 0.1764808746342261 489
1739998710300 0.8358721781532386 490
1739998710386 0.6816184842590775 491
1739998710475 0.010434571075494338 492
1739998710560 0.015772417461936507 493
1739998710647 0.028843301163086338 494
1739998710734 0.5862145623692726 495
1739998710820 0.10036774134361863 496
1739998710907 0.6411323880102155 497
1739998710993 0.5987969796566287 498
1739998711080 0.7534614326298447 499
