1739989307836 6.991246379142456 0
1739989307919 6.6938944567418295 1
1739989308009 5.512314452519223 2
1739989308091 5.661463824563578 3
1739989308174 3.3404997009004163 4
1739989308257 6.658940050768032 5
1739989308339 6.345353898969514 6
1739989308462 6.092759142442468 7
1739989308543 7.411757766609196 8
1739989308625 5.796560794919638 9
1739989308707 7.382571301136679 10
1739989308790 7.845691116635847 11
1739989308872 5.598119633890031 12
1739989308986 7.1111424273974615 13
1739989309084 4.193985980849784 14
1739989309166 7.102167331512347 15
1739989309248 5.993718866316122 16
1739989309330 6.735390417684791 17
1739989309413 6.207325702771768 18
1739989309495 5.738076522700145 19
1739989309576 5.953960988939732 20
1739989309659 7.56709458633694 21
1739989309741 8.375640742693014 22
1739989309824 7.688175438039104 23
1739989309906 6.4322186883458325 24
1739989309988 6.6811872828942285 25
1739989310069 4.9590083457454 26
1739989310151 6.880569857801887 27
1739989310233 7.18530657419154 28
1739989310315 8.730446866148108 29
1739989310397 5.574826759096453 30
1739989310479 6.4799283834714325 31
1739989310561 5.675411308857128 32
1739989310643 6.373334426981689 33
1739989310726 6.897153295030329 34
1739989310809 5.189572609457391 35
1739989310891 6.6411029815325175 36
1739989310974 6.065778913492572 37
1739989311057 6.675620758491959 38
1739989311139 6.4367885345933615 39
1739989311222 7.775382725957426 40
1739989311305 9.060655143358535 41
1739989311386 7.691900955632177 42
1739989311469 5.753246543887393 43
1739989311551 6.811848265608989 44
1739989311633 7.116540240020562 45
1739989311715 9.468334364728737 46
1739989311798 7.067145739783849 47
1739989311879 6.157546003811858 48
1739989311962 5.832438058938698 49
1739989312044 5.111449990501471 50
1739989312126 8.0600861326869 51
1739989312210 9.619420631487978 52
1739989312292 6.899469040429018 53
1739989312373 6.839491763459201 54
1739989312454 4.7659318662597645 55
1739989312533 7.0469680405532715 56
1739989312613 6.450117737842105 57
1739989312697 8.149249506919165 58
1739989312777 5.507407475827132 59
1739989312857 6.438147036213666 60
1739989312939 6.365018594818276 61
1739989313027 6.535955655909218 62
1739989313109 8.865976600529631 63
1739989313190 10.555765612810722 64
1739989313270 7.632973994030389 65
1739989313349 8.923168045707957 66
1739989313431 7.19475341086356 67
1739989313512 5.169460897922998 68
1739989313592 7.202136644723853 69
1739989313673 8.93876471838569 70
1739989313778 6.388259299298703 71
1739989315824 6.07409584924727 72
1739989315908 6.563652825529003 73
1739989315989 6.299913271059499 74
1739989316074 5.352534747176958 75
1739989316158 5.405841829247255 76
1739989316241 7.480872841454568 77
1739989316325 7.505882806394126 78
1739989316411 5.132042792610298 79
1739989316494 6.0392703858095365 80
1739989316576 6.96322537901176 81
1739989316660 6.471360715369649 82
1739989316744 5.09990176526456 83
1739989316839 5.26037705047294 84
1739989316929 6.711237952256215 85
1739989317013 5.8188477509629 86
1739989317100 6.231185175096126 87
1739989317185 7.026844460776725 88
1739989317269 6.100687183775669 89
1739989317352 7.28069789226163 90
1739989317436 6.032742360686791 91
1739989317520 7.274923940397168 92
1739989317604 6.606464288525748 93
1739989317687 5.303278411887379 94
1739989317772 6.9116538282801665 95
1739989317856 4.3629652060310855 96
1739989317941 5.7971263445686665 97
1739989318024 5.532514770269014 98
1739989318108 7.836072897504632 99
1739989318193 6.1601439594691 100
1739989318279 7.368242217828102 101
1739989318365 6.868320399874351 102
1739989318451 6.291882487097978 103
1739989318538 7.821162544608375 104
1739989318624 5.986872830340563 105
1739989318711 6.67296537320694 106
1739989318798 6.6214099784466915 107
1739989318885 5.89539618747369 108
1739989318973 7.995531798385036 109
1739989319061 5.802651835049711 110
1739989319153 9.058348214545434 111
1739989319242 6.216214565881143 112
1739989319330 6.36522694367028 113
1739989319420 5.734664368437964 114
1739989319509 8.119089130061832 115
1739989319597 6.413174263219767 116
1739989319687 5.618857164730235 117
1739989319776 6.050497902240611 118
1739989319864 7.068785601378691 119
1739989319953 8.10685840087062 120
1739989320042 6.8996398147748845 121
1739989320131 9.140896683450206 122
1739989320220 7.872760779672215 123
1739989320309 6.880840387214511 124
1739989320397 6.423163463009242 125
1739989320485 7.250980145557285 126
1739989320574 6.448285479812308 127
1739989320663 8.836180700405993 128
1739989320753 7.224899201190388 129
1739989320845 9.606171393268825 130
1739989320937 8.274295124161902 131
1739989321028 6.007677216553709 132
1739989321120 5.827475328086033 133
1739989321211 6.191926176293508 134
1739989321303 5.744800529171788 135
1739989321394 5.400372297935579 136
1739989321486 6.569272366977306 137
1739989321578 6.391259771150228 138
1739989321670 6.448516778086177 139
1739989321763 7.975287762174044 140
1739989321856 6.2145363684284565 141
1739989321951 6.272055233735593 142
1739989322046 7.536139245754395 143
1739989322140 6.419786867504503 144
1739989322234 7.403706217852347 145
1739989322327 6.49025519284383 146
1739989322421 7.489747724983977 147
1739989322514 7.003896691736036 148
1739989322607 7.369181651727669 149
1739989322702 6.014682707153553 150
1739989322796 6.115499688436414 151
1739989322890 5.736355159155105 152
1739989322984 6.394674029529181 153
1739989323079 6.778524952215294 154
1739989323178 9.319302232415321 155
1739989323274 6.75649032905478 156
1739989323368 5.991046760427663 157
1739989323462 6.767497007181085 158
1739989323556 7.111341314819667 159
1739989323649 7.586357542391763 160
1739989323743 6.55090677115809 161
1739989323838 7.4572910696140156 162
1739989323934 6.640343033055003 163
1739989324044 5.875293350261226 164
1739989324151 6.684062097564889 165
1739989324248 6.456951854234591 166
1739989324345 6.606881903199019 167
1739989324442 7.397103913409542 168
1739989324539 5.3473557278169075 169
1739989324636 6.011372210662194 170
1739989324734 6.001618810487781 171
1739989324832 7.823113055558406 172
1739989324930 6.861124820341206 173
1739989325027 9.349092126549044 174
1739989325124 5.616825242773509 175
1739989325243 6.4523336987466875 176
1739989325374 6.456896063342763 177
1739989325479 6.510015981446847 178
1739989325583 6.2052439837264775 179
1739989325698 7.133094505346779 180
1739989325804 8.020924353877012 181
1739989325919 6.915809242329663 182
1739989326052 5.958237033889362 183
1739989326164 6.737367942157794 184
1739989326274 5.851809963941815 185
1739989326382 6.436414525504164 186
1739989326490 10.33925295757019 187
1739989326603 6.473491949555108 188
1739989326709 6.07181033773381 189
1739989326828 6.083248236073849 190
1739989326946 8.21612728405243 191
1739989327048 6.257156807004179 192
1739989327153 6.471695336886084 193
1739989327259 6.1131000970320954 194
1739989327366 6.8601908517933925 195
1739989327470 6.780101773647082 196
1739989327601 7.139277839132972 197
1739989327740 5.717200525821391 198
1739989327900 6.8954670868277494 199
1739989328010 8.420417768150338 200
1739989328121 6.786116481347764 201
1739989328234 5.87233007192639 202
1739989328341 6.724925759841323 203
1739989328484 6.142166017755996 204
1739989328605 4.69508802327179 205
1739989328723 7.335724331401123 206
1739989328835 6.479011349734177 207
1739989328946 6.387781348071822 208
1739989329094 5.7719470020801324 209
1739989329208 6.5961177398514526 210
1739989329319 5.636682931980551 211
1739989329431 6.400037095436041 212
1739989329541 6.836190687004572 213
1739989329694 7.657356249253346 214
1739989329881 6.574403103405932 215
1739989330055 5.8009712767902135 216
1739989330210 6.315681358288416 217
1739989330320 4.039707822710057 218
1739989330429 6.272167681511781 219
1739989330539 7.0677808199024135 220
1739989330650 6.924220376608905 221
1739989330760 5.826140859615669 222
1739989330870 7.080706804193215 223
1739989330980 6.770227655089728 224
1739989331090 6.1685844738290525 225
1739989331200 8.085335294222505 226
1739989331310 4.996407935056321 227
1739989331425 5.927125066376117 228
1739989331574 6.19493437397004 229
1739989331683 6.634134485324839 230
1739989331792 7.00340147675974 231
1739989331903 6.891705806047852 232
1739989332012 5.653467484241861 233
1739989332121 7.190587496707474 234
1739989332233 5.88792453395831 235
1739989332341 6.754263930203739 236
1739989332451 8.48915128420993 237
1739989332560 8.226287755441692 238
1739989332670 4.672745107488562 239
1739989332780 9.355979136570124 240
1739989332890 6.424407508243218 241
1739989333001 6.103925034015695 242
1739989333109 6.022984301558142 243
1739989333220 6.490656882896567 244
1739989333330 5.300910415877229 245
1739989333440 6.551552449073228 246
1739989333549 6.807558539470169 247
1739989333658 6.511144911858114 248
1739989333769 7.031917126077308 249
1739989333880 8.785950118447365 250
1739989333990 8.673777994188692 251
1739989334101 3.0772008553265344 252
1739989334209 7.497988369601811 253
1739989334320 7.711644627709319 254
1739989334428 6.464713724404567 255
1739989334537 4.677276575731346 256
1739989334646 8.793923793904431 257
1739989334756 5.196185616369722 258
1739989334866 6.475568338162553 259
1739989334977 6.564504383333085 260
1739989335085 5.577445911506041 261
1739989335195 6.705711639697743 262
1739989335303 7.032908295997422 263
1739989335413 7.549040381490284 264
1739989335522 6.351584284360651 265
1739989335631 6.595403187639017 266
1739989335740 6.025916397118807 267
1739989335850 5.284190570703278 268
1739989335975 6.735335146091689 269
1739989336081 6.593802172406501 270
1739989336187 5.993759097494643 271
1739989336293 6.644953305642984 272
1739989336398 5.664057669164979 273
1739989336505 5.41810542984048 274
1739989336610 6.240603620937312 275
1739989336716 8.325204274877196 276
1739989336823 7.022909374731188 277
1739989336927 6.383770287705163 278
1739989337034 8.488004278933447 279
1739989337140 6.7498799571887576 280
1739989337243 5.55493115835433 281
1739989337347 7.037487734419288 282
1739989337450 6.694631734140379 283
1739989337551 6.335150772753152 284
1739989337652 6.019311866456097 285
1739989337756 5.419137398359482 286
1739989337858 5.96589696146991 287
1739989337961 6.788376993585674 288
1739989338062 6.27787116637763 289
1739989338162 6.641340633979186 290
1739989338265 5.951812293400671 291
1739989338367 4.929515084728157 292
1739989338469 5.961248039617117 293
1739989338572 5.323910221614369 294
1739989338674 6.283321836901142 295
1739989338777 5.091909992556106 296
1739989338878 6.300093632173595 297
1739989338980 6.353039463335072 298
1739989339082 7.040847029147551 299
1739989339184 5.768615972596457 300
1739989339287 6.517305293757975 301
1739989339398 4.54359852740625 302
1739989339501 9.61714955106183 303
1739989339603 6.269620370260702 304
1739989339703 7.029996295799629 305
1739989339803 6.695693277313415 306
1739989339902 6.648610882615859 307
1739989340001 7.53242305797891 308
1739989340100 6.410650931125235 309
1739989340199 7.167057727822106 310
1739989340298 5.58006366130515 311
1739989340398 7.036547956839778 312
1739989340497 8.608280304178825 313
1739989340596 5.622120927344235 314
1739989340695 6.661369062394886 315
1739989340795 6.286946129261728 316
1739989340894 6.294402621675411 317
1739989340994 6.859985783032559 318
1739989341091 6.647450809553363 319
1739989341188 5.868337735319823 320
1739989341285 6.764381493996714 321
1739989341380 7.418120730635288 322
1739989341476 5.189089253417255 323
1739989341573 5.830407799477259 324
1739989341670 6.626086888318013 325
1739989341767 5.701209720805181 326
1739989341863 6.147063258909512 327
1739989341960 5.408039041052234 328
1739989342055 6.701166892888446 329
1739989342151 4.6073185929639395 330
1739989342249 6.666044770585375 331
1739989342344 7.5709229081717675 332
1739989342440 5.71072919302237 333
1739989342537 10.367881669321399 334
1739989342630 7.01649462799609 335
1739989342724 7.1732853346329195 336
1739989342817 9.570781607132638 337
1739989342911 7.144343150992246 338
1739989343005 6.112562994072196 339
1739989343098 8.220572514016306 340
1739989343192 3.369718933451242 341
1739989343286 7.979496015711937 342
1739989343384 7.722466234689078 343
1739989343478 5.898479386198145 344
1739989343572 6.060732310279974 345
1739989343667 6.126888962948862 346
1739989343762 6.524883152715461 347
1739989343854 6.407784586224043 348
1739989343948 6.110223867471005 349
1739989344042 6.739593872245043 350
1739989344135 6.631342329646872 351
1739989344230 5.677415685630105 352
1739989344323 6.202703602434679 353
1739989344416 7.096785859064311 354
1739989344511 6.726132181614494 355
1739989344604 6.110647244999975 356
1739989344698 6.9918160429196545 357
1739989344793 6.963156635343809 358
1739989344885 6.804277456660937 359
1739989344980 5.568156193901217 360
1739989345072 6.758817853777577 361
1739989345165 4.564237610773344 362
1739989345259 5.0128737468515165 363
1739989345354 6.030915280752085 364
1739989345446 6.348086362392615 365
1739989345539 5.525276800572542 366
1739989345632 8.569614438158526 367
1739989345725 6.891027353053867 368
1739989345819 5.880854806324955 369
1739989345912 6.649919572565861 370
1739989346006 5.775305382921502 371
1739989346099 6.440959095775103 372
1739989346194 7.191592444261787 373
1739989346289 7.105468149494869 374
1739989346381 6.755787950533869 375
1739989346474 5.764320254121789 376
1739989346567 5.054379430116652 377
1739989346660 6.561296471731396 378
1739989346753 6.122611640385596 379
1739989346845 6.235134260985658 380
1739989346936 7.109878177698786 381
1739989347028 7.538960500733338 382
1739989347119 5.934442399360441 383
1739989347211 6.720072678902111 384
1739989347302 6.246908151854124 385
1739989347393 8.36349429366613 386
1739989347484 5.5078396109490955 387
1739989347574 6.701194962201125 388
1739989347665 6.540673125093469 389
1739989347759 6.479559678727898 390
1739989347849 5.096454418326151 391
1739989347939 11.02040400576207 392
1739989348029 5.604594736328792 393
1739989348119 5.075816604992971 394
1739989348239 8.424562413143118 395
1739989348330 6.789250522697853 396
1739989348420 5.728631165368184 397
1739989348510 6.416334746750118 398
1739989348601 7.2009665613895235 399
1739989348692 7.290739583944551 400
1739989348783 6.191730979743577 401
1739989348870 6.223814015814213 402
1739989348958 6.297581119951699 403
1739989349046 9.424844417887261 404
1739989349134 6.876455316406453 405
1739989349221 5.560686380095947 406
1739989349309 5.984620971733102 407
1739989349398 6.167497461876881 408
1739989349486 5.707242961630858 409
1739989349575 7.6716212056773845 410
1739989349664 6.9839944025649325 411
1739989349754 6.4628301833948 412
1739989349842 6.278004162127802 413
1739989349930 5.534653041621816 414
1739989350018 5.921151585666506 415
1739989350107 6.3527638532867705 416
1739989350195 6.47772650564327 417
1739989350322 6.773699581133419 418
1739989350411 5.760268509074464 419
1739989350500 6.8628440472410075 420
1739989350588 5.388303964510077 421
1739989350676 5.9652787179675295 422
1739989350765 6.278222880452763 423
1739989350854 6.250016126851459 424
1739989350941 5.812173058802763 425
1739989351029 6.530503184925818 426
1739989351115 8.80781561139956 427
1739989351204 6.700216629186377 428
1739989351293 6.688342072712303 429
1739989351382 6.256027344314468 430
1739989351469 5.9065220409884285 431
1739989351558 6.346626810513104 432
1739989351646 7.046135494312071 433
1739989351736 6.938257512314255 434
1739989351825 4.988574492045428 435
1739989351914 6.422661959369398 436
1739989352001 6.732643098055742 437
1739989352090 7.3656450034030865 438
1739989352178 6.727571446532627 439
1739989352267 6.328447119737186 440
1739989352366 7.163939141955919 441
1739989352456 6.602537263471231 442
1739989352566 6.8943170377700715 443
1739989352665 6.883535884446488 444
1739989352755 5.879065739013515 445
1739989352842 5.945477150216133 446
1739989352930 6.9313029821568115 447
1739989353018 6.294100403015262 448
1739989353106 7.982092608871079 449
1739989353197 5.572485418381224 450
1739989353283 4.106379045859133 451
1739989353369 8.238761196102189 452
1739989353457 6.067916066692915 453
1739989353545 5.392552485509748 454
1739989353630 7.261102309344193 455
1739989353716 5.821994267521102 456
1739989353803 6.856179334679508 457
1739989353887 6.798424708366588 458
1739989353973 4.891691473674136 459
1739989354060 8.651912728757749 460
1739989354147 5.8611867614687645 461
1739989354234 7.834942613554481 462
1739989354320 7.121887382103146 463
1739989354406 7.22751383984369 464
1739989354493 6.066730152398988 465
1739989354582 7.8128835650397015 466
1739989354669 4.20949342036742 467
1739989354756 8.987717326176272 468
1739989354842 6.332823323559627 469
1739989354928 6.6981007888364035 470
1739989355015 6.861619314056495 471
1739989355101 6.850711195434891 472
1739989355185 7.441765006338977 473
1739989355272 6.584954498550683 474
1739989355356 5.587329930385699 475
1739989355442 5.935305062428902 476
1739989355529 7.300333280903428 477
1739989355615 7.832121908239453 478
1739989355702 7.536818262995339 479
1739989355789 8.328416123776627 480
1739989355875 7.243605958742979 481
1739989355960 6.386108567276079 482
1739989356047 7.0540215124298635 483
1739989356131 5.6204012849631 484
1739989356214 6.171113451657461 485
1739989356299 6.4024342563585135 486
1739989356382 7.115109082964911 487
1739989356465 5.815720232637544 488
1739989356549 4.78056820292955 489
1739989356634 6.939160378252544 490
1739989356718 6.089121474923041 491
1739989356803 6.724480444766719 492
1739989356886 7.389495726484702 493
1739989356972 7.19637958241628 494
1739989357057 6.841987697344461 495
1739989357140 7.621962358433612 496
1739989357224 7.618181897044345 497
1739989357309 6.498709074450743 498
1739989357393 5.343689551567403 499
