1740017603775 171.4906514069475 0
1740017603802 168.18066901540627 1
1740017603834 166.55212010911652 2
1740017603862 164.90591359752983 3
1740017603888 163.27623411447507 4
1740017603915 161.66274670842438 5
1740017603944 160.0652908792741 6
1740017603971 158.48370687290162 7
1740017603997 156.91783653478598 8
1740017604027 155.36752328969015 9
1740017604063 153.83261212588187 10
1740017604090 152.31294957949112 11
1740017604117 150.8083837190243 12
1740017604143 149.31876413003394 13
1740017604171 147.84394189994157 14
1740017604197 146.38376960301343 15
1740017604223 144.9381012854861 16
1740017604255 143.50679245084171 17
1740017604282 142.08970004523047 18
1740017604307 140.68668244303942 19
1740017604334 139.2975994326058 20
1740017604363 137.92231220207364 21
1740017604388 136.56068332539198 22
1740017604414 135.2125767484536 23
1740017604440 133.8778577753726 24
1740017604465 132.5563930548994 25
1740017604490 131.24805056697184 26
1740017604516 129.95269960940155 27
1740017604543 128.67021078469304 28
1740017604569 127.40045598699525 29
1740017604594 126.14330838918397 30
1740017604625 124.89864243007334 31
1740017604653 123.66633380175574 32
1740017604679 122.44625943706849 33
1740017604705 121.23829749718624 34
1740017604731 120.04232735933732 35
1740017604756 118.85822960464354 36
1740017604781 117.68588600608182 37
1740017604809 116.52517951656591 38
1740017604836 115.37599425714835 39
1740017604861 114.23821550533991 40
1740017604887 113.11172968354637 41
1740017604920 111.99642434762116 42
1740017604945 110.89218817553248 43
1740017604970 109.79891095614421 44
1740017604996 108.71648357810902 45
1740017605026 107.64479801887275 46
1740017605053 106.58374733378903 47
1740017605080 105.5332256453429 48
1740017605108 104.49312813248224 49
1740017605133 103.46680277337916 50
1740017605163 102.44888656914664 51
1740017605193 101.44106360491547 52
1740017605240 100.44322166739468 53
1740017605267 99.45526164723806 54
1740017605292 98.47708534684831 55
1740017605320 97.50859554713853 56
1740017605346 96.54969599730109 57
1740017605372 95.6002914051493 58
1740017605398 94.66028742755311 59
1740017605424 93.72959066096986 60
1740017605450 92.80810863207013 61
1740017605475 91.89574978845705 62
1740017605503 90.99242348947847 63
1740017605530 90.09803999713077 64
1740017605555 89.21251046705376 65
1740017605581 88.33574693961543 66
1740017605612 87.46766233108585 67
1740017605638 86.60817042489928 68
1740017605663 85.75718586300349 69
1740017605690 84.9146241372957 70
1740017605716 84.08040158114385 71
1740017605741 83.25443536099277 72
1740017605766 82.43664346805424 73
1740017605793 81.62694471007985 74
1740017605819 80.82525870321632 75
1740017605846 80.03150586394206 76
1740017605875 79.24560740108424 77
1740017605903 78.46748530791585 78
1740017605928 77.69706235433132 79
1740017605954 76.93426207910073 80
1740017605980 76.17900878220117 81
1740017606006 75.43122751722467 82
1740017606031 74.69084408386216 83
1740017606064 73.95778502046231 84
1740017606096 73.23197759666489 85
1740017606122 72.51334980610751 86
1740017606147 71.80183035920545 87
1740017606175 71.09734867600346 88
1740017606200 70.39983487909893 89
1740017606226 69.70921978663586 90
1740017606252 69.02543490536881 91
1740017606279 68.34841242379593 92
1740017606304 67.67808520536097 93
1740017606330 67.01438678172268 94
1740017606361 66.3572513460919 95
1740017606391 65.70661374663486 96
1740017606417 65.06240947994263 97
1740017606442 64.42457468456553 98
1740017606469 63.79304613461242 99
1740017606494 63.1677612334135 100
1740017606520 62.54865800724689 101
1740017606546 61.935675099127444 102
1740017606574 61.328751762657866 103
1740017606599 60.72782785594096 104
1740017606625 60.13284383555303 105
1740017606658 59.543740750577165 106
1740017606684 58.960460236696186 107
1740017606709 58.38294451034467 108
1740017606736 57.81113636291924 109
1740017606764 57.24497915504681 110
1740017606789 56.68441681090988 111
1740017606815 56.12939381262863 112
1740017606841 55.579855194699114 113
1740017606868 55.03574653848689 114
1740017606894 54.49701396677567 115
1740017606922 53.9636041383705 116
1740017606952 53.43546424275464 117
1740017606979 52.91254199479994 118
1740017607004 52.3947856295299 119
1740017607032 51.88214389693518 120
1740017607059 51.37456605684072 121
1740017607085 50.87200187382415 122
1740017607111 50.37440161218495 123
1740017607137 49.88171603096382 124
1740017607166 49.3938963790118 125
1740017607192 48.91089439010852 126
1740017607224 48.43266227812931 127
1740017607251 47.959152732260485 128
1740017607276 47.49031891226237 129
1740017607301 47.02611444377966 130
1740017607333 46.56649341369857 131
1740017607358 46.11141036555031 132
1740017607383 45.66082029496052 133
1740017607409 45.21467864514399 134
1740017607435 44.77294130244446 135
1740017607460 44.33556459191893 136
1740017607485 43.902505272965996 137
1740017607512 43.47372053499781 138
1740017607536 43.049167993155315 139
1740017607562 42.62880568406615 140
1740017607589 42.21259206164501 141
1740017607617 41.80048599293577 142
1740017607643 41.39244675399519 143
1740017607670 40.98843402581777 144
1740017607701 40.58840789030109 145
1740017607727 40.19232882625161 146
1740017607752 39.80015770543018 147
1740017607778 39.41185578863708 148
1740017607805 39.02738472183619 149
1740017607831 38.64670653231767 150
1740017607857 38.26978362489907 151
1740017607884 37.89657877816432 152
1740017607912 37.527055140740245 153
1740017607940 37.16117622761018 154
1740017607965 36.79890591646444 155
1740017607998 36.4402084440872 156
1740017608023 36.08504840277936 157
1740017608049 35.733390736817164 158
1740017608074 35.385200738946175 159
1740017608144 35.04044404691011 160
1740017608175 34.699086640014464 161
1740017608205 34.361094835724316 162
1740017608235 34.026435286296085 163
1740017608261 33.69507497544295 164
1740017608287 33.366981215033476 165
1740017608315 33.04212164182321 166
1740017608345 32.72046421421884 167
1740017608371 32.40197720907472 168
1740017608396 32.086629218521274 169
1740017608424 31.774389146825037 170
1740017608451 31.46522620728014 171
1740017608476 31.15910991913058 172
1740017608501 30.856010104523442 173
1740017608527 30.555896885492313 174
1740017608553 30.258740680970927 175
1740017608579 29.9645122038365 176
1740017608608 29.673182457982634 177
1740017608635 29.384722735421338 178
1740017608661 29.09910461341402 179
1740017608687 28.816299951631077 180
1740017608719 28.536280889339807 181
1740017608744 28.25901984262037 182
1740017608769 27.984489501609513 183
1740017608795 27.712662827771812 184
1740017608821 27.44351305119808 185
1740017608846 27.177013667930794 186
1740017608873 26.9131384373161 187
1740017608906 26.651861379382286 188
1740017608940 26.393156772244435 189
1740017608972 26.136999149534848 190
1740017608999 25.88336329785921 191
1740017609025 25.632224254278082 192
1740017609050 25.383557303813422 193
1740017609076 25.137337976980167 194
1740017609102 24.89354204734221 195
1740017609127 24.652145529092884 196
1740017609153 24.413124674659613 197
1740017609182 24.176455972332263 198
1740017609212 23.9437322462953 199
1740017609237 23.712478774442566 200
1740017609262 23.483501553364505 201
1740017609291 23.256773792643965 202
1740017609317 23.032273282644546 203
1740017609343 22.80997800909059 204
1740017609369 22.58986617619661 205
1740017609395 22.37191620434536 206
1740017609420 22.156106727940337 207
1740017609445 21.942416593278715 208
1740017609474 21.730824856445416 209
1740017609501 21.52131078122819 210
1740017609526 21.313853837053465 211
1740017609551 21.108433696942676 212
1740017609582 20.905030235488976 213
1740017609608 20.703623526854102 214
1740017609634 20.504193842785092 215
1740017609660 20.306721650650875 216
1740017609686 20.11118761149829 217
1740017609712 19.917572578127498 218
1740017609737 19.72585759318649 219
1740017609767 19.536023887284724 220
1740017609792 19.348052877125273 221
1740017609817 19.16192616365584 222
1740017609846 18.977625530237944 223
1740017609877 18.795132940834456 224
1740017609902 18.614430538215164 225
1740017609928 18.43550064218012 226
1740017609955 18.25832574780075 227
1740017609980 18.082888523678374 228
1740017610008 17.909171810220215 229
1740017610035 17.737158617932344 230
1740017610064 17.566832125729807 231
1740017610089 17.398175679263453 232
1740017610115 17.231172789263464 233
1740017610145 17.065807129899294 234
1740017610181 16.902062537156045 235
1740017610208 16.73992300722693 236
1740017610234 16.579372694921677 237
1740017610261 16.420395912090875 238
1740017610288 16.26297712606591 239
1740017610313 16.107100958114508 240
1740017610339 15.952752181911551 241
1740017610365 15.799915722025196 242
1740017610391 15.648576652417953 243
1740017610416 15.4987201949628 244
1740017610450 15.350331717973942 245
1740017610476 15.203396734752268 246
1740017610501 15.057900902145251 247
1740017610528 14.913830019121145 248
1740017610555 14.77117002535744 249
1740017610580 14.629906999843287 250
1740017610605 14.490027159495863 251
1740017610632 14.351516857790486 252
1740017610720 14.214362583404359 253
1740017610749 14.078550958873823 254
1740017610777 13.944068739264946 255
1740017610802 13.810902810857336 256
1740017610827 13.679040189841043 257
1740017610857 13.548468021026482 258
1740017610883 13.41917357656708 259
1740017610908 13.291144254694725 260
1740017610934 13.164367578467742 261
1740017610960 13.038831194531337 262
1740017610985 12.914522871890378 263
1740017611011 12.791430500694378 264
1740017611039 12.669542091034533 265
1740017611067 12.54884577175278 266
1740017611092 12.429329789262656 267
1740017611121 12.310982506381908 268
1740017611152 12.193792401176689 269
1740017611180 12.077748065817278 270
1740017611205 11.962838205445165 271
1740017611233 11.849051637051407 272
1740017611260 11.736377288366125 273
1740017611285 11.624804196759099 274
1740017611311 11.514321508151188 275
1740017611337 11.404918475936663 276
1740017611364 11.296584459916295 277
1740017611393 11.189308925240923 278
1740017611423 11.083081441365637 279
1740017611452 10.977891681014295 280
1740017611478 10.873729419154401 281
1740017611503 10.770584531982104 282
1740017611530 10.668446995917336 283
1740017611555 10.56730688660898 284
1740017611580 10.467154377949798 285
1740017611606 10.367979741101294 286
1740017611633 10.269773343528215 287
1740017611659 10.172525648042642 288
1740017611685 10.076227211857612 289
1740017611714 9.980868685650117 290
1740017611739 9.88644081263345 291
1740017611764 9.792934427638768 292
1740017611791 9.700340456205796 293
1740017611820 9.608649913682504 294
1740017611846 9.51785390433385 295
1740017611871 9.427943620459287 296
1740017611900 9.338910341519078 297
1740017611926 9.250745433269334 298
1740017611952 9.163440346905581 299
1740017611978 9.07698661821488 300
1740017612004 8.991375866736398 301
1740017612029 8.906599794930273 302
1740017612055 8.822650187354766 303
1740017612087 8.739518909851617 304
1740017612115 8.657197908739452 305
1740017612141 8.575679210015236 306
1740017612169 8.49495491856368 307
1740017612200 8.4150172173745 308
1740017612231 8.33585836676738 309
1740017612257 8.257470703624755 310
1740017612286 8.17984664063216 311
1740017612314 8.10297866552614 312
1740017612340 8.026859340349633 313
1740017612368 7.951481300714766 314
1740017612398 7.876837255072937 315
1740017612423 7.802919983992199 316
1740017612448 7.729722339441835 317
1740017612474 7.657237244083997 318
1740017612500 7.5854576905724045 319
1740017612525 7.514376740858028 320
1740017612552 7.443987525501647 321
1740017612583 7.3742832429933 322
1740017612609 7.305257159078378 323
1740017612636 7.236902606090556 324
1740017612662 7.169212982291255 325
1740017612689 7.102181751215726 326
1740017612719 7.03580244102559 327
1740017612744 6.970068643867845 328
1740017612777 6.904974015240208 329
1740017612803 6.8405122733628305 330
1740017612831 6.7766771985561505 331
1740017612859 6.713462632625049 332
1740017612889 6.650862478249021 333
1740017612915 6.588870698378484 334
1740017612942 6.527481315637043 335
1740017612968 6.466688411729689 336
1740017612994 6.4064861268569215 337
1740017613019 6.346868659134647 338
1740017613046 6.287830264019867 339
1740017613077 6.229365253742069 340
1740017613102 6.171467996740244 341
1740017613129 6.114132917105551 342
1740017613160 6.057354494029458 343
1740017613187 6.001127261257407 344
1740017613212 5.945445806547886 345
1740017613237 5.890304771136902 346
1740017613263 5.835698849207725 347
1740017613288 5.781622787365966 348
1740017613313 5.728071384119798 349
1740017613339 5.675039489365427 350
1740017613366 5.622522003877564 351
1740017613391 5.570513878805079 352
1740017613417 5.519010115171566 353
1740017613448 5.468005763380946 354
1740017613473 5.417495922727899 355
1740017613498 5.367475740913261 356
1740017613524 5.317940413564153 357
1740017613550 5.268885183758889 358
1740017613576 5.220305341556648 359
1740017613602 5.172196223531777 360
1740017613630 5.12455321231273 361
1740017613655 5.077371736125588 362
1740017613681 5.030647268342116 363
1740017613709 4.984375327032308 364
1740017613738 4.938551474521381 365
1740017613763 4.893171316951152 366
1740017613789 4.848230503845778 367
1740017613818 4.8037247276818285 368
1740017613845 4.759649723462626 369
1740017613870 4.716001268296768 370
1740017613895 4.672775180980896 371
1740017613922 4.6299673215865695 372
1740017613948 4.587573591051259 373
1740017613973 4.545589930773397 374
1740017613999 4.504012322211447 375
1740017614025 4.462836786486952 376
1740017614050 4.422059383991548 377
1740017614076 4.381676213997867 378
1740017614103 4.341683414274275 379
1740017614128 4.30207716070347 380
1740017614158 4.262853666904866 381
1740017614187 4.224009183860721 382
1740017614216 4.185539999545966 383
1740017614243 4.147442438561725 384
1740017614275 4.109712861772467 385
1740017614301 4.072347665946768 386
1740017614327 4.03534328340162 387
1740017614352 3.9986961816503164 388
1740017614380 3.962402863053764 389
1740017614408 3.9264598644753392 390
1740017614434 3.890863756939088 391
1740017614463 3.855611145291381 392
1740017614491 3.8206986678659205 393
1740017614517 3.7861229961520415 394
1740017614543 3.751880834466308 395
1740017614568 3.717968919627435 396
1740017614594 3.68438402063435 397
1740017614620 3.6511229383474944 398
1740017614645 3.6181825051733054 399
1740017614672 3.585559584751783 400
1740017614699 3.5532510716472006 401
1740017614725 3.5212538910418676 402
1740017614750 3.48956499843293 403
1740017614782 3.4581813793321943 404
1740017614808 3.427100048968914 405
1740017614833 3.396318051995538 406
1740017614859 3.365832462196377 407
1740017614885 3.3356403821991543 408
1740017614910 3.3057389431894437 409
1740017614936 3.2761253046278997 410
1740017614963 3.2467966539703514 411
1740017614988 3.217750206390608 412
1740017615013 3.188983204506087 413
1740017615040 3.160492918106102 414
1740017615069 3.13227664388287 415
1740017615095 3.1043317051652326 416
1740017615121 3.0766554516549376 417
1740017615151 3.049245259165605 418
1740017615182 3.022098529364241 419
1740017615211 2.9952126895153466 420
1740017615237 2.9685851922275672 421
1740017615263 2.9422135152028193 422
1740017615289 2.9160951609879455 423
1740017615314 2.8902276567288236 424
1740017615342 2.8646085539268946 425
1740017615370 2.8392354281981467 426
1740017615395 2.814105879034453 427
1740017615420 2.789217529567299 428
1740017615453 2.7645680263338464 429
1740017615479 2.740155039045323 430
1740017615505 2.7159762603577158 431
1740017615532 2.692029405644705 432
1740017615557 2.668312212772911 433
1740017615582 2.6448224418793167 434
1740017615607 2.6215578751509288 435
1740017615636 2.598516316606615 436
1740017615661 2.5756955918811046 437
1740017615688 2.5530935480111343 438
1740017615716 2.5307080532237225 439
1740017615745 2.508536996726523 440
1740017615770 2.486578288500285 441
1740017615796 2.46482985909336 442
1740017615824 2.443289659418242 443
1740017615851 2.4219556605501373 444
1740017615877 2.4008258535275204 445
1740017615902 2.3798982491546785 446
1740017615928 2.3591708778062115 447
1740017615954 2.33864178923347 448
1740017615979 2.318309052372908 449
1740017616006 2.2981707551563484 450
1740017616033 2.2782250043231285 451
1740017616060 2.2584699252341003 452
1740017616085 2.2389036616874773 453
1740017616119 2.2195243757365164 454
1740017616144 2.2003302475090027 455
1740017616173 2.1813194750285203 456
1740017616200 2.1624902740375043 457
1740017616227 2.1438408778220377 458
1740017616254 2.1253695370384054 459
1740017616282 2.107074519541336 460
1740017616317 2.0889541102139773 461
1740017616343 2.0710066107995546 462
1740017616371 2.0532303397346654 463
1740017616399 2.035623631984273 464
1740017616427 2.0181848388783097 465
1740017616453 2.0009123279499064 466
1740017616478 1.983804482775225 467
1740017616509 1.9668597028148764 468
1740017616534 1.9500764032569282 469
1740017616559 1.9334530148614364 470
1740017616586 1.9169879838065516 471
1740017616615 1.9006797715361343 472
1740017616640 1.8845268546088882 473
1740017616666 1.8685277245489678 474
1740017616693 1.852680887698108 475
1740017616718 1.8369848650691833 476
1740017616743 1.8214381922012388 477
1740017616770 1.8060394190159368 478
1740017616798 1.7907871096754648 479
1740017616824 1.7756798424418052 480
1740017616851 1.7607162095374436 481
1740017616881 1.7458948170074227 482
1740017616908 1.731214284582792 483
1740017616934 1.7166732455453848 484
1740017616962 1.7022703465939677 485
1740017616989 1.6880042477116737 486
1740017617014 1.673873622034795 487
1740017617039 1.6598771557228502 488
1740017617067 1.6460135478299363 489
1740017617095 1.6322815101773698 490
1740017617121 1.6186797672275894 491
1740017617147 1.6052070559592966 492
1740017617181 1.5918621257438428 493
1740017617208 1.578643738222837 494
1740017617233 1.5655506671869783 495
1740017617260 1.5525816984560634 496
1740017617289 1.5397356297602176 497
1740017617315 1.5270112706222727 498
1740017617341 1.5144074422413258 499
