1740010252252 94.279671268836 0
1740010252350 22.060977145782886 1
1740010252448 17.417796895939254 2
1740010252549 5.662449247576116 3
1740010252647 3.5071616275911905 4
1740010252743 3.2318294040167395 5
1740010252838 1.9264867054483628 6
1740010252931 1.3556772134687882 7
1740010253027 0.2117118426721993 8
1740010253138 0.795481794096803 9
1740010253235 1.095539232629091 10
1740010253330 0.6849438726107399 11
1740010253430 0.6080902142941792 12
1740010253530 0.3438184636501949 13
1740010253627 0.6937873564629504 14
1740010253722 0.2794364418012604 15
1740010253816 0.7249210651810932 16
1740010253915 1.119510552099252 17
1740010254015 0.40095523417656465 18
1740010254117 0.8374324958588938 19
1740010254231 0.4078652146096055 20
1740010254328 0.037751277678624344 21
1740010254425 0.44043981809815713 22
1740010254520 0.04549943277621255 23
1740010254618 0.08744190507354203 24
1740010254713 0.517659158202961 25
1740010254809 0.8837585394374293 26
1740010254954 0.8071119585522079 27
1740010255051 0.17763339606543377 28
1740010255154 0.034373050042069205 29
1740010255250 0.2163112519984512 30
1740010255345 0.011642402585099318 31
1740010255442 1.078648877010226 32
1740010255538 0.23821253016446625 33
1740010255634 0.6956564944570328 34
1740010255731 0.0178611197400225 35
1740010255825 2.1746268703659037 36
1740010255938 1.0212602820110037 37
1740010256039 0.10770987948470871 38
1740010256142 1.3450292979468084 39
1740010256238 0.3553189497173801 40
1740010256333 0.1707648794969508 41
1740010256429 1.6681891741909858 42
1740010256524 0.23933060455067628 43
1740010256619 0.24229240464227284 44
1740010256715 1.1750410029209786 45
1740010256810 0.9925610646092722 46
1740010256908 1.0061841817165442 47
1740010257002 0.9001409120527197 48
1740010257099 2.1857112866616895 49
1740010257202 0.1445832832066107 50
