1740009240467 141.24707157149487 0
1740009240491 116.84672532743255 1
1740009240516 96.31728507944148 2
1740009240540 84.22498981768996 3
1740009240567 73.24782666041128 4
1740009240590 58.63978551432771 5
1740009240614 47.66257558706389 6
1740009240636 41.84597463839254 7
1740009240661 35.674445445011855 8
1740009240687 29.055411845328393 9
1740009240710 25.373541934352204 10
1740009240734 22.82543873955246 11
1740009240759 19.308697671578848 12
1740009240785 16.558890469405874 13
1740009240810 13.633142172228885 14
1740009240836 10.818683024591612 15
1740009240861 10.281599880336305 16
1740009240884 8.552969479972365 17
1740009240907 7.186724658344403 18
1740009240930 6.3051371357022274 19
1740009240953 5.616771152740587 20
1740009240976 4.783166745214145 21
1740009240999 4.319588480765461 22
1740009241021 3.742975106830501 23
1740009241043 3.3716982106127102 24
1740009241074 3.661198380474868 25
1740009241097 3.0803209130971583 26
1740009241120 2.6395489042676674 27
1740009241142 2.262132917825437 28
1740009241166 2.2549735876558885 29
1740009241188 2.0076158634458476 30
1740009241212 1.6206894688583984 31
1740009241234 1.6413963777449476 32
1740009241264 1.4806002796382565 33
1740009241289 1.3475902627811953 34
1740009241311 1.5028989740954413 35
1740009241334 1.32180301577294 36
1740009241359 1.233324133515026 37
1740009241383 1.0775421171461803 38
1740009241406 1.000860425063876 39
1740009241429 0.9442615274437107 40
1740009241451 0.9670714874718442 41
1740009241476 0.8265184880869821 42
1740009241499 0.7858515393454151 43
1740009241521 0.7376412913011382 44
1740009241544 0.8098909855833538 45
1740009241570 0.697177847456979 46
1740009241593 0.6832743928866637 47
1740009241616 0.815132489150914 48
1740009241638 0.6908587071653717 49
1740009241663 0.6981125974095266 50
1740009241688 0.8062540052172918 51
1740009241713 0.8158943619180974 52
1740009241736 0.5222529484364571 53
1740009241760 0.5688534956038315 54
1740009241785 0.7395353787118948 55
1740009241809 0.657424755602949 56
1740009241832 0.5761747533107143 57
1740009241855 0.6495626556919138 58
1740009241879 0.4829762473519201 59
1740009241901 0.6110055662678721 60
1740009241923 0.610029788574167 61
1740009241946 0.6383968517347828 62
1740009241970 0.605414780667987 63
1740009241993 0.5805308287242986 64
1740009242015 0.5576358579295052 65
1740009242038 0.5799368353899315 66
1740009242063 0.574291009931918 67
1740009242089 0.6086545399284614 68
1740009242134 0.5030043452249278 69
1740009242157 0.6263213821543812 70
1740009242179 0.6059093613478452 71
1740009242202 0.5699871447773709 72
1740009242224 0.6435576263852524 73
1740009242248 0.5572611776457165 74
1740009242272 0.4942010489372731 75
1740009242295 0.5762337864421412 76
1740009242318 0.4842176558724497 77
1740009242342 0.6360882155801774 78
1740009242366 0.5441857427021167 79
1740009242389 0.488344651233311 80
1740009242413 0.47246583750123555 81
1740009242435 0.6408911812216288 82
1740009242459 0.5313677114311379 83
1740009242482 0.506338054179807 84
1740009242505 0.5533988685692159 85
1740009242527 0.5230906099836597 86
1740009242556 0.499342599488734 87
1740009242578 0.6425354671737422 88
1740009242601 0.6055755893102398 89
1740009242624 0.5144420679428898 90
1740009242647 0.5838745153515951 91
1740009242670 0.48306431166973257 92
1740009242692 0.47711938009470656 93
1740009242715 0.6466721213793437 94
1740009242738 0.5501595119619426 95
1740009242763 0.5171350279093093 96
1740009242785 0.4266799995205754 97
1740009242809 0.517239066049071 98
1740009242833 0.6234513636165521 99
1740009242857 0.5581405148741518 100
1740009242879 0.7354239970090443 101
1740009242901 0.473553277848658 102
1740009242924 0.6349309954401084 103
1740009242948 0.6183570571861227 104
1740009242971 0.5318372686617633 105
1740009242993 0.519886135919148 106
1740009243016 0.6493887668798638 107
1740009243042 0.645652677164917 108
1740009243104 0.5502002941927038 109
1740009243130 0.6534797802035898 110
1740009243154 0.5242123941565631 111
1740009243177 0.5760308374576085 112
1740009243199 0.5405028532638193 113
1740009243222 0.6001027650281785 114
1740009243245 0.4406779932657297 115
1740009243270 0.4785000526850703 116
1740009243299 0.5816768378151653 117
1740009243324 0.6883472487418135 118
1740009243347 0.6406241920896364 119
1740009243372 0.6138408368534713 120
1740009243395 0.5431663964058142 121
