1739972760619 5.797816576104486 0
1739972760649 5.034677357070873 1
1739972760682 4.6521822848964804 2
1739972760709 4.178947924425142 3
1739972760733 3.75109673595225 4
1739972760758 3.693227704346032 5
1739972760781 3.2322883277453935 6
1739972760807 3.819353187070959 7
1739972760829 3.4531923669902285 8
1739972760852 3.87164571936207 9
1739972760875 3.2941853527119465 10
1739972760899 2.6161278967492554 11
1739972760923 2.560144796063434 12
1739972760951 2.627364738298994 13
1739972760977 2.806993834775128 14
1739972761005 2.442454748886175 15
1739972761031 2.376162982348404 16
1739972761057 2.389214748355215 17
1739972761084 2.468624640588768 18
1739972761110 2.171662121798531 19
1739972761137 1.8288338013540955 20
1739972761164 2.3084507407761077 21
1739972761193 1.9127455114715028 22
1739972761218 1.9936098474398818 23
1739972761240 2.728831936926148 24
1739972761262 2.5230803752297475 25
1739972761284 2.1416321446824873 26
1739972761307 1.6636707589655948 27
1739972761328 1.818812602322073 28
1739972761350 1.8428071392131629 29
1739972761372 1.616414705224 30
1739972761397 1.8465030406611103 31
1739972761424 1.9778759891160385 32
1739972761450 1.71985017269875 33
1739972761477 2.170930371354929 34
1739972761504 1.7999165228045686 35
1739972761531 2.2802019484745513 36
1739972761559 1.493067451046936 37
1739972761585 1.5387706993153716 38
1739972761612 1.431756217953544 39
1739972761639 1.616866846396647 40
1739972761672 1.454385576837751 41
1739972761700 1.2779772587562348 42
1739972761744 1.5917688600082671 43
1739972761770 1.4439397122091466 44
1739972761798 1.51425766274874 45
1739972761825 1.3929722021086466 46
1739972761852 1.7195478671665634 47
1739972761879 1.8857874776822958 48
1739972761907 1.2672954948090065 49
1739972761935 1.4489796872002183 50
1739972761962 1.4500196007471884 51
1739972761986 1.7015983741783745 52
1739972762010 1.389324929917705 53
1739972762034 1.282578364059494 54
1739972762059 1.405269076510215 55
1739972762085 1.0471344137706615 56
1739972762112 1.128664007500042 57
1739972762138 1.1908479363962556 58
1739972762165 0.9750477790676844 59
1739972762192 1.406968229009635 60
1739972762219 1.2552303350208018 61
1739972762247 1.1801912204096012 62
1739972762273 1.0889886461521572 63
1739972762301 0.9802963886430054 64
1739972762326 1.1353919729112445 65
1739972762350 1.3124235593175104 66
1739972762373 1.2815693660117118 67
1739972762399 0.8833192882515967 68
1739972762422 1.3064294285200564 69
1739972762444 1.3705781631965928 70
1739972762466 1.057116114411449 71
1739972762487 1.0268159317812182 72
1739972762511 1.0971623076116501 73
1739972762533 0.7840952872016468 74
1739972762559 0.8796194729563555 75
1739972762586 1.2513745883467895 76
1739972762614 1.2281816826582463 77
1739972762641 1.0067790734111957 78
1739972762673 1.7027616362105054 79
1739972762702 1.3444106027379825 80
1739972762732 1.1191609248773777 81
1739972762762 1.2164072513878956 82
1739972762788 0.8285932107187675 83
1739972762814 0.9231974077502869 84
1739972762838 0.9028960820815222 85
1739972762867 0.9985779407449984 86
1739972762894 1.207137633839567 87
1739972762927 0.6425983796050163 88
1739972762960 1.0799086367107769 89
1739972762992 0.9031748572336956 90
1739972763024 1.005839734931039 91
1739972763056 1.1670231438964853 92
1739972763084 0.8930576196415884 93
1739972763108 1.0062720629900932 94
1739972763133 1.0739100490933198 95
1739972763159 1.0702195797378713 96
1739972763184 0.9524442222641795 97
1739972763208 0.9744235167902562 98
1739972763232 1.0768709969508443 99
1739972763258 0.7537579662174074 100
1739972763282 1.1057391671689762 101
1739972763308 1.1790961098695145 102
1739972763333 0.710152808121956 103
1739972763357 0.8596659640391108 104
1739972763380 0.9246592184648449 105
1739972763403 0.6816986230266955 106
1739972763428 0.6674310740645438 107
1739972763454 0.8777385309941215 108
1739972763480 0.9324848552238649 109
1739972763505 0.8833148508451982 110
1739972763530 0.8791649433937607 111
1739972763554 0.7735371844692919 112
1739972763579 0.9574113170579825 113
1739972763604 0.665537741892135 114
1739972763629 0.9004183520225348 115
1739972763653 0.8918231228688155 116
1739972763680 0.9168514165419426 117
1739972763705 0.780658504836171 118
1739972763731 0.6494178927507763 119
1739972763807 0.7370522305990945 120
1739972763851 0.5137808372336155 121
1739972763875 0.7522758816236044 122
1739972763900 0.7424504674834446 123
1739972763925 0.6376478387821001 124
1739972763950 0.9996464447332083 125
1739972763974 0.709637199598827 126
1739972763997 0.5951488815628745 127
1739972764021 0.688367643737536 128
1739972764045 0.6697577973956608 129
1739972764067 0.7863160196096348 130
1739972764090 0.9061084880732687 131
1739972764111 0.7250397840097785 132
1739972764134 0.38088063944109407 133
1739972764155 0.7076429663441547 134
1739972764178 0.5866895298905273 135
1739972764204 0.5235076256185345 136
1739972764229 0.897438531817399 137
1739972764252 0.9630132203939361 138
1739972764273 0.5939210755110296 139
1739972764294 0.6207458370375075 140
1739972764318 0.680426097818079 141
1739972764340 0.7305378237710829 142
1739972764361 0.6259763775905327 143
1739972764382 0.6880087278058782 144
1739972764403 0.6410029967061327 145
1739972764425 0.4787508369279008 146
1739972764447 0.6380702914538205 147
1739972764468 0.5305051947158824 148
1739972764489 0.5741896577457346 149
1739972764510 0.6524521192001937 150
1739972764531 0.662911105407403 151
1739972764553 0.7361889676361074 152
1739972764574 0.7342450041890337 153
1739972764595 0.6472710320039338 154
1739972764616 0.7038216222829293 155
1739972764638 0.4400803698044325 156
1739972764664 1.120680017314119 157
1739972764686 0.5316306329166228 158
1739972764708 0.6375981096241342 159
1739972764730 0.6502731525672294 160
1739972764752 0.560868520059645 161
1739972764775 0.6362557566000078 162
1739972764797 0.5865132599504901 163
1739972764818 0.5744389909272914 164
1739972764841 0.5955878371409632 165
1739972764862 0.5488029743382487 166
1739972764884 0.5808815443974567 167
1739972764905 0.8113267707205345 168
1739972764927 0.5703426956650376 169
1739972764949 0.4754612836085595 170
1739972764969 0.4317399658200494 171
1739972764990 0.596071868634199 172
1739972765012 0.6997240093297701 173
1739972765034 0.42683340757694455 174
1739972765055 0.5856766821027148 175
1739972765077 0.46904593299410896 176
1739972765102 0.7823511601904461 177
1739972765126 0.6469487786208028 178
1739972765149 0.4929544510560291 179
1739972765171 0.411631383560723 180
1739972765195 0.4608255081876425 181
1739972765216 0.7205521994173835 182
1739972765238 0.47979313936622586 183
1739972765259 0.5492896931174162 184
1739972765280 0.40926180015376135 185
1739972765301 0.48829439166780847 186
1739972765322 0.628567203151547 187
1739972765344 0.6708608122151299 188
1739972765366 0.5128366513225966 189
1739972765387 0.7072214519320821 190
1739972765408 0.322697525863978 191
1739972765431 0.46052306702495904 192
1739972765453 0.4738109172473451 193
1739972765474 0.6661400366605733 194
1739972765495 0.3356440247777524 195
1739972765517 0.4763832716663625 196
1739972765539 0.40099169449810684 197
1739972765562 0.6063142004619368 198
1739972765583 0.45291562447607897 199
1739972765605 0.4942422665306938 200
1739972765632 0.5995756147233852 201
1739972765657 0.6081244296233124 202
1739972765685 0.35618437969474664 203
1739972765707 0.5315557864451277 204
1739972765729 0.4824009003906736 205
1739972765751 0.3748955334937638 206
1739972765773 0.5660599822425926 207
1739972765795 0.4442501805066076 208
1739972765817 0.33715064885118484 209
1739972765838 0.4710681781342439 210
1739972765859 0.447985517314842 211
1739972765880 0.33350193655461463 212
1739972765901 0.4384666550393785 213
1739972765922 0.49646474338689334 214
1739972765944 0.43903145394053233 215
1739972765967 0.3976707664760096 216
1739972765988 0.5802379101556723 217
1739972766009 0.3686061378846915 218
1739972766030 0.40652600938317546 219
1739972766052 0.4711436985763529 220
1739972766073 0.49774899158201397 221
1739972766095 0.32884684678900383 222
1739972766116 0.3061453512376881 223
1739972766138 0.5270085314307729 224
1739972766161 0.42027294364922907 225
1739972766186 0.5038813935579282 226
1739972766211 0.350903974403074 227
1739972766233 0.5387687665756935 228
1739972766255 0.35945101838145077 229
1739972766277 0.24847702630259594 230
1739972766298 0.38150769655182065 231
1739972766320 0.4160799880634308 232
1739972766342 0.40182966863650404 233
1739972766364 0.3240750748610682 234
1739972766385 0.3597584123271955 235
1739972766406 0.361340490999128 236
1739972766427 0.26627891121542824 237
1739972766449 0.3236527510537468 238
1739972766470 0.44559577729428523 239
1739972766491 0.34163366558972513 240
1739972766512 0.36196565500223427 241
1739972766534 0.4163155969222073 242
1739972766558 0.3859928277958026 243
1739972766579 0.29903696152266057 244
1739972766600 0.3229063901901239 245
1739972766622 0.3422911061515361 246
1739972766646 0.420349437353687 247
1739972766672 0.28363498548459015 248
1739972766695 0.2865137405748714 249
1739972766719 0.44245195277003085 250
1739972766742 0.3012059092370012 251
1739972766764 0.40988415975758646 252
1739972766786 0.31277867062107995 253
1739972766807 0.37254436156677584 254
1739972766828 0.2944857768232766 255
1739972766852 0.25165763969706567 256
1739972766873 0.3657815582237678 257
1739972766894 0.40465395613076927 258
1739972766917 0.3764760638864097 259
1739972766938 0.28539958679552363 260
1739972766960 0.5234710263392301 261
1739972766982 0.2914470243489197 262
1739972767003 0.5368647250945329 263
1739972767024 0.4050232715940665 264
1739972767045 0.2697820431111423 265
1739972767066 0.3492452405796545 266
1739972767088 0.35473940060371195 267
1739972767109 0.37817407970230965 268
1739972767130 0.33969381057513043 269
1739972767152 0.41892901698987517 270
1739972767176 0.45080612543462445 271
1739972767198 0.3371355013234293 272
1739972767219 0.2990247140423975 273
1739972767243 0.4061832748468369 274
1739972767266 0.28661777993432797 275
1739972767288 0.37735487871833084 276
1739972767309 0.37867386854071755 277
1739972767330 0.40717065776037215 278
1739972767352 0.29153458754880535 279
1739972767374 0.4252763153802912 280
1739972767395 0.3344090855863172 281
1739972767416 0.3534084618941801 282
1739972767438 0.3410789320966522 283
1739972767459 0.26038472139173247 284
1739972767480 0.34169587615896196 285
1739972767503 0.28342963048574676 286
1739972767524 0.3159239669739497 287
1739972767546 0.2091479745241715 288
1739972767567 0.3743691596818291 289
1739972767589 0.32014296157792543 290
1739972767611 0.32698926984157867 291
1739972767634 0.37656047446647667 292
1739972767662 0.2990779598865137 293
1739972767685 0.2180739569542132 294
1739972767710 0.3754151694338541 295
1739972767732 0.2922579325638645 296
1739972767755 0.36169188636757577 297
1739972767790 0.31219952431815096 298
1739972767850 0.32851386327821386 299
1739972767890 0.38327458380654866 300
1739972767925 0.2563347984456506 301
1739972767956 0.46969896202286615 302
1739972767987 0.30020222257619084 303
1739972768013 0.33815285834291436 304
1739972768039 0.21244470076129535 305
1739972768066 0.33941939943853044 306
1739972768093 0.2841199846036198 307
1739972768119 0.180328016793089 308
1739972768143 0.30872836887992394 309
1739972768169 0.2972120118050782 310
1739972768194 0.2473827908512849 311
1739972768217 0.20623875854322546 312
1739972768239 0.25316891307766676 313
1739972768261 0.29672799560926677 314
1739972768284 0.32218670289987045 315
1739972768305 0.2167633093114935 316
1739972768327 0.36644781755560685 317
1739972768352 0.31431431919453423 318
1739972768376 0.3460025050778379 319
1739972768399 0.311851249243733 320
1739972768420 0.34626270508692325 321
1739972768443 0.28590188611605577 322
1739972768467 0.22084041175469632 323
1739972768492 0.22794150129500343 324
1739972768516 0.2858761146357406 325
1739972768542 0.28432113061504827 326
1739972768567 0.2072416556557894 327
1739972768592 0.29433202798819275 328
1739972768616 0.20313122836197767 329
1739972768642 0.25632838211779874 330
1739972768668 0.3247264715241847 331
1739972768695 0.19614963913983202 332
1739972768721 0.2851949809091395 333
1739972768746 0.29820879654119453 334
1739972768771 0.27775981154935486 335
1739972768796 0.22792561347414045 336
1739972768821 0.2996370469823321 337
1739972768847 0.2123347556520433 338
1739972768874 0.255996847779733 339
1739972768898 0.2404507658703386 340
1739972768920 0.29326684834871775 341
1739972768941 0.3632477960809354 342
1739972768962 0.2387562165425294 343
1739972768984 0.3067858402371427 344
1739972769006 0.25545709943778583 345
1739972769027 0.2880751762207023 346
1739972769049 0.22283402501453525 347
1739972769070 0.24153047294088806 348
1739972769094 0.18805692704614477 349
1739972769116 0.2833335407324465 350
1739972769141 0.1929437195147529 351
1739972769166 0.34510279997122373 352
1739972769199 0.2622369878982564 353
1739972769229 0.3025008602699209 354
1739972769257 0.2396078867968601 355
1739972769284 0.2479959901773653 356
1739972769309 0.1700927899307968 357
1739972769334 0.17362441878608098 358
1739972769359 0.2029373206072565 359
1739972769385 0.28739874159737044 360
1739972769410 0.23076813168330576 361
1739972769435 0.26020314834301744 362
1739972769459 0.3069584114111877 363
1739972769484 0.23458085497584277 364
1739972769509 0.1825830302588488 365
1739972769533 0.214961994844613 366
1739972769558 0.211333074215637 367
1739972769583 0.1873261071656691 368
1739972769608 0.20469546187230514 369
1739972769634 0.16191574495176478 370
1739972769662 0.1841958919115907 371
1739972769689 0.22783278484975114 372
1739972769717 0.17661323409537003 373
1739972769742 0.24778701561652244 374
1739972769767 0.1773598324953738 375
1739972769792 0.2120415399363506 376
1739972769817 0.20283438264472003 377
1739972769841 0.1753678821593973 378
1739972769866 0.1709876748941967 379
1739972769890 0.24274825549955006 380
1739972769915 0.2731890341594607 381
1739972769939 0.2602559954547456 382
1739972769964 0.26332763795233793 383
1739972769990 0.24650871786421913 384
1739972770017 0.1940682217901923 385
1739972770046 0.1960121902457759 386
1739972770082 0.2113338191031937 387
1739972770116 0.23619867932961497 388
1739972770147 0.28303044300925023 389
1739972770181 0.19646991645319348 390
1739972770216 0.23105521768326992 391
1739972770245 0.2083005839001709 392
1739972770273 0.27513759182820374 393
1739972770302 0.3448529374516274 394
1739972770328 0.19481631073436279 395
1739972770371 0.16406976608968146 396
1739972770397 0.27319318976818463 397
1739972770423 0.22119140746450464 398
1739972770447 0.1846699375474872 399
1739972770472 0.15335455321555425 400
1739972770497 0.16859226040556743 401
1739972770522 0.13324271394259707 402
1739972770547 0.23615462761331193 403
1739972770572 0.27625856828431256 404
1739972770596 0.19721148906498034 405
1739972770624 0.16163931450153007 406
1739972770652 0.19133275019761226 407
1739972770681 0.2557811471441071 408
1739972770712 0.21514451344915445 409
1739972770747 0.13550530666666216 410
1739972770781 0.2456067023264879 411
1739972770816 0.21556141650452598 412
1739972770851 0.2588766786447436 413
1739972770885 0.2508174322456227 414
1739972770919 0.23259778953082683 415
1739972770952 0.2478017840586463 416
1739972770985 0.14122529687028637 417
1739972771019 0.19842449990425665 418
1739972771053 0.2505215567561737 419
1739972771087 0.1635428801582948 420
1739972771124 0.32811667889267093 421
1739972771160 0.15385422865211534 422
1739972771197 0.23140532530267793 423
1739972771230 0.31307128427390707 424
1739972771265 0.20601861735599966 425
1739972771301 0.15095802913519898 426
1739972771336 0.15899452600487338 427
1739972771369 0.12192249264577183 428
1739972771404 0.21743544093428172 429
1739972771437 0.16840089533590258 430
1739972771470 0.15285328846426352 431
1739972771502 0.1276133114393976 432
1739972771534 0.12906981653798646 433
1739972771567 0.2756335773597579 434
1739972771598 0.24126127489742236 435
1739972771626 0.2333670893399623 436
1739972771654 0.17881344978620795 437
1739972771682 0.16697345011873646 438
1739972771708 0.14647032176304928 439
1739972771734 0.1825043792277458 440
1739972771759 0.21504431966687196 441
1739972771784 0.16374316222776325 442
1739972771812 0.1802406190465734 443
1739972771840 0.16949513762853946 444
1739972771868 0.12977518414141986 445
1739972771895 0.19116257856473784 446
1739972771924 0.16016105285520257 447
1739972771952 0.14407638286228663 448
1739972771979 0.1556248691562119 449
1739972772006 0.18206071658112236 450
1739972772034 0.15285434822456126 451
1739972772062 0.16555698833081814 452
1739972772091 0.1524528419015945 453
1739972772120 0.14525312961295866 454
1739972772150 0.1696038554954627 455
1739972772185 0.2301030072437051 456
1739972772219 0.14371549573773612 457
1739972772252 0.1471634677173743 458
1739972772285 0.1707923276386932 459
1739972772318 0.15049225698055396 460
1739972772352 0.14016675286131267 461
1739972772386 0.14676556714747513 462
1739972772421 0.16713924303001737 463
1739972772457 0.1714768109723988 464
1739972772491 0.28172358017089477 465
1739972772527 0.16881463741187858 466
1739972772564 0.15386559329097543 467
1739972772600 0.09711770793226995 468
1739972772637 0.14958593963050573 469
1739972772675 0.13521500973605385 470
1739972772709 0.17035642603906775 471
1739972772736 0.11377849159760454 472
1739972772761 0.16330580276099899 473
1739972772786 0.15416053361601784 474
1739972772812 0.13774826114201627 475
1739972772837 0.129184914714274 476
1739972772863 0.14735672101056835 477
1739972772890 0.11570379965420668 478
1739972772916 0.11184397380363814 479
1739972772943 0.17965605676779964 480
1739972772974 0.14118920396917228 481
1739972773009 0.12836884664382345 482
1739972773047 0.1296130639059839 483
1739972773233 0.19136352950579283 484
1739972773282 0.13804274893931906 485
1739972773325 0.13820478167993788 486
1739972773363 0.15455147385259982 487
1739972773394 0.2597667690598003 488
1739972773421 0.15155813273500104 489
1739972773447 0.11317533615399267 490
1739972773472 0.189218589853045 491
1739972773497 0.11003756714102483 492
1739972773522 0.20163955043111215 493
1739972773548 0.1800688129114861 494
1739972773574 0.09803005278512705 495
1739972773602 0.11113958903076569 496
1739972773633 0.19460368449463425 497
1739972773673 0.14020840828143716 498
1739972773713 0.12118041686439451 499
