1740014527470 183.11170525308194 0
1740014527500 156.04482292334134 1
1740014527528 145.1823808621066 2
1740014527559 137.59422641827322 3
1740014527591 126.97048498470166 4
1740014527618 114.65219452169143 5
1740014527644 109.56860678294895 6
1740014527669 101.90381671301355 7
1740014527695 89.69874041964331 8
1740014527722 83.06191676780637 9
1740014527748 73.23610559631165 10
1740014527774 69.92765455739602 11
1740014527809 63.136766775254685 12
1740014527835 63.079111084893015 13
1740014527862 54.89200545955893 14
1740014527893 51.05322571697064 15
1740014527920 49.971587413450216 16
1740014527946 43.70175262811471 17
1740014527973 40.805126053232584 18
1740014528004 39.29205541693679 19
1740014528029 35.00866231146441 20
1740014528054 32.647821298436625 21
1740014528082 31.335879973567433 22
1740014528174 30.09900614053017 23
1740014528201 26.469124530558716 24
1740014528228 25.676946117545356 25
1740014528254 24.134925046219546 26
1740014528280 23.068357936144487 27
1740014528308 20.67043157384187 28
1740014528335 20.347237337081594 29
1740014528363 19.973760003179233 30
1740014528389 18.197489912996595 31
1740014528416 16.953534570224388 32
1740014528443 17.681688203670173 33
1740014528473 16.045840673380003 34
1740014528506 15.473365088141984 35
1740014528539 14.862661653830681 36
1740014528572 13.554170210314762 37
1740014528601 12.6372501167205 38
1740014528627 12.282158002675184 39
1740014528656 11.899424130112521 40
1740014528681 11.920387943649734 41
1740014528709 10.32481436595836 42
1740014528738 10.874953529641473 43
1740014528764 10.978560298476223 44
1740014528789 9.652789138923977 45
1740014528815 9.574758529631543 46
1740014528842 9.481386667956574 47
1740014528867 8.432092637364502 48
1740014528893 8.881811865736113 49
1740014528921 8.288500300156462 50
1740014528947 8.068632427541154 51
1740014528973 7.45309554997711 52
1740014529000 8.296156376862397 53
1740014529025 7.793217200588297 54
1740014529051 7.649589297998603 55
1740014529076 6.950446168375752 56
1740014529113 7.44688875601624 57
1740014529160 7.4047790994588 58
1740014529187 7.02701753329606 59
1740014529212 6.643318612035841 60
1740014529239 6.985400997049419 61
1740014529264 7.059050708740862 62
1740014529293 6.586390182217901 63
1740014529319 6.2518382702765924 64
1740014529348 6.678883994265504 65
1740014529377 6.419700152606275 66
1740014529403 6.516276561030709 67
1740014529429 5.870405574147814 68
1740014529456 6.358127912813979 69
1740014529485 6.178949965484882 70
1740014529511 6.014985822852875 71
1740014529536 5.636744390385048 72
1740014529567 6.170568061333384 73
1740014529595 5.722093592312113 74
1740014529628 5.4402582050176385 75
1740014529656 6.123320113148811 76
1740014529684 5.338484447356117 77
1740014529710 5.7315718556913815 78
1740014529736 5.612094951336284 79
1740014529762 5.383530951226405 80
1740014529788 5.479135317715898 81
1740014529813 5.443429621020365 82
1740014529841 5.473372593864903 83
1740014529867 5.249389372918091 84
1740014529893 5.072213672254804 85
1740014529920 5.4486791392230325 86
1740014529946 5.378638335489601 87
1740014529973 5.045149908290242 88
1740014530000 5.119632285345929 89
1740014530029 5.138985269197132 90
1740014530056 5.076356551889493 91
1740014530084 5.069106358035361 92
1740014530121 5.369972161363662 93
1740014530156 4.88314349718408 94
1740014530184 5.289732697092893 95
1740014530212 4.877128869949179 96
1740014530238 4.911689271972643 97
1740014530264 4.746940611090855 98
1740014530292 5.0930073632245225 99
1740014530323 4.92515765486914 100
1740014530353 5.05012282014463 101
1740014530382 4.924558227000193 102
1740014530410 4.90036127656974 103
1740014530436 5.13158580400126 104
1740014530462 4.894460794242823 105
1740014530491 5.057218906541769 106
1740014530518 5.122720316153178 107
1740014530544 4.978972972743049 108
1740014530577 5.5930222433156205 109
1740014530604 4.575323230056243 110
1740014530632 4.496378125296628 111
1740014530658 4.956173102558015 112
1740014530686 4.986025596823491 113
1740014530714 4.791748785016646 114
1740014530741 4.794925207946503 115
1740014530766 5.125062012370975 116
1740014530798 5.019876302243758 117
1740014530824 4.803675686832933 118
1740014530850 5.115360804582272 119
1740014530878 5.080881261530168 120
1740014530906 4.908905747892455 121
1740014530931 4.9977388752108896 122
1740014530958 4.923231755463524 123
1740014530983 4.943728525047386 124
1740014531058 4.9079877859266094 125
1740014531086 4.990551097384747 126
1740014531112 4.851434774840284 127
1740014531139 4.780864663377113 128
1740014531164 4.952112293011741 129
1740014531190 4.887491723924509 130
1740014531219 4.592434709854397 131
1740014531245 4.843232644056545 132
1740014531270 4.78785473352662 133
1740014531296 4.980278390274259 134
1740014531326 4.561070727251856 135
1740014531354 4.830478211821768 136
1740014531381 4.6385800991072506 137
1740014531416 5.0773191231890875 138
1740014531444 4.933688969910921 139
1740014531470 4.760284794141158 140
1740014531499 4.703944130822838 141
1740014531528 5.33004966253646 142
1740014531554 5.243084375343671 143
1740014531580 4.693412657673333 144
1740014531614 4.928126754779249 145
1740014531647 4.574952136569255 146
1740014531674 4.9138096438963945 147
1740014531701 4.266387398415684 148
1740014531729 4.561041288952681 149
1740014531755 4.632214896550955 150
1740014531781 4.796742392463284 151
1740014531808 5.085371267345707 152
1740014531835 4.738719011163012 153
1740014531861 4.616790965906709 154
1740014531889 4.733681246741496 155
1740014531917 5.0190143450604685 156
1740014531943 4.528985902489116 157
1740014531971 4.7003092313625565 158
1740014531998 4.710159270274914 159
1740014532024 4.852159383148312 160
1740014532050 4.797461450829312 161
1740014532078 4.8841528976821404 162
1740014532106 4.616497712651558 163
1740014532132 4.901211746910136 164
1740014532162 4.793453691604332 165
1740014532188 4.351008378420864 166
1740014532214 4.6439763234949805 167
1740014532242 4.934178057216395 168
1740014532270 4.545554659873729 169
