1740010783331 73.61186531005767 0
1740010783361 29.16501895431469 1
1740010783390 14.180625406678526 2
1740010783420 6.554585571278628 3
1740010783445 3.8565452161839353 4
1740010783471 2.05188034672344 5
1740010783497 1.4601293960841484 6
1740010783527 1.199337418806065 7
1740010783556 0.7674430015372471 8
1740010783581 0.7879606613138809 9
1740010783606 0.6327630908779379 10
1740010783631 0.8044830825911256 11
1740010783663 0.5876123217877628 12
1740010783692 0.6623262826633592 13
1740010783718 0.6914831012699769 14
1740010783744 0.6641763670757536 15
1740010783768 0.6579270195186796 16
1740010783797 0.6341207524909898 17
1740010783825 0.6615327804818253 18
1740010783851 0.5347788844978438 19
1740010783875 0.6109521195854088 20
1740010783900 0.3674672030684294 21
1740010783926 0.590399312648198 22
1740010783955 0.5068540543372346 23
1740010783981 0.5403154529668968 24
1740010784006 0.515149297976468 25
1740010784030 0.5798441312508602 26
1740010784060 0.5311439538563317 27
1740010784088 0.5813788232683694 28
1740010784114 0.5234815462211257 29
1740010784138 0.45649593247411585 30
1740010784163 0.5160484116969107 31
1740010784190 0.6155197036361233 32
1740010784218 0.4993535906972199 33
1740010784244 0.5836696526988093 34
1740010784269 0.507659501335677 35
1740010784293 0.48789614990161645 36
1740010784319 0.5207380107029717 37
1740010784347 0.5034691297216332 38
1740010784374 0.556075352554693 39
1740010784403 0.6249797749678775 40
1740010784430 0.6217444246475489 41
1740010784457 0.4388128999231503 42
1740010784485 0.5745769988441255 43
1740010784512 0.5817576049196541 44
1740010784537 0.6438540040143428 45
1740010784567 0.5208162785083339 46
1740010784594 0.5868510828474168 47
1740010784623 0.6354671408247338 48
1740010784652 0.49901091158486205 49
1740010784680 0.6433844385098653 50
1740010784709 0.48624117245342935 51
1740010784734 0.522261726689552 52
1740010784761 0.5326634397570658 53
1740010784795 0.6022645023344139 54
1740010784828 0.4570247448487476 55
1740010784857 0.522558474127631 56
1740010784885 0.6242499002494959 57
1740010784915 0.5665615015878471 58
1740010784942 0.5848000642680801 59
1740010784973 0.5608610041639897 60
1740010785006 0.4782013657625092 61
1740010785036 0.55911448777265 62
1740010785063 0.5276130650174058 63
1740010785149 0.6693990458613127 64
1740010785178 0.5724489878555973 65
1740010785208 0.6244308612105643 66
1740010785236 0.45224544410310086 67
1740010785262 0.6654340701982403 68
1740010785286 0.5093274295277084 69
1740010785311 0.5755144907271906 70
1740010785338 0.5466140387558794 71
1740010785368 0.6064526165460699 72
1740010785393 0.5848049651328361 73
1740010785417 0.4852508616025919 74
1740010785442 0.47793339781855565 75
1740010785468 0.5179321439791132 76
1740010785497 0.5356846342789436 77
1740010785524 0.577140084685744 78
1740010785548 0.5117178677682912 79
1740010785573 0.5632901827947856 80
1740010785600 0.4864277502821626 81
1740010785631 0.41066632445574164 82
1740010785657 0.5913480010948258 83
1740010785682 0.47168312867142453 84
1740010785708 0.6884204271423459 85
1740010785738 0.588431030684995 86
1740010785764 0.49372618304154514 87
1740010785789 0.5022517245358962 88
1740010785813 0.670433904050016 89
1740010785843 0.5792683129659238 90
1740010785869 0.6315063462652403 91
1740010785894 0.6039589922023646 92
1740010785918 0.6103154915128138 93
1740010785944 0.6196587739139301 94
1740010785974 0.4834487819853761 95
1740010786000 0.5391698986332963 96
1740010786023 0.5497337083567105 97
1740010786051 0.622048490772937 98
1740010786077 0.5135361812207409 99
1740010786106 0.540356723079723 100
1740010786133 0.48973212195180127 101
1740010786157 0.5023069721821882 102
1740010786181 0.5867358460964159 103
1740010786206 0.6450378971793941 104
1740010786235 0.49382815814074804 105
1740010786263 0.5491880693207755 106
1740010786287 0.5156009717660416 107
1740010786312 0.5267276427957193 108
1740010786337 0.6769489982819813 109
1740010786364 0.7569311480896457 110
1740010786391 0.5638084556067595 111
1740010786417 0.5616950667816363 112
1740010786446 0.5014729156476778 113
1740010786472 0.6293150817726081 114
1740010786501 0.41074783539038673 115
1740010786529 0.620389386050718 116
1740010786554 0.5376842522611918 117
1740010786578 0.5688248559026856 118
1740010786603 0.6514427208766538 119
1740010786630 0.5594137485420493 120
1740010786661 0.7456351036838343 121
1740010786689 0.5413483624219474 122
1740010786713 0.5188132535632021 123
1740010786739 0.5120219041378806 124
1740010786764 0.5262006132624207 125
1740010786792 0.4528361903871955 126
1740010786820 0.563606648305778 127
1740010786846 0.6833455744319247 128
1740010786872 0.5701731893839536 129
1740010786897 0.5668088024726193 130
1740010786926 0.5140555221950653 131
1740010786952 0.6263098449694621 132
1740010786977 0.8485803767972908 133
1740010787002 0.6639690950335653 134
1740010787026 0.4972585843856736 135
1740010787058 0.6646340263795907 136
1740010787086 0.5581611543596273 137
1740010787110 0.48713706374076376 138
1740010787135 0.6190759258193742 139
1740010787161 0.6221464000036339 140
1740010787190 0.7116042484093105 141
1740010787215 0.5043309471667419 142
1740010787241 0.6583324509490379 143
1740010787266 0.5853707598814024 144
1740010787294 0.5221339942765718 145
1740010787322 0.6475599954502091 146
1740010787347 0.5588523163272053 147
1740010787371 0.6201298474313441 148
1740010787396 0.5136564776282531 149
1740010787423 0.511267896973959 150
1740010787449 0.5692532289454839 151
1740010787473 0.592070656866905 152
1740010787498 0.5294106173757819 153
1740010787542 0.4982941582044559 154
1740010787620 0.5154772362281994 155
1740010787649 0.6073475100638294 156
1740010787678 0.5202329531165408 157
1740010787707 0.46505281055289627 158
1740010787733 0.5526163220011172 159
1740010787758 0.5655394067528524 160
1740010787782 0.6421403413278628 161
1740010787810 0.5914745150223438 162
1740010787837 0.5674289759151628 163
1740010787865 0.5524515018517548 164
1740010787889 0.7617099122029555 165
1740010787913 0.5464314674486134 166
1740010787938 0.5260883995425667 167
1740010787966 0.43949007933700557 168
1740010787993 0.5759399729004907 169
1740010788017 0.517913195803165 170
1740010788043 0.48981053660597296 171
1740010788069 0.4581084423122965 172
1740010788098 0.5280451267017224 173
1740010788125 0.5470794633482556 174
1740010788151 0.48284364048104395 175
1740010788175 0.5104355762947348 176
1740010788200 0.6702697858698604 177
1740010788226 0.5127449601070592 178
1740010788256 0.5427183483268174 179
1740010788282 0.6300938496540731 180
1740010788306 0.46193887716650445 181
1740010788330 0.5433534168414036 182
1740010788355 0.5364434320000993 183
1740010788381 0.6397778801852845 184
1740010788410 0.5418610722957203 185
1740010788436 0.5976779612477929 186
1740010788461 0.5025084046836508 187
1740010788491 0.6548194049640292 188
1740010788517 0.6164462397489687 189
1740010788545 0.5118894359003334 190
1740010788574 0.49156148427504803 191
1740010788601 0.7194225274959861 192
1740010788625 0.5610080954801049 193
1740010788650 0.6417811229063858 194
1740010788678 0.5785441686765619 195
1740010788707 0.5578658136196544 196
1740010788735 0.6895889266537578 197
1740010788761 0.656220925613896 198
1740010788787 0.6293467951524625 199
1740010788817 0.5269232325452896 200
1740010788844 0.6030663256232788 201
1740010788871 0.5446029400631878 202
1740010788895 0.4890918113729142 203
1740010788919 0.5806035634287412 204
1740010788946 0.4481830967902985 205
1740010788975 0.5067454167287611 206
1740010789001 0.6258337207282187 207
1740010789025 0.5592345379299283 208
1740010789052 0.5209189512661463 209
1740010789078 0.4657267497403197 210
1740010789107 0.5292635074666366 211
1740010789133 0.507811619574473 212
1740010789158 0.5623386849268069 213
1740010789183 0.5585560592588955 214
1740010789210 0.6174606186663121 215
1740010789238 0.6100068702143143 216
1740010789264 0.49414712441661646 217
1740010789288 0.6487899630732739 218
1740010789312 0.6081092556368988 219
1740010789339 0.5856970318014815 220
1740010789368 0.5092931395142901 221
1740010789393 0.49205093115446125 222
1740010789417 0.5479517440915287 223
1740010789441 0.6791039724421423 224
1740010789466 0.623968327366207 225
1740010789493 0.5705450738774125 226
1740010789520 0.5233992718029109 227
1740010789549 0.5064862480220492 228
1740010789578 0.5412698627270863 229
1740010789608 0.5424698151072516 230
1740010789633 0.6754800860953304 231
1740010789659 0.5742053417668589 232
1740010789684 0.505834468797428 233
1740010789713 0.6428202350282431 234
1740010789741 0.4695352121501017 235
1740010789766 0.6584423320540921 236
1740010789792 0.4829102951352059 237
1740010789820 0.48082890194515326 238
1740010789857 0.5666911391719803 239
1740010789883 0.44688800946384427 240
1740010789908 0.5327213088034913 241
1740010789933 0.6199580218671942 242
1740010789960 0.541747375379143 243
1740010789989 0.636855314147709 244
1740010790015 0.529251259019437 245
1740010790042 0.5942678830758346 246
1740010790066 0.5163503529817958 247
1740010790095 0.48405301208106527 248
1740010790121 0.5843588627085788 249
1740010790145 0.5959064604567748 250
1740010790169 0.6166055282630415 251
1740010790194 0.45454532936935466 252
1740010790222 0.5450949397821125 253
1740010790249 0.514096180034928 254
1740010790273 0.6997909153824475 255
1740010790297 0.5598015062019229 256
1740010790323 0.5985095053078793 257
1740010790351 0.5412674983947772 258
1740010790378 0.5708190284601946 259
1740010790402 0.6318505143652572 260
1740010790426 0.6387361963133 261
1740010790450 0.6211062816437948 262
1740010790478 0.5604706348002927 263
1740010790508 0.4885485000448817 264
1740010790538 0.5021146886468251 265
1740010790562 0.6220069879812783 266
1740010790587 0.5664020678507732 267
1740010790612 0.49750157033817904 268
1740010790639 0.6607970404228791 269
1740010790666 0.5850864421297568 270
1740010790690 0.6959279373611653 271
1740010790715 0.46116195227282647 272
1740010790744 0.4461153145106009 273
