1740002284111 188.75648347613395 0
1740002284130 194.98674613901187 1
1740002284152 182.6598183715417 2
1740002284171 188.51134959401077 3
1740002284195 195.95762153027326 4
1740002284213 178.90574439495288 5
1740002284235 188.951070735454 6
1740002284254 172.44939087311084 7
1740002284274 185.4231110827604 8
1740002284293 183.46116232516167 9
1740002284312 173.24568661890243 10
1740002284333 180.45514247632954 11
1740002284352 167.43443723789096 12
1740002284370 180.36159205468851 13
1740002284388 177.60533033681668 14
1740002284407 171.06274010396706 15
1740002284426 164.42211178480846 16
1740002284449 156.00845822611333 17
1740002284468 164.4302179954567 18
1740002284490 156.88226145426924 19
1740002284510 161.74885620544777 20
1740002284529 164.77933970037893 21
1740002284548 161.43817827260855 22
1740002284566 148.42136680249482 23
1740002284586 142.55763466543638 24
1740002284606 161.82622536267968 25
1740002284624 151.75353921562197 26
1740002284643 148.4830306375469 27
1740002284661 160.17967632878532 28
1740002284681 155.2258274654057 29
1740002284699 153.4491799005203 30
1740002284717 143.55867184392906 31
1740002284735 148.96214076832428 32
1740002284755 151.6211969675392 33
1740002284773 130.913888070675 34
1740002284792 144.03927104440135 35
1740002284810 140.57823136003628 36
1740002284830 135.544018435076 37
1740002284850 136.2772605968765 38
1740002284868 139.26951524269523 39
1740002284886 131.8044234944905 40
1740002284904 129.10778889580675 41
1740002284924 136.25155479627222 42
1740002284942 138.63665382775486 43
1740002284960 139.97848796770913 44
1740002284979 125.07483166570093 45
1740002285000 134.64335969263126 46
1740002285019 120.33622645503343 47
1740002285037 129.48510061260038 48
1740002285055 121.01066118527682 49
1740002285074 125.30243213403189 50
1740002285093 118.99457084157339 51
1740002285112 119.99279405114952 52
1740002285130 120.57811765131372 53
1740002285148 123.75383519904675 54
1740002285167 114.91838912578432 55
1740002285187 115.91565625191457 56
1740002285204 115.38853128339356 57
1740002285223 118.37720811416492 58
1740002285241 118.69916748416554 59
1740002285261 115.79410663888368 60
1740002285279 119.5062130528155 61
1740002285297 112.11793414456 62
1740002285316 112.20206202836788 63
1740002285340 106.10489842549964 64
1740002285362 106.07143719752197 65
1740002285382 104.0693270971906 66
1740002285401 106.34247111833336 67
1740002285420 99.07981086942816 68
1740002285440 98.53372219197479 69
1740002285459 97.58230840540794 70
1740002285477 102.39969733344127 71
1740002285496 98.9957469681178 72
1740002285515 99.24447543878574 73
1740002285534 99.9993081902052 74
1740002285553 98.24043438675456 75
1740002285572 98.78141236465318 76
1740002285591 98.71657883767486 77
1740002285612 97.97842525053123 78
1740002285631 96.48011579514163 79
1740002285649 93.56341133917923 80
1740002285668 92.66792395396293 81
1740002285687 94.66173568806072 82
1740002285707 98.892793232117 83
1740002285725 96.70026833118801 84
1740002285743 90.0079310145232 85
1740002285762 91.85947818508757 86
1740002285781 89.83045349337262 87
1740002285800 90.75621894293687 88
1740002285818 89.88697323418437 89
1740002285841 84.85281638168487 90
1740002285864 87.60903903142962 91
1740002285938 82.76723887246115 92
1740002285959 86.36346499219839 93
1740002285979 85.18423619757401 94
1740002286000 85.75999854557209 95
1740002286025 92.1063676400946 96
1740002286050 82.85061036707826 97
1740002286074 85.3395281309194 98
1740002286094 82.58994960164183 99
1740002286113 84.89370671359258 100
1740002286132 78.56553368988398 101
1740002286150 79.83883775724047 102
1740002286170 80.85321762416224 103
1740002286189 77.39097482213529 104
1740002286207 78.24289753355909 105
1740002286226 75.7959452226859 106
1740002286244 78.93126116127429 107
1740002286263 79.17097968994321 108
1740002286281 74.05779418033298 109
1740002286300 72.86317362873486 110
1740002286318 74.30109796413772 111
1740002286337 67.90929813875583 112
1740002286356 72.77168994631741 113
1740002286374 68.48243571998675 114
1740002286393 74.5953431850833 115
1740002286411 70.71630275394023 116
1740002286432 70.4054637415232 117
1740002286451 74.53020874353119 118
1740002286469 68.99516549676999 119
1740002286487 74.06341069264225 120
1740002286506 67.39109078729729 121
1740002286525 67.63248553480848 122
1740002286543 65.60811129379478 123
1740002286562 65.4598187816288 124
1740002286581 68.87750642710634 125
1740002286604 66.78755826662874 126
1740002286623 66.03538173956662 127
1740002286643 66.03507317162247 128
1740002286661 64.46031868597655 129
1740002286682 62.82074488213342 130
1740002286700 69.3091520446435 131
1740002286718 63.05202055175945 132
1740002286736 62.569861125618544 133
1740002286755 59.33931529559792 134
1740002286774 55.12684066169206 135
1740002286792 62.51474292331467 136
1740002286810 60.27233288820215 137
1740002286844 59.62925051263354 138
1740002286880 61.747040152274366 139
1740002286903 57.723965880181304 140
1740002286927 59.484301959010715 141
1740002286948 56.57259045676243 142
1740002286972 58.55622424182567 143
1740002286995 57.54633702842775 144
1740002287019 52.696629030486726 145
1740002287042 59.56727685670988 146
1740002287070 56.307890833941826 147
1740002287094 55.94234540283751 148
1740002287117 54.0188411896863 149
1740002287140 52.31870214789053 150
1740002287163 53.089341592751914 151
1740002287188 53.074709666629445 152
1740002287212 54.13675649124435 153
1740002287237 50.2160548523123 154
1740002287261 50.8372570208464 155
1740002287289 51.399373326213876 156
1740002287312 55.33486716200325 157
1740002287334 50.91721089585999 158
1740002287355 54.15529302188751 159
1740002287382 50.3514110217274 160
1740002287406 49.69626954362146 161
1740002287428 49.27793629381633 162
1740002287472 47.96520405621086 163
1740002287495 49.64340476810423 164
1740002287516 49.069921036868884 165
1740002287539 48.68820005360369 166
1740002287564 50.154970793470106 167
1740002287593 49.39126646399422 168
1740002287617 49.29086968063924 169
1740002287639 47.228944082828555 170
1740002287661 47.41940538371091 171
1740002287685 46.93198283659804 172
1740002287706 42.0030856375078 173
1740002287726 47.447871910187104 174
1740002287747 47.08269138446681 175
1740002287770 40.96621630697359 176
1740002287792 45.79201336842276 177
1740002287813 43.79464367537379 178
1740002287836 45.47278004824844 179
1740002287857 48.292046366704966 180
1740002287881 43.57657607571057 181
1740002287901 41.878507861383184 182
1740002287922 43.03773098314495 183
1740002287942 40.53068611665963 184
1740002287967 45.17823624162515 185
1740002287988 42.75787291185466 186
1740002288007 40.72306183887519 187
1740002288027 41.174651353824935 188
1740002288048 44.571467599116495 189
1740002288071 41.04614134492656 190
1740002288092 43.76326127465405 191
1740002288113 38.44975867660049 192
1740002288133 37.36476642306962 193
1740002288156 39.877384347133116 194
1740002288176 37.92644864138185 195
1740002288195 38.30892621269056 196
1740002288215 40.09803688774993 197
1740002288236 38.872021874449686 198
1740002288257 39.0350019564365 199
1740002288277 36.10750329499448 200
1740002288297 39.13898811384903 201
1740002288318 35.467457630990125 202
1740002288339 37.042829425995535 203
1740002288359 35.47126695401949 204
1740002288379 37.290567147850695 205
1740002288400 36.06020358767314 206
1740002288421 36.4878912632422 207
1740002288441 34.221680068741136 208
1740002288461 36.933924962830595 209
1740002288481 39.54131163740703 210
1740002288502 35.682024486500595 211
1740002288522 36.62931141591036 212
1740002288542 34.24999503041719 213
1740002288563 34.432004944438155 214
1740002288584 35.11100141779166 215
1740002288606 33.92200899808439 216
1740002288626 34.37249751176349 217
1740002288645 33.172749144011654 218
1740002288665 32.94278906049187 219
1740002288690 31.613948276748502 220
1740002288711 33.551850132158336 221
1740002288731 32.544695734892045 222
1740002288751 30.386698712132027 223
1740002288772 31.961071451615574 224
1740002288793 32.979486366708464 225
1740002288813 33.55337429436173 226
1740002288837 32.71910806265749 227
1740002288857 32.53119542489016 228
1740002288880 28.948872526015965 229
1740002288903 29.964486132962794 230
1740002288923 31.849414894884326 231
1740002288944 31.24764875679515 232
1740002288968 30.677812766779457 233
1740002288989 30.064311597543554 234
1740002289009 29.22140412312385 235
1740002289029 29.55886001300376 236
1740002289052 30.321115559596258 237
1740002289075 29.255651391283653 238
1740002289095 28.23093416513765 239
1740002289115 28.796159016046204 240
1740002289137 27.153743451635997 241
1740002289157 28.092418648591018 242
1740002289177 28.476996712117856 243
1740002289197 29.76549194705667 244
1740002289216 26.916629716368394 245
1740002289238 26.697825554187528 246
1740002289258 26.307587179181013 247
1740002289277 26.808878652913034 248
1740002289297 28.39759304851203 249
1740002289318 26.327342354703124 250
1740002289340 28.422578887530076 251
1740002289359 27.097311489716194 252
1740002289379 27.233601223599372 253
1740002289400 27.23436411727385 254
1740002289425 24.82545073274513 255
1740002289446 25.269437253366636 256
1740002289466 24.88598602252853 257
1740002289486 26.611260979036192 258
1740002289507 23.860897550633062 259
1740002289527 26.455011480431946 260
1740002289547 25.0488870934891 261
1740002289567 25.689939304480955 262
1740002289588 24.634449693640796 263
1740002289610 25.848292575441988 264
1740002289630 23.1224822340635 265
1740002289650 26.714679113815855 266
1740002289671 24.86604314448349 267
1740002289692 25.734149242304905 268
1740002289712 24.159130565698717 269
1740002289733 25.45917729410772 270
1740002289753 23.53556517443524 271
1740002289774 24.148539297469153 272
1740002289794 23.78017019350054 273
1740002289814 23.76230098900444 274
1740002289836 23.7423171058574 275
1740002289857 23.709550981581643 276
1740002289877 24.34975057232244 277
1740002289897 24.54382769870439 278
1740002289917 24.091767051221762 279
1740002289938 21.954809156983927 280
1740002289959 22.735833857031228 281
1740002289979 22.765497728509203 282
1740002290002 22.61141050528889 283
1740002290024 22.906381898184417 284
1740002290046 20.797373187818973 285
1740002290071 23.701615266231133 286
1740002290091 21.848318132906023 287
1740002290110 21.736684152877118 288
1740002290132 22.03600648380627 289
1740002290154 21.044502230175624 290
1740002290173 21.931186382681695 291
1740002290193 20.697052347044096 292
1740002290213 21.216383366506086 293
1740002290235 20.396348789156704 294
1740002290255 20.85319668995708 295
1740002290275 20.271557326245098 296
1740002290295 21.40058846353841 297
1740002290317 21.11406175685625 298
1740002290338 20.20228103179132 299
1740002290359 19.335692714443468 300
1740002290379 19.397435407402227 301
1740002290400 20.189015358017684 302
1740002290420 20.866845652384022 303
1740002290440 20.57740031526199 304
1740002290460 20.111103097778287 305
1740002290479 20.30975633836673 306
1740002290500 19.679528035417086 307
1740002290520 18.60965326123523 308
1740002290540 20.066977068802625 309
1740002290561 19.7825759767999 310
1740002290581 18.51863457717366 311
1740002290603 19.239610357850818 312
1740002290623 18.62684669757239 313
1740002290643 19.669403610965272 314
1740002290664 17.36256062547648 315
1740002290684 18.98878583093113 316
1740002290704 19.2416837567421 317
1740002290724 20.686603117926396 318
1740002290744 18.19211796170712 319
1740002290766 17.685932825131378 320
1740002290788 18.28544622297209 321
1740002290808 18.35348858175576 322
1740002290828 17.22077475884609 323
1740002290850 17.573241303425107 324
1740002290870 18.513593618531498 325
1740002290890 17.72403065262839 326
1740002290910 17.04559271541809 327
1740002290931 17.747481715831242 328
1740002290952 16.553156155522878 329
1740002290971 17.271099900785163 330
1740002290992 17.415515074878062 331
1740002291011 17.14884201328628 332
1740002291034 16.178447745681556 333
1740002291054 16.789161598332026 334
1740002291076 18.419614602470773 335
1740002291096 16.472352024690256 336
1740002291117 17.704889070008235 337
1740002291137 15.639961537042076 338
1740002291157 17.00228979142864 339
1740002291177 17.11668160810781 340
1740002291197 17.054117297667094 341
1740002291219 16.81939491118184 342
1740002291239 15.579191157318357 343
1740002291259 15.704473918940444 344
1740002291278 16.129703141529962 345
1740002291299 15.312459445456769 346
1740002291320 15.21717547306446 347
1740002291340 16.358581970350023 348
1740002291360 15.787997461016541 349
1740002291380 15.714539402706906 350
1740002291401 15.838763780477375 351
1740002291422 14.982318646244115 352
1740002291446 14.902047327818622 353
1740002291469 15.357451197000481 354
1740002291490 15.987627762425555 355
1740002291510 15.059803634071558 356
1740002291531 14.835668631049275 357
1740002291553 14.809238101384274 358
1740002291573 15.275370051089787 359
1740002291593 14.222029322872398 360
1740002291614 14.764386097609048 361
1740002291640 14.187029908365885 362
1740002291660 15.330867682228028 363
1740002291680 14.268443576887487 364
1740002291700 14.39377945013726 365
1740002291721 14.834938968009883 366
1740002291742 14.413401788186967 367
1740002291763 15.338287267816678 368
1740002291783 15.035085707216858 369
1740002291806 14.123235426546103 370
1740002291829 14.70121605002972 371
1740002291851 13.893420151133974 372
1740002291871 14.031596963307937 373
1740002291893 13.60726646027016 374
1740002291912 14.75066036018762 375
1740002291931 13.057628100584912 376
1740002291950 14.218773140339087 377
1740002291969 13.928184742664094 378
1740002291989 13.216576975545525 379
1740002292008 13.324160016686184 380
1740002292026 14.046201289599496 381
1740002292044 14.551683123998934 382
1740002292062 13.287612840985952 383
1740002292085 12.808654403248749 384
1740002292104 13.0588113645363 385
1740002292122 12.799217181715049 386
1740002292140 13.53550125952995 387
1740002292160 13.95432160116037 388
1740002292179 12.64131974968721 389
1740002292197 13.27701810339132 390
1740002292215 13.060465506712667 391
1740002292234 13.255815781229947 392
1740002292253 12.697338240960436 393
1740002292271 13.12338833974956 394
1740002292289 12.484074831768481 395
1740002292308 13.07461676814098 396
1740002292327 11.781873078299084 397
1740002292346 13.081284154537403 398
1740002292364 13.345849176689283 399
1740002292383 11.781601499959399 400
1740002292401 12.426750155578695 401
1740002292420 12.857020134517333 402
1740002292438 11.917508615965485 403
1740002292456 12.354335248163752 404
1740002292474 11.553213323626355 405
1740002292493 12.313574578246335 406
1740002292514 12.89337926483024 407
1740002292532 12.656043059863004 408
1740002292550 12.058761982855398 409
1740002292570 12.462518808189406 410
1740002292590 11.49799695344934 411
1740002292611 12.431406777999282 412
1740002292629 11.411321650835657 413
1740002292648 12.348054144124449 414
1740002292668 12.21545802441426 415
1740002292691 11.305297849737359 416
1740002292710 12.285195750614411 417
1740002292728 12.00845850435906 418
1740002292747 11.561565916766618 419
1740002292766 11.951848055408002 420
1740002292785 11.900905173019678 421
1740002292803 12.061432422095255 422
1740002292822 11.217305302959124 423
1740002292849 10.868529090173526 424
1740002292926 11.576781788674761 425
1740002292949 11.139364655902837 426
1740002292969 12.33257076290641 427
1740002292989 11.122042268541659 428
1740002293007 11.343280842004917 429
1740002293026 11.209134923358976 430
1740002293044 11.360510414972808 431
1740002293064 10.688420012298405 432
1740002293083 10.54681413372722 433
1740002293101 10.867239051705646 434
1740002293119 10.48459985789897 435
1740002293139 10.76370946672873 436
1740002293158 10.301826334046249 437
1740002293176 11.603140174616394 438
1740002293194 10.396972864804734 439
1740002293213 10.543290645037688 440
1740002293233 10.516148044248842 441
1740002293252 11.318052842606802 442
1740002293271 10.609764341116218 443
1740002293290 9.973942480894133 444
1740002293309 10.24477545557638 445
1740002293327 10.208297452435627 446
1740002293345 9.59432207773506 447
1740002293364 10.13149623680544 448
1740002293382 10.049680270194715 449
1740002293403 10.673625856480772 450
1740002293421 10.258510021788956 451
1740002293439 10.103084716774843 452
1740002293457 10.509510288800977 453
1740002293479 9.830846752979834 454
1740002293502 9.479467489013832 455
1740002293521 10.14680030677591 456
1740002293540 10.430446378777066 457
1740002293559 10.16569039754338 458
1740002293578 9.897332554898927 459
1740002293596 9.541604927712275 460
1740002293616 9.669653709972318 461
1740002293635 9.256075985470028 462
1740002293654 10.34797454800926 463
1740002293673 9.650055026611012 464
1740002293692 10.14666518631427 465
1740002293710 9.350075873655326 466
1740002293729 9.893470848674731 467
1740002293748 9.976978951986467 468
1740002293766 9.852070399872277 469
1740002293784 9.398503483438908 470
1740002293803 9.809060893601265 471
1740002293823 9.170221451395099 472
1740002293845 10.158496222615076 473
1740002293863 9.88344553485458 474
1740002293882 9.583503068736238 475
1740002293904 9.448155253192299 476
1740002293924 9.597138964247296 477
1740002293942 9.549093490581411 478
1740002293960 9.090450795225498 479
1740002293980 9.701216698390194 480
1740002293999 9.362868697828581 481
1740002294018 9.210854230687515 482
1740002294036 9.024675887735164 483
1740002294055 8.889887957676766 484
1740002294074 9.641258511867022 485
1740002294094 8.777013124714111 486
1740002294112 8.962313777937961 487
1740002294130 9.409011402087609 488
1740002294150 9.1596392773552 489
1740002294169 9.197236775900809 490
1740002294188 8.263919542157469 491
1740002294207 9.2326209420065 492
1740002294226 9.011438888504257 493
1740002294247 8.765909768270747 494
1740002294265 8.257940612829428 495
1740002294284 9.265407474795483 496
1740002294302 10.001799388696494 497
1740002294323 9.375912500283262 498
1740002294341 8.69776158251084 499
