1739969910976 6.562968814935814 0
1739969910998 6.427127042428755 1
1739969911024 6.349776048800403 2
1739969911046 6.273856285796497 3
1739969911070 6.199794061888692 4
1739969911093 6.127532240007842 5
1739969911115 6.057019939730609 6
1739969911137 5.988207741543996 7
1739969911157 5.921047689396045 8
1739969911178 5.855493246196985 9
1739969911199 5.79149925114712 10
1739969911221 5.729021878350677 11
1739969911242 5.668018596681591 12
1739969911264 5.608448130863235 13
1739969911288 5.550270423725298 14
1739969911310 5.493446599602122 15
1739969911333 5.437938928837906 16
1739969911355 5.383710793365216 17
1739969911377 5.330726653324288 18
1739969911398 5.278952014691549 19
1739969911419 5.228353397886793 20
1739969911441 5.178898307329352 21
1739969911462 5.130555201914469 22
1739969911483 5.083293466382032 23
1739969911503 5.037083383550578 24
1739969911525 4.9918961073903985 25
1739969911549 4.947703636910257 26
1739969911574 4.904478790833128 27
1739969911597 4.862195183036997 28
1739969911619 4.820827198737569 29
1739969911641 4.780349971390406 30
1739969911662 4.740739360290673 31
1739969911682 4.7019719288493915 32
1739969911705 4.664024923525667 33
1739969911727 4.626876253395058 34
1739969911748 4.590504470334773 35
1739969911768 4.554888749807056 36
1739969911788 4.5200088722225855 37
1739969911808 4.485845204866388 38
1739969911829 4.452378684369155 39
1739969911849 4.419590799707487 40
1739969911873 4.387463575717057 41
1739969911896 4.355979557103114 42
1739969911919 4.3251217929333 43
1739969911943 4.294873821598167 44
1739969911969 4.265219656225233 45
1739969911992 4.236143770532829 46
1739969912015 4.2076310851104415 47
1739969912038 4.1796669541126334 48
1739969912062 4.152237152354001 49
1739969912086 4.12532786279306 50
1739969912132 4.098925664393257 51
1739969912156 4.07301752034971 52
1739969912180 4.047590766670595 53
1739969912203 4.022633101102454 54
1739969912226 3.9981325723890104 55
1739969912248 3.9740775698533937 56
1739969912270 3.950456813294003 57
1739969912291 3.927259343184492 58
1739969912313 3.9044745111687065 59
1739969912334 3.882091970841612 60
1739969912357 3.8601016688075953 61
1739969912379 3.8384938360077214 62
1739969912399 3.8172589793078235 63
1739969912419 3.796387873339533 64
1739969912440 3.7758715525865965 65
1739969912461 3.755701303709061 66
1739969912482 3.7358686580981426 67
1739969912502 3.7163653846547833 68
1739969912522 3.697183482785151 69
1739969912544 3.6783151756065173 70
1739969912567 3.6597529033571434 71
1739969912591 3.64148931700402 72
1739969912613 3.6235172720424704 73
1739969912635 3.6058298224818226 74
1739969912657 3.588420215011523 75
1739969912677 3.5712818833422424 76
1739969912699 3.5544084427166784 77
1739969912721 3.5377936845849396 78
1739969912743 3.521431571439523 79
1739969912764 3.5053162318050735 80
1739969912784 3.4894419553782514 81
1739969912804 3.4738031883131595 82
1739969912824 3.458394528647954 83
1739969912846 3.4432107218683545 84
1739969912866 3.4282466566039367 85
1739969912886 3.413497360453185 86
1739969912906 3.398957995933427 87
1739969912926 3.3846238565518747 88
1739969912947 3.3704903629941168 89
1739969912967 3.3565530594265205 90
1739969912987 3.342807609909105 91
1739969913007 3.329249794915544 92
1739969913028 3.3158755079570805 93
1739969913050 3.3026807523072077 94
1739969913070 3.2896616378240777 95
1739969913090 3.2768143778676944 96
1739969913110 3.264135286309029 97
1739969913131 3.2516207746282877 98
1739969913152 3.239267349099645 99
1739969913172 3.227071608059829 100
1739969913193 3.2150302392580423 101
1739969913216 3.2031400172847584 102
1739969913237 3.1913978010770214 103
1739969913259 3.17980053149794 104
1739969913280 3.1683452289881457 105
1739969913300 3.157028991287045 106
1739969913324 3.1458489912217606 107
1739969913345 3.13480247456173 108
1739969913367 3.123886757936982 109
1739969913387 3.113099226818168 110
1739969913407 3.102437333556502 111
1739969913427 3.0918985954817932 112
1739969913448 3.081480593056836 113
1739969913469 3.071180968086452 114
1739969913490 3.06099742197954 115
1739969913511 3.050927714062557 116
1739969913531 3.040969659942853 117
1739969913555 3.0311211299203977 118
1739969913578 3.0213800474464096 119
1739969913600 3.0117443876275045 120
1739969913622 3.002212175773982 121
1739969913643 2.9927814859909296 122
1739969913664 2.9834504398108543 123
1739969913684 2.974217204866601 124
1739969913706 2.9650799936033407 125
1739969913727 2.9560370620284657 126
1739969913748 2.9470867084982424 127
1739969913769 2.9382272725401335 128
1739969913791 2.929457133709699 129
1739969913812 2.920774710481069 130
1739969913832 2.9121784591699473 131
1739969913852 2.9036668728882025 132
1739969913872 2.895238480529078 133
1739969913892 2.8868918457821127 134
1739969913912 2.8786255661768863 135
1739969913932 2.870438272154714 136
1739969913953 2.862328626167468 137
1739969913975 2.8542953218027045 138
1739969913996 2.8463370829343133 139
1739969914020 2.838452662897926 140
1739969914041 2.8306408436903383 141
1739969914063 2.822900435192242 142
1739969914085 2.815230274413551 143
1739969914107 2.8076292247606602 144
1739969914130 2.800096175324979 145
1739969914151 2.7926300401921034 146
1739969914173 2.7852297577710083 147
1739969914194 2.7778942901426715 148
1739969914216 2.770622622427535 149
1739969914236 2.7634137621712584 150
1739969914258 2.7562667387482067 151
1739969914280 2.749180602782154 152
1739969914300 2.7421544255836783 153
1739969914321 2.7351872986037655 154
1739969914341 2.728278332903126 155
1739969914362 2.721426658636767 156
1739969914382 2.7146314245533563 157
1739969914402 2.7078917975089563 158
1739969914422 2.701206961994676 159
1739969914441 2.694576119677846 160
1739969914463 2.687998488956313 161
1739969914484 2.681473304525458 162
1739969914505 2.6749998169575617 163
1739969914525 2.6685772922931585 164
1739969914549 2.662205011644013 165
1739969914576 2.6558822708073886 166
1739969914599 2.649608379891253 167
1739969914621 2.643382662950124 168
1739969914642 2.6372044576312135 169
1739969914664 2.6310731148305875 170
1739969914685 2.624987998359029 171
1739969914707 2.618948484617333 172
1739969914730 2.612953962280739 173
1739969914751 2.6070038319922446 174
1739969914773 2.601097506064532 175
1739969914794 2.595234408190253 176
1739969914814 2.589413973160433 177
1739969914834 2.5836356465907397 178
1739969914854 2.5778988846554105 179
1739969914875 2.5722031538285814 180
1739969914896 2.5665479306328307 181
1739969914916 2.560932701394706 182
1739969914936 2.555356962007031 183
1739969914956 2.549820217697808 184
1739969914978 2.5443219828055015 185
1739969914998 2.538861780560533 186
1739969915019 2.533439142872798 187
1739969915039 2.5280536101250304 188
1739969915061 2.5227047309718347 189
1739969915083 2.517392062144246 190
1739969915103 2.5121151682596228 191
1739969915123 2.5068736216367387 192
1739969915144 2.5016670021159215 193
1739969915164 2.4964948968840766 194
1739969915186 2.4913569003044755 195
1739969915208 2.4862526137511476 196
1739969915228 2.481181645447761 197
1739969915248 2.4761436103108467 198
1739969915269 2.471138129797255 199
1739969915291 2.466164831755704 200
1739969915312 2.461223350282319 201
1739969915333 2.456313325580039 202
1739969915353 2.451434403821772 203
1739969915374 2.4465862370172062 204
1739969915395 2.4417684828831603 205
1739969915416 2.4369808047173716 206
1739969915436 2.4322228712756315 207
1739969915456 2.427494356652157 208
1739969915479 2.4227949401631235 209
1739969915500 2.418124306233252 210
1739969915520 2.413482144285372 211
1739969915540 2.408868148632876 212
1739969915563 2.404282018374972 213
1739969915586 2.39972345729467 214
1739969915609 2.395192173759408 215
1739969915632 2.39068788062426 216
1739969915654 2.3862102951376327 217
1739969915676 2.3817591388493957 218
1739969915699 2.377334137521368 219
1739969915721 2.3729350210401003 220
1739969915745 2.3685615233318775 221
1739969915768 2.364213382279892 222
1739969915791 2.3598903396435142 223
1739969915815 2.355592140979608 224
1739969915837 2.351318535565834 225
1739969915859 2.347069276325879 226
1739969915882 2.34284411975656 227
1739969915903 2.3386428258567586 228
1739969915924 2.3344651580581153 229
1739969915944 2.3303108831574573 230
1739969915965 2.3261797712508896 231
1739969915985 2.3220715956695215 232
1739969916005 2.3179861329167695 233
1739969916026 2.313923162607201 234
1739969916046 2.3098824674068688 235
1739969916066 2.3058638329751067 236
1739969916088 2.3018670479077254 237
1739969916108 2.2978919036815983 238
1739969916128 2.29393819460057 239
1739969916148 2.2900057177426714 240
1739969916170 2.2860942729085916 241
1739969916192 2.2822036625713906 242
1739969916215 2.278333691827392 243
1739969916238 2.2744841683482506 244
1739969916261 2.2706549023341416 245
1739969916283 2.2668457064680543 246
1739969916304 2.2630563958711565 247
1739969916327 2.259286788059194 248
1739969916347 2.2555367028999083 249
1739969916368 2.2518059625714373 250
1739969916389 2.248094391521673 251
1739969916409 2.2444018164285535 252
1739969916429 2.2407280661612625 253
1739969916449 2.237072971742311 254
1739969916471 2.233436366310479 255
1739969916492 2.229818085084596 256
1739969916512 2.2262179653281278 257
1739969916533 2.222635846314568 258
1739969916557 2.2190715692935905 259
1739969916580 2.215524977457957 260
1739969916604 2.211995915911159 261
1739969916626 2.208484231635763 262
1739969916718 2.2049897734624593 263
1739969916741 2.201512392039777 264
1739969916763 2.1980519398044636 265
1739969916785 2.1946082709524974 266
1739969916806 2.191181241410731 267
1739969916826 2.1877707088091327 268
1739969916846 2.184376532453634 269
1739969916867 2.1809985732995343 270
1739969916887 2.177636693925484 271
1739969916908 2.1742907585080045 272
1739969916928 2.1709606327965454 273
1739969916948 2.1676461840890604 274
1739969916968 2.1643472812080855 275
1739969916988 2.16106379447732 276
1739969917009 2.1577955956986745 277
1739969917031 2.1545425581298 278
1739969917051 2.1513045564620668 279
1739969917071 2.1480814667989914 280
1739969917092 2.1448731666350955 281
1739969917111 2.14167953483519 282
1739969917131 2.13850045161407 283
1739969917151 2.135335798516617 284
1739969917171 2.1321854583982853 285
1739969917193 2.12904931540598 286
1739969917215 2.125927254959304 287
1739969917235 2.1228191637321654 288
1739969917256 2.119724929634753 289
1739969917277 2.116644441795843 290
1739969917298 2.1135775905454546 291
1739969917319 2.110524267397834 292
1739969917339 2.1074843650347557 293
1739969917358 2.1044577772891455 294
1739969917379 2.101444399129004 295
1739969917401 2.0984441266416347 296
1739969917422 2.095456857018162 297
1739969917442 2.092482488538335 298
1739969917461 2.089520920555612 299
1739969917482 2.0865720534825125 300
1739969917504 2.083635788776245 301
1739969917524 2.0807120289245815 302
1739969917546 2.0778006774319975 303
1739969917571 2.074901638806053 304
1739969917594 2.072014818544018 305
1739969917616 2.069140123119734 306
1739969917638 2.066277459970707 307
1739969917662 2.0634267374854294 308
1739969917685 2.060587864990914 309
1739969917707 2.057760752740455 310
1739969917729 2.054945311901594 311
1739969917750 2.0521414545442904 312
1739969917771 2.049349093629299 313
1739969917793 2.0465681429967404 314
1739969917814 2.0437985173548667 315
1739969917835 2.041040132269015 316
1739969917854 2.0382929041507447 317
1739969917874 2.035556750247157 318
1739969917896 2.0328315886303887 319
1739969917916 2.0301173381872815 320
1739969917936 2.0274139186092164 321
1739969917956 2.024721250382119 322
1739969917976 2.022039254776621 323
1739969917999 2.019367853838385 324
1739969918021 2.0167069703785776 325
1739969918042 2.014056527964505 326
1739969918062 2.0114164509103865 327
1739969918082 2.0087866642682797 328
1739969918103 2.006167093819146 329
1739969918124 2.003557666064057 330
1739969918144 2.0009583082155364 331
1739969918164 1.998368948189037 332
1739969918185 1.9957895145945468 333
1739969918207 1.9932199367283263 334
1739969918228 1.9906601445647714 335
1739969918252 1.9881100687483955 336
1739969918274 1.98556964058594 337
1739969918296 1.9830387920385955 338
1739969918318 1.9805174557143461 339
1739969918339 1.9780055648604227 340
1739969918360 1.9755030533558702 341
1739969918380 1.9730098557042235 342
1739969918401 1.9705259070262917 343
1739969918421 1.9680511430530472 344
1739969918442 1.9655855001186182 345
1739969918462 1.9631289151533802 346
1739969918484 1.960681325677153 347
1739969918506 1.9582426697924877 348
1739969918527 1.955812886178056 349
1739969918550 1.9533919140821268 350
1739969918573 1.9509796933161418 351
1739969918597 1.9485761642483783 352
1739969918619 1.9461812677976984 353
1739969918640 1.9437949454273897 354
1739969918661 1.9414171391390889 355
1739969918681 1.9390477914667903 356
1739969918704 1.9366868454709372 357
1739969918725 1.9343342447325935 358
1739969918745 1.9319899333476942 359
1739969918765 1.9296538559213765 360
1739969918785 1.9273259575623858 361
1739969918806 1.9250061838775567 362
1739969918827 1.92269448096637 363
1739969918847 1.92039079541558 364
1739969918867 1.9180950742939167 365
1739969918887 1.9158072651468556 366
1739969918908 1.9135273159914559 367
1739969918928 1.9112551753112705 368
1739969918948 1.9089907920513194 369
1739969918988 1.9067341156131294 370
1739969919062 1.9044850958498387 371
1739969919086 1.902243683061366 372
1739969919109 1.9000098279896405 373
1739969919131 1.8977834818138921 374
1739969919152 1.8955645961460068 375
1739969919172 1.8933531230259357 376
1739969919193 1.8911490149171661 377
1739969919215 1.888952224702249 378
1739969919238 1.8867627056783822 379
1739969919261 1.8845804115530507 380
1739969919283 1.8824052964397218 381
1739969919305 1.8802373148535916 382
1739969919327 1.8780764217073869 383
1739969919347 1.8759225723072193 384
1739969919367 1.8737757223484892 385
1739969919387 1.8716358279118415 386
1739969919409 1.8695028454591696 387
1739969919431 1.8673767318296712 388
1739969919451 1.8652574442359497 389
1739969919473 1.8631449402601632 390
1739969919493 1.8610391778502229 391
1739969919515 1.8589401153160339 392
1739969919539 1.856847711325785 393
1739969919562 1.8547619249022802 394
1739969919584 1.8526827154193153 395
1739969919606 1.8506100425980998 396
1739969919628 1.8485438665037177 397
1739969919647 1.8464841475416331 398
1739969919669 1.8444308464542372 399
1739969919692 1.842383924317435 400
1739969919714 1.8403433425372735 401
1739969919735 1.8383090628466077 402
1739969919755 1.8362810473018087 403
1739969919775 1.834259258279508 404
1739969919796 1.832243658473379 405
1739969919817 1.8302342108909597 406
1739969919837 1.8282308788505084 407
1739969919857 1.826233625977898 408
1739969919878 1.8242424162035464 409
1739969919899 1.8222572137593802 410
1739969919919 1.8202779831758351 411
1739969919939 1.818304689278891 412
1739969919959 1.8163372971871392 413
1739969919979 1.814375772308885 414
1739969919999 1.8124200803392811 415
1739969920020 1.8104701872574982 416
1739969920041 1.8085260593239199 417
1739969920062 1.8065876630773772 418
1739969920082 1.8046549653324098 419
1739969920102 1.8027279331765593 420
1739969920122 1.8008065339676929 421
1739969920142 1.7988907353313563 422
1739969920164 1.7969805051581589 423
1739969920185 1.7950758116011838 424
1739969920207 1.7931766230734312 425
1739969920229 1.7912829082452868 426
1739969920249 1.7893946360420194 427
1739969920270 1.787511775641309 428
1739969920290 1.785634296470796 429
1739969920312 1.7837621682056637 430
1739969920333 1.7818953607662438 431
1739969920353 1.7800338443156494 432
1739969920373 1.7781775892574334 433
1739969920394 1.7763265662332746 434
1739969920415 1.7744807461206846 435
1739969920434 1.7726401000307446 436
1739969920455 1.770804599305865 437
1739969920475 1.768974215517567 438
1739969920495 1.7671489204642923 439
1739969920515 1.7653286861692343 440
1739969920535 1.7635134848781917 441
1739969920559 1.7617032890574487 442
1739969920583 1.7598980713916739 443
1739969920605 1.7580978047818456 444
1739969920628 1.7563024623431964 445
1739969920649 1.7545120174031812 446
1739969920670 1.7527264434994676 447
1739969920691 1.7509457143779452 448
1739969920713 1.7491698039907613 449
1739969920736 1.7473986864943702 450
1739969920757 1.74563233624761 451
1739969920777 1.7438707278097954 452
1739969920797 1.7421138359388333 453
1739969920817 1.7403616355893574 454
1739969920837 1.738614101910881 455
1739969920857 1.7368712102459738 456
1739969920878 1.7351329361284524 457
1739969920898 1.7333992552815929 458
1739969920919 1.7316701436163622 459
1739969920941 1.7299455772296677 460
1739969920961 1.7282255324026246 461
1739969920981 1.726509985598842 462
1739969921001 1.7247989134627266 463
1739969921022 1.7230922928178047 464
1739969921043 1.721390100665061 465
1739969921063 1.7196923141812945 466
1739969921083 1.7179989107174933 467
1739969921103 1.7163098677972233 468
1739969921124 1.7146251631150358 469
1739969921144 1.7129447745348927 470
1739969921164 1.711268680088603 471
1739969921185 1.709596857974283 472
1739969921207 1.7079292865548235 473
1739969921229 1.7062659443563815 474
1739969921251 1.704606810066881 475
1739969921271 1.7029518625345335 476
1739969921291 1.7013010807663689 477
1739969921313 1.6996544439267887 478
1739969921335 1.6980119313361253 479
1739969921354 1.6963735224692231 480
1739969921374 1.6947391969540313 481
1739969921395 1.6931089345702108 482
1739969921415 1.6914827152477543 483
1739969921436 1.6898605190656253 484
1739969921456 1.6882423262504043 485
1739969921477 1.6866281171749535 486
1739969921497 1.685017872357094 487
1739969921517 1.6834115724582954 488
1739969921539 1.6818091982823775 489
1739969921562 1.6802107307742313 490
1739969921584 1.6786161510185444 491
1739969921606 1.677025440238545 492
1739969921628 1.675438579794757 493
1739969921650 1.6738555511837685 494
1739969921670 1.672276336037009 495
1739969921691 1.6707009161195456 496
1739969921714 1.6691292733288843 497
1739969921736 1.6675613896937878 498
1739969921758 1.665997247373104 499
