1739995973843 174.78631594193737 0
1739995973862 174.75123554876907 1
1739995973879 174.73370020727543 2
1739995973901 174.71616574791042 3
1739995973918 174.69863305347047 4
1739995973941 174.681102123733 5
1739995973960 174.6635729585201 6
1739995973981 174.6460455576537 7
1739995973998 174.62851992095597 8
1739995974016 174.61099604824895 9
1739995974037 174.5934739393547 10
1739995974059 174.57595359409538 11
1739995974076 174.55843501229305 12
1739995974094 174.54091819376993 13
1739995974111 174.52340313834813 14
1739995974128 174.50588984584988 15
1739995974149 174.4883783160973 16
1739995974165 174.47086854891273 17
1739995974184 174.45336054411828 18
1739995974205 174.43585430153627 19
1739995974222 174.41834982098902 20
1739995974240 174.4008471022987 21
1739995974260 174.38334614528767 22
1739995974317 174.36584694977836 23
1739995974374 174.34834951559296 24
1739995974391 174.33085384255386 25
1739995974407 174.3133599304835 26
1739995974423 174.29586777920426 27
1739995974438 174.2783773885385 28
1739995974453 174.26088875830877 29
1739995974469 174.2434018883374 30
1739995974485 174.2259167784469 31
1739995974501 174.2084334284598 32
1739995974516 174.19095183819857 33
1739995974532 174.1734720074857 34
1739995974548 174.1559939361438 35
1739995974563 174.13851762399537 36
1739995974579 174.12104307086304 37
1739995974595 174.10357027656937 38
1739995974610 174.08609924093696 39
1739995974625 174.06862996378848 40
1739995974641 174.05116244494656 41
1739995974656 174.03369668423386 42
1739995974671 174.01623268147307 43
1739995974686 173.9987704364869 44
1739995974702 173.98130994909803 45
1739995974717 173.96385121912925 46
1739995974734 173.9463942464033 47
1739995974750 173.92893903074295 48
1739995974765 173.911485571971 49
1739995974780 173.89403386991026 50
1739995974797 173.87658392438354 51
1739995974814 173.8591357352137 52
1739995974830 173.84168930222359 53
1739995974846 173.82424462523613 54
1739995974861 173.8068017040742 55
1739995974878 173.78936053856066 56
1739995974897 173.77192112851853 57
1739995974912 173.7544834737707 58
1739995974928 173.73704757414018 59
1739995974943 173.71961342944996 60
1739995974959 173.70218103952305 61
1739995974974 173.68475040418244 62
1739995974991 173.6673215232512 63
1739995975007 173.64989439655236 64
1739995975040 173.63246902390904 65
1739995975056 173.6150454051443 66
1739995975071 173.59762354008132 67
1739995975088 173.58020342854311 68
1739995975103 173.56278507035296 69
1739995975118 173.54536846533395 70
1739995975134 173.52795361330928 71
1739995975149 173.51054051410213 72
1739995975165 173.4931291675358 73
1739995975180 173.47571957343348 74
1739995975195 173.4583117316184 75
1739995975211 173.4409056419139 76
1739995975226 173.4235013041432 77
1739995975242 173.40609871812964 78
1739995975258 173.38869788369658 79
1739995975276 173.37129880066738 80
1739995975292 173.3539014688653 81
1739995975307 173.3365058881138 82
1739995975322 173.31911205823627 83
1739995975338 173.30171997905612 84
1739995975353 173.2843296503968 85
1739995975369 173.26694107208178 86
1739995975385 173.24955424393445 87
1739995975401 173.23216916577843 88
1739995975416 173.21478583743712 89
1739995975431 173.19740425873408 90
1739995975447 173.18002442949282 91
1739995975462 173.16264634953694 92
1739995975477 173.14527001869004 93
1739995975493 173.12789543677565 94
1739995975508 173.11052260361743 95
1739995975523 173.09315151903903 96
1739995975538 173.07578218286403 97
1739995975553 173.05841459491614 98
1739995975569 173.04104875501906 99
1739995975585 173.0236846629965 100
1739995975600 173.00632231867212 101
1739995975615 172.98896172186969 102
1739995975630 172.971602872413 103
1739995975645 172.95424577012577 104
1739995975660 172.93689041483182 105
1739995975675 172.91953680635496 106
1739995975691 172.90218494451906 107
1739995975706 172.8848348291479 108
1739995975721 172.86748646006535 109
1739995975737 172.8501398370953 110
1739995975753 172.8327949600617 111
1739995975769 172.81545182878838 112
1739995975785 172.79811044309932 113
1739995975806 172.7807708028185 114
1739995975823 172.7634329077698 115
1739995975842 172.7460967577773 116
1739995975860 172.72876235266503 117
1739995975879 172.7114296922569 118
1739995975899 172.69409877637705 119
1739995975917 172.6767696048494 120
1739995975933 172.65944217749822 121
1739995975949 172.6421164941475 122
1739995975965 172.6247925546213 123
1739995975981 172.60747035874388 124
1739995975996 172.5901499063393 125
1739995976012 172.57283119723175 126
1739995976028 172.55551423124538 127
1739995976043 172.53819900820446 128
1739995976059 172.52088552793313 129
1739995976074 172.5035737902557 130
1739995976089 172.48626379499638 131
1739995976105 172.46895554197943 132
1739995976120 172.45164903102923 133
1739995976136 172.43434426196995 134
1739995976151 172.41704123462603 135
1739995976166 172.39973994882175 136
1739995976181 172.3824404043815 137
1739995976197 172.3651426011296 138
1739995976212 172.34784653889056 139
1739995976227 172.33055221748873 140
1739995976243 172.31325963674854 141
1739995976258 172.29596879649444 142
1739995976277 172.27867969655088 143
1739995976293 172.2613923367424 144
1739995976309 172.24410671689347 145
1739995976325 172.22682283682857 146
1739995976342 172.2095406963723 147
1739995976359 172.19226029534917 148
1739995976376 172.17498163358383 149
1739995976392 172.15770471090082 150
1739995976409 172.1404295271247 151
1739995976427 172.1231560820802 152
1739995976444 172.10588437559187 153
1739995976461 172.08861440748444 154
1739995976478 172.07134617758257 155
1739995976495 172.05407968571095 156
1739995976511 172.03681493169427 157
1739995976528 172.01955191535737 158
1739995976543 172.00229063652486 159
1739995976559 171.98503109502158 160
1739995976576 171.9677732906723 161
1739995976592 171.95051722330186 162
1739995976608 171.93326289273506 163
1739995976624 171.9160102987967 164
1739995976641 171.89875944131174 165
1739995976656 171.8815103201049 166
1739995976672 171.86426293500125 167
1739995976688 171.8470172858256 168
1739995976704 171.82977337240283 169
1739995976719 171.81253119455798 170
1739995976735 171.79529075211596 171
1739995976751 171.7780520449018 172
1739995976766 171.76081507274046 173
1739995976781 171.74357983545698 174
1739995976800 171.7263463328764 175
1739995976819 171.70911456482372 176
1739995976837 171.69188453112406 177
1739995976853 171.67465623160243 178
1739995976871 171.65742966608408 179
1739995976891 171.640204834394 180
1739995976908 171.62298173635742 181
1739995976924 171.60576037179942 182
1739995976941 171.58854074054526 183
1739995976957 171.57132284242005 184
1739995976973 171.55410667724902 185
1739995976989 171.53689224485746 186
1739995977005 171.51967954507055 187
1739995977024 171.50246857771359 188
1739995977044 171.48525934261184 189
1739995977062 171.4680518395906 190
1739995977081 171.4508460684752 191
1739995977100 171.433642029091 192
1739995977120 171.4164397212633 193
1739995977139 171.39923914481747 194
1739995977159 171.38204029957896 195
1739995977178 171.3648431853731 196
1739995977197 171.3476478020254 197
1739995977214 171.3304541493612 198
1739995977230 171.31326222720602 199
1739995977246 171.29607203538535 200
1739995977261 171.2788835737246 201
1739995977280 171.26169684204942 202
1739995977296 171.2445118401852 203
1739995977312 171.22732856795753 204
1739995977328 171.21014702519204 205
1739995977345 171.19296721171423 206
1739995977361 171.17578912734973 207
1739995977378 171.15861277192417 208
1739995977395 171.14143814526315 209
1739995977411 171.12426524719237 210
1739995977426 171.10709407753745 211
1739995977443 171.0899246361241 212
1739995977461 171.07275692277804 213
1739995977479 171.05559093732495 214
1739995977498 171.03842667959063 215
1739995977517 171.0212641494008 216
1739995977536 171.00410334658122 217
1739995977554 170.98694427095774 218
1739995977574 170.96978692235612 219
1739995977593 170.9526313006022 220
1739995977612 170.93547740552182 221
1739995977631 170.91832523694086 222
1739995977650 170.90117479468518 223
1739995977669 170.8840260785807 224
1739995977688 170.86687908845335 225
1739995977707 170.84973382412903 226
1739995977725 170.8325902854337 227
1739995977743 170.81544847219334 228
1739995977759 170.79830838423393 229
1739995977775 170.78117002138148 230
1739995977790 170.764033383462 231
1739995977810 170.74689847030155 232
1739995977826 170.72976528172615 233
1739995977842 170.7126338175619 234
1739995977858 170.6955040776349 235
1739995977875 170.67837606177125 236
1739995977891 170.66124976979705 237
1739995977907 170.6441252015385 238
1739995977923 170.62700235682175 239
1739995977939 170.6098812354729 240
1739995977955 170.59276183731828 241
1739995977971 170.575644162184 242
1739995977987 170.55852820989634 243
1739995978002 170.54141398028156 244
1739995978018 170.52430147316588 245
1739995978034 170.50719068837563 246
1739995978050 170.49008162573708 247
1739995978065 170.4729742850766 248
1739995978082 170.45586866622043 249
1739995978098 170.43876476899504 250
1739995978113 170.42166259322673 251
1739995978129 170.40456213874194 252
1739995978146 170.38746340536704 253
1739995978161 170.37036639292847 254
1739995978177 170.35327110125266 255
1739995978194 170.33617753016608 256
1739995978211 170.31908567949523 257
1739995978226 170.30199554906656 258
1739995978241 170.28490713870664 259
1739995978257 170.26782044824193 260
1739995978273 170.25073547749906 261
1739995978291 170.23365222630454 262
1739995978307 170.21657069448497 263
1739995978323 170.19949088186695 264
1739995978340 170.1824127882771 265
1739995978355 170.16533641354206 266
1739995978371 170.14826175748848 267
1739995978388 170.13118881994305 268
1739995978404 170.11411760073238 269
1739995978419 170.09704809968326 270
1739995978435 170.07998031662243 271
1739995978451 170.06291425137655 272
1739995978466 170.04584990377242 273
1739995978482 170.02878727363682 274
1739995978498 170.01172636079653 275
1739995978514 169.99466716507837 276
1739995978531 169.97760968630917 277
1739995978547 169.9605539243158 278
1739995978564 169.94349987892505 279
1739995978582 169.92644754996394 280
1739995978599 169.9093969372592 281
1739995978615 169.8923480406378 282
1739995978632 169.87530085992677 283
1739995978650 169.85825539495298 284
1739995978667 169.84121164554338 285
1739995978684 169.824169611525 286
1739995978701 169.80712929272482 287
1739995978718 169.79009068896988 288
1739995978734 169.7730538000872 289
1739995978750 169.75601862590386 290
1739995978767 169.73898516624692 291
1739995978783 169.72195342094344 292
1739995978802 169.70492338982055 293
1739995978818 169.68789507270546 294
1739995978834 169.67086846942513 295
1739995978851 169.65384357980693 296
1739995978867 169.6368204036779 297
1739995978884 169.61979894086525 298
1739995978902 169.60277919119625 299
1739995978919 169.58576115449807 300
1739995978937 169.56874483059798 301
1739995978955 169.55173021932328 302
1739995978973 169.5347173205012 303
1739995978991 169.51770613395905 304
1739995979007 169.5006966595242 305
1739995979024 169.48368889702394 306
1739995979041 169.46668284628566 307
1739995979057 169.44967850713667 308
1739995979074 169.43267587940437 309
1739995979090 169.41567496291623 310
1739995979106 169.3986757574996 311
1739995979122 169.38167826298195 312
1739995979138 169.36468247919075 313
1739995979154 169.34768840595348 314
1739995979169 169.33069604309756 315
1739995979185 169.3137053904506 316
1739995979200 169.29671644784005 317
1739995979216 169.27972921509345 318
1739995979231 169.26274369203847 319
1739995979247 169.24575987850264 320
1739995979263 169.22877777431344 321
1739995979278 169.21179737929867 322
1739995979297 169.19481869328584 323
1739995979313 169.1778417161026 324
1739995979329 169.16086644757667 325
1739995979345 169.1438928875357 326
1739995979361 169.1269210358074 327
1739995979378 169.10995089221953 328
1739995979395 169.09298245659977 329
1739995979412 169.0760157287759 330
1739995979429 169.05905070857568 331
1739995979446 169.04208739582688 332
1739995979464 169.02512579035735 333
1739995979482 169.0081658919949 334
1739995979500 168.9912077005674 335
1739995979518 168.97425121590263 336
1739995979536 168.9572964378285 337
1739995979552 168.9403433661729 338
1739995979570 168.92339200076378 339
1739995979587 168.906442341429 340
1739995979603 168.88949438799656 341
1739995979619 168.8725481402944 342
1739995979635 168.85560359815057 343
1739995979651 168.83866076139293 344
1739995979667 168.8217196298496 345
1739995979684 168.8047802033486 346
1739995979701 168.78784248171792 347
1739995979717 168.77090646478567 348
1739995979734 168.75397215238 349
1739995979749 168.73703954432887 350
1739995979765 168.7201086404605 351
1739995979781 168.703179440603 352
1739995979799 168.6862519445845 353
1739995979816 168.66932615223323 354
1739995979832 168.6524020633773 355
1739995979848 168.635479677845 356
1739995979864 168.61855899546447 357
1739995979880 168.60164001606404 358
1739995979897 168.5847227394719 359
1739995979913 168.5678071655163 360
1739995979930 168.55089329402563 361
1739995979945 168.53398112482816 362
1739995979961 168.51707065775219 363
1739995979977 168.50016189262607 364
1739995979993 168.48325482927817 365
1739995980009 168.46634946753684 366
1739995980025 168.44944580723057 367
1739995980041 168.43254384818766 368
1739995980057 168.41564359023664 369
1739995980073 168.3987450332059 370
1739995980090 168.38184817692388 371
1739995980106 168.36495302121915 372
1739995980121 168.34805956592015 373
1739995980137 168.33116781085542 374
1739995980152 168.31427775585342 375
1739995980167 168.29738940074284 376
1739995980182 168.28050274535215 377
1739995980198 168.26361778951002 378
1739995980213 168.24673453304493 379
1739995980228 168.2298529757856 380
1739995980244 168.21297311756064 381
1739995980260 168.19609495819873 382
1739995980277 168.17921849752847 383
1739995980295 168.16234373537867 384
1739995980311 168.14547067157793 385
1739995980327 168.12859930595505 386
1739995980342 168.11172963833872 387
1739995980358 168.09486166855774 388
1739995980374 168.07799539644083 389
1739995980392 168.06113082181685 390
1739995980408 168.0442679445146 391
1739995980424 168.0274067643629 392
1739995980439 168.01054728119055 393
1739995980454 167.9936894948265 394
1739995980470 167.9768334050996 395
1739995980486 167.9599790118387 396
1739995980502 167.94312631487279 397
1739995980518 167.9262753140308 398
1739995980533 167.90942600914158 399
1739995980548 167.8925784000342 400
1739995980563 167.8757324865376 401
1739995980578 167.85888826848083 402
1739995980594 167.84204574569287 403
1739995980608 167.82520491800275 404
1739995980623 167.80836578523952 405
1739995980638 167.7915283472323 406
1739995980653 167.77469260381014 407
1739995980668 167.75785855480214 408
1739995980683 167.74102620003745 409
1739995980699 167.72419553934517 410
1739995980714 167.70736657255455 411
1739995980729 167.69053929949467 412
1739995980744 167.67371371999477 413
1739995980759 167.65688983388404 414
1739995980774 167.6400676409917 415
1739995980789 167.623247141147 416
1739995980808 167.6064283341792 417
1739995980824 167.58961121991766 418
1739995980840 167.57279579819152 419
1739995980856 167.55598206883025 420
1739995980873 167.53917003166305 421
1739995980889 167.52235968651937 422
1739995980905 167.50555103322847 423
1739995980921 167.48874407161986 424
1739995980938 167.47193880152284 425
1739995980955 167.45513522276687 426
1739995980972 167.4383333351813 427
1739995980992 167.4215331385958 428
1739995981071 167.4047346328396 429
1739995981092 167.38793781774228 430
1739995981107 167.37114269313338 431
1739995981122 167.35434925884235 432
1739995981138 167.3375575146988 433
1739995981153 167.3207674605322 434
1739995981168 167.3039790961722 435
1739995981183 167.28719242144837 436
1739995981198 167.27040743619028 437
1739995981213 167.25362414022757 438
1739995981228 167.23684253338988 439
1739995981243 167.2200626155069 440
1739995981258 167.20328438640826 441
1739995981273 167.1865078459237 442
1739995981290 167.16973299388286 443
1739995981305 167.15295983011555 444
1739995981320 167.13618835445146 445
1739995981335 167.11941856672038 446
1739995981349 167.1026504667521 447
1739995981366 167.0858840543763 448
1739995981383 167.06911932942293 449
1739995981401 167.0523562917218 450
1739995981420 167.03559494110272 451
1739995981438 167.01883527739554 452
1739995981456 167.0020773004302 453
1739995981474 166.98532101003653 454
1739995981495 166.96856640604452 455
1739995981516 166.951813488284 456
1739995981537 166.93506225658504 457
1739995981558 166.9183127107775 458
1739995981578 166.90156485069147 459
1739995981599 166.88481867615693 460
1739995981619 166.86807418700383 461
1739995981641 166.85133138306225 462
1739995981662 166.8345902641622 463
1739995981683 166.8178508301338 464
1739995981703 166.80111308080714 465
1739995981721 166.78437701601234 466
1739995981739 166.76764263557948 467
1739995981757 166.7509099393387 468
1739995981774 166.7341789271202 469
1739995981790 166.7174495987541 470
1739995981807 166.70072195407064 471
1739995981822 166.68399599289995 472
1739995981839 166.66727171507233 473
1739995981854 166.65054912041802 474
1739995981870 166.63382820876726 475
1739995981886 166.6171089799503 476
1739995981902 166.6003914337975 477
1739995981918 166.5836755701391 478
1739995981935 166.56696138880548 479
1739995981955 166.55024888962694 480
1739995981974 166.5335380724339 481
1739995981993 166.5168289370567 482
1739995982008 166.50012148332573 483
1739995982023 166.48341571107142 484
1739995982038 166.4667116201242 485
1739995982054 166.45000921031453 486
1739995982069 166.43330848147286 487
1739995982084 166.4166094334296 488
1739995982099 166.39991206601542 489
1739995982114 166.3832163790607 490
1739995982132 166.36652237239605 491
1739995982150 166.34983004585192 492
1739995982169 166.33313939925898 493
1739995982187 166.3164504324478 494
1739995982206 166.29976314524893 495
1739995982225 166.28307753749306 496
1739995982247 166.26639360901075 497
1739995982269 166.24971135963267 498
1739995982294 166.23303078918954 499
