1740005965378 1.648072623051544 0
1740005965464 0.19621750454929449 1
1740005965550 0.0731841842320295 2
1740005965676 0.21108235596710437 3
1740005965767 0.03813179594448529 4
1740005965852 0.2613574222392826 5
1740005965938 0.01389545544110496 6
1740005966022 0.34702730535654375 7
1740005966105 0.00015505176045269595 8
1740005966189 0.1340470171594991 9
1740005966273 0.001710571190656415 10
1740005966359 0.000539398304603138 11
1740005966448 0.03120232852268155 12
1740005966535 0.3723532609611742 13
1740005966628 0.1260216491864721 14
1740005966716 0.34246563581506617 15
1740005966801 0.6722604083469984 16
1740005966896 0.005097537551198076 17
1740005967051 0.031456230966646195 18
1740005967140 1.3378422102757481 19
1740005967225 0.41269769826411923 20
1740005967309 0.01101429547196313 21
1740005967395 0.007072913755341656 22
1740005967482 0.07098896952876725 23
1740005967567 0.03984223939115684 24
1740005967654 0.07713002899695227 25
1740005967740 0.004731335444474949 26
1740005967827 0.01307109992260005 27
1740005967913 0.023706104716978153 28
1740005967996 0.08271033188353502 29
1740005968083 0.0005415101221252785 30
1740005968170 0.017913635242862 31
1740005968257 0.07076920491577195 32
1740005968346 7.837150215486366e-05 33
1740005968432 3.8229929902575754e-05 34
1740005968517 0.4449701259380368 35
1740005968602 0.01403396381739637 36
1740005968692 0.09556090044764956 37
1740005968775 0.0787142494525774 38
1740005968863 0.007212862273094382 39
1740005968947 0.0022741314912728097 40
1740005969029 0.12930060080184422 41
1740005969113 0.243056085519503 42
1740005969198 0.044149063601688604 43
1740005969283 0.18613881488564177 44
1740005969367 0.06572309661118747 45
1740005969450 0.0003617865099800326 46
1740005969534 0.010805516502379998 47
1740005969616 0.3352324064297325 48
1740005969702 0.17405001753322438 49
1740005969786 0.2610408112891757 50
1740005969874 0.1604184504015027 51
1740005969961 0.22661451118422934 52
1740005970046 0.00020844096137048314 53
1740005970130 0.26945033459890444 54
1740005970215 0.0010005590822045939 55
1740005970301 1.1289906670586605 56
1740005970388 0.05745309788079204 57
1740005970471 0.08365895615171542 58
1740005970557 0.03925507774765804 59
1740005970643 0.21598419929999632 60
1740005970735 0.0024083735435652376 61
1740005970823 0.035989277591179876 62
1740005970912 0.007377875283636698 63
1740005970996 0.8658782773586804 64
1740005971081 0.061736234678361444 65
1740005971165 0.0021031633740820886 66
1740005971251 0.5051062829849113 67
1740005971338 0.000738017700764575 68
1740005971423 6.763369675570445e-05 69
1740005971509 0.05281919798991398 70
1740005971594 0.18500439313745928 71
1740005971679 0.0033511949054158296 72
1740005971766 0.07658488044202619 73
1740005971852 0.00017160513328354226 74
1740005971942 0.2565103769643241 75
1740005972025 0.34139299310093535 76
1740005972109 0.02510545899096377 77
1740005972194 0.0864859332033311 78
1740005972280 0.014932911107495232 79
1740005972365 0.03172778899086113 80
1740005972449 0.05903822996678445 81
1740005972533 1.1526456284855862e-05 82
1740005972616 0.3628179419295184 83
1740005972703 0.7340655265651901 84
1740005972792 0.032037728081009645 85
1740005972878 0.16582703247519193 86
1740005972962 0.019548695192899174 87
1740005973046 0.07018342276899206 88
1740005973131 0.03678925833774058 89
1740005973217 0.4110998381745018 90
1740005973316 0.07596534551201144 91
1740005973402 0.15824615647633025 92
1740005973488 0.8701205653486231 93
1740005973571 0.03317682005790829 94
1740005973656 0.010403337597331423 95
1740005973744 9.99021871314133e-07 96
1740005973831 0.027674446041145905 97
1740005973916 0.0007287626354003736 98
1740005974000 0.5925938601418839 99
1740005974084 0.0005472621168873729 100
1740005974169 0.07308550010323342 101
1740005974254 0.11696641417983147 102
1740005974342 0.7990756882516876 103
1740005974426 0.08233699051879327 104
1740005974509 0.11514722941552107 105
1740005974595 0.017242621817809237 106
1740005974680 0.12005886358216449 107
1740005974771 0.029938777191249537 108
1740005974857 0.9594016832746375 109
1740005974942 0.0384016145809807 110
1740005975025 0.15096398113508094 111
1740005975110 0.03635621242286655 112
1740005975193 0.07525875980486448 113
1740005975277 0.08962164564907121 114
1740005975362 0.34121603050903637 115
1740005975449 0.19547494402640928 116
1740005975532 0.5633365011760142 117
1740005975616 0.4283888172945712 118
1740005975700 0.12217029511721059 119
1740005975784 0.15758880847557982 120
1740005975872 0.008429740900800934 121
1740005975957 0.02703560555048419 122
1740005976042 0.038517773979541314 123
1740005976126 0.3678534674587748 124
1740005976210 0.07734445245483637 125
1740005976294 0.007611849113106612 126
1740005976378 0.02045078125398998 127
1740005976463 0.03535703337519851 128
1740005976547 1.2114669440225017 129
1740005976633 0.276360568326625 130
1740005976719 0.20675238636139662 131
1740005976807 0.01599531242443128 132
1740005976895 0.12757611133260527 133
1740005976982 0.014630174097831617 134
1740005977066 0.37861111871780756 135
1740005977153 0.01035806521208821 136
1740005977239 0.10637116347936548 137
1740005977325 3.8751935194631014e-05 138
1740005977411 0.16505760576966422 139
1740005977496 0.3350022651646245 140
1740005977581 0.5128974380753315 141
1740005977669 0.02370624319535123 142
1740005977754 0.04718870299408384 143
1740005977840 0.03766489520611244 144
1740005977929 0.9551061352599957 145
1740005978014 0.02680935713820142 146
1740005978098 0.029898893065199852 147
1740005978184 0.004498017724633825 148
1740005978268 0.11619517766006414 149
1740005978375 0.02148835468701137 150
1740005978464 5.854410785497373e-06 151
1740005978550 0.15599801675296568 152
1740005978635 0.6550403415833344 153
1740005978721 0.25615697298473394 154
1740005978810 0.2995850308724037 155
1740005978901 0.006940811580790473 156
1740005978986 0.07746948775887331 157
1740005979070 0.01743539417064664 158
1740005979153 0.12147783672574529 159
1740005979238 0.008101935245729821 160
1740005979322 0.0013869571768755755 161
1740005979406 0.055005697351738304 162
1740005979490 0.0018238882028887861 163
1740005979575 0.07109779870478221 164
1740005979659 0.01513363277347291 165
1740005979743 0.0008322005715367953 166
1740005979827 0.017636842324187912 167
1740005979912 0.004100076515245221 168
1740005979996 0.02773575689271679 169
1740005980106 0.26711269791686415 170
1740005980196 0.00015594209257146545 171
1740005980284 0.000859421014451014 172
1740005980368 0.00017691331177698073 173
1740005980454 0.005053848793099636 174
1740005980539 0.030176534194979798 175
1740005980623 0.054464871768328295 176
1740005980710 0.30737120341251284 177
1740005980795 0.07473007638009459 178
1740005980886 0.00014703572311827314 179
1740005980972 0.0024404292672372562 180
1740005981057 0.011090012209110737 181
1740005981143 0.38265830850103066 182
1740005981228 0.02757024516447939 183
1740005981313 0.6913257446337785 184
1740005981399 0.09735834633403355 185
1740005981483 0.06581154982740035 186
1740005981566 0.2736645548278211 187
1740005981651 0.05707838093593974 188
1740005981736 0.0599952690925562 189
1740005981820 0.09540626610588807 190
1740005981907 0.10541594025617951 191
1740005981991 0.21974079996842005 192
1740005982075 0.05259856083943666 193
1740005982162 1.4865317026512899e-06 194
1740005982248 0.00878911541083674 195
1740005982332 0.0024706137955141736 196
1740005982417 0.0656136161285446 197
1740005982500 0.15758889641181928 198
1740005982585 0.035292315517056645 199
1740005982672 0.015532889518470143 200
1740005982776 0.0003199222942083397 201
1740005982870 0.963040165689513 202
1740005982960 0.04570329462428298 203
1740005983046 1.268650022488246e-05 204
1740005983130 0.029080652321041768 205
1740005983215 0.10187271941246684 206
1740005983300 0.019308681145769013 207
1740005983400 0.02292077635191129 208
1740005983487 0.4106731710087985 209
1740005983571 0.208940185551087 210
1740005983654 0.029050590565597383 211
1740005983741 0.5302100294058282 212
1740005983826 0.006458921662879608 213
1740005983913 0.014929156928669045 214
1740005983997 0.37938346067132916 215
1740005984084 1.2749771199056192 216
1740005984168 0.10733134729995158 217
1740005984255 0.3076836169882431 218
1740005984339 0.00805419489080834 219
1740005984428 0.3433153281958344 220
1740005984515 0.06863137177416279 221
1740005984599 0.14588308114669088 222
1740005984691 0.0346666839548501 223
1740005984784 3.15816943587974e-05 224
1740005984887 0.5757769026985939 225
1740005984982 0.08618236205076492 226
1740005985069 0.20818811526997238 227
1740005985154 0.09080360847056988 228
1740005985241 1.5181893790083387 229
1740005985326 0.13368049377631958 230
1740005985412 0.06116306469100907 231
1740005985496 0.4323110491076347 232
1740005985581 0.0010142197833978323 233
1740005985667 0.11043615013476098 234
1740005985752 0.00800316500499118 235
1740005985836 0.3180038447947273 236
1740005985924 0.0005697622184479822 237
1740005986008 0.0049611852131949295 238
1740005986092 0.013129727509753563 239
1740005986176 0.2802510959308595 240
1740005986261 0.4245927763674071 241
1740005986346 0.04884616637505518 242
1740005986430 0.036579143466596034 243
1740005986512 0.03148474510571834 244
1740005986596 0.05976928205677309 245
1740005986682 0.17379074872771294 246
1740005986767 0.033744511390564315 247
1740005986851 0.005591851489188116 248
1740005986946 0.9158380520394572 249
1740005987031 0.02489472968592449 250
1740005987115 0.042453971621515894 251
1740005987199 0.005617658138552912 252
1740005987283 0.0930175194917215 253
1740005987368 0.16097733906697484 254
1740005987452 0.153591056234551 255
1740005987536 0.520190336125339 256
1740005987621 0.06388405750459532 257
1740005987707 0.049163908321011286 258
1740005987791 0.6058977330923008 259
1740005987879 0.005110869729103934 260
1740005987966 0.017083846674000164 261
1740005988052 0.003204209950528969 262
1740005988139 0.10329374173797158 263
1740005988225 0.15229678956206602 264
1740005988310 0.20709892016816053 265
1740005988398 0.2564748676220875 266
1740005988486 0.00784709271388888 267
1740005988570 0.256192058461744 268
1740005988654 0.2582264214050595 269
1740005988742 0.019605240824667556 270
1740005988826 0.046716202366598146 271
1740005988910 1.115246393716481 272
1740005988998 0.35100575647238225 273
1740005989082 0.03257797190471583 274
1740005989165 0.005414272564581878 275
1740005989249 0.021452758670407225 276
1740005989332 0.015262791541172695 277
1740005989417 0.10969866512555115 278
1740005989500 0.055268550555526264 279
1740005989585 0.23673058545646075 280
1740005989668 0.14410444044704632 281
1740005989753 0.3246464604322212 282
1740005989839 0.5341726701895146 283
1740005989928 1.117719845173848 284
1740005990012 0.18853810300188664 285
1740005990096 0.012774558377312945 286
1740005990181 0.14960285356851252 287
1740005990265 0.016250589214494165 288
1740005990349 0.08756671375542907 289
1740005990435 1.2057431419768079 290
1740005990518 0.26719070782971094 291
1740005990601 0.13592254380961005 292
1740005990685 0.10186754701448968 293
1740005990768 0.11536727525108549 294
1740005990856 0.04133305943331413 295
1740005990940 0.02410727012981173 296
1740005991028 0.017582008449924483 297
1740005991113 0.009668960385459105 298
1740005991197 0.12281278161871045 299
1740005991281 0.000613150642091015 300
1740005991368 0.0011597803449651244 301
1740005991452 3.0256826941090355e-05 302
1740005991540 0.28149545832255096 303
1740005991625 0.07195942937457782 304
1740005991711 0.8424943112976961 305
1740005991798 0.14775987951188976 306
1740005991890 0.013226808120836377 307
1740005991980 0.012568677119173845 308
1740005992064 0.003309681436488221 309
1740005992151 0.012758252341608656 310
1740005992236 0.37401262063621327 311
1740005992321 0.160003290943363 312
1740005992408 6.129228703312117e-05 313
1740005992492 0.4643552164782509 314
1740005992579 0.070410025461809 315
1740005992664 0.0047435728070930865 316
1740005992751 0.06534137959457996 317
1740005992836 0.00019009994053235203 318
1740005992923 0.02547211383499379 319
1740005993027 0.859642684063339 320
1740005993113 0.007463657974937039 321
1740005993197 0.030622861816649544 322
1740005993283 0.00040040952805635364 323
1740005993430 0.030192916699157715 324
1740005993536 0.2728194142620724 325
1740005993630 0.556231756576012 326
1740005993723 6.796088583733235e-05 327
1740005993813 0.1705542642894935 328
1740005993899 0.037975346112421926 329
1740005993983 1.027978922357684 330
1740005994066 0.21196192181848866 331
1740005994152 0.7329388746499329 332
1740005994237 0.3762063365749181 333
1740005994321 0.026097791476114972 334
1740005994406 0.15689826005675045 335
1740005994489 0.32609832100732616 336
1740005994575 0.0671218994276577 337
1740005994666 0.04476777125271188 338
1740005994752 0.04264864494117546 339
1740005994838 0.0014244100046574496 340
1740005994925 0.02192567472954828 341
1740005995010 0.497461725170742 342
1740005995103 0.07935407842946339 343
1740005995189 0.4355520344293718 344
1740005995274 0.08686295792820731 345
1740005995360 0.21588834463199047 346
1740005995446 0.16242369035604864 347
1740005995530 0.6885156120619522 348
1740005995615 0.14912936601391028 349
1740005995701 0.027721777251515606 350
1740005995786 0.02995626120634372 351
1740005995875 0.11171181555721049 352
1740005995961 0.18537154463299405 353
1740005996044 0.03784980423103224 354
1740005996128 4.884404547642806e-07 355
1740005996211 0.10488327696574846 356
1740005996294 0.10560329728476979 357
1740005996381 0.26426202601421545 358
1740005996468 0.10655531128794668 359
1740005996551 0.24636683268247397 360
1740005996634 0.043816187366859174 361
1740005996720 0.1478926823938103 362
1740005996804 0.3936585270270859 363
1740005996889 0.4003081496617022 364
1740005996973 0.04224307822317261 365
1740005997059 0.00987614552312088 366
1740005997147 0.07068969965048358 367
1740005997234 0.021840925145386728 368
1740005997319 0.07924646256132559 369
1740005997404 0.38791238716142623 370
1740005997488 0.10215237924146332 371
1740005997572 0.3773652506009994 372
1740005997657 0.21130461510439263 373
1740005997743 0.0009069460262448001 374
1740005997829 0.01723922559965696 375
1740005997916 0.07662307925479066 376
1740005998002 0.08743888865582324 377
1740005998086 0.19453883118676768 378
1740005998171 0.1693234756266433 379
1740005998256 0.18700909092252932 380
1740005998345 0.8421699417808916 381
1740005998429 0.04715695112596172 382
1740005998512 0.0005607177000286636 383
1740005998595 0.32614296600567916 384
1740005998682 0.1985849066365711 385
1740005998770 0.03074234467941168 386
1740005998858 0.3770250039929811 387
1740005998947 0.07463599064111978 388
1740005999031 0.015774190732005283 389
1740005999116 0.008646365118460281 390
1740005999204 0.4130372643808855 391
1740005999288 0.028696273062329487 392
1740005999375 0.08343027846322407 393
1740005999459 0.18432611109007635 394
1740005999543 0.6367300469523376 395
1740005999627 0.06776824457483296 396
1740005999711 0.04993935644867536 397
1740005999798 0.24795669019450295 398
1740005999885 0.4253809815391219 399
1740005999968 0.0034686689656755177 400
1740006000056 0.8000359149308356 401
1740006000140 0.3563060028727588 402
1740006000223 0.009989252568888341 403
1740006000305 0.0027419366091085123 404
1740006000391 0.11836217014251509 405
1740006000475 2.494683672550693e-06 406
1740006000558 0.27460371998877137 407
1740006000643 0.21037718014131365 408
1740006000727 0.0007817122910238911 409
1740006000811 0.001159663658567601 410
1740006000898 0.00551897280472195 411
1740006000982 0.018826402827534262 412
1740006001065 0.028261996400505248 413
1740006001148 0.0031664259636996 414
1740006001238 0.017444079411497927 415
1740006001322 0.16260015372588354 416
1740006001408 0.43753473446945756 417
1740006001492 0.012028614727801328 418
1740006001576 4.308506178140293e-06 419
1740006001661 0.07403056952657097 420
1740006001751 0.2452211498175057 421
1740006001835 0.3284096896970776 422
1740006001925 0.010833386076637325 423
1740006002010 0.020696762805815377 424
1740006002094 0.024521498710791196 425
1740006002178 0.00015460918286339608 426
1740006002267 0.21176555631191368 427
1740006002354 0.01723907722644021 428
1740006002442 0.20861319342466073 429
1740006002530 0.059418602710775724 430
1740006002613 0.305348421985907 431
1740006002700 0.06254164977966244 432
1740006002788 0.001281882938291243 433
1740006002873 0.1084193245704464 434
1740006002959 0.06937920763972742 435
1740006003044 0.033031703729306715 436
1740006003129 0.002641465755546507 437
1740006003219 0.016063841825027802 438
1740006003304 0.008426415409877243 439
1740006003388 0.10960230594488798 440
1740006003472 0.05823178804613466 441
1740006003569 0.24821012042987503 442
1740006003657 0.09495907883617871 443
1740006003743 0.03972702789499623 444
1740006003826 1.372512439276488 445
1740006003913 0.021201377737962997 446
1740006003998 0.03214221268509131 447
1740006004083 0.04215471899942219 448
1740006004167 0.25548711576167765 449
1740006004252 0.058006022625838864 450
1740006004335 0.001349579001889694 451
1740006004423 0.1413465516256273 452
1740006004510 0.34161411443687273 453
1740006004604 0.39091118611914555 454
1740006004689 0.06327452900838776 455
1740006004777 0.06152447005326811 456
1740006004863 0.42958237147320366 457
1740006004949 0.3154338579802974 458
1740006005037 0.12407549732039426 459
1740006005123 0.024435838001663834 460
1740006005205 0.2817249391542293 461
1740006005294 0.03469818332079671 462
1740006005380 0.2172923196550298 463
1740006005463 0.0031271884552528354 464
1740006005550 0.048332302089509935 465
1740006005641 0.07358894575172066 466
1740006005728 0.07659938799618174 467
1740006005813 0.16392146237043803 468
1740006005945 0.30109627157956526 469
1740006006030 0.09449875374430206 470
1740006006114 0.10835615974382204 471
1740006006199 0.03831919441937351 472
1740006006284 0.35506165847051124 473
1740006006369 0.22498770842934926 474
1740006006456 0.03776975109079377 475
1740006006539 0.024166989523302276 476
1740006006623 0.0007067088318234094 477
1740006006708 0.006348499734932124 478
1740006006793 0.2026809342165532 479
1740006006921 0.10726641090881528 480
1740006007023 0.5795252580218246 481
1740006007119 0.24783788888258731 482
1740006007213 0.22426520060528007 483
1740006007306 0.0071519493373940835 484
1740006007400 0.008584292902172157 485
1740006007492 0.27832361285104157 486
1740006007583 0.009609260795897093 487
1740006007674 0.006778657985062281 488
1740006007766 0.20762081639404467 489
1740006007859 0.4049449185471038 490
1740006007952 0.010008056445804187 491
1740006008043 0.02940544353143145 492
1740006008139 0.026739895382408497 493
1740006008230 0.0032608280364052784 494
1740006008323 0.3474991368938112 495
1740006008417 0.02175684834094168 496
1740006008507 0.0833109713218313 497
1740006008598 0.030250022274720668 498
1740006008689 0.005765466267133099 499
