1740012922318 154.25209955427087 0
1740012922353 129.05788996846277 1
1740012922381 110.79871964505783 2
1740012922412 89.04499186527997 3
1740012922447 78.2371602885721 4
1740012922479 66.45210444778519 5
1740012922506 52.22520999940802 6
1740012922531 48.62750726803941 7
1740012922560 41.7130794455235 8
1740012922585 36.580565396842964 9
1740012922611 34.02567027088985 10
1740012922646 28.051185896127755 11
1740012922674 24.04171211188241 12
1740012922699 22.049599534060285 13
1740012922724 20.45437497634017 14
1740012922750 16.585965412237577 15
1740012922776 15.529272359220306 16
1740012922801 14.287891746819549 17
1740012922830 13.27307668644965 18
1740012922858 12.007984232525725 19
1740012922884 11.781149419478796 20
1740012922910 10.095115072612723 21
1740012922936 9.30910003499515 22
1740012922960 8.673005002140348 23
1740012922985 8.882800668950512 24
1740012923010 8.15392244500353 25
1740012923038 7.855114397418326 26
1740012923065 7.4041229301689215 27
1740012923090 7.140657857381664 28
1740012923117 6.975248977342505 29
1740012923143 6.512331236278926 30
1740012923168 6.558922236416391 31
1740012923195 6.547293254983695 32
1740012923224 5.892491643228772 33
1740012923252 5.780957268991933 34
1740012923281 5.9252692451476126 35
1740012923313 5.875878133285857 36
1740012923339 5.947151926619748 37
1740012923364 5.5970915318296255 38
1740012923391 5.239524711874942 39
1740012923418 5.617926258407957 40
1740012923443 5.150188276089385 41
1740012923467 5.25367976736451 42
1740012923495 5.209436566517827 43
1740012923522 4.840973725636245 44
1740012923551 4.891042778971068 45
1740012923581 5.157650090105965 46
1740012923610 4.745126132900564 47
1740012923635 5.1662815096226975 48
1740012923661 5.0193605269263655 49
1740012923690 5.29406809601477 50
1740012923715 5.154566137945625 51
1740012923739 5.049099235360842 52
1740012923765 5.314827082907704 53
1740012923793 4.9030461740799725 54
1740012923817 4.807770516800405 55
1740012923843 4.768089779739308 56
1740012923869 4.996686316510776 57
1740012923895 4.722898856431023 58
1740012923920 5.301486823732625 59
1740012923944 4.745444068042182 60
1740012923975 4.728481339107663 61
1740012924000 4.783105020457209 62
1740012924025 4.912596900457208 63
1740012924052 4.894314953695378 64
1740012924082 4.634906259835744 65
1740012924112 4.953233574323932 66
1740012924155 5.139610734079768 67
1740012924182 4.918992081828391 68
1740012924206 4.708747256141603 69
1740012924231 4.736143628593738 70
1740012924263 4.7193457353195445 71
1740012924291 4.702324758037721 72
1740012924319 4.577367594769883 73
1740012924350 4.736022938012154 74
1740012924376 4.3270555074959525 75
1740012924404 5.042734602885134 76
1740012924431 4.301840125910689 77
1740012924456 4.59793947631977 78
1740012924482 4.972294921863728 79
1740012924507 4.780460479682946 80
1740012924577 5.202215931357209 81
1740012924604 4.738522888439565 82
1740012924633 5.180662895038102 83
1740012924660 4.774647064357186 84
1740012924690 4.489117732662149 85
1740012924717 4.658089153586895 86
1740012924743 4.538223505880304 87
1740012924772 4.66413659045273 88
1740012924798 4.617110224235512 89
1740012924823 4.432180884858616 90
1740012924849 4.74481687619756 91
1740012924876 4.647302943864504 92
1740012924900 5.151782081926889 93
1740012924925 4.844624098786575 94
1740012924951 4.925801565462403 95
1740012924977 4.235043401943779 96
