1739986121313 8.110815852252161 0
1739986121391 7.301424844752941 1
1739986121479 8.073215385424689 2
1739986121580 7.965898563490576 3
1739986121699 5.660773147717936 4
1739986121909 4.5775343191906375 5
1739986122010 5.22047862901714 6
1739986122146 5.656286364861582 7
1739986122293 9.60045366455837 8
1739986122388 9.23326526215958 9
1739986122500 7.382162178650083 10
1739986122581 6.61204578233845 11
1739986122663 6.215469237492472 12
1739986122741 6.486765330276347 13
1739986122820 8.88006481018256 14
1739986122897 5.416029025238966 15
1739986122974 5.451297843072311 16
1739986123056 5.311061648616056 17
1739986123134 5.80850868387343 18
1739986123210 4.866974480533893 19
1739986123286 5.990458232613198 20
1739986123362 4.707354238941193 21
1739986123437 6.41466958305476 22
1739986123514 7.497310259428595 23
1739986123594 6.562256270011076 24
1739986123677 9.137510781101573 25
1739986123761 4.928973733107358 26
1739986123841 5.517989624423731 27
1739986123921 5.975780951228762 28
1739986124000 5.849621811407612 29
1739986124078 7.103497093871505 30
1739986124156 3.173967880021078 31
1739986124237 7.276523942815543 32
1739986124319 7.0520066724238655 33
1739986124398 6.840800272667428 34
1739986124477 7.663654706954882 35
1739986124557 6.885842014938055 36
1739986124635 6.169552643100556 37
1739986124720 7.260956852700732 38
1739986124804 9.767937420075063 39
1739986124886 6.566263257829161 40
1739986124966 6.564782964091605 41
1739986125044 4.299614763850018 42
1739986125125 6.350663187214168 43
1739986125204 5.4818760533027415 44
1739986125282 6.921651976285978 45
1739986125362 6.511489846709555 46
1739986125442 5.654306826139623 47
1739986125541 6.134729141169391 48
1739986125619 7.171495779798032 49
1739986125699 7.01657723624979 50
1739986125781 5.486738839007959 51
1739986125860 5.365791470890945 52
1739986125940 5.535683889383435 53
1739986126019 6.564197161241832 54
1739986126100 10.150880395344457 55
1739986126179 6.845401680867388 56
1739986126258 6.488628600562691 57
1739986126334 7.426113908502455 58
1739986126413 7.103185631560193 59
1739986126488 5.127403392796727 60
1739986126565 5.795082414171104 61
1739986126641 6.954634069174183 62
1739986126716 9.531516669460604 63
1739986126795 5.680580778198122 64
1739986126871 6.54641114966226 65
1739986126947 6.512492707849916 66
1739986127022 6.590894294125413 67
1739986127098 7.6245828913323965 68
1739986127174 7.2243737804040995 69
1739986127251 6.796949238265473 70
1739986127327 4.657105960821276 71
1739986127403 6.438400047630053 72
1739986127478 6.1125029487591265 73
1739986127555 7.231231447197531 74
1739986127630 6.375505197471663 75
1739986127707 6.248706660774753 76
1739986127785 6.855477667103215 77
1739986127860 10.538604057212419 78
1739986127936 5.686500915399227 79
1739986128012 5.76876866797017 80
1739986128088 6.056292229373695 81
1739986128164 6.793660971999227 82
1739986128239 6.78273182984458 83
1739986128317 6.383975299680672 84
1739986128393 8.906722939973768 85
1739986128470 10.36094499279762 86
1739986128549 5.586286309604214 87
1739986128625 6.451541569028724 88
1739986128703 5.652738577613683 89
1739986128785 13.995970965599213 90
1739986128861 7.068981997278668 91
1739986128938 5.646234110424183 92
1739986129016 4.977763569926919 93
1739986129092 5.143307574464578 94
1739986129168 5.689129573271047 95
1739986129245 5.217107320270503 96
1739986129322 7.105696050723235 97
1739986129397 6.811668789924869 98
1739986129475 6.7115810820754485 99
1739986129551 4.583024100452843 100
1739986129627 5.88655480232761 101
1739986129704 9.133693280432139 102
1739986129783 8.868869983748755 103
1739986129862 6.077464431814748 104
1739986129939 6.6156875767241194 105
1739986130015 7.245896601180395 106
1739986130091 4.698805607727814 107
1739986130166 5.412144119816232 108
1739986130243 5.101851648748855 109
1739986130318 6.838290165347024 110
1739986130394 12.449434206007554 111
1739986130472 6.771909942339345 112
1739986130547 8.569873505676444 113
1739986130623 6.283206456644925 114
1739986130698 6.579591262908877 115
1739986130776 5.189526179533329 116
1739986130852 8.525320665886591 117
1739986130929 8.155733722488701 118
1739986131005 8.370791006830968 119
1739986131084 5.926675525709361 120
1739986131181 6.639066257443134 121
1739986131330 11.310154549080979 122
1739986131414 5.751897024063013 123
1739986131492 5.521090395610136 124
1739986131571 4.91548624141072 125
1739986131651 5.936117081640161 126
1739986131729 6.76620376196075 127
1739986131812 5.054602890662257 128
1739986131889 7.880153338590063 129
1739986131966 7.12684994444983 130
1739986132042 5.845233164126401 131
1739986132119 5.294392863505408 132
1739986132212 6.7313307873014105 133
1739986132290 6.0057684356326435 134
1739986132367 6.685278739421684 135
1739986132442 5.63047702557021 136
1739986132520 6.101227248181327 137
1739986132595 7.71133217810019 138
1739986132671 6.99004027019766 139
1739986132747 6.9636654961714335 140
1739986132827 5.780347439835613 141
1739986132903 3.5178041169653165 142
1739986132977 6.42958903814424 143
1739986133052 5.322760512802968 144
1739986133128 4.389329640734575 145
1739986133204 7.703604733263523 146
1739986133280 7.204235970397523 147
1739986133355 12.386938165332632 148
1739986133431 6.678279217538872 149
1739986133507 6.685365144099428 150
1739986133583 6.077452313059755 151
1739986133658 11.084035080211429 152
1739986133734 6.000749342689865 153
1739986133881 6.669205593225799 154
1739986133992 7.0877712762810985 155
1739986134125 4.8032066829263025 156
1739986134229 7.600266846478257 157
1739986134341 7.505343954924633 158
1739986134503 6.248144662718567 159
1739986134596 5.245773325391894 160
1739986134707 5.4427996482799115 161
1739986134848 4.577192668488387 162
1739986134997 6.173598452651043 163
1739986135117 6.647843550299124 164
1739986135234 6.168721956224948 165
1739986135328 6.250390014489631 166
1739986135406 5.1996066297799395 167
1739986135485 6.569298951632678 168
1739986135568 13.936813081792966 169
1739986135660 6.980977039630348 170
1739986135775 4.638691017341614 171
1739986135908 7.789479978801409 172
1739986136010 6.49769658212693 173
1739986136089 8.027948578745969 174
1739986136171 7.289720417420686 175
1739986136250 7.002589209872324 176
1739986136328 6.968316206241563 177
1739986136406 5.8859808684945145 178
1739986136484 5.483520706587628 179
1739986136565 6.432316706540436 180
1739986136645 6.100612860620373 181
1739986136732 5.378586335878055 182
1739986136823 5.7696582480870156 183
1739986136957 6.5332631610617335 184
1739986137059 6.29542697426874 185
1739986137140 7.170026060904713 186
1739986137219 6.193340895818107 187
1739986137300 8.102165586888209 188
1739986137378 7.710319517071891 189
1739986137457 4.181875565453262 190
1739986137536 6.022285443426484 191
1739986137614 7.956512358657234 192
1739986137692 6.264027477109166 193
1739986137775 7.820267889844456 194
1739986137854 6.004266866203858 195
1739986137933 6.4443236195959965 196
1739986138016 6.512902405258976 197
1739986138095 6.978193764372623 198
1739986138174 5.280168412844573 199
1739986138254 7.038337865063135 200
1739986138335 4.292953122043187 201
1739986138413 6.475045339157902 202
1739986138497 5.79593038018188 203
1739986138579 6.43214217249894 204
1739986138662 7.37562928842076 205
1739986138746 8.34498233351656 206
1739986138828 6.122501803537684 207
1739986138907 7.929414691900167 208
1739986138986 8.059189261498267 209
1739986139067 6.288928635790626 210
1739986139148 8.994836924626805 211
1739986139225 6.309452612214215 212
1739986139302 6.9869235923547475 213
1739986139380 6.7054674375374494 214
1739986139459 7.205177529694217 215
1739986139537 9.693660396317819 216
1739986139615 5.48397610439185 217
1739986139693 4.315636899371956 218
1739986139774 5.033649326533258 219
1739986139852 4.355691921812272 220
1739986139930 6.332869680377364 221
1739986140009 6.788761307981138 222
1739986140087 5.786623095228948 223
1739986140166 8.565380764568904 224
1739986140244 6.106550787141603 225
1739986140323 6.178413664300115 226
1739986140402 6.400088202499002 227
1739986140480 6.909926448606146 228
1739986140559 6.58100232941227 229
1739986140640 2.6814900303558624 230
1739986140719 6.853013192142657 231
1739986140802 3.2653884911085824 232
1739986140881 8.101304702442121 233
1739986140959 11.914687491090438 234
1739986141037 5.323418691764479 235
1739986141116 7.419788041384098 236
1739986141193 4.819960610134133 237
1739986141272 7.033759897561115 238
1739986141350 8.139925375852014 239
1739986141427 6.924847100631026 240
1739986141505 6.6086416239876655 241
1739986141584 8.519295137243217 242
1739986141663 6.7368136041924584 243
1739986141745 6.507663867457377 244
1739986141824 5.509389142415105 245
1739986141900 6.344668372312337 246
1739986141976 4.724318793453174 247
1739986142052 4.430162269750242 248
1739986142126 5.209754917900646 249
1739986142200 6.872450079080965 250
1739986142274 5.544111717904617 251
1739986142347 8.223408014889904 252
1739986142420 5.526735907799449 253
1739986142496 5.837799726070895 254
1739986142571 6.437049328377832 255
1739986142648 6.603241149644538 256
1739986142723 5.2915773046764585 257
1739986142800 7.109092966026829 258
1739986142876 7.113704477110171 259
1739986142950 3.5264517535581748 260
1739986143025 6.193371377206719 261
1739986143098 5.984592923573894 262
1739986143172 5.386374346034839 263
1739986143246 6.74121188599423 264
1739986143321 7.478738160770882 265
1739986143395 5.878954203598156 266
1739986143470 7.985654737971496 267
1739986143545 6.527361654183077 268
1739986143620 6.754079921862839 269
1739986143695 2.78135537542695 270
1739986143775 6.653380363050704 271
1739986143853 7.619771063389311 272
1739986143930 6.101634004295489 273
1739986144007 4.66870169869096 274
1739986144082 5.8835695706952995 275
1739986144155 8.317070818693567 276
1739986144230 4.964443227522315 277
1739986144305 5.815830665694282 278
1739986144380 7.492201157339255 279
1739986144453 6.071478167990669 280
1739986144528 6.898512715362763 281
1739986144604 7.3767576203992204 282
1739986144680 7.2344746879750845 283
1739986144756 6.574256968567002 284
1739986144833 7.469651360719509 285
1739986144913 5.404186911909164 286
1739986144991 10.09862624202558 287
1739986145065 6.887872073777208 288
1739986145142 6.616485163680244 289
1739986145219 6.397777310474196 290
1739986145297 7.058967561843635 291
1739986145374 6.566367990410169 292
1739986145454 5.414260903319199 293
1739986145535 8.91579008695072 294
1739986145613 7.331295485665437 295
1739986145693 7.234635582769427 296
1739986145773 6.509245501847677 297
1739986145852 8.11990276659486 298
1739986145934 5.799116473058697 299
1739986146015 5.028782204756512 300
1739986146091 6.109209683235707 301
1739986146167 6.368955386727947 302
1739986146247 5.3324595600114435 303
1739986146371 4.502280019334368 304
1739986146453 6.343796805812951 305
1739986146530 5.1987457065876015 306
1739986146610 6.943969003901317 307
1739986146691 7.5785125071933095 308
1739986146771 5.864535573257745 309
1739986146848 7.089273131309647 310
1739986146925 4.695507603391384 311
1739986147002 9.16251157625348 312
1739986147076 6.442976280085245 313
1739986147155 6.040466617776244 314
1739986147233 6.381941887502318 315
1739986147308 10.443162448403267 316
1739986147390 5.3316476723421635 317
1739986147553 5.900243868741899 318
1739986147648 0.2771467411829282 319
1739986147733 4.906369091928415 320
1739986147812 3.844045726344813 321
1739986147888 6.6315380714787535 322
1739986147964 5.740509147382235 323
1739986148043 6.538172695405258 324
1739986148118 7.047195889183304 325
1739986148195 6.762552743415227 326
1739986148278 6.393765367496114 327
1739986148363 6.594021535481367 328
1739986148478 8.008621669283787 329
1739986148561 5.928743387197903 330
1739986148638 3.9180397852231503 331
1739986148716 5.5636755884558715 332
1739986148796 5.930357582988206 333
1739986148875 6.301696606535985 334
1739986148951 6.105573579328227 335
1739986149027 5.9318689616389895 336
1739986149103 6.071912884627147 337
1739986149178 6.971636179327978 338
1739986149252 7.778543506131546 339
1739986149327 7.837052697508555 340
1739986149402 5.211381434457833 341
1739986149478 7.530621021966512 342
1739986149601 8.114867804712487 343
1739986149680 6.940414583755264 344
1739986149757 8.019089988654827 345
1739986149834 7.193682706782788 346
1739986149917 5.983402948956916 347
1739986150003 5.372668538376177 348
1739986150107 6.905651448418471 349
1739986150223 8.79945651656932 350
1739986150347 5.4268801934524955 351
1739986150436 7.4256702134180275 352
1739986150514 4.826502582057299 353
1739986150607 7.043573027085009 354
1739986150710 6.460345796800369 355
1739986150796 7.164075627193075 356
1739986150885 5.681042573136792 357
1739986150967 3.4767589557817393 358
1739986151044 7.868264247331404 359
1739986151125 7.047855068672527 360
1739986151205 11.787725986814035 361
1739986151281 6.676313576914258 362
1739986151357 5.550261350041207 363
1739986151437 6.482146147238298 364
1739986151516 5.9599525185974285 365
1739986151595 7.343753471043123 366
1739986151673 6.11633608326939 367
1739986151749 6.68471578331474 368
1739986151829 6.338140221101045 369
1739986151908 7.02572321865963 370
1739986151985 5.377935408844545 371
1739986152059 6.671392178477385 372
1739986152135 7.064209977461973 373
1739986152209 6.054465730719305 374
1739986152283 5.446506148732678 375
1739986152357 6.943776625375828 376
1739986152431 4.393004195667095 377
1739986152505 7.156724273927961 378
1739986152579 6.168401473468307 379
1739986152654 1.30606103899613 380
1739986152796 5.927485422997653 381
1739986152872 6.858823497070187 382
1739986152947 7.160081930427295 383
1739986153022 6.081418577937599 384
1739986153096 6.464336303388958 385
1739986153180 6.815973855938391 386
1739986153275 5.164911539822039 387
1739986153357 6.109813651872529 388
1739986153438 6.718183175541014 389
1739986153518 6.146433766910586 390
1739986153597 6.1577301155181345 391
1739986153678 5.002013061812981 392
1739986153765 7.364042395955325 393
1739986153850 4.620746620890526 394
1739986153927 7.558427567381127 395
1739986154012 5.63618505404965 396
1739986154100 6.501432042694166 397
1739986154280 6.8395498339550045 398
1739986154373 6.834526479418387 399
1739986154450 7.05179654537565 400
1739986154527 7.451862730714474 401
1739986154604 5.9550205986673355 402
1739986154679 8.971315974759646 403
1739986154756 5.301719752312326 404
1739986154835 8.6840218854143 405
1739986154911 5.68447814580565 406
1739986154995 6.991394122445407 407
1739986155077 7.226378225714419 408
1739986155156 5.161013178682064 409
1739986155236 7.05612350143301 410
1739986155314 5.905585251970961 411
1739986155391 5.625053484139042 412
1739986155465 6.8169743796731685 413
1739986155539 8.14894451924028 414
1739986155614 5.670482339911547 415
1739986155694 6.167795436528245 416
1739986155774 5.908041985184697 417
1739986155852 6.548165178307649 418
1739986155928 6.312431644818349 419
1739986156003 5.3498200961185844 420
1739986156077 6.077592170754133 421
1739986156154 7.121139603105719 422
1739986156234 5.641301578047987 423
1739986156314 9.43115268006297 424
1739986156389 4.622350822637975 425
1739986156463 6.469977558944116 426
1739986156537 6.457149341717709 427
1739986156614 5.131550729143774 428
1739986156695 6.526916322666072 429
1739986156784 7.70587447377136 430
1739986156879 5.006338988404864 431
1739986156994 7.107084531874646 432
1739986157092 5.182327315439916 433
1739986157168 7.18587114396789 434
1739986157244 4.937414245375662 435
1739986157319 5.52219260142315 436
1739986157395 6.455032285870967 437
1739986157469 7.1384227165521725 438
1739986157543 4.940511299926086 439
1739986157621 6.540752013820619 440
1739986157702 3.671780501671017 441
1739986157781 4.288212170772026 442
1739986157858 7.298372607738383 443
1739986157937 6.719014060105003 444
1739986158016 6.946104524202735 445
1739986158094 6.223124671902715 446
1739986158173 6.576244693954271 447
1739986158252 6.218674875156788 448
1739986158328 7.278821804664954 449
1739986158404 8.658638454967916 450
1739986158480 6.413522234799162 451
1739986158555 5.819327522235636 452
1739986158630 5.753846759478123 453
1739986158710 9.07374079396686 454
1739986158793 7.18064543643477 455
1739986158870 6.730266387193842 456
1739986158947 7.327640544934616 457
1739986159022 6.510699964639665 458
1739986159096 7.210610591792286 459
1739986159170 4.681654090272946 460
1739986159248 7.0718343111967625 461
1739986159322 6.798666987991164 462
1739986159396 6.215054923059707 463
1739986159471 5.444207408941584 464
1739986159547 5.292675089660332 465
1739986159621 4.8325595327990865 466
1739986159696 7.3673588069366485 467
1739986159773 7.170047134237404 468
1739986159849 5.428200841950507 469
1739986159922 8.090298327730487 470
1739986159996 8.320878637317074 471
1739986160070 6.417850091232818 472
1739986160147 4.205796001449093 473
1739986160223 6.987925865032165 474
1739986160301 7.009252997938771 475
1739986160381 5.279416279593711 476
1739986160468 8.057537697254622 477
1739986160551 6.423024694662617 478
1739986160633 3.865348519940366 479
1739986160716 7.124958358249502 480
1739986160799 4.862655094510224 481
1739986160880 7.433314298849099 482
1739986160959 6.087444170755527 483
1739986161036 4.362813648071539 484
1739986161114 6.929587199673675 485
1739986161193 5.202663450939675 486
1739986161270 6.5418232676017425 487
1739986161346 5.809203532835924 488
1739986161423 6.190054766095253 489
1739986161498 6.836304511288243 490
1739986161573 6.968515176269055 491
1739986161651 6.69633398736716 492
1739986161729 6.179581673956886 493
1739986161809 6.385700194241021 494
1739986161885 5.43777262608935 495
1739986161962 4.792485466075163 496
1739986162040 4.70640476181844 497
1739986162115 7.667766562448026 498
1739986162198 6.915979001578359 499
