1740007666549 168.996543037322 0
1740007666571 168.9792077960895 1
1740007666596 168.96231080651705 2
1740007666618 168.9454154859817 3
1740007666643 168.92852185630326 4
1740007666664 168.9116299173113 5
1740007666687 168.89473966883662 6
1740007666709 168.87785111071003 7
1740007666731 168.86096424276226 8
1740007666753 168.84407906482414 9
1740007666774 168.82719557672655 10
1740007666796 168.81031377830027 11
1740007666816 168.79343366937624 12
1740007666841 168.7765552497853 13
1740007666861 168.75967851935832 14
1740007666885 168.7428034779263 15
1740007666906 168.7259301253201 16
1740007666974 168.7090584613707 17
1740007666998 168.69218848590907 18
1740007667021 168.67532019876617 19
1740007667044 168.65845359977303 20
1740007667065 168.64158868876066 21
1740007667087 168.62472546556012 22
1740007667109 168.60786393000242 23
1740007667130 168.59100408191864 24
1740007667152 168.57414592113986 25
1740007667173 168.5572894474972 26
1740007667195 168.54043466082177 27
1740007667216 168.52358156094473 28
1740007667238 168.50673014769723 29
1740007667261 168.4898804209104 30
1740007667283 168.47303238041545 31
1740007667305 168.45618602604358 32
1740007667326 168.43934135762603 33
1740007667347 168.422498374994 34
1740007667368 168.40565707797882 35
1740007667389 168.3888174664117 36
1740007667410 168.37197954012393 37
1740007667432 168.3551432989468 38
1740007667454 168.33830874271172 39
1740007667475 168.32147587124993 40
1740007667496 168.30464468439283 41
1740007667518 168.28781518197178 42
1740007667540 168.2709873638182 43
1740007667562 168.25416122976347 44
1740007667583 168.23733677963904 45
1740007667604 168.2205140132763 46
1740007667626 168.20369293050675 47
1740007667648 168.18687353116187 48
1740007667669 168.1700558150731 49
1740007667690 168.15323978207203 50
1740007667711 168.13642543199012 51
1740007667733 168.1196127646589 52
1740007667755 168.10280177991 53
1740007667777 168.08599247757496 54
1740007667801 168.06918485748534 55
1740007667821 168.0523789194728 56
1740007667843 168.03557466336892 57
1740007667864 168.01877208900535 58
1740007667886 168.00197119621384 59
1740007667907 167.98517198482597 60
1740007667932 167.9683744546734 61
1740007667958 167.9515786055879 62
1740007668007 167.93478443740128 63
1740007668035 167.91799194994513 64
1740007668059 167.9012011430513 65
1740007668083 167.88441201655158 66
1740007668107 167.8676245702777 67
1740007668129 167.85083880406154 68
1740007668152 167.83405471773483 69
1740007668176 167.81727231112956 70
1740007668199 167.80049158407746 71
1740007668223 167.7837125364105 72
1740007668246 167.7669351679605 73
1740007668269 167.75015947855942 74
1740007668294 167.73338546803922 75
1740007668318 167.71661313623176 76
1740007668340 167.69984248296905 77
1740007668363 167.68307350808306 78
1740007668385 167.6663062114058 79
1740007668407 167.64954059276934 80
1740007668428 167.6327766520056 81
1740007668450 167.6160143889467 82
1740007668471 167.59925380342463 83
1740007668494 167.58249489527154 84
1740007668515 167.56573766431956 85
1740007668536 167.54898211040074 86
1740007668558 167.53222823334718 87
1740007668579 167.5154760329911 88
1740007668600 167.49872550916464 89
1740007668622 167.4819766617 90
1740007668643 167.46522949042935 91
1740007668664 167.44848399518492 92
1740007668685 167.43174017579892 93
1740007668706 167.41499803210363 94
1740007668728 167.39825756393128 95
1740007668750 167.3815187711142 96
1740007668771 167.36478165348467 97
1740007668792 167.348046210875 98
1740007668813 167.3313124431175 99
1740007668833 167.31458035004457 100
1740007668854 167.2978499314885 101
1740007668875 167.28112118728177 102
1740007668896 167.26439411725673 103
1740007668918 167.24766872124582 104
1740007668941 167.2309449990814 105
1740007668962 167.214222950596 106
1740007668983 167.19750257562205 107
1740007669004 167.18078387399208 108
1740007669026 167.1640668455385 109
1740007669049 167.14735149009394 110
1740007669075 167.13063780749084 111
1740007669096 167.1139257975618 112
1740007669117 167.09721546013938 113
1740007669138 167.08050679505618 114
1740007669160 167.06379980214479 115
1740007669182 167.04709448123774 116
1740007669203 167.03039083216783 117
1740007669224 167.0136888547676 118
1740007669245 166.99698854886972 119
1740007669266 166.98028991430695 120
1740007669288 166.9635929509119 121
1740007669309 166.94689765851737 122
1740007669332 166.93020403695604 123
1740007669356 166.91351208606068 124
1740007669377 166.89682180566408 125
1740007669398 166.88013319559894 126
1740007669420 166.86344625569816 127
1740007669442 166.84676098579453 128
1740007669464 166.8300773857209 129
1740007669485 166.8133954553101 130
1740007669507 166.79671519439495 131
1740007669529 166.78003660280842 132
1740007669551 166.76335968038342 133
1740007669572 166.74668442695275 134
1740007669594 166.73001084234951 135
1740007669615 166.71333892640655 136
1740007669636 166.69666867895683 137
1740007669657 166.6800000998334 138
1740007669678 166.6633331888692 139
1740007669699 166.64666794589732 140
1740007669720 166.6300043707507 141
1740007669742 166.61334246326248 142
1740007669764 166.59668222326567 143
1740007669786 166.58002365059346 144
1740007669807 166.56336674507884 145
1740007669828 166.54671150655494 146
1740007669851 166.53005793485494 147
1740007669875 166.51340602981202 148
1740007669901 166.49675579125926 149
1740007669926 166.4801072190299 150
1740007669949 166.46346031295718 151
1740007669971 166.44681507287424 152
1740007669992 166.4301714986144 153
1740007670013 166.41352959001085 154
1740007670034 166.3968893468969 155
1740007670055 166.38025076910577 156
1740007670076 166.36361385647086 157
1740007670097 166.34697860882545 158
1740007670119 166.33034502600285 159
1740007670140 166.31371310783643 160
1740007670161 166.29708285415958 161
1740007670183 166.28045426480568 162
1740007670203 166.26382733960813 163
1740007670225 166.24720207840033 164
1740007670245 166.23057848101573 165
1740007670267 166.2139565472878 166
1740007670288 166.19733627705003 167
1740007670309 166.18071767013583 168
1740007670330 166.1641007263788 169
1740007670350 166.14748544561235 170
1740007670373 166.1308718276701 171
1740007670395 166.1142598723856 172
1740007670417 166.0976495795924 173
1740007670437 166.08104094912412 174
1740007670460 166.0644339808143 175
1740007670481 166.0478286744966 176
1740007670501 166.03122503000466 177
1740007670522 166.0146230471721 178
1740007670543 165.99802272583267 179
1740007670564 165.98142406582 180
1740007670585 165.96482706696776 181
1740007670606 165.94823172910972 182
1740007670627 165.93163805207962 183
1740007670648 165.9150460357112 184
1740007670669 165.89845567983824 185
1740007670690 165.8818669842945 186
1740007670711 165.8652799489138 187
1740007670733 165.84869457353 188
1740007670754 165.8321108579769 189
1740007670775 165.8155288020883 190
1740007670796 165.79894840569818 191
1740007670818 165.78236966864034 192
1740007670838 165.76579259074873 193
1740007670860 165.74921717185723 194
1740007670881 165.73264341179984 195
1740007670901 165.71607131041046 196
1740007670923 165.69950086752308 197
1740007670947 165.6829320829717 198
1740007670968 165.66636495659026 199
1740007670989 165.6497994882129 200
1740007671010 165.6332356776735 201
1740007671032 165.61667352480626 202
1740007671053 165.6001130294451 203
1740007671075 165.58355419142427 204
1740007671100 165.56699701057778 205
1740007671123 165.55044148673977 206
1740007671144 165.53388761974438 207
1740007671165 165.51733540942573 208
1740007671187 165.50078485561804 209
1740007671208 165.48423595815544 210
1740007671229 165.46768871687217 211
1740007671250 165.45114313160246 212
1740007671271 165.43459920218055 213
1740007671292 165.41805692844062 214
1740007671313 165.401516310217 215
1740007671334 165.38497734734398 216
1740007671355 165.36844003965587 217
1740007671377 165.35190438698692 218
1740007671398 165.33537038917154 219
1740007671422 165.31883804604405 220
1740007671445 165.30230735743885 221
1740007671466 165.28577832319027 222
1740007671487 165.26925094313273 223
1740007671508 165.25272521710068 224
1740007671530 165.23620114492851 225
1740007671552 165.21967872645075 226
1740007671574 165.20315796150177 227
1740007671595 165.1866388499161 228
1740007671616 165.17012139152826 229
1740007671638 165.15360558617272 230
1740007671659 165.13709143368405 231
1740007671681 165.12057893389678 232
1740007671702 165.10406808664555 233
1740007671725 165.08755889176481 234
1740007671746 165.07105134908932 235
1740007671768 165.05454545845353 236
1740007671789 165.03804121969222 237
1740007671810 165.0215386326399 238
1740007671832 165.00503769713137 239
1740007671853 164.98853841300127 240
1740007671874 164.97204078008426 241
1740007671895 164.95554479821507 242
1740007671916 164.93905046722847 243
1740007671940 164.9225577869592 244
1740007671965 164.90606675724197 245
1740007671985 164.88957737791162 246
1740007672006 164.873089648803 247
1740007672027 164.85660356975077 248
1740007672049 164.84011914058988 249
1740007672070 164.8236363611552 250
1740007672092 164.80715523128148 251
1740007672114 164.7906757508037 252
1740007672136 164.77419791955674 253
1740007672157 164.7577217373755 254
1740007672179 164.7412472040949 255
1740007672201 164.7247743195499 256
1740007672222 164.7083030835755 257
1740007672243 164.69183349600658 258
1740007672265 164.6753655566783 259
1740007672286 164.6588992654255 260
1740007672308 164.64243462208333 261
1740007672329 164.62597162648677 262
1740007672350 164.60951027847094 263
1740007672371 164.59305057787088 264
1740007672392 164.57659252452171 265
1740007672414 164.56013611825855 266
1740007672435 164.54368135891647 267
1740007672457 164.52722824633068 268
1740007672480 164.5107767803363 269
1740007672501 164.49432696076855 270
1740007672523 164.47787878746263 271
1740007672545 164.4614322602537 272
1740007672566 164.44498737897703 273
1740007672587 164.42854414346786 274
1740007672609 164.41210255356143 275
1740007672630 164.395662609093 276
1740007672651 164.37922430989795 277
1740007672671 164.36278765581153 278
1740007672694 164.3463526466691 279
1740007672715 164.3299192823059 280
1740007672735 164.3134875625574 281
1740007672756 164.297057487259 282
1740007672778 164.28062905624603 283
1740007672798 164.2642022693539 284
1740007672819 164.24777712641804 285
1740007672841 164.2313536272739 286
1740007672862 164.21493177175694 287
1740007672883 164.19851155970267 288
1740007672904 164.18209299094653 289
1740007672928 164.16567606532408 290
1740007672949 164.14926078267075 291
1740007672973 164.1328471428222 292
1740007672995 164.11643514561393 293
1740007673017 164.1000247908815 294
1740007673039 164.08361607846055 295
1740007673060 164.0672090081866 296
1740007673082 164.05080357989544 297
1740007673103 164.03439979342252 298
1740007673127 164.01799764860363 299
1740007673152 164.00159714527433 300
1740007673173 163.98519828327045 301
1740007673195 163.96880106242762 302
1740007673216 163.95240548258153 303
1740007673238 163.93601154356793 304
1740007673259 163.91961924522266 305
1740007673280 163.90322858738142 306
1740007673302 163.88683956987998 307
1740007673324 163.8704521925542 308
1740007673345 163.85406645523992 309
1740007673368 163.83768235777288 310
1740007673389 163.821299899989 311
1740007673411 163.8049190817242 312
1740007673432 163.78853990281422 313
1740007673454 163.77216236309513 314
1740007673476 163.75578646240277 315
1740007673500 163.739412200573 316
1740007673523 163.72303957744194 317
1740007673544 163.70666859284543 318
1740007673566 163.69029924661953 319
1740007673588 163.67393153860021 320
1740007673610 163.6575654686235 321
1740007673631 163.64120103652542 322
1740007673654 163.62483824214195 323
1740007673675 163.60847708530932 324
1740007673697 163.59211756586353 325
1740007673719 163.57575968364065 326
1740007673741 163.55940343847686 327
1740007673762 163.54304883020825 328
1740007673784 163.526695858671 329
1740007673805 163.5103445237012 330
1740007673827 163.49399482513513 331
1740007673848 163.47764676280894 332
1740007673869 163.46130033655893 333
1740007673891 163.44495554622117 334
1740007673913 163.42861239163204 335
1740007673937 163.41227087262774 336
1740007673959 163.3959309890446 337
1740007673981 163.3795927407189 338
1740007674003 163.36325612748692 339
1740007674025 163.346921149185 340
1740007674047 163.33058780564954 341
1740007674068 163.31425609671686 342
1740007674091 163.29792602222332 343
1740007674113 163.2815975820054 344
1740007674135 163.2652707758994 345
1740007674156 163.24894560374184 346
1740007674177 163.23262206536907 347
1740007674200 163.21630016061766 348
1740007674222 163.19997988932403 349
1740007674244 163.18366125132468 350
1740007674265 163.16734424645617 351
1740007674287 163.15102887455492 352
1740007674308 163.13471513545753 353
1740007674330 163.1184030290006 354
1740007674352 163.10209255502068 355
1740007674373 163.0857837133543 356
1740007674395 163.0694765038382 357
1740007674417 163.05317092630884 358
1740007674438 163.03686698060295 359
1740007674460 163.02056466655725 360
1740007674481 163.00426398400833 361
1740007674502 162.98796493279292 362
1740007674523 162.97166751274767 363
1740007674546 162.95537172370933 364
1740007674569 162.93907756551468 365
1740007674591 162.92278503800043 366
1740007674612 162.9064941410034 367
1740007674634 162.8902048743603 368
1740007674655 162.87391723790802 369
1740007674676 162.85763123148334 370
1740007674698 162.84134685492307 371
1740007674720 162.82506410806414 372
1740007674741 162.80878299074337 373
1740007674762 162.79250350279764 374
1740007674783 162.77622564406386 375
1740007674804 162.75994941437895 376
1740007674825 162.7436748135799 377
1740007674847 162.7274018415036 378
1740007674868 162.71113049798697 379
1740007674889 162.69486078286712 380
1740007674911 162.67859269598097 381
1740007674934 162.66232623716556 382
1740007674955 162.6460614062579 383
1740007674976 162.6297982030951 384
1740007674997 162.61353662751412 385
1740007675017 162.59727667935215 386
1740007675037 162.58101835844622 387
1740007675058 162.56476166463352 388
1740007675078 162.54850659775107 389
1740007675101 162.53225315763615 390
1740007675123 162.5160013441258 391
1740007675143 162.4997511570573 392
1740007675165 162.48350259626775 393
1740007675191 162.46725566159446 394
1740007675212 162.45101035287462 395
1740007675235 162.43476666994545 396
1740007675256 162.41852461264426 397
1740007675277 162.40228418080824 398
1740007675298 162.3860453742748 399
1740007675319 162.36980819288118 400
1740007675339 162.3535726364647 401
1740007675360 162.33733870486276 402
1740007675381 162.32110639791267 403
1740007675404 162.30487571545183 404
1740007675425 162.28864665731763 405
1740007675445 162.27241922334744 406
1740007675465 162.25619341337875 407
1740007675486 162.23996922724896 408
1740007675506 162.22374666479553 409
1740007675526 162.20752572585596 410
1740007675547 162.1913064102677 411
1740007675567 162.1750887178683 412
1740007675589 162.15887264849525 413
1740007675612 162.14265820198608 414
1740007675632 162.12644537817837 415
1740007675652 162.1102341769097 416
1740007675673 162.09402459801763 417
1740007675694 162.07781664133978 418
1740007675714 162.06161030671373 419
1740007675734 162.0454055939772 420
1740007675755 162.0292025029678 421
1740007675776 162.01300103352312 422
1740007675795 161.99680118548096 423
1740007675816 161.980602958679 424
1740007675837 161.9644063529549 425
1740007675858 161.94821136814647 426
1740007675879 161.9320180040914 427
1740007675899 161.9158262606275 428
1740007675921 161.8996361375925 429
1740007675943 161.88344763482422 430
1740007675964 161.8672607521605 431
1740007675984 161.85107548943915 432
1740007676004 161.83489184649804 433
1740007676025 161.81870982317497 434
1740007676045 161.80252941930792 435
1740007676065 161.7863506347347 436
1740007676087 161.77017346929327 437
1740007676108 161.75399792282155 438
1740007676132 161.73782399515744 439
1740007676153 161.72165168613896 440
1740007676175 161.70548099560406 441
1740007676197 161.68931192339073 442
1740007676217 161.67314446933702 443
1740007676237 161.65697863328091 444
1740007676257 161.64081441506048 445
1740007676277 161.62465181451373 446
1740007676297 161.6084908314788 447
1740007676317 161.5923314657937 448
1740007676337 161.57617371729665 449
1740007676359 161.5600175858257 450
1740007676380 161.543863071219 451
1740007676400 161.5277101733147 452
1740007676422 161.51155889195095 453
1740007676443 161.495409226966 454
1740007676463 161.47926117819804 455
1740007676484 161.46311474548523 456
1740007676504 161.44696992866585 457
1740007676525 161.43082672757816 458
1740007676546 161.41468514206045 459
1740007676567 161.39854517195096 460
1740007676588 161.382406817088 461
1740007676609 161.36627007730988 462
1740007676632 161.35013495245497 463
1740007676655 161.33400144236157 464
1740007676676 161.31786954686814 465
1740007676697 161.30173926581293 466
1740007676718 161.28561059903447 467
1740007676739 161.26948354637105 468
1740007676760 161.25335810766117 469
1740007676785 161.23723428274332 470
1740007676814 161.22111207145585 471
1740007676840 161.20499147363734 472
1740007676862 161.18887248912623 473
1740007676884 161.17275511776106 474
1740007676904 161.15663935938034 475
1740007676926 161.14052521382263 476
1740007676950 161.12441268092647 477
1740007677036 161.10830176053045 478
1740007677060 161.09219245247317 479
1740007677082 161.07608475659322 480
1740007677102 161.05997867272924 481
1740007677124 161.04387420071984 482
1740007677144 161.02777134040377 483
1740007677165 161.01167009161958 484
1740007677187 160.99557045420602 485
1740007677213 160.9794724280018 486
1740007677235 160.96337601284563 487
1740007677256 160.94728120857627 488
1740007677277 160.93118801503243 489
1740007677297 160.91509643205293 490
1740007677317 160.8990064594765 491
1740007677338 160.882918097142 492
1740007677359 160.86683134488823 493
1740007677380 160.850746202554 494
1740007677401 160.83466266997817 495
1740007677421 160.81858074699963 496
1740007677442 160.80250043345728 497
1740007677462 160.78642172918995 498
1740007677483 160.7703446340366 499
