1739991211589 6.785133916244908 0
1739991211695 6.020903691899226 1
1739991211801 6.54468160709045 2
1739991211910 6.342438661021923 3
1739991212017 6.351281550465686 4
1739991212122 6.36469855124194 5
1739991212229 6.4746572412786865 6
1739991212332 6.042080116348539 7
1739991212436 6.393841263226555 8
1739991212547 6.447085934924064 9
1739991212653 6.776036099831117 10
1739991212828 6.307636432131476 11
1739991212931 6.495687693942483 12
1739991213035 6.5715609909318236 13
1739991213143 7.146046463324619 14
1739991213247 6.746571127820084 15
1739991213350 6.467954736580103 16
1739991213456 6.428373040556327 17
1739991213558 6.677994143514171 18
1739991213663 6.537795800486759 19
1739991213765 6.455459431043549 20
1739991213866 7.0907700567153045 21
1739991213990 6.723663338518551 22
1739991214096 6.344357415381397 23
1739991214198 6.5657276905790445 24
1739991214342 6.730749118725054 25
1739991214448 6.95815117035645 26
1739991214550 6.835120127019147 27
1739991214658 6.7762944914826635 28
1739991214765 6.336214502302349 29
1739991214868 6.2532489683469485 30
1739991214968 7.021149774264203 31
1739991215072 6.217176712341211 32
1739991215174 7.445134567840298 33
1739991215275 7.120186923480074 34
1739991215381 6.397825734216081 35
1739991215481 6.381715132800058 36
1739991215583 7.275142684444155 37
1739991215684 6.330406211868713 38
1739991215789 7.042181282221339 39
1739991215890 6.0196934662196435 40
1739991215994 6.64379389692505 41
1739991216096 6.490983338504114 42
1739991216197 6.234296394566847 43
1739991216298 8.502514062927089 44
1739991216403 6.941240429281905 45
1739991216505 6.235857002705697 46
1739991216607 7.535665617920462 47
1739991216711 5.8505414329190675 48
1739991216823 6.627989681984344 49
1739991216923 6.893781517017368 50
1739991217030 6.366844426382915 51
1739991217131 6.427903025665223 52
1739991217232 6.999099669009451 53
1739991217332 6.503982036982967 54
1739991217433 6.343162034064313 55
1739991217539 5.910727096904617 56
1739991217643 7.867979800628866 57
1739991217748 6.661303431273918 58
1739991217851 6.644521481243797 59
1739991217955 7.251310162381789 60
1739991218061 6.638776541037912 61
1739991218163 6.606228986783041 62
1739991218264 6.229208748374962 63
1739991218369 6.205287786170321 64
1739991218469 5.186022011837946 65
1739991218570 6.674164923925322 66
1739991218674 6.744028601340203 67
1739991218780 6.046779235853157 68
1739991218881 5.937562637462763 69
1739991218983 6.409186785268099 70
1739991219086 7.014351102345797 71
1739991219191 6.096027914620747 72
1739991219293 6.346977163677475 73
1739991219395 6.4707009388831285 74
1739991219499 6.9600122838974805 75
1739991219604 7.386178580509488 76
1739991219707 6.961043792545146 77
1739991219810 6.273581569939446 78
1739991219911 6.982154242304485 79
1739991220013 7.969551763348683 80
1739991220116 6.769699701021172 81
1739991220268 5.825976664796915 82
1739991220372 6.896186015206237 83
1739991220475 6.83435166027632 84
1739991220576 6.456732208181101 85
1739991220678 5.901462125408585 86
1739991220782 6.068842481092286 87
1739991220888 6.562107645709278 88
1739991220989 6.471279437060473 89
1739991221089 6.903312089592948 90
1739991221191 6.946003307807313 91
1739991221292 6.143578232112764 92
1739991221398 6.118028436022035 93
1739991221500 6.300736671002282 94
1739991221601 6.648559381176779 95
1739991221705 6.442849101319776 96
1739991221816 6.976016254140934 97
1739991221918 6.789683929736496 98
1739991222022 6.675227394704573 99
1739991222124 6.670235235418951 100
1739991222226 6.797031389308311 101
1739991222327 6.84054791413722 102
1739991222429 6.538688785426299 103
1739991222531 6.268138691009336 104
1739991222634 6.474720860708474 105
1739991222738 6.414902925702205 106
1739991222839 6.361868540840487 107
1739991222942 6.824692555325971 108
1739991223044 6.680156309199343 109
1739991223145 6.485681170380083 110
1739991223248 6.426816812157695 111
1739991223350 6.562585262150566 112
1739991223453 7.211950254783964 113
1739991223554 6.60438556579739 114
1739991223658 6.919266019102632 115
1739991223773 7.2277508305681835 116
1739991223875 6.292544660469838 117
1739991223977 6.35132687064123 118
1739991224081 7.12343356893397 119
1739991224184 6.32264096434781 120
1739991224286 6.99994029118992 121
1739991224389 6.308658645499043 122
1739991224489 6.992168777323767 123
1739991224590 6.658919666100994 124
1739991224693 6.711801112762624 125
1739991224795 6.502608487578373 126
1739991224899 6.376093895065208 127
1739991224998 6.353774608322343 128
1739991225102 6.214304222541102 129
1739991225204 5.813992864900851 130
1739991225306 7.586899611481331 131
1739991225406 6.706940173039205 132
1739991225507 6.733515047870912 133
1739991225610 6.221339932898384 134
1739991225713 6.539983572020756 135
1739991225819 7.310086007777808 136
1739991225920 6.341201122558898 137
1739991226022 6.3520953389680095 138
1739991226125 6.389291687680942 139
1739991226226 6.032497254293536 140
1739991226328 6.422526345867568 141
1739991226431 6.1443106711368625 142
1739991226532 5.5880751070667145 143
1739991226635 7.200626821142169 144
1739991226736 6.192919782334916 145
1739991226835 6.663157062439795 146
1739991226936 6.4157686298673005 147
1739991227043 6.179339756025358 148
1739991227145 6.6581678137525095 149
1739991227248 6.5167235564106525 150
1739991227347 5.644772621376385 151
1739991227448 6.6214668017173 152
1739991227552 6.452389914690816 153
1739991227660 6.309453069654779 154
1739991227762 8.057625228884449 155
1739991227862 6.7164380682311915 156
1739991227965 6.89056773187439 157
1739991228066 6.57582586959373 158
1739991228166 6.9396972748974015 159
1739991228267 6.323571212870284 160
1739991228368 6.621168237439439 161
1739991228468 6.283085474348999 162
1739991228571 6.960002124896318 163
1739991228673 7.0415642322974925 164
1739991228777 6.319696857354547 165
1739991228882 6.278422204554543 166
1739991228982 6.289088500443664 167
1739991229083 6.099620265645074 168
1739991229183 6.713644877110885 169
1739991229285 6.690569303002501 170
1739991229386 6.97446783332591 171
1739991229486 6.658616852184817 172
1739991229584 7.583965194436896 173
1739991229683 6.298305373861994 174
1739991229784 6.558335599760954 175
1739991229882 6.49151058739425 176
1739991229981 6.8112701221466185 177
1739991230078 6.764729870371995 178
1739991230175 7.7164248291194815 179
1739991230276 7.008673552777014 180
1739991230374 7.055718512509779 181
1739991230473 6.556607899839846 182
1739991230571 6.201697131383438 183
1739991230673 6.4341618671786724 184
1739991230775 6.4941781213472085 185
1739991230872 6.512108727017208 186
1739991230970 6.2519650097689965 187
1739991231068 6.0061130961362945 188
1739991231166 6.451278536772288 189
1739991231264 6.820822950453728 190
1739991231361 7.040038914224582 191
1739991231464 6.642373617410157 192
1739991231561 7.271099044637165 193
1739991231659 6.2187883023605 194
1739991231757 7.529019478855102 195
1739991231857 7.267855104474477 196
1739991231954 7.193779892876317 197
1739991232052 6.564453240739427 198
1739991232151 6.268451875196448 199
1739991232251 6.39085892371647 200
1739991232350 6.4770352126615585 201
1739991232448 6.493633381296664 202
1739991232547 6.492539870955769 203
1739991232645 6.748692341911624 204
1739991232749 6.48295697217058 205
1739991232849 6.653508969771936 206
1739991232948 6.422316982883829 207
1739991233045 7.0308424805757 208
1739991233144 6.3707977297037015 209
1739991233242 6.037785381253049 210
1739991233338 6.738484959745007 211
1739991233438 6.86395650058134 212
1739991233541 6.958126454831213 213
1739991233639 6.507492837539508 214
1739991233877 6.703233967996458 215
1739991236189 6.679854602906158 216
1739991236290 6.243716790712399 217
1739991236394 6.28636881922276 218
1739991236497 6.448799741960018 219
1739991236599 6.806104783476587 220
1739991236706 8.804759982075248 221
1739991236817 7.365061302215747 222
1739991236928 6.244257330698216 223
1739991237034 6.513610047820916 224
1739991237140 6.603918788401166 225
1739991237246 6.25682241658403 226
1739991237349 7.1637819823784845 227
1739991237457 6.702988520715129 228
1739991237567 6.392090122661321 229
1739991237674 8.95118387351432 230
1739991237784 6.06109595844069 231
1739991237892 6.197642020625089 232
1739991238000 6.496762346323727 233
1739991238107 6.712215624559002 234
1739991238220 6.267263761016994 235
1739991238329 6.166583895804492 236
1739991238435 7.031541674017379 237
1739991238544 6.66585091287724 238
1739991238652 7.408000764010726 239
1739991238762 6.4663056398598915 240
1739991238873 6.5346480534842115 241
1739991238981 6.407073383917262 242
1739991239087 6.740839536507672 243
1739991239187 6.612608226688283 244
1739991239288 6.432878650165686 245
1739991239399 7.562890559385564 246
1739991239508 6.687999286826894 247
1739991239617 7.2639477232838 248
1739991239732 5.9386947206357785 249
1739991239843 6.869948410496756 250
1739991239953 6.9816204646269 251
1739991240066 6.60992823216844 252
1739991240177 6.106368705221524 253
1739991240288 6.703265246760109 254
1739991240400 6.030559606809266 255
1739991240567 6.836777443557168 256
1739991240673 6.520277169280444 257
1739991240784 5.875744697997156 258
1739991240891 7.701307900082762 259
1739991240998 5.2534630355396565 260
1739991241108 7.149676137784839 261
1739991241215 5.974393117069882 262
1739991241324 6.443763422999024 263
1739991241432 6.755186231241525 264
1739991241540 6.259058714769067 265
1739991241649 6.954066691371072 266
1739991241760 6.888152277470094 267
1739991241867 6.360505006222174 268
1739991241980 6.9537752797392045 269
1739991242088 6.235384157267605 270
1739991242195 6.464401564300044 271
1739991242306 6.277408376307164 272
1739991242413 7.078218922019094 273
1739991242519 6.559982548769396 274
1739991242630 6.542121744986217 275
1739991242743 6.27738639060939 276
1739991242851 6.865865305924754 277
1739991242960 7.076939013235752 278
1739991243069 6.838690067485363 279
1739991243176 7.172978072577511 280
1739991243285 6.650533500537817 281
1739991243392 6.486666908499651 282
1739991243499 6.40163696345098 283
1739991243609 6.55646118267808 284
1739991243716 5.999216102738928 285
1739991243824 6.205023249125304 286
1739991243934 6.857288873893421 287
1739991244069 7.145418297546297 288
1739991244176 7.728380413313168 289
1739991244287 5.6443578852077465 290
1739991244398 5.981549444411431 291
1739991244506 6.33152207545148 292
1739991244614 6.258247527610609 293
1739991244728 6.857653041879471 294
1739991244835 6.439602721165011 295
1739991244946 5.760137292196941 296
1739991245052 6.4701453785870955 297
1739991245161 5.710562678043464 298
1739991245316 7.00155042587402 299
1739991245424 6.547026372313204 300
1739991245530 6.986164484822833 301
1739991245640 6.8021837944683865 302
1739991245750 6.24883097665443 303
1739991245857 6.521975244108368 304
1739991245965 6.269199794229385 305
1739991246075 6.409732737223325 306
1739991246181 6.663251847186058 307
1739991246291 6.627103942829359 308
1739991246398 6.301921008728078 309
1739991246505 6.7434486697148825 310
1739991246616 6.909574291118175 311
1739991246724 6.338180548783912 312
1739991246999 6.341784160826656 313
1739991247135 6.709651639166704 314
1739991247245 6.483104170493338 315
1739991247354 6.557375727007997 316
1739991247471 7.67290083343054 317
1739991247583 6.665062012310134 318
1739991247694 6.3662036744241375 319
1739991247807 6.532425917871341 320
1739991247917 6.0977695784072345 321
1739991248026 5.971438438108481 322
1739991248133 5.949530347794394 323
1739991248241 6.748353101173094 324
1739991248349 5.8691135018845655 325
1739991248456 6.313899125450217 326
1739991248564 6.8538768504437835 327
1739991248669 5.8536400551922565 328
1739991248778 6.936873986392728 329
1739991248884 6.76003315083572 330
1739991249034 8.332927711480353 331
1739991249140 6.513174287281276 332
1739991249246 6.726185826461317 333
1739991249367 6.448250568370769 334
1739991249484 6.39344168550638 335
1739991249599 6.468459687690799 336
1739991249722 6.196258799366645 337
1739991249828 6.486190025572816 338
1739991249932 6.789102394035124 339
1739991250034 6.154301261125703 340
1739991250137 6.76813178531202 341
1739991250240 6.632277052432063 342
1739991250343 6.394097929744967 343
1739991250444 6.608819624037998 344
1739991250545 6.500101159842629 345
1739991250647 6.51484000701478 346
1739991250751 6.806968171152101 347
1739991250852 6.56006616835988 348
1739991250954 6.906360135431356 349
1739991251055 6.249948488829048 350
1739991251157 6.428781263694119 351
1739991251259 6.958271104991976 352
1739991251362 6.3498565370401545 353
1739991251463 6.680440144754627 354
1739991251565 6.37264333004568 355
1739991251667 6.595246004764235 356
1739991251770 6.803322814049909 357
1739991251871 6.728210351785148 358
1739991251973 6.622953138723405 359
1739991252074 7.413162257309695 360
1739991252176 5.847683751604231 361
1739991252278 6.7871671254204555 362
1739991252380 7.683710726240583 363
1739991252483 6.45588685820966 364
1739991252585 7.032788398872254 365
1739991252686 6.668457491772047 366
1739991252809 7.3917100779198455 367
1739991252910 6.611912642359372 368
1739991253011 6.1742746796226555 369
1739991253113 6.537563407165447 370
1739991253215 5.889494483659314 371
1739991253317 6.765930609158622 372
1739991253419 6.477737306513612 373
1739991253521 6.71305621468222 374
1739991253623 6.023522689160984 375
1739991253725 6.610566524598273 376
1739991253828 6.210510720933246 377
1739991253929 6.569488206525208 378
1739991254032 6.854408334971623 379
1739991254134 6.7270094024562415 380
1739991254233 6.125442153263882 381
1739991254333 6.006407022934231 382
1739991254431 6.667694776264045 383
1739991254531 6.556865855797036 384
1739991254630 6.204947775624867 385
1739991254728 6.114298660521074 386
