1740004046044 0.020095781802810027 0
1740004046144 0.012117403154238008 1
1740004046232 0.022001999384710348 2
1740004046321 0.0037608082707236085 3
1740004046411 0.029650823981510244 4
1740004046497 0.0053012854557754115 5
1740004046588 0.3451893437780612 6
1740004046677 0.16147959381394858 7
1740004046762 0.383952260524842 8
1740004046848 0.1029400046801595 9
1740004046936 0.14377689395611395 10
1740004047021 0.0035845736179418346 11
1740004047108 0.033759424084706925 12
1740004047198 0.0011309134310075832 13
1740004047283 0.029719618860999702 14
1740004047371 0.12494294529679702 15
1740004047458 0.012338091507926493 16
1740004047544 0.1944095836113651 17
1740004047632 0.22406799347961515 18
1740004047720 0.21625230795979833 19
1740004047808 0.028012919698979417 20
1740004047955 0.575359711378811 21
1740004048048 0.17433024566661223 22
1740004048135 0.019302618553548312 23
1740004048222 0.016326962317956814 24
1740004048310 0.00871766550533811 25
1740004048399 0.18336628897011786 26
1740004048485 0.051136019200653006 27
1740004048570 0.060797990897665306 28
1740004048663 0.0012053914781581141 29
1740004048751 0.1566853848895068 30
1740004048840 0.013318614736770644 31
1740004048926 0.8748445149326399 32
1740004049011 0.004663749150067057 33
1740004049097 0.1050936285669793 34
1740004049185 0.4955990826147346 35
1740004049273 0.061598754285616265 36
1740004049364 0.0011944415051048974 37
1740004049451 0.11078352797809621 38
1740004049537 0.11706184025796765 39
1740004049623 0.0007660364836846698 40
1740004049709 0.016408029564301017 41
1740004049794 0.02715293177722763 42
1740004049884 0.16558102334677985 43
1740004049972 0.04962549109710753 44
1740004050059 0.18340916125311868 45
1740004050152 0.0710310080872484 46
1740004050239 0.2630352683427642 47
1740004050335 0.276271291604409 48
1740004050421 0.03271686607979847 49
1740004050511 0.36278526196910205 50
1740004050597 0.5762455613671924 51
1740004050689 0.08849436469132894 52
1740004050775 5.762736415277949e-05 53
1740004050865 0.003177819839098117 54
1740004050956 0.07800057921563713 55
1740004051046 0.10820815820212344 56
1740004051135 0.25841731523055683 57
1740004051224 0.003024773238322221 58
1740004051311 0.031432505235137645 59
1740004051404 2.5198112688594884e-06 60
1740004051492 0.03976559778257548 61
1740004051579 0.01347192862983815 62
1740004051667 0.05731958614017684 63
1740004051753 0.001672762478648104 64
1740004051839 0.03777382152688818 65
1740004051933 0.04366252060457026 66
1740004052020 0.06653405732576075 67
1740004052106 0.17940503406126274 68
1740004052192 0.03925439119301986 69
1740004052277 0.33540675201949033 70
1740004052368 0.07150049900018132 71
1740004052456 0.0021588513518095978 72
1740004052543 2.2824517427895696e-05 73
1740004052630 0.14730701190092904 74
1740004052720 0.14518549837181677 75
1740004052805 0.009071621588738121 76
1740004052894 0.003922709052870825 77
1740004052982 0.006342298866146874 78
1740004053069 0.07585537385159082 79
1740004053154 0.000629026424464055 80
1740004053240 0.024421682720189793 81
1740004053328 0.028271683528941306 82
1740004053418 0.16233267689278452 83
1740004053505 0.0006064689500891238 84
1740004053592 0.003963986422528317 85
1740004053678 0.03369625730462553 86
1740004053764 1.5439017703202875 87
1740004053855 0.006144526578715044 88
1740004053947 0.00032695282295066826 89
1740004054039 0.34296935162854103 90
1740004054127 0.007918365097803448 91
1740004054214 0.06675721714632799 92
1740004054302 0.24041118581239132 93
1740004054391 0.00230367172395872 94
1740004054477 0.009765486246219486 95
1740004054566 0.7021319749209596 96
1740004054669 0.045580185579463604 97
1740004054760 0.2688072003463288 98
1740004054850 0.009631002493353058 99
1740004054938 0.013933030125148106 100
1740004055023 0.020243725543941205 101
1740004055111 0.00556239129154739 102
1740004055195 0.0026770272629182837 103
1740004055282 0.10641515665498084 104
1740004055372 0.25654013871789966 105
1740004055459 0.6306139546235336 106
1740004055545 0.15033038893300762 107
1740004055635 0.050833026740951935 108
1740004055722 0.016058460892417793 109
1740004055806 0.1372327922795963 110
1740004055902 0.04000768084051545 111
1740004055989 0.18013679658766854 112
1740004056076 0.3497342169973595 113
1740004056164 0.10244896657483597 114
1740004056250 2.2215775273795386 115
1740004056339 0.4339809979192405 116
1740004056426 0.12177286696605324 117
1740004056513 0.34378700444666277 118
1740004056600 0.0446020711556371 119
1740004056687 0.042413352817063224 120
1740004056778 0.027265676799811196 121
1740004056867 0.36294823259174586 122
1740004056955 0.00010331457737685545 123
1740004057042 0.03410657468541107 124
1740004057128 0.09618669622531847 125
1740004057216 0.04173379010017286 126
1740004057303 0.10627673519191495 127
1740004057390 0.0799864996213914 128
1740004057476 0.0010651475943303933 129
1740004057563 0.0005462438905634908 130
1740004057651 0.0173183494912567 131
1740004057737 0.32659368175512027 132
1740004057823 0.05928471449326231 133
1740004057913 0.11247889444730418 134
1740004058000 0.02137730269854084 135
1740004058086 0.02212865819210078 136
1740004058239 0.058865047698371205 137
1740004058345 0.1772945497631641 138
1740004058443 0.26933426483975065 139
1740004058542 0.044311332111566265 140
1740004058628 9.639884560975046e-07 141
1740004058714 0.15846526409513456 142
1740004058805 0.030961874676922727 143
1740004058895 0.014369824411870978 144
1740004058984 0.0008019456670937478 145
1740004059073 0.35798579224808247 146
1740004059161 0.0006292123575296709 147
1740004059251 0.005156455484639194 148
1740004059340 0.3370295685593787 149
1740004059428 8.283186361708563e-05 150
1740004059513 0.008190732831425084 151
1740004059601 0.06151734066107838 152
1740004059686 0.41117880560954406 153
1740004059771 0.002841664678688105 154
1740004059859 0.1493672294615652 155
1740004059948 0.03409365057011801 156
1740004060037 0.39742927444285064 157
1740004060132 0.3465087438070423 158
1740004060222 0.007570425403253315 159
1740004060310 0.029534920646701053 160
1740004060395 0.8318968539787922 161
1740004060481 0.43042238289777723 162
1740004060567 0.3756843616304363 163
1740004060653 0.17736853467775243 164
1740004060739 0.08477037890817722 165
1740004060835 3.112062506570506e-05 166
1740004060923 0.08470772982293573 167
1740004061008 0.2907821930050952 168
1740004061093 0.0012462676618345575 169
1740004061181 0.07709415616992234 170
1740004061267 0.030927728007842412 171
1740004061354 0.16836673179280176 172
1740004061440 0.26400884509293865 173
1740004061526 0.3080279508578627 174
1740004061614 0.020066416938401103 175
1740004061701 0.021474683827774746 176
1740004061787 0.05116340070904285 177
1740004061875 0.2328362300646722 178
1740004061964 0.004060444328010719 179
1740004062049 0.25517935755631366 180
1740004062137 0.04616441119498445 181
1740004062225 0.010140693749284491 182
1740004062313 0.028411841274948044 183
1740004062399 0.01006624046845132 184
1740004062486 0.017053156398204424 185
1740004062574 0.23195774798550384 186
1740004062685 0.038996758444470626 187
1740004062777 0.02235298957364334 188
1740004062877 0.8091499764866731 189
1740004062967 0.07918789966712458 190
1740004063055 0.008362904499252519 191
1740004063143 0.006833306945902849 192
1740004063230 0.13834637464472446 193
1740004063317 7.156206277406834e-05 194
1740004063402 0.2791042034305543 195
1740004063491 0.03422421214135198 196
1740004063578 0.011791973594418836 197
1740004063668 0.19540764726995682 198
1740004063760 0.8555184733941111 199
1740004063852 0.10254647485283422 200
1740004063939 0.08161091286464048 201
1740004064026 0.055354950769685315 202
1740004064116 2.9748556845376625e-06 203
1740004064203 0.00660469195707768 204
1740004064288 0.21916327939330607 205
1740004064373 0.14024668771588253 206
1740004064460 0.29593377699252305 207
1740004064547 0.010148317311437244 208
1740004064633 0.34102356304437575 209
1740004064733 0.03948516705927008 210
1740004064830 3.0322086807740794e-05 211
1740004064978 0.09062691636080822 212
1740004065068 0.03423685848634258 213
1740004065153 0.11951407947557595 214
1740004065240 0.10040473864862318 215
1740004065327 0.04509926180226615 216
1740004065416 0.23814716671548217 217
1740004065502 0.00121470465426293 218
1740004065589 0.0454014942278367 219
1740004065676 0.008663547777875764 220
1740004065763 0.00070304219049981 221
1740004065854 0.8387778083495572 222
1740004065942 0.0020387933471057757 223
1740004066029 0.007848348177276952 224
1740004066117 0.012091707174598868 225
1740004066206 0.22359812919740607 226
1740004066292 0.011879861504244716 227
1740004066378 0.11427104356985036 228
1740004066464 0.2105551523490422 229
1740004066552 0.012762947239130976 230
1740004066641 0.30432673752135847 231
1740004066727 0.05670447679280895 232
1740004066813 0.20923117071096475 233
1740004066901 0.8734039138985563 234
1740004066993 0.12949618659854073 235
1740004067077 0.024829670527167957 236
1740004067165 0.031593466508797734 237
1740004067250 0.12309326981756816 238
1740004067337 0.08871812366911866 239
1740004067423 0.11222761217821628 240
1740004067508 0.005563031181462798 241
1740004067595 0.07200145151999267 242
1740004067680 0.02952898246084932 243
1740004067766 0.018148762500371615 244
1740004067855 0.029188421492909095 245
1740004067942 0.01725068167558577 246
1740004068027 0.2154849574802405 247
1740004068116 0.4837438386670123 248
1740004068203 0.18091920513416598 249
1740004068291 0.26545300078103967 250
1740004068416 0.18450731548302923 251
1740004068502 0.030628664127709943 252
1740004068589 0.08650310934475018 253
1740004068677 0.21563877843413204 254
1740004068763 0.01405607412671473 255
1740004068851 0.2354650318932045 256
1740004068940 0.17258804630884858 257
1740004069031 0.008555023325226709 258
1740004069118 0.013758028201945815 259
1740004069205 0.06800984759963132 260
1740004069291 0.035517967506878134 261
1740004069378 0.18057671798298436 262
1740004069465 0.12822157942916926 263
1740004069551 0.011055967421726287 264
1740004069644 0.001953913975781812 265
1740004069729 0.18716223160465356 266
1740004069815 0.05086372333237511 267
1740004069901 0.0034381179033393 268
1740004069989 0.4263771271692254 269
1740004070076 0.3708672371213408 270
1740004070167 0.0001703032486618655 271
1740004070252 0.0006325227736836972 272
1740004070338 0.021828707155868068 273
1740004070425 8.517654124746879e-05 274
1740004070512 0.3226653005239462 275
1740004070599 0.02645013235687289 276
1740004070688 0.26498070351870046 277
1740004070774 0.07031952453718433 278
1740004070863 0.1620094444592224 279
1740004070951 0.00010304668210943021 280
1740004071041 0.29502736847852606 281
1740004071127 0.18187217078174076 282
1740004071214 0.0035236612242169852 283
1740004071301 0.060900434807559925 284
1740004071388 0.03319943601208737 285
1740004071475 0.08306352656679394 286
1740004071560 0.026552924459416042 287
1740004071648 0.19977535400408786 288
1740004071735 0.01610114752390174 289
1740004071821 0.09413970067633118 290
1740004071911 0.0033296773685789326 291
1740004071997 0.10061931154631121 292
1740004072082 0.0004910813537433097 293
1740004072172 0.23589970978479027 294
1740004072258 0.8120761116726097 295
1740004072346 0.3314964715524499 296
1740004072435 0.0002731067034221927 297
1740004072521 0.12319564108574876 298
1740004072613 0.0019689700747455544 299
1740004072719 0.004645415274225422 300
1740004072816 0.03712938175345491 301
1740004072912 0.006159098670716424 302
1740004073003 0.01853135574667027 303
1740004073094 0.013562505757898625 304
1740004073183 0.3703807739622574 305
1740004073272 0.0006437069459040397 306
1740004073361 6.608916823844405e-05 307
1740004073448 0.02661371165576272 308
1740004073536 1.1807867472053188e-05 309
1740004073625 0.18059369106678622 310
1740004073711 0.3381483678717192 311
1740004073798 0.003636807095198826 312
1740004073888 0.08775205808806606 313
1740004073976 0.11547086658552791 314
1740004074061 0.7673540185681949 315
1740004074148 0.00028244836012857597 316
1740004074234 0.3014343208786093 317
1740004074320 0.10930161606214187 318
1740004074406 0.02009187804080277 319
1740004074491 0.09452453657702556 320
1740004074576 0.11482140371695347 321
1740004074662 0.006350489234689922 322
1740004074747 0.0013185508981913645 323
1740004074853 0.12582587607159434 324
1740004074941 0.016269459151755032 325
1740004075030 0.08321948466645525 326
1740004075126 0.04112661927333245 327
1740004075216 0.05469693295496296 328
1740004075305 0.22535120604102543 329
1740004075395 6.555493889628715e-05 330
1740004075480 0.08588878317335799 331
1740004075567 0.9027207106123908 332
1740004075653 0.10204766299569339 333
1740004075745 0.11176322300784534 334
1740004075835 0.07038919859184256 335
1740004075926 0.007152041864810472 336
1740004076015 0.030841593573400716 337
1740004076101 0.01062651618938895 338
1740004076189 0.5378773560781299 339
1740004076278 0.05021228902508246 340
1740004076367 0.0035489002916853996 341
1740004076452 0.1176474685040167 342
1740004076538 0.18210608280307827 343
1740004076626 0.2056812691924789 344
1740004076712 0.0047994481879122895 345
1740004076797 0.050287889874654684 346
1740004076886 0.016033763791110746 347
1740004077021 0.15898806436900878 348
1740004077111 0.34378957483655653 349
1740004077198 0.0341451387967217 350
1740004077284 0.05836592256426431 351
1740004077371 0.09294770599695906 352
1740004077459 0.006177299441637312 353
1740004077546 0.0014913167108168946 354
1740004077632 0.24733438861020762 355
1740004077719 0.005214523419700101 356
1740004077804 0.005247747401390157 357
1740004077892 0.00010724579099289173 358
1740004077979 0.7199786633467242 359
1740004078066 0.022511221236013446 360
1740004078153 0.6788441172051558 361
1740004078244 0.002932491858393018 362
1740004078335 0.034625176735033666 363
1740004078422 0.07048263195741891 364
1740004078508 0.0036547928386897765 365
1740004078597 0.07761509504515925 366
1740004078685 1.439036283514463 367
1740004078771 0.0030163487637961694 368
1740004078858 0.2240050685690479 369
1740004078945 0.21339012264727172 370
1740004079030 0.026083963706679654 371
1740004079124 0.09788102885458069 372
1740004079211 0.012848203171315721 373
1740004079297 0.05402841740070632 374
1740004079383 0.1764939106225713 375
1740004079469 0.032782006546048785 376
1740004079555 0.009425814046665409 377
1740004079643 0.06897880943856462 378
1740004079728 0.3938017643443906 379
1740004079814 0.16795153888272063 380
1740004079904 0.04042620272084872 381
1740004079990 0.2792596367202767 382
1740004080077 0.1473236947752281 383
1740004080166 0.17161923210326216 384
1740004080253 0.12168298707553798 385
1740004080339 0.0631485284556285 386
1740004080426 0.0082611044059898 387
1740004080511 0.00021948648367256846 388
1740004080600 0.09609841318667513 389
1740004080687 0.023395420127075923 390
1740004080771 0.10208832028621882 391
1740004080859 0.0007022046854923145 392
1740004080948 0.030923277506272794 393
1740004081035 0.15268977196798716 394
1740004081129 0.043489745755974585 395
1740004081222 0.46076650985954104 396
1740004081310 0.0244413249439313 397
1740004081396 0.16592071855479604 398
1740004081484 0.16616985801434603 399
1740004081570 0.011508681875249411 400
1740004081659 0.22665778075913973 401
1740004081745 0.026839476674910764 402
1740004081832 0.014555742226127523 403
1740004081920 0.005481900146520264 404
1740004082006 0.023127150416213126 405
1740004082091 0.3291537411258787 406
1740004082180 0.3120697907513426 407
1740004082266 0.3745565380425848 408
1740004082351 0.026805216636049605 409
1740004082443 0.0275826999891109 410
1740004082529 0.3497099422114146 411
1740004082616 0.053875807562768836 412
1740004082702 0.29063872391284984 413
1740004082787 0.12430381866117077 414
1740004082874 0.06513882994970484 415
1740004082960 0.02201079573124051 416
1740004083046 0.0007795798013182971 417
1740004083133 0.050806528765053156 418
1740004083226 0.031906819463492234 419
1740004083313 0.08089431529068068 420
1740004083399 0.03178559706995679 421
1740004083483 0.41497348080181556 422
1740004083570 0.10818374443107373 423
1740004083657 0.1423340925512871 424
1740004083745 0.010181239937613617 425
1740004083833 0.05693631312550407 426
1740004083920 0.025698654424396568 427
1740004084005 0.0026408047586737294 428
1740004084091 0.024987362208024548 429
1740004084177 0.061570808042321595 430
1740004084265 0.0007356428984722368 431
1740004084351 0.026550330862604454 432
1740004084438 0.006429995681539736 433
1740004084525 1.7906100496471595 434
1740004084611 0.07596052134229744 435
1740004084697 0.17046686942037712 436
1740004084782 0.00037445763514479935 437
1740004084875 0.05837872397812944 438
1740004084969 0.1495967229640174 439
1740004085056 0.012968156473494296 440
1740004085144 0.05126692784406587 441
1740004085236 0.06973880686676202 442
1740004085327 0.05732893899371603 443
1740004085413 0.015502711684227415 444
1740004085501 0.0414476750327793 445
1740004085586 0.029669874361862518 446
1740004085675 0.1857347796927263 447
1740004085763 5.0649543487500646e-05 448
1740004085856 0.00726842127900367 449
1740004085944 0.015943255817841836 450
1740004086033 0.20119082061494167 451
1740004086119 0.050006414081804874 452
1740004086205 0.020905015622340598 453
1740004086291 0.47636006051817154 454
1740004086380 0.001833399193350366 455
1740004086465 0.0020849673954522157 456
1740004086552 0.04078962221664136 457
1740004086639 0.07364451782795987 458
1740004086725 0.0052611196407593395 459
1740004086810 0.09309974556083477 460
1740004086948 0.034843408142057955 461
1740004087050 1.2114284252820253 462
1740004087155 0.23995966698353 463
1740004087260 0.036094887590584684 464
1740004087359 0.13511468824885903 465
1740004087455 0.052595819728044904 466
1740004087550 0.1480202417567584 467
1740004087644 0.0014750427470784874 468
1740004087738 0.005975913567996793 469
1740004087833 0.008688548957506993 470
1740004087926 0.8429767294219193 471
1740004088019 0.23937121921475452 472
1740004088113 0.014278248734467718 473
1740004088208 0.0005839054228016206 474
1740004088301 0.18399046796834964 475
1740004088397 0.2805155050738648 476
1740004088525 0.08556741170948742 477
1740004088618 0.05426933207254179 478
1740004088711 0.35136481986135004 479
1740004088804 0.03220239783698189 480
1740004088912 0.060803502446565065 481
1740004089007 0.14063547916111452 482
1740004089104 0.012868286653614275 483
1740004089200 0.002173223740559899 484
1740004089345 0.006623786606793734 485
1740004089438 0.0004539034009582132 486
1740004089530 0.3459877315728741 487
1740004089623 0.03618522846982749 488
1740004089716 0.009073194717026277 489
1740004089809 0.23320751311607973 490
1740004089903 0.024062590973402832 491
1740004090001 0.011671308318124247 492
1740004090098 0.6162894887895334 493
1740004090197 0.17708390551511358 494
1740004090290 0.0310306196428312 495
1740004090391 0.041888643587532415 496
1740004090493 0.0067963515807511424 497
1740004090593 0.02482787172886049 498
1740004090687 0.12572403895942488 499
