1740006331132 199.974211318101 0
1740006331153 199.57136514948166 1
1740006331180 199.16933251460725 2
1740006331204 198.76811176682688 3
1740006331229 198.36770126283182 4
1740006331253 197.96809936264847 5
1740006331275 197.56930442963173 6
1740006331298 197.17131483045813 7
1740006331320 196.7741289351191 8
1740006331344 196.37774511691427 9
1740006331367 195.98216175244463 10
1740006331390 195.5873772216058 11
1740006331412 195.19338990758155 12
1740006331438 194.80019819683676 13
1740006331463 194.40780047911102 14
1740006331489 194.01619514741182 15
1740006331513 193.6253805980079 16
1740006331538 193.23535523042275 17
1740006331562 192.8461174474278 18
1740006331584 192.45766565503587 19
1740006331606 192.06999826249464 20
1740006331628 191.68311368227995 21
1740006331650 191.2970103300894 22
1740006331674 190.9116866248355 23
1740006331697 190.52714098863953 24
1740006331719 190.14337184682455 25
1740006331741 189.76037762790924 26
1740006331763 189.3781567636012 27
1740006331784 188.99670768879068 28
1740006331806 188.6160288415437 29
1740006331826 188.23611866309608 30
1740006331849 187.8569755978465 31
1740006331876 187.47859809335048 32
1740006331898 187.1009846003137 33
1740006331921 186.72413357258563 34
1740006331944 186.34804346715322 35
1740006331968 185.9727127441344 36
1740006331992 185.59813986677176 37
1740006332015 185.22432330142624 38
1740006332036 184.85126151757063 39
1740006332057 184.4789529877835 40
1740006332079 184.10739618774247 41
1740006332099 183.7365895962184 42
1740006332121 183.36653169506863 43
1740006332142 182.99722096923102 44
1740006332162 182.62865590671754 45
1740006332185 182.260834998608 46
1740006332206 181.89375673904388 47
1740006332228 181.52741962522202 48
1740006332248 181.16182215738854 49
1740006332268 180.79696283883237 50
1740006332289 180.43284017587936 51
1740006332309 180.0694526778859 52
1740006332331 179.70679885723274 53
1740006332422 179.34487722931908 54
1740006332446 178.98368631255605 55
1740006332467 178.62322462836096 56
1740006332487 178.26349070115083 57
1740006332507 177.90448305833658 58
1740006332528 177.5462002303168 59
1740006332549 177.18864075047156 60
1740006332569 176.83180315515665 61
1740006332589 176.47568598369716 62
1740006332610 176.12028777838174 63
1740006332632 175.76560708445635 64
1740006332652 175.41164245011836 65
1740006332673 175.05839242651055 66
1740006332694 174.70585556771505 67
1740006332714 174.35403043074737 68
1740006332734 174.0029155755505 69
1740006332754 173.65250956498883 70
1740006332775 173.30281096484234 71
1740006332795 172.95381834380055 72
1740006332815 172.6055302734567 73
1740006332835 172.25794532830173 74
1740006332859 171.9110620857185 75
1740006332963 171.5648791259758 76
1740006333038 171.2193950322226 77
1740006333062 170.87460839048197 78
1740006333085 170.5305177896455 79
1740006333107 170.18712182146734 80
1740006333129 169.84441908055828 81
1740006333151 169.50240816438014 82
1740006333174 169.1610876732397 83
1740006333197 168.82045621028328 84
1740006333225 168.4805123814905 85
1740006333249 168.141254795669 86
1740006333271 167.8026820644483 87
1740006333293 167.46479280227427 88
1740006333316 167.1275856264033 89
1740006333338 166.7910591568966 90
1740006333360 166.45521201661458 91
1740006333380 166.12004283121107 92
1740006333401 165.78555022912752 93
1740006333423 165.45173284158767 94
1740006333443 165.1185893025915 95
1740006333464 164.78611824890984 96
1740006333484 164.45431832007856 97
1740006333504 164.1231881583932 98
1740006333524 163.792726408903 99
1740006333544 163.46293171940565 100
1740006333564 163.13380274044135 101
1740006333584 162.80533812528765 102
1740006333604 162.47753652995337 103
1740006333625 162.1503966131735 104
1740006333644 161.8239170364034 105
1740006333664 161.49809646381343 106
1740006333684 161.17293356228313 107
1740006333705 160.84842700139612 108
1740006333725 160.52457545343424 109
1740006333744 160.20137759337226 110
1740006333764 159.87883209887235 111
1740006333784 159.5569376502786 112
1740006333804 159.23569293061163 113
1740006333825 158.91509662556294 114
1740006333846 158.59514742348978 115
1740006333870 158.27584401540943 116
1740006333890 157.95718509499414 117
1740006333910 157.63916935856525 118
1740006333930 157.3217955050883 119
1740006333951 157.00506223616725 120
1740006333971 156.68896825603937 121
1740006333990 156.3735122715698 122
1740006334010 156.05869299224614 123
1740006334030 155.7445091301732 124
1740006334051 155.43095940006774 125
1740006334075 155.11804251925284 126
1740006334096 154.80575720765307 127
1740006334117 154.4941021877888 128
1740006334137 154.1830761847711 129
1740006334159 153.87267792629646 130
1740006334181 153.5629061426415 131
1740006334201 153.25375956665783 132
1740006334222 152.94523693376647 133
1740006334242 152.63733698195313 134
1740006334263 152.33005845176254 135
1740006334283 152.02340008629358 136
1740006334304 151.71736063119383 137
1740006334324 151.4119388346546 138
1740006334345 151.1071334474055 139
1740006334365 150.8029432227096 140
1740006334386 150.49936691635796 141
1740006334407 150.19640328666475 142
1740006334427 149.89405109446193 143
1740006334448 149.59230910309418 144
1740006334468 149.29117607841386 145
1740006334489 148.99065078877592 146
1740006334509 148.69073200503257 147
1740006334529 148.39141850052852 148
1740006334549 148.0927090510957 149
1740006334570 147.79460243504838 150
1740006334591 147.4970974331778 151
1740006334612 147.20019282874753 152
1740006334633 146.90388740748824 153
1740006334653 146.60817995759257 154
1740006334673 146.3130692697104 155
1740006334694 146.01855413694358 156
1740006334720 145.72463335484113 157
1740006334750 145.43130572139418 158
1740006334779 145.13857003703106 159
1740006334802 144.84642510461222 160
1740006334825 144.55486972942546 161
1740006334849 144.26390271918083 162
1740006334874 143.9735228840058 163
1740006334896 143.68372903644035 164
1740006334917 143.39451999143196 165
1740006334938 143.10589456633085 166
1740006334959 142.81785158088502 167
1740006334980 142.53038985723535 168
1740006335002 142.2435082199108 169
1740006335026 141.95720549582353 170
1740006335046 141.671480514264 171
1740006335069 141.3863321068962 172
1740006335090 141.10175910775277 173
1740006335111 140.8177603532303 174
1740006335132 140.5343346820844 175
1740006335152 140.2514809354248 176
1740006335172 139.96919795671096 177
1740006335192 139.68748459174682 178
1740006335213 139.40633968867635 179
1740006335233 139.12576209797868 180
1740006335257 138.84575067246334 181
1740006335277 138.56630426726548 182
1740006335297 138.28742173984128 183
1740006335316 138.0091019499632 184
1740006335337 137.73134375971512 185
1740006335358 137.4541460334878 186
1740006335379 137.1775076379741 187
1740006335400 136.9014274421643 188
1740006335420 136.62590431734154 189
1740006335441 136.35093713707704 190
1740006335461 136.0765247772255 191
1740006335481 135.8026661159204 192
1740006335502 135.5293600335694 193
1740006335523 135.25660541284984 194
1740006335543 134.98440113870384 195
1740006335565 134.712746098334 196
1740006335585 134.44163918119864 197
1740006335606 134.17107927900713 198
1740006335627 133.90106528571556 199
1740006335647 133.63159609752205 200
1740006335668 133.36267061286205 201
1740006335688 133.094287732404 202
1740006335708 132.8264463590447 203
1740006335729 132.55914539790479 204
1740006335749 132.29238375632423 205
1740006335770 132.0261603438578 206
1740006335790 131.76047407227054 207
1740006335811 131.49532385553331 208
1740006335831 131.23070860981835 209
1740006335853 130.96662725349466 210
1740006335878 130.7030787071237 211
1740006335901 130.4400618934548 212
1740006335941 130.17757573742088 213
1740006335964 129.91561916613364 214
1740006335985 129.65419110887976 215
1740006336006 129.39329049711574 216
1740006336026 129.1329162644642 217
1740006336047 128.87306734670878 218
1740006336068 128.61374268179037 219
1740006336088 128.35494120980238 220
1740006336109 128.09666187298637 221
1740006336129 127.83890361572783 222
1740006336151 127.58166538455174 223
1740006336172 127.32494612811814 224
1740006336193 127.06874479721797 225
1740006336214 126.81306034476863 226
1740006336234 126.55789172580964 227
1740006336254 126.30323789749829 228
1740006336275 126.04909781910555 229
1740006336295 125.79547045201157 230
1740006336315 125.54235475970135 231
1740006336336 125.28974970776069 232
1740006336356 125.03765426387169 233
1740006336385 124.78606739780867 234
1740006336408 124.53498808143377 235
1740006336431 124.28441528869276 236
1740006336452 124.03434799561094 237
1740006336472 123.78478518028861 238
1740006336491 123.53572582289715 239
1740006336512 123.28716890567466 240
1740006336531 123.0391134129218 241
1740006336551 122.79155833099755 242
1740006336572 122.5445026483151 243
1740006336593 122.29794535533767 244
1740006336613 122.05188544457421 245
1740006336673 121.80632191057543 246
1740006336696 121.56125374992958 247
1740006336718 121.31667996125822 248
1740006336740 121.07259954521216 249
1740006336763 120.82901150446739 250
1740006336785 120.58591484372096 251
1740006336806 120.34330856968666 252
1740006336826 120.10119169109122 253
1740006336846 119.85956321867005 254
1740006336871 119.61842216516314 255
1740006336891 119.37776754531114 256
1740006336912 119.13759837585107 257
1740006336933 118.89791367551246 258
1740006336953 118.6587124650132 259
1740006336976 118.41999376705553 260
1740006336996 118.18175660632198 261
1740006337015 117.94400000947137 262
1740006337035 117.70672300513486 263
1740006337055 117.46992462391174 264
1740006337076 117.23360389836564 265
1740006337096 116.99775986302052 266
1740006337116 116.76239155435646 267
1740006337136 116.52749801080597 268
1740006337156 116.29307827274991 269
1740006337176 116.05913138251348 270
1740006337200 115.82565638436229 271
1740006337221 115.5926523244985 272
1740006337241 115.36011825105679 273
1740006337261 115.12805321410045 274
1740006337284 114.89645626561753 275
1740006337307 114.66532645951679 276
1740006337328 114.43466285162395 277
1740006337348 114.20446449967777 278
1740006337368 113.974730463326 279
1740006337388 113.7454598041217 280
1740006337408 113.51665158551928 281
1740006337428 113.28830487287065 282
1740006337448 113.06041873342132 283
1740006337469 112.83299223630665 284
1740006337490 112.6060244525479 285
1740006337510 112.37951445504848 286
1740006337530 112.15346131859012 287
1740006337550 111.92786411982897 288
1740006337571 111.70272193729188 289
1740006337591 111.47803385137259 290
1740006337611 111.25379894432788 291
1740006337633 111.03001630027386 292
1740006337653 110.80668500518212 293
1740006337673 110.58380414687602 294
1740006337693 110.36137281502687 295
1740006337714 110.13939010115021 296
1740006337733 109.91785509860212 297
1740006337754 109.69676690257536 298
1740006337774 109.47612461009568 299
1740006337794 109.25592732001819 300
1740006337815 109.03617413302348 301
1740006337835 108.81686415161406 302
1740006337858 108.5979964801106 303
1740006337878 108.37957022464816 304
1740006337898 108.1615844931727 305
1740006337918 107.94403839543713 306
1740006337938 107.7269310429979 307
1740006337959 107.51026154921122 308
1740006337979 107.29402902922932 309
1740006337999 107.07823259999697 310
1740006338019 106.8628713802477 311
1740006338039 106.64794449050027 312
1740006338060 106.43345105305492 313
1740006338082 106.21939019198997 314
1740006338103 106.00576103315787 315
1740006338123 105.79256270418198 316
1740006338144 105.57979433445263 317
1740006338165 105.36745505512378 318
1740006338185 105.1555439991093 319
1740006338206 104.94406030107943 320
1740006338227 104.73300309745726 321
1740006338249 104.52237152641503 322
1740006338269 104.31216472787078 323
1740006338290 104.10238184348465 324
1740006338311 103.89302201665535 325
1740006338332 103.68408439251678 326
1740006338353 103.47556811793426 327
1740006338373 103.26747234150119 328
1740006338395 103.05979621353555 329
1740006338416 102.85253888607625 330
1740006338436 102.64569951287979 331
1740006338456 102.43927724941668 332
1740006338476 102.233271252868 333
1740006338497 102.02768068212188 334
1740006338517 101.8225046977701 335
1740006338537 101.61774246210454 336
1740006338557 101.41339313911385 337
1740006338577 101.20945589447987 338
1740006338597 101.00592989557431 339
1740006338617 100.80281431145518 340
1740006338639 100.60010831286355 341
1740006338659 100.39781107221991 342
1740006338679 100.19592176362097 343
1740006338699 99.9944395628361 344
1740006338720 99.79336364730403 345
1740006338740 99.59269319612945 346
1740006338759 99.39242739007953 347
1740006338779 99.19256541158066 348
1740006338799 98.99310644471501 349
1740006338820 98.7940496752172 350
1740006338839 98.59539429047096 351
1740006338861 98.39713947950568 352
1740006338885 98.19928443299325 353
1740006338907 98.00182834324454 354
1740006338929 97.80477040420614 355
1740006338951 97.60810981145708 356
1740006338971 97.41184576220552 357
1740006338992 97.2159774552853 358
1740006339013 97.02050409115283 359
1740006339034 96.82542487188365 360
1740006339055 96.63073900116925 361
1740006339077 96.43644568431365 362
1740006339097 96.24254412823034 363
1740006339118 96.0490335414387 364
1740006339138 95.85591313406114 365
1740006339159 95.66318211781945 366
1740006339179 95.47083970603178 367
1740006339199 95.2788851136094 368
1740006339220 95.08731755705334 369
1740006339240 94.89613625445125 370
1740006339261 94.70534042547416 371
1740006339284 94.5149292913733 372
1740006339307 94.32490207497678 373
1740006339332 94.13525800068656 374
1740006339353 93.94599629447508 375
1740006339373 93.75711618388218 376
1740006339393 93.56861689801187 377
1740006339414 93.3804976675292 378
1740006339434 93.19275772465703 379
1740006339454 93.0053963031729 380
1740006339474 92.81841263840586 381
1740006339494 92.63180596723338 382
1740006339515 92.4455755280781 383
1740006339536 92.25972056090475 384
1740006339556 92.07424030721707 385
1740006339577 91.88913401005453 386
1740006339597 91.70440091398942 387
1740006339618 91.52004026512357 388
1740006339639 91.33605131108531 389
1740006339660 91.15243330102638 390
1740006339681 90.96918548561884 391
1740006339701 90.78630711705188 392
1740006339722 90.60379744902893 393
1740006339743 90.42165573676442 394
1740006339763 90.23988123698078 395
1740006339783 90.05847320790538 396
1740006339803 89.87743090926747 397
1740006339824 89.69675360229512 398
1740006339845 89.51644054971212 399
1740006339868 89.33649101573515 400
1740006339891 89.15690426607044 401
1740006339914 88.97767956791104 402
1740006339941 88.79881618993358 403
1740006339964 88.6203134022954 404
1740006339988 88.44217047663149 405
1740006340010 88.26438668605147 406
1740006340055 88.08696130513664 407
1740006340082 87.90989360993697 408
1740006340109 87.7331828779681 409
1740006340134 87.5568283882084 410
1740006340156 87.38082942109601 411
1740006340181 87.20518525852579 412
1740006340202 87.02989518384646 413
1740006340223 86.85495848185761 414
1740006340243 86.68037443880677 415
1740006340263 86.50614234238643 416
1740006340284 86.33226148173117 417
1740006340306 86.15873114741463 418
1740006340329 85.98555063144674 419
1740006340349 85.81271922727066 420
1740006340369 85.64023622975995 421
1740006340390 85.46810093521565 422
1740006340411 85.29631264136334 423
1740006340431 85.12487064735032 424
1740006340452 84.95377425374274 425
1740006340472 84.78302276252256 426
1740006340493 84.61261547708489 427
1740006340514 84.44255170223492 428
1740006340534 84.27283074418523 429
1740006340555 84.10345191055283 430
1740006340574 83.93441451035636 431
1740006340595 83.76571785401318 432
1740006340615 83.5973612533366 433
1740006340636 83.42934402153303 434
1740006340657 83.2616654731991 435
1740006340677 83.09432492431893 436
1740006340697 82.92732169226123 437
1740006340718 82.76065509577651 438
1740006340738 82.59432445499436 439
1740006340758 82.4283290914205 440
1740006340779 82.26266832793408 441
1740006340799 82.09734148878492 442
1740006340820 81.93234789959062 443
1740006340840 81.76768688733394 444
1740006340865 81.60335778035984 445
1740006340889 81.43935990837291 446
1740006340912 81.2756926024344 447
1740006340934 81.1123551949597 448
1740006340956 80.9493470197154 449
1740006340977 80.78666741181661 450
1740006340998 80.62431570772429 451
1740006341019 80.46229124524244 452
1740006341041 80.30059336351538 453
1740006341065 80.13922140302502 454
1740006341087 79.97817470558822 455
1740006341108 79.81745261435401 456
1740006341130 79.65705447380094 457
1740006341151 79.49697962973427 458
1740006341172 79.33722742928346 459
1740006341192 79.17779722089925 460
1740006341213 79.01868835435124 461
1740006341233 78.859900180725 462
1740006341254 78.70143205241952 463
1740006341274 78.54328332314446 464
1740006341295 78.38545334791759 465
1740006341316 78.22794148306204 466
1740006341339 78.07074708620367 467
1740006341366 77.9138695162685 468
1740006341387 77.75730813348004 469
1740006341408 77.60106229935653 470
1740006341428 77.44513137670849 471
1740006341449 77.28951472963604 472
1740006341469 77.13421172352624 473
1740006341489 76.9792217250505 474
1740006341509 76.82454410216197 475
1740006341530 76.67017822409302 476
1740006341550 76.51612346135246 477
1740006341570 76.36237918572317 478
1740006341589 76.20894477025938 479
1740006341610 76.05581958928407 480
1740006341631 75.90300301838649 481
1740006341651 75.75049443441952 482
1740006341672 75.59829321549714 483
1740006341692 75.44639874099187 484
1740006341713 75.29481039153218 485
1740006341733 75.14352754900001 486
1740006341753 74.99254959652815 487
1740006341773 74.84187591849773 488
1740006341793 74.6915059005357 489
1740006341813 74.54143892951235 490
1740006341834 74.39167439353866 491
1740006341856 74.24221168196388 492
1740006341883 74.09305018537303 493
1740006341904 73.9441892955843 494
1740006341925 73.7956284056466 495
1740006341945 73.64736690983712 496
1740006341966 73.49940420365876 497
1740006341986 73.35173968383765 498
1740006342006 73.20437274832071 499
