1740005682937 124.37452481842912 0
1740005683019 53.803261624494695 1
1740005683103 39.37850213031141 2
1740005683187 35.905580590861796 3
1740005683273 19.363189268498175 4
1740005683424 10.560472227497094 5
1740005683581 10.303475989707138 6
1740005683665 5.713854176568492 7
1740005683754 4.657959395977466 8
1740005683837 1.72782767884724 9
1740005683921 3.9900939354896736 10
1740005684003 1.080073079964511 11
1740005684084 0.7833593937911845 12
1740005684170 0.1819636629458353 13
1740005684253 0.6920428074341154 14
1740005684335 1.255409571636847 15
1740005684419 0.10608515202504684 16
1740005684502 0.09927105022514437 17
1740005684586 1.7502400715352202 18
1740005684674 0.22143730800571315 19
1740005684756 0.0672681224344601 20
1740005684867 0.1134565660542368 21
1740005685009 0.00016135236605619528 22
1740005685101 0.34612839471116236 23
1740005685190 0.03633899938535024 24
1740005685272 0.0809509338828187 25
1740005685355 0.11891161682510536 26
1740005685497 1.1002326120829034e-05 27
1740005685581 0.538890111708589 28
1740005685664 0.46466061255009905 29
1740005685754 0.06387006271376088 30
1740005685845 0.46472479528078764 31
1740005685934 0.028523454191490383 32
1740005686016 0.04553692299586406 33
1740005686098 0.0004674065180688209 34
1740005686186 0.006600587281393575 35
1740005686272 0.4003640195678892 36
1740005686355 0.017014072597712707 37
1740005686436 0.11516723785377306 38
1740005686518 0.04103373121271379 39
1740005686600 0.00405171907321911 40
1740005686682 0.016600561937567176 41
1740005686765 0.041127379087719775 42
1740005686848 0.010673462358090153 43
1740005686930 0.007372068577826372 44
1740005687012 0.03935490068233753 45
1740005687094 0.5870412717728682 46
1740005687176 0.03850230396698832 47
1740005687258 0.18795521424784414 48
1740005687341 0.0004631467003881827 49
1740005687423 0.06432686315558162 50
1740005687507 0.10712799023156273 51
1740005687589 0.2910469284150008 52
1740005687673 0.6344712534626725 53
1740005687755 0.0999992026692421 54
1740005687845 0.03166974910295784 55
1740005687929 0.0555205205103204 56
1740005688027 0.07822347646446955 57
1740005688144 0.16449950113256134 58
1740005688238 0.17661150092744643 59
1740005688327 0.10771763429418611 60
1740005688410 0.019743503733259716 61
1740005688493 0.973838460317935 62
1740005688578 0.16539026296721543 63
1740005688662 0.2797538031052902 64
1740005688743 0.046471199107265965 65
1740005688828 0.3353735761040357 66
1740005688916 0.011601066524099903 67
1740005688998 0.15077222392788042 68
1740005689082 0.010496663074953897 69
1740005689164 0.0004643355518261189 70
1740005689248 0.01137661786518552 71
1740005689330 0.0007358525304883831 72
1740005689416 2.6751341147127452e-05 73
1740005689501 0.055018796591658654 74
1740005689583 0.16469709828549836 75
1740005689666 1.1998311521524558 76
1740005689747 0.024677185197862557 77
1740005689833 5.483950814586665e-05 78
1740005689919 0.05672749900915819 79
1740005690000 6.862531309430079e-05 80
1740005690083 0.002161654852841598 81
1740005690165 0.0009768353092596438 82
1740005690249 0.6592930585390209 83
1740005690331 0.3061539735612293 84
1740005690414 0.2054463239244683 85
1740005690497 0.017574241467167028 86
1740005690583 0.006218149520034401 87
1740005690676 0.3887207837096466 88
1740005690758 0.03693439110676994 89
1740005690840 0.018673451727068562 90
1740005690923 0.08841442482103833 91
1740005691004 0.01581754984922756 92
1740005691088 0.002656331149126181 93
1740005691172 0.23178407562754771 94
1740005691254 0.00046814446515183213 95
1740005691337 0.018229110248804265 96
1740005691419 0.6595683073133245 97
1740005691501 0.014254735306087368 98
1740005691584 0.06774762197661134 99
1740005691666 0.39479855954183785 100
1740005691748 0.0055649027807982325 101
1740005691830 0.5125064565963116 102
1740005691919 0.001419026298104558 103
1740005691999 0.02556342185183038 104
1740005692083 0.05204393812121277 105
1740005692166 0.000252847951103152 106
1740005692249 0.027822537659564557 107
1740005692335 0.38042775140822455 108
1740005692418 0.17790857797036394 109
1740005692500 0.15407282440486098 110
1740005692584 0.08007947329030415 111
1740005692668 0.003268175729064264 112
1740005692750 0.24529122614022827 113
1740005692835 0.0122977788067168 114
1740005692918 0.02650891864008623 115
1740005693000 0.27403726699646225 116
1740005693081 0.5828766175848857 117
1740005693165 0.7958309332761757 118
1740005693250 0.1653798410759615 119
1740005693335 0.0075342462897853586 120
1740005693418 0.025358538060618243 121
1740005693500 0.014818827984744197 122
1740005693582 0.2800504797846658 123
1740005693663 0.014188583023415883 124
1740005693746 0.006483068612374657 125
1740005693827 0.10004009827659444 126
1740005693916 0.03028138630283935 127
1740005693998 0.005535675483440874 128
1740005694079 0.03986879889958367 129
1740005694161 0.06173009501087892 130
1740005694244 0.15891737558031316 131
1740005694327 0.01425006085671389 132
1740005694409 0.014510857605830684 133
1740005694491 0.11697490671102422 134
1740005694573 0.06386958966622372 135
1740005694659 0.6599528698016625 136
1740005694742 0.11368231707733217 137
1740005694824 0.44294777187723355 138
1740005694910 0.007898776040214283 139
1740005694992 0.0033674854371589687 140
1740005695074 0.10870811433564552 141
1740005695156 0.06890992775671428 142
1740005695240 0.09662195655784031 143
1740005695322 0.01127068807263377 144
1740005695407 0.0005990824897386715 145
1740005695488 0.014357754398177464 146
1740005695574 0.261789924762024 147
1740005695661 0.19807501203493966 148
1740005695745 0.0006205238589763314 149
1740005695827 0.005511697806635809 150
1740005695914 0.021227459732353376 151
1740005696001 0.03925853602294758 152
1740005696083 0.10886356999246952 153
1740005696168 0.4810996048407119 154
1740005696252 0.011471851549278092 155
1740005696338 0.01252294321214336 156
1740005696421 0.00340864353703418 157
1740005696506 0.6929110050495177 158
1740005696590 0.00805226359486067 159
1740005696672 0.0006164675166904682 160
1740005696755 0.23049151859422531 161
1740005696838 0.06088405663331686 162
1740005696925 5.2337026990284076e-05 163
1740005697008 0.000470261618276383 164
1740005697090 0.1466667228362809 165
1740005697170 0.18322072495467667 166
1740005697253 0.002606598909158669 167
1740005697338 0.007027790292172016 168
1740005697422 0.004139053814333875 169
1740005697503 0.05899776076148828 170
1740005697586 0.04084696575176141 171
1740005697670 0.16125310638956356 172
1740005697755 0.5738437452756291 173
1740005697838 0.4017379366768167 174
1740005697923 0.08843042007704577 175
1740005698017 0.1918284033315072 176
1740005698103 0.0320550723783182 177
1740005698186 0.3040738651679607 178
1740005698270 0.1869204785976534 179
1740005698359 7.013264556903627e-07 180
1740005698444 0.5200601174218975 181
1740005698525 0.01019441469364157 182
1740005698607 0.05215155687768285 183
1740005698689 0.17806532910300885 184
1740005698773 0.6337444641487121 185
1740005698858 0.008341729983810262 186
1740005698942 0.048054133533874575 187
1740005699024 0.02797116490182531 188
1740005699105 0.06793408932469684 189
1740005699189 0.013021411110078571 190
1740005699275 0.6589390317429314 191
1740005699357 0.178067796927566 192
1740005699440 0.04733425069062367 193
1740005699522 0.04886327719741999 194
1740005699604 0.2259810516775389 195
1740005699688 0.024710389728855645 196
1740005699771 0.0736730957955885 197
1740005699852 0.023963500951288016 198
1740005699947 8.351947062776791e-05 199
1740005700034 0.16652668556044006 200
1740005700117 0.043211479671408065 201
1740005700199 0.03170358097420244 202
1740005700280 4.23763489621162e-05 203
1740005700363 0.06389707426191563 204
1740005700449 0.000706402791736498 205
1740005700531 0.56290189519175 206
1740005700615 0.007143013169896592 207
1740005700708 0.006043679105744402 208
1740005700796 0.034632095403860925 209
1740005700924 0.03501760087342548 210
1740005701006 0.023432239310416537 211
1740005701088 0.014504365008597378 212
1740005701171 0.06990949730071783 213
1740005701253 0.1487440502822049 214
1740005701339 1.2689880054120255 215
1740005701421 0.022762222079829978 216
1740005701506 0.44450813886027746 217
1740005701587 0.632670950424569 218
1740005701672 0.0005307845917470815 219
1740005701753 0.29327477977672395 220
1740005701836 0.27808437759943216 221
1740005701920 0.08085843336297986 222
1740005702003 0.44660811958639596 223
1740005702090 0.04080723829268848 224
1740005702173 0.001114462733189925 225
1740005702254 0.008055358709948312 226
1740005702338 0.1766056469316862 227
1740005702421 0.6313551319866939 228
1740005702506 2.14095398254171e-05 229
1740005702592 0.03030405471031362 230
1740005702675 0.0010872679516287685 231
1740005702756 0.041440342338855934 232
1740005702839 0.025843766021561045 233
1740005702925 0.006260992066786191 234
1740005703008 0.4202426953995503 235
1740005703090 0.025578192646533323 236
1740005703172 0.0009111472664366681 237
1740005703253 0.12320728066086983 238
1740005703340 0.22743423350232314 239
1740005703423 0.27747414847127827 240
1740005703505 0.047484187815487175 241
1740005703588 0.008704262361463615 242
1740005703671 0.04092627224992902 243
1740005703752 0.05737430156342331 244
1740005703834 0.19543290780150666 245
1740005703921 0.11211338746831023 246
