1739994781017 168.60936903271525 0
1739994781033 160.36700543822278 1
1739994781052 156.14390134793473 2
1739994781068 157.16757606772623 3
1739994781083 156.1071826337357 4
1739994781100 151.90348310753672 5
1739994781119 148.61081502236306 6
1739994781135 147.61016166503083 7
1739994781152 145.7780208915672 8
1739994781168 137.87960934574605 9
1739994781184 143.99015954242856 10
1739994781200 135.88600960321648 11
1739994781216 133.1290101737686 12
1739994781231 129.04097302569895 13
1739994781247 128.1784013705143 14
1739994781263 127.93290854537926 15
1739994781278 124.05768906353273 16
1739994781294 124.22877254313802 17
1739994781310 120.29106171164514 18
1739994781326 122.50362587407025 19
1739994781343 113.58662497564404 20
1739994781359 116.8488358807243 21
1739994781375 111.19966437477389 22
1739994781391 109.18154638398416 23
1739994781407 111.6670900456712 24
1739994781424 104.75946776652667 25
1739994781441 105.6343227914793 26
1739994781459 101.8632383832342 27
1739994781475 100.73442270802722 28
1739994781493 99.2760228180947 29
1739994781509 98.51708762819904 30
1739994781525 92.82934522593696 31
1739994781540 92.87636466619905 32
1739994781555 93.69256648650313 33
1739994781572 86.76228195617591 34
1739994781587 90.35812496345184 35
1739994781602 89.64145122038755 36
1739994781618 86.18076372409624 37
1739994781633 82.88656647363277 38
1739994781648 81.40777440936903 39
1739994781663 84.11925039962897 40
1739994781678 78.82743199112238 41
1739994781693 74.65801964449052 42
1739994781709 78.20467590757725 43
1739994781724 74.80227458259186 44
1739994781739 72.89229988015173 45
1739994781754 75.79108323810881 46
1739994781770 71.46023926398956 47
1739994781786 68.8049200706393 48
1739994781801 70.02701474674924 49
1739994781818 66.6433262927277 50
1739994781836 65.87003963907507 51
1739994781851 65.19926914657691 52
1739994781867 64.41970644484238 53
1739994781883 63.372605076117985 54
1739994781899 62.9274875100122 55
1739994781913 59.26725217701254 56
1739994781928 59.21748349024668 57
1739994781943 59.28673801821155 58
1739994781958 55.804363926195876 59
1739994781974 55.53906129942216 60
1739994781989 54.737475613712476 61
1739994782005 55.31478471043671 62
1739994782020 52.43355731044566 63
1739994782036 52.67954736588684 64
1739994782052 51.65666830721667 65
1739994782067 51.408572271343836 66
1739994782082 47.31630316700857 67
1739994782097 48.255619763810124 68
1739994782114 48.3487379504997 69
1739994782129 48.955314110863974 70
1739994782145 45.78180570924401 71
1739994782160 44.27148506159358 72
1739994782175 44.66229508504816 73
1739994782190 44.600994674404426 74
1739994782206 43.21861552949106 75
1739994782223 41.58013228743268 76
1739994782259 39.94059970752789 77
1739994782275 41.480013509747614 78
1739994782291 39.999500316128206 79
1739994782307 39.89544659645948 80
1739994782322 40.52676774415261 81
1739994782337 36.96005318357632 82
1739994782352 37.50954482634418 83
1739994782367 36.08686388580225 84
1739994782383 35.595144900564314 85
1739994782397 34.69989441652537 86
1739994782412 34.580611787403186 87
1739994782428 33.85053248083782 88
1739994782444 33.950399898969174 89
1739994782460 33.418542536809156 90
1739994782475 32.96500485958909 91
1739994782491 32.39422540854601 92
1739994782506 30.89465868291811 93
1739994782522 30.90745688317855 94
1739994782537 30.05737249065211 95
1739994782552 29.06970751737833 96
1739994782568 29.708611438376654 97
1739994782583 29.17661625208087 98
1739994782598 28.612142790023604 99
1739994782613 28.193641632122176 100
1739994782629 27.125536883935446 101
1739994782644 26.115257978168675 102
1739994782660 26.19974886121434 103
1739994782676 25.395426449727125 104
1739994782692 24.58565728925623 105
1739994782708 24.642093926710718 106
1739994782727 24.942243596030103 107
1739994782747 24.15480319691516 108
1739994782768 23.786488120861573 109
1739994782790 22.395980623528725 110
1739994782809 23.567988743417786 111
1739994782828 23.017744161590706 112
1739994782849 21.243537773361513 113
1739994782866 21.146982716318128 114
1739994782883 20.903260353964438 115
1739994782898 21.036767255964904 116
1739994782914 19.929284067717983 117
1739994782929 19.962519487629265 118
1739994782944 20.232660832379544 119
1739994782962 19.573615253090228 120
1739994782978 18.405624846333193 121
1739994782995 18.679316321675568 122
1739994783010 17.081876837382165 123
1739994783025 18.166262377350858 124
1739994783041 16.529393352068553 125
1739994783057 17.710899194228357 126
1739994783072 16.803280958185653 127
1739994783087 16.783602619534502 128
1739994783102 16.67357381286689 129
1739994783120 15.950663319926631 130
1739994783136 15.432587705648196 131
1739994783151 15.05951706745101 132
1739994783166 14.683856686170733 133
1739994783181 15.208135277060107 134
1739994783197 15.381642113781396 135
1739994783213 14.549113088042377 136
1739994783230 13.490004612987114 137
1739994783246 13.93336508483389 138
1739994783262 13.520619718904905 139
1739994783278 12.988575540808236 140
1739994783294 12.974377413230494 141
1739994783310 13.101277323921577 142
1739994783327 12.134975505928658 143
1739994783344 12.313766081400248 144
1739994783361 11.607124554665432 145
1739994783378 11.893834008152622 146
1739994783395 11.989743816931885 147
1739994783413 12.133034835908555 148
1739994783430 11.610172444903979 149
1739994783447 11.713876913122176 150
1739994783464 11.464831995911343 151
1739994783481 10.448735778830951 152
1739994783498 11.090312592636291 153
1739994783515 10.324470815640494 154
1739994783532 10.25210321812494 155
1739994783550 9.726608120291282 156
1739994783568 9.248649597362547 157
1739994783584 9.828636756750079 158
1739994783600 9.687135659179742 159
1739994783616 9.900315731372364 160
1739994783631 8.610013809173195 161
1739994783646 8.90374402637864 162
1739994783661 9.090134501875676 163
1739994783677 9.300466919657259 164
1739994783692 8.804521527592351 165
1739994783708 8.257536203167737 166
1739994783723 8.207486294748657 167
1739994783738 7.56943147287241 168
1739994783754 7.835035701175197 169
1739994783769 7.5316184708005505 170
1739994783784 7.6658380675351285 171
1739994783800 7.72144304490027 172
1739994783819 6.881489432419052 173
1739994783843 7.151433836663172 174
1739994783868 7.279004068046994 175
1739994783894 7.432351170909014 176
1739994783921 6.870528518136083 177
1739994783948 6.886109017586546 178
1739994783978 6.783875177608868 179
1739994784024 6.083147650438573 180
1739994784048 6.655059656827509 181
1739994784074 5.962223498254942 182
1739994784097 6.273150106611291 183
1739994784121 6.660297105431131 184
1739994784139 6.288370320349548 185
1739994784155 6.204089486101326 186
1739994784171 5.706175397365368 187
1739994784187 6.065281367369691 188
1739994784202 5.745628956094097 189
1739994784217 6.009087267895735 190
1739994784233 5.789157498901416 191
1739994784250 5.021686116251501 192
1739994784267 4.772123340655186 193
1739994784282 5.2524619391671115 194
1739994784298 5.2019807834596605 195
1739994784313 5.108310899295377 196
1739994784328 4.848170229988989 197
1739994784343 4.996441427913337 198
1739994784359 4.679888894901554 199
1739994784375 4.826298589082889 200
1739994784393 4.353829630661473 201
1739994784411 4.448473008222692 202
1739994784431 4.636545485412651 203
1739994784455 4.006690427718649 204
1739994784481 4.206295823143199 205
1739994784506 3.9143937871998395 206
1739994784536 4.357685513824942 207
1739994784569 4.053245997337372 208
1739994784604 3.8788553268129413 209
1739994784639 4.021984866855056 210
1739994784669 4.035788390828929 211
1739994784696 4.115506067913898 212
1739994784721 3.3943672089400247 213
1739994784744 3.6907247296704853 214
1739994784764 3.3337555158843872 215
1739994784780 3.5987235226398027 216
1739994784796 3.5107169400784244 217
1739994784815 3.482427140463473 218
1739994784831 3.3712357347938755 219
1739994784848 3.3116523056285656 220
1739994784864 3.357889205936513 221
1739994784880 3.145379142269511 222
1739994784896 2.8289532334280554 223
1739994784914 3.000277616935295 224
1739994784929 2.877874240100651 225
1739994784945 2.9603081187981193 226
1739994784961 2.904233825037757 227
1739994784976 2.706591954174887 228
1739994784991 2.8050498731831333 229
1739994785007 2.6624316282120106 230
1739994785022 2.7214161280847424 231
1739994785038 2.5573510658081893 232
1739994785053 2.6131451541531345 233
1739994785068 2.422837435651487 234
1739994785085 2.663458399436042 235
1739994785101 2.655873610770768 236
1739994785207 2.368480650901326 237
1739994785230 2.5122068454434707 238
1739994785254 2.3883390822967447 239
1739994785273 2.0606106220419442 240
1739994785289 2.3670863042762385 241
1739994785305 2.1109423379897883 242
1739994785320 2.218335039041489 243
1739994785335 2.122354424716683 244
1739994785350 2.0823253000355733 245
1739994785366 1.8779518031039752 246
1739994785380 1.8894225612024447 247
1739994785396 1.9035905666850514 248
1739994785411 2.0399801729844955 249
1739994785426 1.953866833281926 250
1739994785441 2.067744994813687 251
1739994785457 1.9720091591727789 252
1739994785472 2.1139016326661557 253
1739994785489 1.6667002727419844 254
1739994785505 1.9333690204243683 255
1739994785521 1.7894276576176382 256
1739994785537 1.6705518020639543 257
1739994785552 1.6132208428923231 258
1739994785567 1.694740420319032 259
1739994785583 1.7429168932323038 260
1739994785598 1.6483120325912508 261
1739994785613 1.5659117097090693 262
1739994785629 1.3207206360649504 263
1739994785645 1.5842207257587335 264
1739994785661 1.6059375386280392 265
1739994785676 1.564361280685242 266
1739994785692 1.4719095774076711 267
1739994785707 1.3399983796124293 268
1739994785723 1.3572516808356407 269
1739994785738 1.411069556459794 270
1739994785753 1.2828126252928624 271
1739994785769 1.6128834617607308 272
1739994785783 1.2474392308760607 273
1739994785798 1.2755875989899137 274
1739994785814 1.5138348638984354 275
1739994785832 1.1848575153487801 276
1739994785848 1.224354417359546 277
1739994785864 1.157014684394276 278
1739994785881 1.1377194915712594 279
1739994785896 1.0823013712852374 280
1739994785911 1.169698993010704 281
1739994785926 1.272441140552595 282
1739994785942 1.2589493614217107 283
1739994785958 1.207939999447702 284
1739994785973 1.0511440158409402 285
1739994785988 1.1570741546062464 286
1739994786004 0.9396874765018437 287
1739994786018 1.1238600386139872 288
1739994786034 0.9517213216893174 289
1739994786049 1.1243966364508722 290
1739994786064 1.0469128744627314 291
1739994786078 1.0258029172438214 292
1739994786094 0.9630995458669762 293
1739994786108 0.9929832887500112 294
1739994786124 0.7857588973763298 295
1739994786141 1.000109322357818 296
1739994786156 0.9799331682211785 297
1739994786171 0.7117928956391444 298
1739994786187 0.9121153643134726 299
1739994786202 0.8738927539139689 300
1739994786217 1.0415842850203683 301
1739994786231 0.8280151481363145 302
1739994786247 0.8204994028122625 303
1739994786263 0.7194428151393057 304
1739994786279 0.8195870266138422 305
1739994786294 0.8687085613027714 306
1739994786309 0.8408101153131705 307
1739994786325 0.6839171006409772 308
1739994786340 0.7985672402586963 309
1739994786355 0.6676647006305683 310
1739994786371 0.6816690970464785 311
1739994786386 0.7007503471142714 312
1739994786402 0.686235136460969 313
1739994786417 0.6407677590029378 314
1739994786431 0.6109233901937794 315
1739994786446 0.7525635097314065 316
1739994786461 0.7132806984535246 317
1739994786476 0.8170075547751924 318
1739994786492 0.5959406953179573 319
1739994786508 0.5998264090268566 320
1739994786524 0.5477035837149177 321
1739994786539 0.5359230220908683 322
1739994786555 0.5947565160181495 323
1739994786571 0.7444759836937872 324
1739994786586 0.6016155953963633 325
1739994786601 0.7110348187614833 326
1739994786617 0.5741753639829099 327
1739994786632 0.49702444690370506 328
1739994786648 0.7041068310007947 329
1739994786663 0.571197140286817 330
1739994786679 0.5407480530369961 331
1739994786695 0.5902667505911255 332
1739994786710 0.4584168044555067 333
1739994786725 0.4395788250854514 334
1739994786741 0.5469529689301044 335
1739994786755 0.5578556952112104 336
1739994786770 0.510007809757702 337
1739994786786 0.45467402759610215 338
1739994786800 0.44737034303739553 339
1739994786818 0.5312228703307597 340
1739994786833 0.45539719488031066 341
1739994786848 0.4634781708405171 342
1739994786863 0.4337261820637665 343
1739994786878 0.5448797691483358 344
1739994786894 0.39951450967765767 345
1739994786909 0.450469616826858 346
1739994786925 0.40012636172651944 347
1739994786940 0.3790661465239019 348
1739994786956 0.45561145716268736 349
1739994786971 0.4020221282525206 350
1739994786986 0.2641539105170045 351
1739994787001 0.37959983695878513 352
1739994787016 0.371327774310288 353
1739994787031 0.3790106674561728 354
1739994787047 0.3427487531841939 355
1739994787062 0.3382067929670707 356
1739994787078 0.4463373239597124 357
1739994787093 0.3600412586845723 358
1739994787108 0.40901327458412096 359
1739994787123 0.33786355929134004 360
1739994787141 0.28464304185857636 361
1739994787157 0.503241623236468 362
1739994787172 0.37275023319963946 363
1739994787188 0.3739198053655816 364
1739994787204 0.31384422334512974 365
1739994787220 0.3872798035471794 366
1739994787236 0.27111261885637866 367
1739994787254 0.319231559240753 368
1739994787271 0.22396763800718006 369
1739994787290 0.2873246269758072 370
1739994787311 0.3355013566425856 371
1739994787333 0.301526147356981 372
1739994787358 0.3481231049720932 373
1739994787382 0.32408406059556677 374
1739994787405 0.3547864096159999 375
1739994787430 0.262509424559339 376
1739994787456 0.30510610022201906 377
1739994787479 0.28133676314412304 378
1739994787499 0.32264511583788336 379
1739994787514 0.2516824238787391 380
1739994787531 0.22851244582637176 381
1739994787547 0.22903528087483518 382
1739994787562 0.25429090875855165 383
1739994787578 0.2987564135615059 384
1739994787593 0.3483243523153074 385
1739994787608 0.23576245102223858 386
1739994787624 0.21500545418348682 387
1739994787641 0.25313469855397874 388
1739994787657 0.27224441533763927 389
1739994787672 0.2991028621721813 390
1739994787688 0.21006113291461317 391
1739994787704 0.23972718649419483 392
1739994787720 0.1849491448692026 393
1739994787735 0.2527215097661693 394
1739994787751 0.21209693402902063 395
1739994787767 0.23165085664342652 396
1739994787782 0.25417439520821267 397
1739994787798 0.22784167913798697 398
1739994787818 0.2584300712979108 399
1739994787837 0.21527409917250673 400
1739994787855 0.28092840304641487 401
1739994787871 0.25234364621188016 402
1739994787887 0.1788219486140925 403
1739994787904 0.25951961917690236 404
1739994787919 0.253977456748282 405
1739994787935 0.20692119141309753 406
1739994787952 0.18069616928535331 407
1739994787967 0.1852748871026983 408
1739994787983 0.25706450136305903 409
1739994787999 0.2251534732632745 410
1739994788014 0.25844361789531245 411
1739994788030 0.2343102576684464 412
1739994788048 0.31213531562838476 413
1739994788066 0.20786289272928843 414
1739994788086 0.20245134859233826 415
1739994788108 0.23269233289253627 416
1739994788132 0.14631407679578096 417
1739994788153 0.15438510000379957 418
1739994788173 0.18403217645076353 419
1739994788191 0.2080444101484932 420
1739994788207 0.16123724701698589 421
1739994788222 0.18213140405127942 422
1739994788239 0.1773678446930174 423
1739994788255 0.1630297858126245 424
1739994788270 0.19382588076215682 425
1739994788285 0.19237504665363075 426
1739994788300 0.16905527233697554 427
1739994788315 0.14946654362674577 428
1739994788331 0.2282299857281209 429
1739994788346 0.17934020920421068 430
1739994788362 0.16392010887207903 431
1739994788377 0.2738711351391919 432
1739994788393 0.16982199004162463 433
1739994788408 0.20692365171797178 434
1739994788423 0.15113712183013586 435
1739994788439 0.16158638565353156 436
1739994788454 0.19245617445021973 437
1739994788470 0.16463596501539937 438
1739994788485 0.15280012604976595 439
1739994788502 0.1770047221306553 440
1739994788520 0.19839984866424729 441
1739994788536 0.19431212605853854 442
1739994788553 0.20067122398194812 443
1739994788570 0.09030717294076421 444
1739994788587 0.17535569033046602 445
1739994788604 0.120051084368039 446
1739994788620 0.17513520610738084 447
1739994788637 0.15073469543653376 448
1739994788653 0.14200911022012097 449
1739994788668 0.12685988744880125 450
1739994788683 0.17226223189603285 451
1739994788700 0.17108605185041373 452
1739994788718 0.17078997425855555 453
1739994788738 0.11345733262353763 454
1739994788757 0.20398162021777944 455
1739994788773 0.17736198055363397 456
1739994788790 0.1324711013635695 457
1739994788809 0.1786144113029666 458
1739994788826 0.12873896206461397 459
1739994788844 0.20059383892108862 460
1739994788861 0.16361282424306267 461
1739994788879 0.15140040334316268 462
1739994788898 0.20093865896465168 463
1739994788916 0.1523347150474776 464
1739994788933 0.16923208008562687 465
1739994788950 0.14336982238396268 466
1739994788967 0.18135998123594604 467
1739994788984 0.12141598034717636 468
1739994789001 0.2194246719330684 469
1739994789018 0.18507067034074326 470
1739994789033 0.17825525061388012 471
1739994789050 0.13758564688393207 472
1739994789065 0.20858238643749089 473
1739994789082 0.17014166349283769 474
1739994789098 0.14125399077115303 475
1739994789119 0.12625125654128222 476
1739994789137 0.1674271737465007 477
1739994789155 0.2542689012038747 478
1739994789172 0.22091158677274086 479
1739994789188 0.12150005159660593 480
1739994789204 0.1419221372539119 481
1739994789220 0.15002382408128723 482
1739994789236 0.12511581185281104 483
1739994789252 0.14693545344811884 484
1739994789268 0.16297636780805996 485
1739994789284 0.12667462857340234 486
1739994789301 0.1359303011829782 487
1739994789317 0.15142026800075506 488
1739994789335 0.16712025119939286 489
1739994789351 0.15220450224830215 490
1739994789367 0.1396105599140323 491
1739994789384 0.15879997555092032 492
1739994789401 0.15259700193847037 493
1739994789417 0.14583237102295932 494
1739994789434 0.17402825362613114 495
1739994789450 0.15013095954045924 496
1739994789467 0.09444161695156161 497
1739994789484 0.18057029813279885 498
1739994789500 0.1087057422353805 499
