1739972696360 3.195043184714968 0
1739972696389 2.5454671082120788 1
1739972696419 1.3774666207081854 2
1739972696450 1.8108998823650935 3
1739972696476 1.3553932954760541 4
1739972696503 0.8512708205183417 5
1739972696531 1.4940019665092965 6
1739972696557 1.045395281238313 7
1739972696580 0.9364711319731377 8
1739972696603 0.8683005302746016 9
1739972696626 0.7393758913002826 10
1739972696649 0.7007035225090503 11
1739972696673 0.6874360907093606 12
1739972696700 0.7226224984462758 13
1739972696721 0.5911544935170641 14
1739972696747 0.6499522769396497 15
1739972696769 0.6033518694349629 16
1739972696791 0.6741675338189421 17
1739972696813 0.6160537257641351 18
1739972696835 0.531886979611892 19
1739972696857 0.3911689755868082 20
1739972696879 0.5120634712856601 21
1739972696900 0.43719862207980836 22
1739972696922 0.4473414551785561 23
1739972696945 0.4101919812844383 24
1739972696967 0.4620554830588846 25
1739972696988 0.29828404578931117 26
1739972697009 0.4516926690686764 27
1739972697030 0.3168548366513577 28
1739972697052 0.3852396796442113 29
1739972697073 0.39816604427813984 30
1739972697095 0.2202811157581254 31
1739972697116 0.31357208880256443 32
1739972697140 0.23254517530194677 33
1739972697168 0.2117632394923538 34
1739972697197 0.531764723275022 35
1739972697227 0.2562436943749551 36
1739972697261 0.2793541791057627 37
1739972697288 0.14891087488853746 38
1739972697310 0.3612884599368048 39
1739972697334 0.23482532475938883 40
1739972697356 0.18887404849927553 41
1739972697378 0.15843702559744896 42
1739972697399 0.13863348938585557 43
1739972697420 0.16365365582232333 44
1739972697442 0.13462848659502272 45
1739972697466 0.1459524386353792 46
1739972697489 0.12256233958892641 47
1739972697519 0.12103326198594791 48
1739972697561 0.13185917005963638 49
1739972697610 0.11506087945348846 50
1739972697638 0.13157390385037665 51
1739972697666 0.11575360310895942 52
1739972697694 0.09476530597601655 53
1739972697722 0.2781710127895175 54
1739972697748 0.10761550486990008 55
1739972697774 0.10166082675343933 56
1739972697800 0.10253107530690764 57
1739972697826 0.15925573595050524 58
1739972697853 0.12922108310254501 59
1739972697880 0.0673635716753032 60
1739972697907 0.0920359433883111 61
1739972697935 0.06753804635621821 62
1739972697962 0.07481994234805601 63
1739972697990 0.07106011348129739 64
1739972698016 0.07754785885689827 65
1739972698044 0.0625863913627001 66
1739972698072 0.0686611924255016 67
1739972698100 0.0653120546014883 68
1739972698127 0.06351716309464635 69
1739972698156 0.06086036345240487 70
1739972698184 0.06271962975290155 71
1739972698215 0.05789101081157267 72
1739972698240 0.053889971946851564 73
1739972698264 0.0678185440363505 74
1739972698288 0.07231876413482773 75
1739972698310 0.06004597571479792 76
1739972698332 0.05168613676287499 77
1739972698356 0.04551692360214446 78
1739972698387 0.037524777608449036 79
1739972698416 0.06170660065024571 80
1739972698444 0.03851287714571132 81
1739972698470 0.044503289099338504 82
1739972698496 0.04412433331684774 83
1739972698520 0.03440673757386262 84
1739972698544 0.03501517611208236 85
1739972698567 0.037486451379073256 86
1739972698589 0.041935161043936325 87
1739972698614 0.033699579621850974 88
1739972698642 0.03364278267006235 89
1739972698674 0.027659105606227773 90
1739972698707 0.02734714045432913 91
1739972698744 0.03012220560114332 92
1739972698783 0.03199544128335414 93
1739972698818 0.030589980701585917 94
1739972698846 0.0235713258984818 95
1739972698873 0.020788002327910508 96
1739972698897 0.0427359060665509 97
1739972698919 0.026040006373031676 98
1739972698942 0.030331198274454765 99
1739972698964 0.02369889349302169 100
1739972698986 0.017021585193480623 101
1739972699030 0.02257228951545969 102
1739972699057 0.030454553562574146 103
1739972699081 0.01963155170963698 104
1739972699104 0.02286816247491588 105
1739972699125 0.02475809012702184 106
1739972699147 0.01447777385937673 107
1739972699169 0.02480416816158517 108
1739972699193 0.02932552288978685 109
1739972699218 0.01584584749266597 110
1739972699243 0.013837012486474905 111
1739972699267 0.01270955142988296 112
1739972699291 0.01696720467859117 113
1739972699313 0.022960694812818695 114
1739972699339 0.013975332446797934 115
1739972699367 0.013321326414262234 116
1739972699393 0.012496124038450893 117
1739972699422 0.017922317423441792 118
1739972699452 0.012967764299905808 119
1739972699479 0.011224789637309083 120
1739972699512 0.014220576358391714 121
1739972699543 0.013660925232900576 122
1739972699570 0.019648321433789414 123
1739972699596 0.013581053780981855 124
1739972699622 0.011042052842086827 125
1739972699650 0.015778388255682185 126
1739972699677 0.011676741713993384 127
1739972699703 0.017441410507800775 128
1739972699729 0.009567927143630351 129
1739972699756 0.013212121355576504 130
1739972699783 0.0148423881747167 131
1739972699808 0.009372418110753442 132
1739972699831 0.00773912332764182 133
1739972699852 0.013760904708914083 134
1739972699873 0.00977445536872612 135
1739972699895 0.009800133337434746 136
1739972699921 0.00822636040573109 137
1739972699945 0.00797713144267603 138
1739972699971 0.013517001957775663 139
1739972699998 0.009740092491261128 140
1739972700025 0.009140277043187735 141
1739972700053 0.011331122722223088 142
1739972700081 0.01166155048132022 143
1739972700109 0.007095975167574782 144
1739972700138 0.009745791700979065 145
1739972700166 0.006408876834366772 146
1739972700194 0.00539248997529499 147
1739972700224 0.010762195959209634 148
1739972700250 0.00919187870568986 149
1739972700279 0.014560200546590334 150
1739972700318 0.00872767454143457 151
1739972700348 0.0065250124250588425 152
1739972700375 0.0069873869627268695 153
1739972700402 0.005492134413215039 154
1739972700428 0.008352677221922332 155
1739972700456 0.005987696012237043 156
1739972700483 0.003764037363478093 157
1739972700511 0.004758427440720962 158
1739972700536 0.009462319055415586 159
1739972700563 0.007240761790008306 160
1739972700591 0.007489257603619209 161
1739972700622 0.005918222283553046 162
1739972700649 0.0064794743362481776 163
1739972700677 0.009161315173566829 164
1739972700703 0.007880738610830018 165
1739972700729 0.005395117843676398 166
1739972700756 0.008138801098659623 167
1739972700783 0.007096040748378554 168
1739972700809 0.009828512979005657 169
1739972700836 0.004082788686624736 170
1739972700863 0.005132395093143313 171
1739972700891 0.006119203321382599 172
1739972700919 0.003915494038648228 173
1739972700946 0.00347671145257538 174
1739972700977 0.00420018860997462 175
1739972701010 0.004743751175911109 176
1739972701040 0.005045606155095662 177
1739972701070 0.006023664331514908 178
1739972701097 0.0033022681197970643 179
1739972701124 0.005930616894188993 180
1739972701151 0.0039836980963799664 181
1739972701180 0.004279613467866911 182
1739972701208 0.0046600542578354096 183
1739972701237 0.005022509014529877 184
1739972701263 0.006781319777404072 185
1739972701292 0.00238051497300518 186
1739972701321 0.0026067531324535835 187
1739972701350 0.005720324519356308 188
1739972701378 0.004410377324083069 189
1739972701406 0.0050725109826915225 190
1739972701432 0.0036054427753201912 191
1739972701458 0.004526702409809577 192
1739972701486 0.005542933863876032 193
1739972701513 0.0032438023196169168 194
1739972701543 0.004410526489538118 195
1739972701571 0.00518768720237102 196
1739972701604 0.004196011025605475 197
1739972701647 0.002587621849428026 198
1739972701692 0.0036062725582538925 199
1739972701719 0.003288560129758836 200
1739972701748 0.00283795395060847 201
1739972701781 0.007348657208151098 202
1739972701814 0.002371968433102477 203
1739972701851 0.0032816872531309022 204
1739972701885 0.0030052696577446214 205
1739972701922 0.0028536731453816496 206
1739972701953 0.003226063363528913 207
1739972701979 0.002684269227644354 208
1739972702006 0.005734803756247579 209
1739972702032 0.002027822058844233 210
1739972702059 0.0020414981749473328 211
1739972702090 0.002774308343397392 212
1739972702122 0.0038414585173652495 213
1739972702151 0.0023860515529967696 214
1739972702182 0.00219027898859046 215
1739972702219 0.0026669812696386024 216
1739972702250 0.0037391324730637137 217
1739972702277 0.0028839600385672935 218
1739972702304 0.0025116599083831685 219
1739972702333 0.0022066386702662816 220
1739972702362 0.0021670498952876737 221
1739972702391 0.0026295833921094205 222
1739972702421 0.0031456768377316575 223
1739972702455 0.003738862945618678 224
1739972702487 0.0036411295114713244 225
1739972702518 0.001514164364066487 226
1739972702548 0.0020405832548391263 227
1739972702576 0.0034750992160578584 228
1739972702603 0.004430874514839798 229
1739972702630 0.0019153765093427426 230
1739972702660 0.002523605081552632 231
1739972702689 0.0027197685864443163 232
1739972702717 0.0016821056701995989 233
1739972702746 0.003240793526343325 234
1739972702776 0.0023954589615486654 235
1739972702807 0.0028588088686434194 236
1739972702844 0.0027794835004490153 237
1739972702876 0.0015518476925488495 238
1739972702906 0.0033658109551430383 239
1739972702935 0.0020498797614422956 240
1739972702962 0.0018567188803634066 241
1739972702988 0.0016540360407339776 242
1739972703015 0.003314713680936415 243
1739972703041 0.003404927288003248 244
1739972703068 0.000909496719033371 245
1739972703096 0.0018784480436481162 246
1739972703126 0.002164567050107915 247
1739972703156 0.0012422046039194101 248
1739972703193 0.0023966310017586884 249
1739972703228 0.003465671032161411 250
1739972703262 0.0012491045166075818 251
1739972703293 0.0019738888358721792 252
1739972703323 0.003132780347080244 253
1739972703352 0.003203192211590893 254
1739972703384 0.0016703431498305314 255
1739972703416 0.0017941354657367656 256
1739972703443 0.0036270346105749724 257
1739972703469 0.0015144253297971 258
1739972703495 0.0014909829892597879 259
1739972703519 0.0018647192558432595 260
1739972703543 0.0018894211085166194 261
1739972703569 0.00236007403023436 262
1739972703594 0.001670024545304907 263
1739972703619 0.0015658040760880743 264
1739972703645 0.0007980403208818525 265
1739972703674 0.0016640261683653617 266
1739972703699 0.0015404153154170632 267
1739972703724 0.0011219453307545922 268
1739972703750 0.001914736261065364 269
1739972703773 0.001836578169116197 270
1739972703801 0.0009216960178480557 271
1739972703827 0.0013060486278244083 272
1739972703851 0.0011489162461384601 273
1739972703876 0.0023483302850608356 274
1739972703900 0.00290477495826586 275
1739972703925 0.0014042076121598935 276
1739972703948 0.0011045183925408118 277
1739972703972 0.001541826007410875 278
1739972703997 0.0013229752679376503 279
1739972704023 0.0012103394716446374 280
1739972704047 0.0010962714116002127 281
1739972704071 0.0017671426085903632 282
1739972704096 0.001222325948853174 283
1739972704122 0.0014213846421488189 284
1739972704146 0.002513613226278118 285
1739972704173 0.0011133610797238328 286
1739972704199 0.0010509227964499764 287
1739972704226 0.0011530127422534175 288
1739972704252 0.0012348673684660705 289
1739972704275 0.0010191231172260978 290
1739972704297 0.0024365403584184404 291
1739972704318 0.0014758891551849014 292
1739972704341 0.0029342083609544406 293
1739972704362 0.001061240767659935 294
1739972704386 0.0019323427626860429 295
1739972704410 0.00161020951545861 296
1739972704437 0.0010637815101486522 297
1739972704465 0.0008497218102223261 298
1739972704492 0.0009099087304486724 299
1739972704520 0.001746315315456545 300
1739972704548 0.0017789673215367597 301
1739972704576 0.0013336901044461457 302
1739972704604 0.0010164041741910765 303
1739972704631 0.0022715270293139785 304
1739972704659 0.003166017245449382 305
1739972704685 0.0014233804414436613 306
1739972704711 0.002280424783666967 307
1739972704736 0.002019199696309401 308
1739972704760 0.0011841439347505367 309
1739972704786 0.0021374533768523467 310
1739972704814 0.0017266157777263804 311
1739972704841 0.0012865160851454505 312
1739972704867 0.001426425794927302 313
1739972704894 0.001043512170999741 314
1739972704921 0.0013512740723337444 315
1739972704947 0.0011239682754230055 316
1739972704973 0.0010065697524267025 317
1739972705000 0.001459490288458029 318
1739972705026 0.0016992756646932949 319
1739972705053 0.0016690709531024612 320
1739972705078 0.0016558907683931724 321
1739972705104 0.0020337798430860215 322
1739972705131 0.0012419715761558005 323
1739972705157 0.0007413022008368202 324
1739972705184 0.0021567531256624123 325
1739972705210 0.001306185340234449 326
1739972705237 0.0011265909528358137 327
1739972705265 0.0009869205053837453 328
1739972705290 0.0036648336524675953 329
1739972705314 0.0008510672758094686 330
1739972705339 0.000755690025409081 331
1739972705365 0.0013107817885304788 332
1739972705391 0.0015906451837703363 333
1739972705417 0.0006652425651710425 334
1739972705443 0.0007073288796988783 335
1739972705468 0.0012273507214255223 336
1739972705492 0.0014532783086998332 337
1739972705517 0.0018748535995792525 338
1739972705542 0.0018195667333337447 339
1739972705566 0.0010362651972702205 340
1739972705590 0.0012627530878694334 341
1739972705617 0.0007765146459991162 342
1739972705643 0.0014606572344801143 343
1739972705671 0.0018630543215485676 344
1739972705697 0.0010235443669047008 345
1739972705723 0.0009976312477132884 346
1739972705750 0.0029885469989923514 347
1739972705776 0.0008053651919508356 348
1739972705800 0.0005513733862502413 349
1739972705823 0.0012420294215920045 350
1739972705846 0.0012487424306945672 351
1739972705869 0.001236864552245696 352
1739972705891 0.0014460774747199654 353
1739972705914 0.0008235712901213955 354
1739972705941 0.00084466075583514 355
1739972705967 0.0008306632738201841 356
1739972705993 0.00325519278523193 357
1739972706020 0.0009470637152393348 358
1739972706046 0.0016491675315827726 359
1739972706071 0.0005778129585702997 360
1739972706095 0.0010619828930245698 361
1739972706116 0.0010472038293666303 362
1739972706138 0.0006759467854509564 363
1739972706161 0.0006663966096545308 364
1739972706188 0.001670125674566381 365
1739972706213 0.001239130610590177 366
1739972706237 0.0008302704959740749 367
1739972706262 0.0012662490199884145 368
1739972706289 0.00105370157973427 369
1739972706316 0.0006653373020837253 370
1739972706344 0.001421926069919703 371
1739972706372 0.0013627205681420907 372
1739972706399 0.0022213818293412486 373
1739972706425 0.0010101626820380012 374
1739972706452 0.001894449645615517 375
1739972706477 0.0011943747118103034 376
1739972706503 0.0011427047141675077 377
1739972706527 0.00070382012852327 378
1739972706552 0.0010787166895763005 379
1739972706576 0.0007285747006769168 380
1739972706602 0.0011029545830374085 381
1739972706627 0.0012547503902127794 382
1739972706652 0.0008051426728084056 383
1739972706680 0.001126944658800356 384
1739972706725 0.0008403782364036346 385
1739972706752 0.0007379558707825345 386
1739972706778 0.001093793712247471 387
1739972706805 0.0007232232016362479 388
1739972706830 0.0011075248973212146 389
1739972706857 0.0014527535313576866 390
1739972706882 0.0014621694653748206 391
1739972706906 0.001662453406645833 392
1739972706934 0.0013797936371390137 393
1739972706967 0.001117793598157482 394
1739972706996 0.002006459429190037 395
1739972707023 0.0010456043005996744 396
1739972707047 0.0010277194184562261 397
1739972707074 0.0009457760501999385 398
1739972707098 0.0005950174738875511 399
1739972707121 0.000916530333476506 400
1739972707143 0.0014565526899469965 401
1739972707164 0.0008072320085860933 402
1739972707188 0.0008553671052449094 403
1739972707212 0.0006193335563554256 404
1739972707235 0.0007914320538223671 405
1739972707259 0.0010572346491219626 406
1739972707281 0.000594488729113597 407
1739972707303 0.0006067502305659286 408
1739972707326 0.0011178488767033374 409
1739972707348 0.0011337201365737507 410
1739972707373 0.0013587612942568459 411
1739972707399 0.0008236902273215251 412
1739972707427 0.0007691898058749051 413
1739972707458 0.0008826459936110035 414
1739972707488 0.0008730015066200173 415
1739972707516 0.001169414025311195 416
1739972707544 0.0009707244381392101 417
1739972707573 0.0008256184028219019 418
1739972707602 0.001155901515905165 419
1739972707628 0.000865778529311998 420
1739972707651 0.0014789462852482782 421
1739972707677 0.0018428263193051985 422
1739972707700 0.0009716773676331016 423
1739972707722 0.001545521588077906 424
1739972707744 0.0006950495803985319 425
1739972707766 0.0013136611498137621 426
1739972707788 0.0009356602571497045 427
1739972707809 0.001457102223373458 428
1739972707830 0.0006103730104088471 429
1739972707851 0.0013826278314935173 430
1739972707873 0.0008865399210550572 431
1739972707895 0.0011492644505634402 432
1739972707916 0.0021627153722952423 433
1739972707938 0.0011764608901660505 434
1739972707961 0.0007385492668809825 435
1739972707983 0.0009685361755329719 436
1739972708004 0.0008957562530460119 437
1739972708025 0.0010790967008247646 438
1739972708046 0.001384101095504562 439
1739972708068 0.0007266601367502571 440
1739972708089 0.0008695951196362813 441
1739972708112 0.0011004682352826773 442
1739972708134 0.0009460655527909093 443
1739972708155 0.0012484018654874847 444
1739972708179 0.0019158572981370222 445
1739972708201 0.0007907795454734045 446
1739972708223 0.0012966483796659357 447
1739972708248 0.0006883103821657282 448
1739972708274 0.000950063639808433 449
1739972708302 0.0009625119103027525 450
1739972708330 0.0008068647340995672 451
1739972708356 0.0009342431517182905 452
1739972708385 0.0008260191514488383 453
1739972708413 0.001067125134561022 454
1739972708440 0.0006527743005946292 455
1739972708468 0.0010252004936230632 456
1739972708496 0.0009409407956711431 457
1739972708523 0.0013727557689366615 458
1739972708551 0.000861845666712019 459
1739972708576 0.00086580377509714 460
1739972708603 0.0008609990438719322 461
1739972708631 0.0011227397846062285 462
1739972708660 0.00085622774482318 463
1739972708688 0.001324358266655109 464
1739972708715 0.0008904725576003252 465
1739972708742 0.000735450239531987 466
1739972708767 0.0005169309815388271 467
1739972708792 0.0011343683462496869 468
1739972708816 0.0008211622305785924 469
1739972708840 0.001391089197780447 470
1739972708868 0.0008367503093758575 471
1739972708895 0.0009625118988093702 472
1739972708923 0.0005721266036525719 473
1739972708951 0.0009705145100653235 474
1739972708978 0.0010434310312930118 475
1739972709006 0.0007288286580898965 476
1739972709033 0.0008357268289976979 477
1739972709060 0.0008634694545878957 478
1739972709088 0.0009067448702274745 479
1739972709115 0.000698794262917544 480
1739972709142 0.000644232080795343 481
1739972709170 0.0009406795732946555 482
1739972709200 0.0009595807834134657 483
1739972709226 0.0008305212042578672 484
1739972709253 0.0009013630429646892 485
1739972709280 0.0005879120960973636 486
1739972709308 0.0007379897744123934 487
1739972709336 0.000901517217511166 488
