1739961184116 4.35583451092396 0
1739961184182 5.0967553888327926 1
1739961184250 7.00599064508804 2
1739961184325 10.741213617610667 3
1739961184394 8.32672671592231 4
1739961184466 5.189293837772321 5
1739961184537 5.2822587700113885 6
1739961184602 6.094997904840936 7
1739961184666 6.3327472790231765 8
1739961184730 6.635846015123069 9
1739961184796 7.249240522816004 10
1739961184861 5.455851277532474 11
1739961184927 6.306198254651887 12
1739961184992 7.204020067095969 13
1739961185055 3.3218003801052216 14
1739961185119 15.013760108794422 15
1739961185182 9.322475023833295 16
1739961185248 3.355043181690758 17
1739961185320 7.332799585197024 18
1739961185386 5.103208639064996 19
1739961185453 6.047341401551657 20
1739961185549 7.130201308800503 21
1739961185613 5.5400299984944485 22
1739961185677 3.9445368146616464 23
1739961185741 6.550002420193092 24
1739961185804 6.068000736594998 25
1739961185867 5.4802250155111905 26
1739961185933 9.565286357362416 27
1739961185996 7.688739161232201 28
1739961186060 5.422674544558556 29
1739961186124 6.367736512378012 30
1739961186187 8.972328881410096 31
1739961186254 5.586914434599367 32
1739961186320 16.492566442018383 33
1739961186383 10.085968931480512 34
1739961186450 5.182869297130804 35
1739961186517 9.369932079867741 36
1739961186583 12.098619607786583 37
1739961186647 6.681169000140024 38
1739961186711 9.321202340663424 39
1739961186773 7.142007416211686 40
1739961186837 4.415429100544813 41
1739961186900 5.354772134342389 42
1739961186965 5.418863965004025 43
1739961187030 6.044290025454296 44
1739961187094 7.456389379844267 45
1739961187161 6.513507212893624 46
1739961187226 8.89350927251769 47
1739961187289 6.512593385588078 48
1739961187357 7.842864517235158 49
1739961187419 4.172023753840695 50
1739961187487 9.908104309167637 51
1739961187553 6.424430452505849 52
1739961187616 5.6487602598519215 53
1739961187679 6.090281273630496 54
1739961187742 5.8397120556028055 55
1739961187804 8.802728273151232 56
1739961187869 5.9822858469094555 57
1739961187934 6.856389885732231 58
1739961187997 11.868593269585569 59
1739961188062 6.353880855365413 60
1739961188125 8.214048192485194 61
1739961188187 9.373803655586112 62
1739961188252 6.46081189288958 63
1739961188315 9.053838155733791 64
1739961188381 7.970549964653836 65
1739961188447 8.333022856576045 66
1739961188515 6.910575183704644 67
1739961188580 5.752026925328853 68
1739961188644 4.853538606095258 69
1739961188707 5.322466086755214 70
1739961188771 9.531870649394936 71
1739961188836 6.651935531782956 72
1739961188901 2.5164853679526322 73
1739961188964 5.1242980199760595 74
1739961189028 8.764461468713552 75
1739961189093 7.342994846810188 76
1739961189161 5.923740418553285 77
1739961189235 8.983304404641148 78
1739961189303 8.034679744396497 79
1739961189369 4.904282025469675 80
1739961189439 5.40003554636862 81
1739961189502 6.70004160023908 82
1739961189570 6.169070200221555 83
1739961189633 5.470842356255795 84
1739961189697 7.15058436492999 85
1739961189761 5.426004975695214 86
1739961189825 9.258671502040032 87
1739961189889 5.107690551678656 88
1739961189954 5.656549610216188 89
1739961190019 7.253072268600615 90
1739961190084 5.988085947419354 91
1739961190148 5.67786274261602 92
1739961190212 9.254195689165986 93
1739961190275 4.145306678817504 94
1739961190340 5.99201599663527 95
1739961190405 7.291959487126474 96
1739961190477 5.317153192009457 97
1739961190542 7.289188832557379 98
1739961190605 6.375626039817635 99
1739961190668 5.723321200114152 100
1739961190732 5.691541913663686 101
1739961190796 6.958440223837497 102
1739961190859 5.397867892492116 103
1739961190924 5.2092871351877665 104
1739961191065 13.267708275874494 105
1739961191128 5.422592513267578 106
1739961191191 9.658006785910585 107
1739961191252 8.320843034442206 108
1739961191319 5.088108564135667 109
1739961191384 5.600116586573743 110
1739961191456 4.456460665591576 111
1739961191524 6.218066913944735 112
1739961191587 6.239824228973529 113
1739961191651 7.025517626509617 114
1739961191717 6.538188886141379 115
1739961191781 8.300209739497976 116
1739961191846 9.017471387565124 117
1739961191909 4.618474948810566 118
1739961191973 11.654238984257423 119
1739961192038 5.795179363164404 120
1739961192102 7.174382718276325 121
1739961192165 5.847635579885166 122
1739961192234 6.3864900604956 123
1739961192298 7.027772488723931 124
1739961192361 6.128478495807012 125
1739961192426 7.5283138708893205 126
1739961192501 7.549763177281347 127
1739961192569 6.9643971421640805 128
1739961192634 3.1809117582500206 129
1739961192697 5.794268666155548 130
1739961192759 9.286046624971942 131
1739961192824 7.673904639050759 132
1739961192885 9.61286579056439 133
1739961192948 6.619498902139359 134
1739961193013 7.18033665245113 135
1739961193076 7.965292022109753 136
1739961193142 6.211119102647315 137
1739961193207 13.005627798528762 138
1739961193269 5.761262549959882 139
1739961193333 5.115689414928809 140
1739961193398 7.612111197277948 141
1739961193468 10.387916118408434 142
1739961193533 6.851388540848161 143
1739961193596 12.069315246698343 144
1739961193659 3.9995939669241958 145
1739961193723 6.294950005153687 146
1739961193787 6.290321492877268 147
1739961193850 3.8052826438522644 148
1739961193915 5.35383718672742 149
1739961193978 3.391589879404595 150
1739961194044 8.206988094530267 151
1739961194107 7.055337483437317 152
1739961194169 1.7500784659745738 153
1739961194234 6.523554224665155 154
1739961194298 5.752161381992431 155
1739961194365 3.9482103391914958 156
1739961194429 8.407677208475693 157
1739961194496 5.110788419751076 158
1739961194560 11.03130499595599 159
1739961194622 5.877814423993502 160
1739961194685 4.920651255516562 161
1739961194749 5.842396395851222 162
1739961194813 7.119365915497325 163
1739961194876 7.032415992387161 164
1739961194940 6.309119333393682 165
1739961195002 6.259576100442614 166
1739961195067 5.4286928330391335 167
1739961195130 7.6809716708002345 168
1739961195193 5.091877507939132 169
1739961195258 6.363088785390139 170
1739961195323 6.752406147202616 171
1739961195385 6.847503188151161 172
1739961195451 6.94118858594575 173
1739961195523 6.401202983433912 174
1739961195586 7.343755042747613 175
1739961195649 8.870849789142946 176
1739961195712 8.683422455065234 177
1739961195777 5.5855295236606715 178
1739961195842 4.636987309262983 179
1739961195903 4.766460503129211 180
1739961195969 4.139664141318413 181
1739961196032 7.381224456540016 182
1739961196095 9.43817706140033 183
1739961196161 5.802726576576415 184
1739961196224 8.092443242689102 185
1739961196287 5.03262237854138 186
1739961196352 6.336425333021681 187
1739961196416 5.957770202757951 188
1739961196483 6.558028803124955 189
1739961196547 6.529304349292358 190
1739961196610 3.5197248351426906 191
1739961196674 5.742453555161227 192
1739961196738 4.1291864045549325 193
1739961196801 7.646892632671705 194
1739961196864 6.809280113039168 195
1739961196928 7.532074222731336 196
1739961196993 10.84834455181266 197
1739961197058 4.7219753329740675 198
1739961197121 5.101139167163643 199
1739961197185 8.073682687356197 200
1739961197251 10.394906318260158 201
1739961197314 5.53764216575261 202
1739961197379 6.239495490148278 203
1739961197445 7.9357919125590595 204
1739961197520 4.654915980076292 205
1739961197587 6.1852814227007915 206
1739961197652 6.32205151395821 207
1739961197716 6.1267766340622005 208
1739961197779 4.499697999945996 209
1739961197843 7.163101360762052 210
1739961197905 9.049577736913223 211
1739961197974 10.39241827708625 212
1739961198037 5.208737730795411 213
1739961198100 5.92961999177057 214
1739961198164 7.401786243893872 215
1739961198227 7.392051168623049 216
1739961198291 6.144380340711425 217
1739961198356 5.541089910339754 218
1739961198420 5.744607849985797 219
1739961198495 6.664935348594161 220
1739961198566 7.053953458538352 221
1739961198635 7.88847911088302 222
1739961198698 4.161599498548101 223
1739961198762 6.943784578422105 224
1739961198826 9.178004263302784 225
1739961198891 7.6186789365014915 226
1739961198953 5.920127462597171 227
1739961199019 6.7822769328015005 228
1739961199082 6.388479788797473 229
1739961199145 4.553576018288682 230
1739961199208 7.396826837312991 231
1739961199281 6.184283765208126 232
1739961199349 11.533469174313659 233
1739961199414 5.497504165521253 234
1739961199486 8.478865680522736 235
1739961199556 7.400017937930306 236
1739961199619 8.024456850428631 237
1739961199682 8.387392103068496 238
1739961199745 7.30596856360913 239
1739961199808 7.611858414617463 240
1739961199871 2.490300596837485 241
1739961199936 9.500801754796822 242
1739961200000 5.056792475983606 243
1739961200064 6.114643507707599 244
1739961200128 6.025599913478929 245
1739961200192 7.416042956525337 246
1739961200254 9.169079641654793 247
1739961200319 3.7697513371090805 248
1739961200384 6.519327366258704 249
1739961200450 7.908253457129274 250
1739961200513 7.628226869363418 251
1739961200575 11.183521887584769 252
1739961200644 6.827061560589748 253
1739961200717 7.720195956021005 254
1739961200782 8.770188344669677 255
1739961200845 4.840265834468065 256
1739961200910 6.182222574235702 257
1739961200973 6.472122269069269 258
1739961201038 7.821115899093887 259
1739961201101 10.222901811367914 260
1739961201166 10.45534512841622 261
1739961201229 8.404657589547027 262
1739961201293 6.1221621395438675 263
1739961201356 7.771579018994022 264
1739961201421 8.17190666875451 265
1739961201499 7.675998771395752 266
1739961201573 3.1266796976746054 267
1739961201642 4.317792278003558 268
1739961201705 9.595075198681874 269
1739961201769 4.327022326538759 270
1739961201832 3.509779961748266 271
1739961201895 10.808991633671395 272
1739961201959 14.5933448979417 273
1739961202024 10.542668957804285 274
1739961202088 7.492062982157878 275
1739961202153 5.415621784877018 276
1739961202219 5.734514204876635 277
1739961202286 8.476523881931758 278
1739961202353 4.383839347157383 279
1739961202418 6.42535343348683 280
1739961202489 7.4995243287268325 281
1739961202555 7.398056193421324 282
1739961202621 3.706064064658132 283
1739961202686 5.789187838131829 284
1739961202754 11.556702777073031 285
1739961202817 4.363999751456916 286
1739961202881 6.847555251351497 287
1739961202946 7.935965684097607 288
1739961203009 6.338442958305621 289
1739961203072 7.224753031563113 290
1739961203136 6.050905231994054 291
1739961203200 10.443629401850302 292
1739961203264 5.996633055589824 293
1739961203328 13.667807868417308 294
1739961203397 7.4108937279253855 295
1739961203467 8.531846601911747 296
1739961203539 7.631307717921737 297
1739961203606 5.579661798458485 298
1739961203675 5.637565035848536 299
1739961203739 7.559170013380279 300
1739961203801 5.884193037231501 301
1739961203866 7.079489203387123 302
1739961203942 1.6234174710041451 303
1739961204015 7.249941500901919 304
1739961204085 5.629365026158379 305
1739961204155 6.255709290802966 306
1739961204222 4.369382134637391 307
1739961204286 5.923868279207579 308
1739961204356 5.993045286106547 309
1739961204419 7.083587952574997 310
1739961204491 7.705141506218532 311
1739961204556 5.7901933755705945 312
1739961204624 7.147101378936743 313
1739961204690 7.068679194353016 314
1739961204756 7.063834209319463 315
1739961204821 7.772877601809078 316
1739961204887 10.215414565695987 317
1739961204952 8.857166461836586 318
1739961205017 7.032785790227184 319
1739961205083 5.452511186804792 320
1739961205148 7.607739827065302 321
1739961205214 7.59938231419195 322
1739961205280 7.86392875060935 323
1739961205351 9.343974973829901 324
1739961205421 6.134541424593012 325
1739961205494 5.90122165089647 326
1739961205563 6.247067511595456 327
1739961205627 5.797796714546271 328
1739961205695 10.17827839390082 329
1739961205759 5.900384520464526 330
1739961205822 6.34957376835916 331
1739961205887 8.667318656132828 332
1739961205951 4.591420553892083 333
1739961206018 7.582761968267836 334
1739961206082 6.832455185441261 335
1739961206146 5.454651474363607 336
1739961206210 6.9209896277718554 337
1739961206274 6.757584717592276 338
1739961206338 6.276408315860576 339
1739961206404 8.495745281787586 340
1739961206477 5.774535054320183 341
1739961206573 4.8871999772202885 342
1739961206641 5.942350093059432 343
1739961206708 5.116618322491379 344
1739961206771 8.102398567531802 345
1739961206839 4.2909314229951665 346
1739961206908 5.79752934386543 347
1739961206973 5.820968552239799 348
1739961207036 6.646014008119331 349
1739961207101 5.779174519944705 350
1739961207166 6.593749669018605 351
1739961207231 6.508323429190679 352
1739961207297 6.799478194767421 353
1739961207360 8.600436500140137 354
1739961207427 5.317679921792365 355
1739961207498 7.849500637671049 356
1739961207566 5.860319559384736 357
1739961207632 5.517777894480683 358
1739961207703 8.952558432564068 359
1739961207770 6.1847927726448875 360
1739961207837 6.74741040437467 361
1739961207901 6.207369350733305 362
1739961207966 7.269610505796555 363
1739961208030 9.084195926356934 364
1739961208096 7.521202917339989 365
1739961208162 4.9420872660493 366
1739961208227 9.162573184083634 367
1739961208293 3.0637181740628945 368
1739961208357 5.452793457263687 369
1739961208422 2.891995975445508 370
1739961208496 9.820367291394515 371
1739961208559 7.803794913107895 372
1739961208625 7.28788927359976 373
1739961208691 9.21860081305899 374
1739961208755 4.904533398563607 375
1739961208820 7.5510461395723 376
1739961208885 6.841838504317801 377
1739961208950 6.197899591906378 378
1739961209020 6.945783617632504 379
1739961209085 7.782156056881773 380
1739961209151 5.313596189379582 381
1739961209215 2.4983918560820477 382
1739961209277 6.0534975981994155 383
1739961209349 4.399998396742995 384
1739961209422 12.679411083575888 385
1739961209493 7.190244081056341 386
1739961209560 7.209432140045959 387
1739961209625 6.799220400075641 388
1739961209693 5.769585550480379 389
1739961209760 6.264958086600983 390
1739961209827 4.579495396770887 391
1739961209895 6.6373882496477306 392
1739961209960 7.038043961794078 393
1739961210027 5.542521908977121 394
1739961210098 6.481414919458031 395
1739961210164 6.97723256230166 396
1739961210231 6.661185483304369 397
1739961210302 7.223969486260362 398
1739961210370 6.103121366779949 399
1739961210443 4.801987573588422 400
1739961210517 9.302221179736437 401
1739961210584 7.35176658199631 402
1739961210654 3.6659891764665677 403
1739961210724 8.853407827716666 404
1739961210794 7.730255111547125 405
1739961210860 1.699871349500409 406
1739961210929 5.161194252326306 407
1739961211000 6.218998758576182 408
1739961211068 5.672263241624891 409
1739961211253 6.0774027034843 410
1739961211320 8.847236920235524 411
1739961211393 5.379204048804868 412
1739961211465 6.715491491027917 413
1739961211536 8.06638023670949 414
1739961211605 8.192936770759735 415
1739961211674 5.436302220614963 416
1739961211748 4.297728404013212 417
1739961211817 5.022359793854319 418
1739961211883 7.740628652188916 419
1739961211952 4.347595171072317 420
1739961212017 6.171418215785165 421
1739961212083 9.89475147983466 422
1739961212149 5.936779204917923 423
1739961212215 11.112162445266964 424
1739961212281 5.540160400942368 425
1739961212350 7.1095891240854785 426
1739961212418 5.616929065722741 427
1739961212494 7.160390790120227 428
1739961212562 7.780088497825798 429
1739961212629 5.768215922455215 430
1739961212695 6.624097305284353 431
1739961212759 8.752017835946456 432
1739961212822 7.94296707841845 433
1739961212886 6.735198883352672 434
1739961212950 2.4937493033922586 435
1739961213015 4.61182110451685 436
1739961213079 7.897393536476627 437
1739961213144 4.194521873532979 438
1739961213208 8.798288704561246 439
1739961213271 8.34642999883468 440
1739961213335 7.467883929868473 441
1739961213399 5.14881713383928 442
1739961213466 6.197284798865495 443
1739961213532 10.861311948314402 444
1739961213597 5.261533612567531 445
1739961213662 6.212176542359314 446
1739961213725 2.0939922009120147 447
1739961213793 10.283465566188337 448
1739961213856 5.697512817806912 449
1739961213919 7.608963321424539 450
1739961213985 3.453071803574065 451
1739961214052 9.972907944509666 452
1739961214117 8.40182488662613 453
1739961214185 6.908214378288539 454
1739961214252 7.520706536367377 455
1739961214318 7.487939684477489 456
1739961214385 7.737012322690491 457
1739961214454 8.296599098584025 458
1739961214523 3.9432179412367865 459
1739961214589 6.3819772940477 460
1739961214659 4.851794883234173 461
1739961214738 4.3325945528419165 462
1739961214809 8.857334010179988 463
1739961214875 9.189334228701197 464
1739961214945 7.898340219577626 465
1739961215011 4.748877429728274 466
1739961215074 9.006306114655862 467
1739961215142 3.684591641148234 468
1739961215210 5.242516257146803 469
1739961215274 9.45117135971911 470
1739961215338 5.648143372038586 471
1739961215404 10.52384020485967 472
1739961215468 6.701184128145957 473
1739961215533 9.407602935275763 474
1739961215601 6.118792303526875 475
1739961215670 13.307274966900499 476
1739961215738 6.974064262575917 477
1739961215802 6.908210153659575 478
1739961215870 4.694519401163409 479
1739961215937 7.011960426107761 480
1739961216003 6.526470521510018 481
1739961216067 6.371868237168627 482
1739961216133 7.4645517986273475 483
1739961216198 5.556489881473371 484
1739961216262 9.280295654008118 485
1739961216326 6.069769145029527 486
1739961216390 8.3613621803665 487
1739961216455 7.457968117028095 488
1739961216521 6.057265454776565 489
1739961216589 5.865846690647435 490
1739961216655 13.846243888710992 491
1739961216720 7.844520090059067 492
1739961216786 6.622620121414183 493
1739961216852 4.677472676970399 494
1739961216918 7.120193797006853 495
1739961216985 6.861285077909279 496
1739961217052 11.401574672492215 497
1739961217119 7.57338888296663 498
1739961217186 7.740536449533545 499
