1740006342092 177.43008441193882 0
1740006342120 177.07385923817333 1
1740006342143 176.71835065741726 2
1740006342168 176.36355722600322 3
1740006342191 176.00947750317755 4
1740006342215 175.65611005109415 5
1740006342238 175.30345343480855 6
1740006342261 174.95150622227246 7
1740006342283 174.60026698432733 8
1740006342304 174.249734294699 9
1740006342325 173.89990672999164 10
1740006342346 173.55078286968188 11
1740006342367 173.20236129611322 12
1740006342391 172.85464059448995 13
1740006342414 172.50761935287156 14
1740006342438 172.16129616216696 15
1740006342458 171.81566961612867 16
1740006342480 171.47073831134696 17
1740006342500 171.1265008472444 18
1740006342521 170.78295582606978 19
1740006342541 170.44010185289267 20
1740006342562 170.09793753559765 21
1740006342582 169.7564614848785 22
1740006342603 169.41567231423264 23
1740006342624 169.07556863995546 24
1740006342645 168.73614908113456 25
1740006342666 168.39741225964423 26
1740006342687 168.05935680013968 27
1740006342707 167.7219813300516 28
1740006342728 167.3852844795803 29
1740006342748 167.0492648816904 30
1740006342771 166.713921172105 31
1740006342791 166.3792519893002 32
1740006342811 166.04525597449955 33
1740006342831 165.71193177166842 34
1740006342853 165.3792780275086 35
1740006342879 165.04729339145254 36
1740006342904 164.7159765156581 37
1740006342927 164.3853260550028 38
1740006342949 164.05534066707844 39
1740006342970 163.72601901218565 40
1740006342991 163.39735975332826 41
1740006343011 163.06936155620804 42
1740006343032 162.742023089219 43
1740006343052 162.41534302344223 44
1740006343074 162.0893200326402 45
1740006343094 161.76395279325146 46
1740006343115 161.43923998438538 47
1740006343134 161.11518028781637 48
1740006343155 160.79177238797888 49
1740006343176 160.46901497196177 50
1740006343197 160.1469067295031 51
1740006343217 159.82544635298464 52
1740006343237 159.50463253742663 53
1740006343257 159.18446398048238 54
1740006343278 158.86493938243305 55
1740006343300 158.5460574461821 56
1740006343323 158.22781687725026 57
1740006343344 157.91021638377015 58
1740006343366 157.5932546764809 59
1740006343389 157.27693046872298 60
1740006343413 156.96124247643291 61
1740006343435 156.64618941813805 62
1740006343456 156.33177001495127 63
1740006343476 156.01798299056586 64
1740006343496 155.7048270712501 65
1740006343517 155.39230098584235 66
1740006343537 155.08040346574555 67
1740006343558 154.7691332449223 68
1740006343578 154.45848905988947 69
1740006343599 154.1484696497132 70
1740006343619 153.8390737560036 71
1740006343639 153.5303001229097 72
1740006343659 153.22214749711435 73
1740006343680 152.91461462782902 74
1740006343701 152.60770026678867 75
1740006343722 152.3014031682467 76
1740006343742 151.99572208896996 77
1740006343763 151.6906557882334 78
1740006343783 151.38620302781533 79
1740006343803 151.082362571992 80
1740006343823 150.77913318753292 81
1740006343843 150.47651364369545 82
1740006343868 150.17450271222012 83
1740006343891 149.87309916732536 84
1740006343974 149.57230178570262 85
1740006343996 149.27210934651137 86
1740006344017 148.97252063137398 87
1740006344038 148.6735344243708 88
1740006344059 148.37514951203545 89
1740006344080 148.07736468334937 90
1740006344101 147.78017872973723 91
1740006344121 147.48359044506205 92
1740006344141 147.1875986256198 93
1740006344161 146.89220207013514 94
1740006344182 146.59739957975594 95
1740006344203 146.30318995804865 96
1740006344223 146.00957201099348 97
1740006344244 145.7165445469793 98
1740006344264 145.42410637679893 99
1740006344284 145.13225631364426 100
1740006344305 144.8409931731013 101
1740006344325 144.55031577314554 102
1740006344346 144.26022293413683 103
1740006344366 143.9707134788149 104
1740006344388 143.68178623229426 105
1740006344409 143.39344002205948 106
1740006344430 143.10567367796065 107
1740006344450 142.81848603220817 108
1740006344473 142.53187591936822 109
1740006344495 142.24584217635808 110
1740006344516 141.96038364244117 111
1740006344536 141.6754991592225 112
1740006344556 141.3911875706437 113
1740006344577 141.10744772297852 114
1740006344598 140.82427846482815 115
1740006344618 140.54167864711624 116
1740006344638 140.25964712308442 117
1740006344662 139.97818274828757 118
1740006344689 139.69728438058908 119
1740006344709 139.4169508801564 120
1740006344729 139.137181109456 121
1740006344748 138.8579739332492 122
1740006344768 138.57932821858708 123
1740006344790 138.30124283480615 124
1740006344816 138.02371665352356 125
1740006344837 137.74674854863264 126
1740006344860 137.4703373962982 127
1740006344882 137.1944820749519 128
1740006344906 136.91918146528783 129
1740006344928 136.64443445025782 130
1740006344948 136.37023991506678 131
1740006344969 136.09659674716838 132
1740006344989 135.8235038362604 133
1740006345010 135.55096007428 134
1740006345031 135.27896435539964 135
1740006345051 135.00751557602212 136
1740006345073 134.7366126347762 137
1740006345093 134.46625443251241 138
1740006345113 134.19643987229796 139
1740006345134 133.9271678594129 140
1740006345154 133.65843730134512 141
1740006345174 133.39024710778628 142
1740006345193 133.12259619062706 143
1740006345216 132.85548346395296 144
1740006345236 132.58890784403974 145
1740006345256 132.32286824934891 146
1740006345276 132.05736360052347 147
1740006345297 131.7923928203835 148
1740006345317 131.52795483392157 149
1740006345337 131.2640485682986 150
1740006345358 131.0006729528393 151
1740006345378 130.73782691902778 152
1740006345398 130.47550940050343 153
1740006345422 130.2137193330563 154
1740006345446 129.95245565462287 155
1740006345468 129.69171730528163 156
1740006345490 129.43150322724887 157
1740006345515 129.17181236487434 158
1740006345540 128.91264366463685 159
1740006345565 128.65399607513996 160
1740006345588 128.39586854710785 161
1740006345610 128.1382600333809 162
1740006345634 127.88116948891144 163
1740006345658 127.62459587075948 164
1740006345680 127.36853813808841 165
1740006345702 127.11299525216089 166
1740006345722 126.85796617633444 167
1740006345742 126.60344987605733 168
1740006345762 126.34944531886426 169
1740006345782 126.0959514743722 170
1740006345804 125.84296731427622 171
1740006345828 125.5904918123452 172
1740006345849 125.33852394441769 173
1740006345872 125.08706268839771 174
1740006345897 124.83610702425055 175
1740006345920 124.5856559339988 176
1740006345942 124.33570840171781 177
1740006345965 124.08626341353195 178
1740006345987 123.83731995761018 179
1740006346010 123.58887702416207 180
1740006346032 123.34093360543366 181
1740006346054 123.09348869570319 182
1740006346076 122.84654129127728 183
1740006346097 122.60009039048653 184
1740006346118 122.35413499368174 185
1740006346138 122.10867410322949 186
1740006346160 121.8637067235083 187
1740006346181 121.61923186090455 188
1740006346203 121.37524852380832 189
1740006346224 121.13175572260941 190
1740006346244 120.8887524696933 191
1740006346264 120.6462377794371 192
1740006346284 120.40421066820548 193
1740006346305 120.16267015434674 194
1740006346325 119.92161525818882 195
1740006346346 119.68104500203513 196
1740006346366 119.44095841016086 197
1740006346387 119.20135450880854 198
1740006346408 118.96223232618456 199
1740006346428 118.72359089245491 200
1740006346448 118.4854292397413 201
1740006346469 118.24774640211706 202
1740006346489 118.01054141560364 203
1740006346508 117.77381331816603 204
1740006346528 117.53756114970945 205
1740006346549 117.30178395207489 206
1740006346572 117.06648076903566 207
1740006346593 116.83165064629323 208
1740006346613 116.59729263147337 209
1740006346634 116.3634057741223 210
1740006346654 116.12998912570276 211
1740006346677 115.89704173959025 212
1740006346697 115.664562671069 213
1740006346721 115.43255097732828 214
1740006346742 115.20100571745836 215
1740006346763 114.96992595244689 216
1740006346785 114.73931074517489 217
1740006346807 114.50915916041306 218
1740006346830 114.27947026481785 219
1740006346854 114.05024312692767 220
1740006346878 113.82147681715915 221
1740006346901 113.59317040780331 222
1740006346943 113.3653229730218 223
1740006346966 113.13793358884301 224
1740006346989 112.91100133315844 225
1740006347012 112.68452528571889 226
1740006347033 112.45850452813065 227
1740006347053 112.23293814385181 228
1740006347075 112.00782521818856 229
1740006347095 111.78316483829127 230
1740006347115 111.55895609315101 231
1740006347135 111.33519807359568 232
1740006347155 111.11188987228631 233
1740006347174 110.8890305837134 234
1740006347194 110.66661930419323 235
1740006347214 110.44465513186411 236
1740006347235 110.22313716668276 237
1740006347254 110.0020645104206 238
1740006347274 109.78143626666007 239
1740006347294 109.56125154079108 240
1740006347314 109.3415094400072 241
1740006347335 109.12220907330213 242
1740006347356 108.90334955146602 243
1740006347377 108.68492998708184 244
1740006347397 108.46694949452181 245
1740006347417 108.2494071899437 246
1740006347436 108.03230219128726 247
1740006347459 107.81563361827067 248
1740006347483 107.59940059238684 249
1740006347503 107.38360223689997 250
1740006347524 107.16823767684184 251
1740006347544 106.9533060390083 252
1740006347564 106.73880645195571 253
1740006347622 106.52473804599732 254
1740006347648 106.31109995319987 255
1740006347670 106.0978913073799 256
1740006347690 105.88511124410022 257
1740006347710 105.6727589006665 258
1740006347729 105.46083341612363 259
1740006347750 105.2493339312523 260
1740006347770 105.03825958856542 261
1740006347790 104.82760953230466 262
1740006347809 104.61738290843697 263
1740006347830 104.40757886465101 264
1740006347850 104.1981965503538 265
1740006347875 103.98923511666717 266
1740006347895 103.78069371642432 267
1740006347917 103.5725715041663 268
1740006347938 103.3648676361387 269
1740006347958 103.15758127028809 270
1740006347979 102.95071156625858 271
1740006348000 102.74425768538848 272
1740006348021 102.53821879070681 273
1740006348041 102.33259404692988 274
1740006348062 102.12738262045796 275
1740006348084 101.92258367937175 276
1740006348104 101.71819639342911 277
1740006348124 101.51421993406164 278
1740006348144 101.31065347437122 279
1740006348165 101.10749618912675 280
1740006348185 100.9047472547607 281
1740006348206 100.70240584936576 282
1740006348227 100.50047115269162 283
1740006348247 100.29894234614136 284
1740006348267 100.09781861276836 285
1740006348288 99.89709913727286 286
1740006348309 99.6967831059986 287
1740006348329 99.4968697069296 288
1740006348350 99.29735812968676 289
1740006348370 99.09824756552457 290
1740006348391 98.89953720732787 291
1740006348411 98.70122624960845 292
1740006348432 98.5033138885019 293
1740006348452 98.30579932176423 294
1740006348471 98.10868174876859 295
1740006348491 97.91196037050209 296
1740006348512 97.71563438956247 297
1740006348532 97.51970301015488 298
1740006348552 97.32416543808861 299
1740006348573 97.12902088077385 300
1740006348593 96.9342685472185 301
1740006348613 96.73990764802487 302
1740006348635 96.54593739538656 303
1740006348655 96.3523570030851 304
1740006348677 96.15916568648696 305
1740006348699 95.9663626625401 306
1740006348720 95.773947149771 307
1740006348741 95.58191836828126 308
1740006348761 95.39027553974462 309
1740006348781 95.19901788740366 310
1740006348802 95.00814463606666 311
1740006348822 94.81765501210444 312
1740006348842 94.62754824344725 313
1740006348869 94.43782355958153 314
1740006348895 94.24848019154686 315
1740006348916 94.05951737193273 316
1740006348937 93.87093433487551 317
1740006348957 93.68273031605526 318
1740006348977 93.49490455269265 319
1740006348997 93.30745628354573 320
1740006349017 93.12038474890709 321
1740006349038 92.93368919060045 322
1740006349058 92.74736885197781 323
1740006349079 92.56142297791622 324
1740006349100 92.37585081481473 325
1740006349120 92.1906516105914 326
1740006349140 92.00582461468014 327
1740006349160 91.82136907802762 328
1740006349180 91.63728425309036 329
1740006349200 91.45356939383156 330
1740006349220 91.27022375571805 331
1740006349240 91.08724659571739 332
1740006349259 90.90463717229463 333
1740006349279 90.72239474540947 334
1740006349299 90.54051857651321 335
1740006349320 90.35900792854557 336
1740006349339 90.17786206593195 337
1740006349360 89.99708025458024 338
1740006349381 89.81666176187787 339
1740006349401 89.63660585668886 340
1740006349421 89.45691180935081 341
1740006349442 89.27757889167194 342
1740006349462 89.09860637692805 343
1740006349481 88.91999353985966 344
1740006349505 88.74173965666904 345
1740006349528 88.56384400501717 346
1740006349547 88.38630586402088 347
1740006349568 88.20912451424991 348
1740006349588 88.03229923772385 349
1740006349608 87.85582931790941 350
1740006349629 87.67971403971738 351
1740006349649 87.5039526894997 352
1740006349670 87.32854455504659 353
1740006349691 87.15348892558369 354
1740006349711 86.97878509176903 355
1740006349733 86.80443234569029 356
1740006349754 86.63042998086183 357
1740006349775 86.4567772922218 358
1740006349795 86.2834735761293 359
1740006349816 86.1105181303615 360
1740006349837 85.93791025411076 361
1740006349859 85.76564924798183 362
1740006349879 85.59373441398888 363
1740006349900 85.42216505555287 364
1740006349921 85.2509404774984 365
1740006349941 85.08005998605118 366
1740006349963 84.90952288883503 367
1740006349983 84.73932849486904 368
1740006350003 84.56947611456492 369
1740006350023 84.399965059724 370
1740006350043 84.23079464353447 371
1740006350063 84.06196418056872 372
1740006350085 83.89347298678037 373
1740006350105 83.72532037950153 374
1740006350126 83.55750567744009 375
1740006350146 83.39002820067688 376
1740006350165 83.22288727066288 377
1740006350185 83.05608221021649 378
1740006350206 82.88961234352077 379
1740006350226 82.72347699612067 380
1740006350246 82.55767549492028 381
1740006350266 82.39220716818014 382
1740006350286 82.22707134551435 383
1740006350307 82.06226735788806 384
1740006350327 81.89779453761456 385
1740006350348 81.73365221835263 386
1740006350369 81.56983973510383 387
1740006350390 81.40635642420976 388
1740006350411 81.24320162334936 389
1740006350431 81.08037467153629 390
1740006350452 80.91787490911602 391
1740006350472 80.7557016777635 392
1740006350492 80.59385432048006 393
1740006350513 80.43233218159106 394
1740006350533 80.27113460674305 395
1740006350554 80.11026094290116 396
1740006350575 79.9497105383464 397
1740006350595 79.78948274267307 398
1740006350614 79.62957690678601 399
1740006350636 79.46999238289813 400
1740006350656 79.31072852452748 401
1740006350677 79.15178468649492 402
1740006350697 78.99316022492133 403
1740006350717 78.83485449722495 404
1740006350737 78.67686686211891 405
1740006350758 78.5191966796085 406
1740006350780 78.36184331098853 407
1740006350801 78.2048061188409 408
1740006350822 78.0480844670318 409
1740006350842 77.89167772070927 410
1740006350865 77.7355852463005 411
1740006350886 77.57980641150934 412
1740006350907 77.42434058531366 413
1740006350927 77.26918713796277 414
1740006350947 77.11434544097499 415
1740006350967 76.95981486713487 416
1740006350987 76.8055947904908 417
1740006351007 76.6516845863524 418
1740006351026 76.49808363128794 419
1740006351046 76.34479130312192 420
1740006351067 76.19180698093238 421
1740006351088 76.0391300450485 422
1740006351108 75.88675987704798 423
1740006351128 75.73469585975458 424
1740006351148 75.58293737723552 425
1740006351167 75.43148381479915 426
1740006351187 75.28033455899224 427
1740006351207 75.1294889975976 428
1740006351227 74.97894651963152 429
1740006351247 74.82870651534137 430
1740006351266 74.67876837620302 431
1740006351286 74.52913149491843 432
1740006351306 74.3797952654131 433
1740006351328 74.23075908283367 434
1740006351348 74.08202234354546 435
1740006351368 73.93358444512994 436
1740006351388 73.78544478638231 437
1740006351409 73.6376027673091 438
1740006351429 73.49005778912567 439
1740006351448 73.34280925425377 440
1740006351469 73.19585656631912 441
1740006351489 73.04919913014896 442
1740006351510 72.90283635176968 443
1740006351532 72.75676763840433 444
1740006351557 72.61099239847026 445
1740006351578 72.46551004157669 446
1740006351599 72.32031997852226 447
1740006351619 72.17542162129277 448
1740006351640 72.03081438305854 449
1740006351662 71.88649767817226 450
1740006351681 71.74247092216655 451
1740006351701 71.5987335317514 452
1740006351721 71.45528492481203 453
1740006351742 71.31212452040641 454
1740006351762 71.16925173876292 455
1740006351782 71.02666600127786 456
1740006351802 70.88436673051335 457
1740006351825 70.74235335019475 458
1740006351845 70.60062528520837 459
1740006351867 70.45918196159923 460
1740006351887 70.31802280656856 461
1740006351908 70.17714724847166 462
1740006351929 70.03655471681529 463
1740006351949 69.89624464225567 464
1740006351969 69.75621645659594 465
1740006351991 69.61646959278387 466
1740006352012 69.4770034849097 467
1740006352032 69.33781756820363 468
1740006352053 69.19891127903367 469
1740006352074 69.06028405490325 470
1740006352095 68.921935334449 471
1740006352115 68.7838645574384 472
1740006352135 68.64607116476758 473
1740006352156 68.5085545984589 474
1740006352176 68.37131430165888 475
1740006352196 68.23434971863574 476
1740006352217 68.09766029477724 477
1740006352239 67.96124547658842 478
1740006352260 67.82510471168928 479
1740006352280 67.6892374488126 480
1740006352300 67.55364313780167 481
1740006352320 67.41832122960805 482
1740006352341 67.28327117628928 483
1740006352361 67.14849243100677 484
1740006352382 67.01398444802344 485
1740006352402 66.8797466827016 486
1740006352424 66.74577859150067 487
1740006352445 66.61207963197499 488
1740006352466 66.47864926277163 489
1740006352486 66.34548694362807 490
1740006352507 66.21259213537024 491
1740006352528 66.07996429991005 492
1740006352548 65.94760290024335 493
1740006352569 65.81550740044774 494
1740006352590 65.68367726568037 495
1740006352610 65.55211196217574 496
1740006352632 65.42081095724352 497
1740006352652 65.28977371926644 498
1740006352673 65.15899971769801 499
