1739994369517 168.7980120451159 0
1739994369547 165.44136157277225 1
1739994369575 162.15152193515758 2
1739994369604 158.9271629039573 3
1739994369632 155.76698074704305 4
1739994369661 152.66969770042073 5
1739994369691 149.63406145071042 6
1739994369721 146.65884462794725 7
1739994369750 143.74284430849696 8
1739994369780 140.8848815278853 9
1739994369809 138.0838008033424 10
1739994369837 135.33846966586847 11
1739994369867 132.64777820163073 12
1739994369895 130.01063860250582 13
1739994369923 127.4259847255843 14
1739994369950 124.8927716614589 15
1739994369978 122.40997531112119 16
1739994370005 119.9765919712949 17
1739994370033 117.59163792803692 18
1739994370061 115.2541490584421 19
1739994370089 112.96318044028882 20
1739994370117 110.71780596946806 21
1739994370145 108.51711798503977 22
1739994370173 106.36022690176485 23
1739994370203 104.24626084996325 24
1739994370231 102.1743653225522 25
1739994370260 100.14370282912138 26
1739994370287 98.15345255690404 27
1739994370314 96.2028100385076 28
1739994370341 94.2909868262674 29
1739994370368 92.41721017309297 30
1739994370394 90.58072271967585 31
1739994370419 88.78078218793335 32
1739994370444 87.01666108056283 33
1739994370470 85.2876463865851 34
1739994370498 83.59303929275735 35
1739994370525 81.93215490073861 36
1739994370552 80.30432194989268 37
1739994370580 78.70888254561649 38
1739994370609 77.14519189308326 39
1739994370639 75.61261803629286 40
1739994370670 74.11054160232312 41
1739994370719 72.63835555067863 42
1739994370750 71.19546492763506 43
1739994370787 69.78128662547988 44
1739994370815 68.39524914655112 45
1739994370842 67.0367923719791 46
1739994370870 65.70536733503687 47
1739994370898 64.40043599900781 48
1739994370926 63.12147103948004 49
1739994370954 61.86795563097943 50
1739994370982 60.63938323785468 51
1739994371011 59.43525740932984 52
1739994371039 58.255091578640794 53
1739994371067 57.098408866174665 54
1739994371094 55.964741886532025 55
1739994371122 54.853632559433855 56
1739994371149 53.7646319243965 57
1739994371176 52.69729995909946 58
1739994371204 51.651205401372586 59
1739994371231 50.625925574730154 60
1739994371259 49.62104621738151 61
1739994371287 48.636161314648554 62
1739994371315 47.67087293472249 63
1739994371343 46.72479106769301 64
1739994371371 45.79753346778484 65
1739994371398 44.888725498737585 66
1739994371427 43.99799998226623 67
1739994371454 43.12499704954097 68
1739994371481 42.269363995626016 69
1739994371509 41.43075513681849 70
1739994371536 40.608831670829645 71
1739994371563 39.80326153975156 72
1739994371591 39.013719295753994 73
1739994371618 38.2398859694568 74
1739994371646 37.48144894092472 75
1739994371675 36.73810181323216 76
1739994371702 36.009544288546735 77
1739994371730 35.29548204668143 78
1739994371758 34.5956266260662 79
1739994371787 33.90969530709059 80
1739994371815 33.23741099777042 81
1739994371862 32.578502121691876 82
1739994371936 31.93270250818791 83
1739994371964 31.299751284702204 84
1739994371992 30.67939277129737 85
1739994372020 30.071376377264336 86
1739994372047 29.47545649979129 87
1739994372075 28.891392424651077 88
1739994372103 28.318948228866695 89
1739994372130 27.75789268531563 90
1739994372158 27.207999169234277 91
1739994372186 26.6690455665847 92
1739994372214 26.140814184246448 93
1739994372243 25.623091661997215 94
1739994372270 25.11566888624659 95
1739994372298 24.618340905488044 96
1739994372326 24.130906847434805 97
1739994372354 23.653169837806246 98
1739994372381 23.18493692073164 99
1739994372409 22.726018980739255 100
1739994372436 22.27623066629924 101
1739994372463 21.83539031488903 102
1739994372490 21.403319879551326 103
1739994372518 20.97984485691464 104
1739994372546 20.56479421664735 105
1739994372573 20.15800033231671 106
1739994372601 19.75929891362483 107
1739994372628 19.368528939994132 108
1739994372654 18.98553259547544 109
1739994372681 18.61015520495239 110
1739994372709 18.242245171616215 111
1739994372734 17.881653915685735 112
1739994372764 17.528235814347642 113
1739994372794 17.181848142892758 114
1739994372824 16.842351017024583 115
1739994372852 16.509607336316584 116
1739994372882 16.183482728795475 117
1739994372913 15.863845496627997 118
1739994372942 15.550566562889262 119
1739994372971 15.243519419390987 120
1739994372999 14.942580075548767 121
1739994373027 14.647627008267314 122
1739994373054 14.358541112823756 123
1739994373082 14.075205654728872 124
1739994373111 13.79750622254686 125
1739994373139 13.525330681654554 126
1739994373167 13.258569128921334 127
1739994373195 12.997113848291466 128
1739994373224 12.740859267250814 129
1739994373252 12.48970191416034 130
1739994373282 12.243540376439151 131
1739994373313 12.002275259580093 132
1739994373342 11.76580914698144 133
1739994373370 11.534046560578295 134
1739994373398 11.30689392225785 135
1739994373428 11.084259516042815 136
1739994373456 10.86605345102786 137
1739994373486 10.652187625053894 138
1739994373515 10.442575689105595 139
1739994373544 10.237133012417809 140
1739994373572 10.035776648276572 141
1739994373600 9.838425300501079 142
1739994373628 9.644999290592892 143
1739994373656 9.455420525539212 144
1739994373683 9.26961246625713 145
1739994373711 9.08750009666609 146
1739994373739 8.909009893376078 147
1739994373769 8.734069795979265 148
1739994373799 8.56260917793307 149
1739994373827 8.39455881802289 150
1739994373853 8.22985087239294 151
1739994373880 8.068418847133898 152
1739994373907 7.910197571416222 153
1739994373934 7.755123171158375 154
1739994373961 7.6031330432191675 155
1739994373990 7.45416583010392 156
1739994374018 7.30816139517407 157
1739994374045 7.165060798350349 158
1739994374073 7.024806272299606 159
1739994374102 6.887341199095608 160
1739994374131 6.752610087344532 161
1739994374161 6.620558549765728 162
1739994374191 6.491133281218781 163
1739994374220 6.3642820371679925 164
1739994374249 6.239953612575501 165
1739994374278 6.118097821214565 166
1739994374306 5.998665475394633 167
1739994374333 5.881608366089992 168
1739994374360 5.766879243463954 169
1739994374387 5.6544317977807035 170
1739994374415 5.5442206406971275 171
1739994374442 5.436201286926971 172
1739994374470 5.330330136270033 173
1739994374498 5.226564455999018 174
1739994374526 5.1248623635969714 175
1739994374554 5.025182809838333 176
1739994374582 4.927485562206748 177
1739994374610 4.83173118864291 178
1739994374638 4.737881041615924 179
1739994374667 4.6458972425116665 180
1739994374695 4.555742666331924 181
1739994374723 4.467380926698037 182
1739994374751 4.38077636115304 183
1739994374780 4.2958940167563435 184
1739994374809 4.212699635965121 185
1739994374836 4.131159642796718 186
1739994374863 4.051241129266434 187
1739994374891 3.9729118420952823 188
1739994374921 3.8961401696822686 189
1739994374953 3.820895129335986 190
1739994374981 3.7471463547602784 191
1739994375011 3.674864083789066 192
1739994375039 3.604019146365167 193
1739994375067 3.5345829527584582 194
1739994375095 3.466527482018487 195
1739994375123 3.399825270656876 196
1739994375150 3.334449401555012 197
1739994375179 3.270373493092478 198
1739994375208 3.2075716884918366 199
1739994375236 3.1460186453754866 200
1739994375265 3.0856895255303383 201
1739994375293 3.026559984876212 202
1739994375321 2.9686061636338583 203
1739994375349 2.911804676688653 204
1739994375376 2.856132604146059 205
1739994375404 2.801567482075064 206
1739994375432 2.7480872934358187 207
1739994375459 2.695670459187823 208
1739994375485 2.6442958295750723 209
1739994375512 2.5939426755846164 210
1739994375540 2.544590680575147 211
1739994375568 2.4962199320721155 212
1739994375596 2.4488109137261738 213
1739994375625 2.4023444974316472 214
1739994375653 2.3568019356018177 215
1739994375681 2.3121648535979613 216
1739994375709 2.2684152423090422 217
1739994375737 2.2255354508790597 218
1739994375764 2.183508179579123 219
1739994375794 2.1423164728213804 220
1739994375823 2.1019437123119573 221
1739994375850 2.0623736103401487 222
1739994375877 2.023590203201166 223
1739994375905 1.9855778447497476 224
1739994375933 1.9483212000820709 225
1739994375960 1.9118052393433693 226
1739994375985 1.876015231658777 227
1739994376011 1.8409367391849525 228
1739994376038 1.8065556112800645 229
1739994376065 1.772857978789792 230
1739994376092 1.7398302484470052 231
1739994376118 1.707459097382917 232
1739994376145 1.6757314677474413 233
1739994376172 1.64463456143659 234
1739994376199 1.6141558349247918 235
1739994376227 1.5842829942000525 236
1739994376255 1.5550039897998789 237
1739994376343 1.5263070119459898 238
1739994376371 1.4981804857758256 239
1739994376398 1.4706130666689612 240
1739994376427 1.4435936356664998 241
1739994376455 1.417111294981605 242
1739994376483 1.3911553635993867 243
1739994376510 1.365715372964313 244
1739994376538 1.340781062753451 245
1739994376564 1.3163423767338025 246
1739994376591 1.2923894587020697 247
1739994376618 1.2689126485052018 248
1739994376645 1.2459024781401442 249
1739994376672 1.2233496679311677 250
1739994376698 1.2012451227832621 251
1739994376725 1.1795799285100996 252
1739994376752 1.1583453482350259 253
1739994376782 1.1375328188636902 254
1739994376810 1.1171339476268427 255
1739994376838 1.0971405086919208 256
1739994376865 1.0775444398420682 257
1739994376892 1.0583378392212093 258
1739994376918 1.0395129621439023 259
1739994376946 1.0210622179686488 260
1739994376972 1.0029781670334377 261
1739994377001 0.9852535176522362 262
1739994377031 0.967881123171255 263
1739994377059 0.9508539790837784 264
1739994377085 0.9341652202023943 265
1739994377111 0.9178081178874934 266
1739994377202 0.9017760773309051 267
1739994377231 0.8860626348935786 268
1739994377261 0.8706614554962396 269
1739994377289 0.855566330061952 270
1739994377319 0.8407711730095696 271
1739994377347 0.8262700197970528 272
1739994377376 0.8120570245136645 273
1739994377404 0.7981264575200783 274
1739994377433 0.7844727031354176 275
1739994377461 0.7710902573703389 276
1739994377489 0.7579737257051934 277
1739994377517 0.7451178209124075 278
1739994377546 0.732517360922178 279
1739994377575 0.7201672667306374 280
1739994377604 0.7080625603496344 281
1739994377633 0.6961983627973009 282
1739994377662 0.684569892128596 283
1739994377691 0.6731724615050403 284
1739994377720 0.6620014773028403 285
1739994377748 0.6510524372586701 286
1739994377779 0.6403209286523146 287
1739994377808 0.6298026265254997 288
1739994377837 0.6194932919361351 289
1739994377865 0.6093887702472942 290
1739994377894 0.5994849894502433 291
1739994377923 0.5897779585208212 292
1739994377953 0.5802637658085239 293
1739994377982 0.5709385774576343 294
1739994378011 0.5617986358597711 295
1739994378043 0.5528402581372075 296
1739994378071 0.5440598346563758 297
1739994378102 0.5354538275709416 298
1739994378130 0.5270187693938593 299
1739994378162 0.5187512615978382 300
1739994378191 0.5106479732436484 301
1739994378221 0.5027056396357206 302
1739994378252 0.4949210610044805 303
1739994378283 0.4872911012149086 304
1739994378314 0.4798126865007838 305
1739994378346 0.47248280422411065 306
1739994378375 0.46529850165922315 307
1739994378405 0.4582568848010837 308
1739994378433 0.4513551171972804 309
1739994378463 0.4445904188032656 310
1739994378491 0.43796006486036787 311
1739994378519 0.4314613847961233 312
1739994378549 0.4250917611464764 313
1739994378577 0.41884862849943394 314
1739994378605 0.41272947245972585 315
1739994378633 0.40673182863406154 316
1739994378661 0.4008532816365716 317
1739994378688 0.39509146411404317 318
1739994378715 0.38944405579053365 319
1739994378742 0.38390878253100036 320
1739994378771 0.37848341542355357 321
1739994378802 0.37316576987996036 322
1739994378830 0.36795370475405154 323
1739994378858 0.3628451214776626 324
1739994378885 0.3578379632137607 325
1739994378913 0.35293021402641594 326
1739994378941 0.34811989806729454 327
1739994378969 0.34340507877832066 328
1739994378996 0.3387838581102143 329
1739994379022 0.33425437575656036 330
1739994379049 0.3298148084031211 331
1739994379077 0.32546336899208345 332
1739994379104 0.3211983060009359 333
1739994379131 0.31701790273569497 334
1739994379159 0.31292047663818834 335
1739994379186 0.308904378607121 336
1739994379213 0.30496799233264155 337
1739994379238 0.3011097336441482 338
1739994379266 0.29732804987107064 339
1739994379293 0.2936214192163635 340
1739994379320 0.2899883501424617 341
1739994379348 0.2864273807694558 342
1739994379377 0.2829370782852306 343
1739994379405 0.2795160383673451 344
1739994379433 0.27616288461640587 345
1739994379462 0.2728762680007136 346
1739994379490 0.2696548663119612 347
1739994379518 0.2664973836317519 348
1739994379547 0.2634025498087308 349
1739994379576 0.2603691199461216 350
1739994379605 0.25739587389945245 351
1739994379633 0.25448161578427014 352
1739994379661 0.2516251734936567 353
1739994379687 0.24882539822533076 354
1739994379715 0.24608116401816696 355
1739994379743 0.2433913672979216 356
1739994379772 0.2407549264320093 357
1739994379801 0.23817078129312272 358
1739994379829 0.2356378928315406 359
1739994379858 0.23315524265593796 360
1739994379886 0.23072183262253826 361
1739994379914 0.22833668443243216 362
1739994379942 0.22599883923691433 363
1739994379970 0.22370735725066365 364
1739994379997 0.22146131737261707 365
1739994380025 0.21925981681439127 366
1739994380052 0.21710197073608709 367
1739994380080 0.21498691188934607 368
1739994380108 0.21291379026749835 369
1739994380135 0.21088177276267583 370
1739994380163 0.20889004282974472 371
1739994380191 0.20693780015691784 372
1739994380219 0.20502426034292418 373
1739994380247 0.2031486545805952 374
1739994380275 0.20131022934674977 375
1739994380303 0.19950824609824266 376
1739994380331 0.19774198097406012 377
1739994380359 0.19601072450334253 378
1739994380388 0.1943137813192112 379
1739994380416 0.1926504698782904 380
1739994380443 0.19102012218580547 381
1739994380471 0.18942208352615192 382
1739994380498 0.18785571219882066 383
1739994380525 0.18632037925957556 384
1739994380550 0.18481546826678133 385
1739994380578 0.1833403750327736 386
1739994380605 0.18189450738017746 387
1739994380632 0.18047728490307083 388
1739994380659 0.1790881387328994 389
1739994380686 0.177726511309045 390
1739994380711 0.1763918561539605 391
1739994380735 0.17508363765277482 392
1739994380763 0.17380133083728094 393
1739994380793 0.17254442117422375 394
1739994380820 0.17131240435779532 395
1739994380847 0.17010478610625926 396
1739994380874 0.16892108196261676 397
1739994380902 0.1677608170992438 398
1739994380929 0.16662352612640438 399
1739994380955 0.1655087529045837 400
1739994380982 0.16441605036054324 401
1739994381008 0.16334498030704026 402
1739994381032 0.16229511326613363 403
1739994381058 0.1612660282959983 404
1739994381085 0.16025731282118935 405
1739994381110 0.15926856246628224 406
1739994381134 0.15829938089281595 407
1739994381161 0.157349379639486 408
1739994381187 0.15641817796551147 409
1739994381212 0.15550540269711788 410
1739994381237 0.15461068807707565 411
1739994381264 0.1537336756172277 412
1739994381291 0.15287401395395198 413
1739994381316 0.15203135870649892 414
1739994381343 0.15120537233814543 415
1739994381371 0.1503957240201097 416
1739994381397 0.14960208949817408 417
1739994381424 0.14882415096195978 418
1739994381450 0.1480615969168007 419
1739994381477 0.14731412205816777 420
1739994381502 0.1465814271485881 421
1739994381526 0.14586321889701234 422
1739994381550 0.14515920984058361 423
1739994381577 0.14446911822875466 424
1739994381601 0.14379266790971243 425
1739994381625 0.1431295882190585 426
1739994381650 0.1424796138707057 427
1739994381677 0.14184248484994436 428
1739994381702 0.14121794630863385 429
1739994381727 0.1406057484624788 430
1739994381751 0.14000564649035044 431
1739994381780 0.13941740043560655 432
1739994381808 0.13884077510937803 433
1739994381834 0.1382755399957738 434
1739994381859 0.13772146915897612 435
1739994381888 0.13717834115218042 436
1739994381915 0.13664593892834617 437
1739994381942 0.13612404975272388 438
1739994381968 0.1356124651171208 439
1739994381995 0.1351109806558721 440
1739994382020 0.13461939606348336 441
1739994382044 0.1341375150139085 442
1739994382068 0.13366514508143781 443
1739994382096 0.13320209766315444 444
1739994382122 0.13274818790293444 445
1739994382147 0.13230323461696084 446
1739994382173 0.1318670602207153 447
1739994382201 0.13143949065742302 448
1739994382226 0.1310203553279219 449
1739994382251 0.13060948702192396 450
1739994382279 0.130206721850646 451
1739994382306 0.12981189918077835 452
1739994382333 0.12942486156976743 453
1739994382359 0.1290454547023856 454
1739994382387 0.12867352732856127 455
1739994382415 0.12830893120244705 456
1739994382443 0.12795152102269766 457
1739994382470 0.1276011543739366 458
1739994382497 0.12725769166938714 459
1739994382524 0.12692099609464294 460
1739994382548 0.12659093355255724 461
1739994382573 0.12626737260922935 462
1739994382601 0.12595018444106323 463
1739994382627 0.12563924278287955 464
1739994382654 0.12533442387705981 465
1739994382682 0.1250356064237024 466
1739994382711 0.12474267153176735 467
1739994382738 0.12445550267119616 468
1739994382767 0.12417398562598081 469
1739994382797 0.12389800844816752 470
1739994382826 0.12362746141277338 471
1739994382854 0.12336223697360263 472
1739994382882 0.1231022297199382 473
1739994382951 0.12284733633409685 474
1739994382986 0.1225974555498263 475
1739994383015 0.12235248811153109 476
1739994383043 0.12211233673430937 477
1739994383141 0.12187690606478309 478
1739994383176 0.12164610264270741 479
1739994383205 0.12141983486334429 480
1739994383232 0.12119801294058381 481
1739994383259 0.12098054887079804 482
1739994383287 0.1207673563974154 483
1739994383314 0.12055835097619715 484
1739994383342 0.12035344974120604 485
1739994383369 0.12015257147145153 486
1739994383395 0.11995563655819715 487
1739994383422 0.1197625669729185 488
1739994383450 0.11957328623589907 489
1739994383478 0.11938771938544936 490
1739994383506 0.11920579294773867 491
1739994383533 0.11902743490722602 492
1739994383561 0.11885257467768028 493
1739994383588 0.11868114307377571 494
1739994383616 0.11851307228325197 495
1739994383644 0.11834829583962785 496
1739994383672 0.11818674859545857 497
1739994383700 0.11802836669612288 498
1739994383727 0.11787308755413343 499
