1740000522626 107.45956114051235 0
1740000522722 77.75394541969098 1
1740000522818 40.10751556375191 2
1740000522911 39.25452162451036 3
1740000523003 18.19847302515504 4
1740000523093 12.81315839779554 5
1740000523185 5.7967397560205685 6
1740000523281 8.995860126392094 7
1740000523371 3.72787178443119 8
1740000523462 2.0882487205181963 9
1740000523556 2.8871452431317155 10
1740000523647 3.005551452091007 11
1740000523736 1.0253431559138386 12
1740000523830 1.4226282022545524 13
1740000523925 1.127533392177659 14
1740000524014 0.5320742082678072 15
1740000524104 1.1039637385112675 16
1740000524194 0.1067707363953572 17
1740000524283 0.0339976371869424 18
1740000524420 0.3002694971500285 19
1740000524510 0.8665110390660584 20
1740000524603 1.030880421261123 21
1740000524692 0.19659109265894278 22
1740000524794 0.5282633653021988 23
1740000524889 0.37487297159843735 24
1740000524980 0.6601709294366878 25
1740000525070 0.14621921495138682 26
1740000525163 0.21126374352574523 27
1740000525257 0.387492628256077 28
1740000525347 1.7491027880432914 29
1740000525438 0.33444925653878077 30
1740000525529 0.48061530136327774 31
1740000525618 0.539254264204794 32
1740000525708 0.14277217089197755 33
1740000525801 0.424728651133059 34
1740000525896 1.2203387374630938 35
1740000525988 1.4188501829630267 36
1740000526077 0.7563098455657583 37
1740000526167 0.5894277583634799 38
1740000526258 1.0655479330693927 39
1740000526348 0.7332939520303458 40
1740000526436 0.5922702457297169 41
1740000526526 0.30756054570246416 42
1740000526617 0.10322337538828297 43
1740000526715 0.9253161026313316 44
1740000526809 1.110405423641519 45
1740000526900 0.08250835959629335 46
1740000526995 0.5514262424246527 47
1740000527084 0.5586363847369739 48
1740000527172 0.26566995059084975 49
1740000527265 0.104042622922412 50
1740000527356 1.0495908758549764e-05 51
1740000527447 0.5425653471715792 52
1740000527535 0.6236493576846549 53
1740000527626 0.1760085561846506 54
1740000527720 0.005983542706814623 55
1740000527815 1.5832457514624096 56
1740000527963 0.315392526735751 57
1740000528051 0.4298720557232359 58
1740000528141 0.6181803605464543 59
1740000528232 0.39016152426423495 60
1740000528322 0.34073032236184164 61
1740000528413 0.06716484428596974 62
1740000528502 0.12112895538465647 63
1740000528591 0.15453281445644432 64
1740000528680 0.6372477835158286 65
1740000528775 0.3284833989486577 66
1740000528866 0.7177140877234113 67
1740000528955 1.9295510291491824 68
1740000529045 0.7626631723578006 69
1740000529132 1.4121073647488107 70
1740000529224 0.1536719449688517 71
1740000529313 0.5398362454134114 72
1740000529402 0.2807182532065881 73
1740000529492 0.2758774489434341 74
1740000529580 0.3213081967686318 75
1740000529669 0.8979657324329957 76
1740000529760 0.27950353700409347 77
1740000529855 0.0046195869908516474 78
1740000529943 0.6791165900020592 79
1740000530037 1.8211740233672737 80
1740000530128 0.4330072670485568 81
1740000530218 1.132835273889229 82
1740000530308 0.1319654060397544 83
1740000530397 0.350263183056242 84
1740000530489 0.14838139335501865 85
1740000530593 0.1696827442455686 86
1740000530682 0.6117516264142606 87
1740000530777 0.8400370662811614 88
