1739991352058 6.513575783932573 0
1739991352094 6.526213614700937 1
1739991352128 6.597413775161922 2
1739991352162 6.563709471742912 3
1739991352198 6.532694645149727 4
1739991352238 6.531339919202759 5
1739991352272 6.5954306903436635 6
1739991352306 6.552151049188336 7
1739991352341 6.580753045650599 8
1739991352375 6.6036778860566185 9
1739991352410 6.570372810296751 10
1739991352445 6.574547006065581 11
1739991352480 6.568952433745317 12
1739991352515 6.54172450943096 13
1739991352548 6.589917149231881 14
