1740003540865 168.32736071108116 0
1740003540892 177.92473625157075 1
1740003540913 162.2012866120816 2
1740003540932 158.87838541874888 3
1740003540956 159.48200503648096 4
1740003540975 159.11491511966528 5
1740003541005 144.98274104851242 6
1740003541026 156.60501276492317 7
1740003541048 155.1116740085234 8
1740003541068 147.70634698817176 9
1740003541088 144.34860762524937 10
1740003541107 146.20088767368253 11
1740003541126 142.0091004831971 12
1740003541145 139.23145589199078 13
1740003541165 132.90627709806358 14
1740003541185 137.93580462366782 15
1740003541208 124.16565821442423 16
1740003541227 128.86074852877877 17
1740003541248 121.86640744190845 18
1740003541271 122.8292856590459 19
1740003541291 119.66600428573263 20
1740003541311 119.60558729380524 21
1740003541330 110.01598716127735 22
1740003541350 114.32603149757914 23
1740003541370 109.06222655419117 24
1740003541389 109.03404251474947 25
1740003541408 106.39546103359407 26
1740003541427 106.65279297430301 27
1740003541449 103.43608777418181 28
1740003541473 102.19077718696468 29
1740003541492 101.58248137899159 30
1740003541511 104.02501941411819 31
1740003541532 101.14915622339672 32
1740003541554 86.47519503442948 33
1740003541573 96.62243918165183 34
1740003541592 95.44488946786251 35
1740003541612 90.42707730273187 36
1740003541633 88.36273794312122 37
1740003541654 89.77741478962524 38
1740003541673 83.44101590815653 39
1740003541693 84.34460572232561 40
1740003541713 84.78249896218928 41
1740003541732 79.4458493870483 42
1740003541751 78.62571358452234 43
1740003541771 79.42723723505385 44
1740003541790 74.70200996597822 45
1740003541810 75.44070026432047 46
1740003541831 71.25971827605024 47
1740003541924 70.24302508515292 48
1740003541946 70.79235779178119 49
1740003541966 71.47020750538469 50
1740003541986 73.59933746708273 51
1740003542007 68.55574301593857 52
1740003542027 67.01195259975539 53
1740003542046 64.47091419380571 54
1740003542065 65.5175585338994 55
1740003542086 64.14775958425447 56
1740003542109 63.26028289777241 57
1740003542130 59.99955920437562 58
1740003542151 62.80395757557431 59
1740003542170 56.425109507638375 60
1740003542189 57.43167627952138 61
1740003542209 56.414800194888 62
1740003542229 51.90489842298242 63
1740003542249 55.727935460570855 64
1740003542269 54.77828362011434 65
1740003542288 57.207700816961996 66
1740003542308 51.15980093996283 67
1740003542327 53.28314643611571 68
1740003542347 50.48078042067565 69
1740003542366 48.73714387924936 70
1740003542386 46.50666149575049 71
1740003542406 49.49566642988618 72
1740003542425 48.387861553277745 73
1740003542444 44.42966923939014 74
1740003542463 45.5434487079759 75
1740003542483 43.4972594357329 76
1740003542503 43.42824992129662 77
1740003542521 44.94055842491587 78
1740003542541 42.41314990422646 79
1740003542560 42.52738663522525 80
1740003542582 41.53516124659224 81
1740003542600 40.25816613543085 82
1740003542620 39.933226081422454 83
1740003542640 38.27062454240662 84
1740003542662 38.391663532626374 85
1740003542681 38.07519373171872 86
1740003542701 36.10192622669826 87
1740003542720 37.192070178954374 88
1740003542739 34.86545063109276 89
1740003542760 36.620310162775354 90
1740003542780 32.585705579253386 91
1740003542799 33.237700907956295 92
1740003542818 31.43416783985761 93
1740003542845 33.05758841432422 94
1740003542869 31.515085735272276 95
1740003542952 29.67782630193221 96
1740003542973 31.77044594931841 97
1740003542994 29.754543191138797 98
1740003543014 28.967579613037813 99
1740003543033 27.925113827490144 100
1740003543052 27.957809887990642 101
1740003543072 26.76604738287792 102
1740003543092 26.00538076008083 103
1740003543111 26.031723224725575 104
1740003543131 25.09274565312273 105
1740003543152 24.662679597362573 106
1740003543171 26.15339146428608 107
1740003543192 25.36732553974342 108
1740003543211 24.499748444742817 109
1740003543230 23.949647745203503 110
1740003543249 23.589828510840864 111
1740003543271 24.041690219683186 112
1740003543291 22.177446915566833 113
1740003543311 20.7397490722487 114
1740003543330 20.57443642368283 115
1740003543353 21.438864458386938 116
1740003543376 21.465881598162213 117
1740003543400 21.191121506525505 118
1740003543420 19.62547569041311 119
1740003543440 19.474093444539104 120
1740003543462 18.630388188460344 121
1740003543482 19.58405520532166 122
1740003543504 18.661362578273472 123
1740003543524 18.907578733914825 124
1740003543544 17.59443489637061 125
1740003543564 17.107197995119023 126
1740003543583 18.820372140320988 127
1740003543602 18.278562547281997 128
1740003543622 17.427566955326274 129
1740003543643 17.406115705231944 130
1740003543663 17.99466645085842 131
1740003543682 16.83186882839693 132
1740003543701 15.359429475749375 133
1740003543720 16.423512421108914 134
1740003543742 15.060049731325632 135
1740003543761 15.141424825094711 136
1740003543781 14.41511341542136 137
1740003543800 14.759025931172788 138
1740003543821 14.298142816741567 139
1740003543843 13.343659937988933 140
1740003543863 13.64527885761362 141
1740003543882 14.066617664170126 142
1740003543902 13.993769717328092 143
1740003543922 13.35602392406995 144
1740003543942 12.592627551010896 145
1740003543960 12.838928140328886 146
1740003543980 13.443025170680926 147
1740003544001 12.989666287103008 148
1740003544021 12.739436945499023 149
1740003544040 12.257777684502912 150
1740003544060 11.182081337118595 151
1740003544078 11.91427103845499 152
1740003544101 11.357008869742915 153
1740003544120 10.928678355884408 154
1740003544140 10.549120455986584 155
1740003544160 10.7178599540055 156
1740003544182 10.461192330914203 157
1740003544202 10.634217206613876 158
1740003544221 10.624273140282243 159
1740003544241 10.165544546083387 160
1740003544259 9.300642952161512 161
1740003544280 9.293660715363625 162
1740003544299 9.427574554214248 163
1740003544319 9.714307029439682 164
1740003544338 9.569801508655896 165
1740003544358 9.464359786368764 166
1740003544378 8.72844832764355 167
1740003544398 9.08916606126816 168
1740003544417 9.086494239950458 169
1740003544436 8.172888494944784 170
1740003544457 8.226580665226116 171
1740003544478 8.892737211082734 172
1740003544498 7.737031007846065 173
1740003544516 8.099715930239434 174
1740003544536 8.028026554289122 175
1740003544558 8.01213028640691 176
1740003544577 7.3220945487009255 177
1740003544596 7.372637139613869 178
1740003544616 8.051705991594607 179
1740003544636 7.690748568637051 180
1740003544656 6.90892045079113 181
1740003544675 6.773898955399449 182
1740003544694 7.234803901107577 183
1740003544713 6.663447239972038 184
1740003544733 6.815526197897077 185
1740003544752 6.2791499879958215 186
1740003544772 6.137634715160962 187
1740003544791 5.849578865807218 188
1740003544811 5.56125806611188 189
1740003544831 6.344767299760202 190
1740003544851 5.934979536251673 191
1740003544870 6.321158579672289 192
1740003544889 5.729424068461472 193
1740003544909 5.723213072509884 194
1740003544929 5.2470445933367795 195
1740003544948 5.981201327297422 196
1740003544968 5.427675236783177 197
1740003544987 4.912380445075986 198
1740003545011 5.510717811738804 199
1740003545031 4.415616400675922 200
1740003545050 4.666551777915781 201
1740003545069 5.256957549862284 202
1740003545089 4.9633520858237725 203
1740003545108 4.463163312205857 204
1740003545127 4.779457458786966 205
1740003545146 4.786620345382057 206
1740003545165 4.622421332858214 207
1740003545185 4.49933893919914 208
1740003545205 4.8269859589515 209
1740003545225 4.435716287449107 210
1740003545245 4.185406492168882 211
1740003545264 4.141507667995663 212
1740003545286 3.6279407085657067 213
1740003545306 4.191883827918592 214
1740003545326 3.904297729589291 215
1740003545345 3.9626635944900315 216
1740003545368 3.722180264626022 217
1740003545388 4.07958747252141 218
1740003545407 4.015866098223507 219
1740003545426 3.734246935812326 220
1740003545446 3.7236814310180533 221
1740003545466 3.25084077244281 222
1740003545485 3.0379574440786916 223
1740003545504 3.6039309750678385 224
1740003545526 3.218363118376573 225
1740003545550 3.345661672375735 226
1740003545570 3.720264607352626 227
1740003545589 3.2425668773786294 228
1740003545609 3.314436088410425 229
1740003545628 3.353702303230809 230
1740003545649 3.03997267767014 231
1740003545669 2.9087342419037845 232
1740003545688 3.145331194700999 233
1740003545707 3.098215660326691 234
1740003545727 2.8067333130452683 235
1740003545748 2.4629655002100277 236
1740003545766 2.553191988094365 237
1740003545786 2.7896694421962174 238
1740003545805 2.737706862201578 239
1740003545828 2.966324750616951 240
1740003545849 2.6695975257839213 241
1740003545868 2.494334130352192 242
1740003545887 2.626432857612018 243
1740003545906 2.3118381408655058 244
1740003545926 2.6003004605341116 245
1740003545946 2.2607685946732468 246
1740003545964 2.4118552303387046 247
1740003545984 2.249585061841722 248
1740003546003 2.4535858942469697 249
1740003546023 2.2105293345045127 250
1740003546043 2.3278923646022225 251
1740003546062 2.094936242914226 252
1740003546082 1.9582657936276973 253
1740003546103 2.0086458189831076 254
1740003546121 1.9548080519791073 255
1740003546141 1.9722444362700906 256
1740003546160 2.1500684393341705 257
1740003546179 2.024845182658894 258
1740003546199 2.0818415712447598 259
1740003546217 1.887986610620111 260
1740003546237 1.7920415495025108 261
1740003546257 1.8339322949680381 262
1740003546278 1.6859197266736696 263
1740003546300 2.1400689580132752 264
1740003546321 1.797677953828741 265
1740003546341 1.5724145654483794 266
1740003546360 1.5905711839262555 267
1740003546382 1.7273621105147785 268
1740003546402 1.4473226530035863 269
1740003546423 1.6827960045990318 270
1740003546442 1.734253164628259 271
1740003546462 1.5975941143293306 272
1740003546482 1.5290152217340922 273
1740003546502 1.7002710409845658 274
1740003546521 1.5507565976645554 275
1740003546540 1.538817121529407 276
1740003546561 1.4449798023856304 277
1740003546580 1.5548305463228296 278
1740003546599 1.5192983248828764 279
1740003546619 1.1573479748281794 280
1740003546639 1.1530306624508868 281
1740003546660 1.629808467976238 282
1740003546679 1.3687409236518866 283
1740003546699 1.156659028041642 284
1740003546718 1.2225475781569448 285
1740003546738 1.1813829594684688 286
1740003546757 1.2665883799194309 287
1740003546776 1.3155456602474431 288
1740003546795 1.2620705870526214 289
1740003546815 1.111710812636934 290
1740003546856 1.274068849141525 291
1740003546884 1.2451870992622103 292
1740003546908 1.2393199871744263 293
1740003546931 0.9922817918402275 294
1740003546956 1.2178072980261245 295
1740003546981 1.22574722186627 296
1740003547005 0.9839063220080485 297
1740003547027 1.0850776093397823 298
1740003547048 1.1200859052921985 299
1740003547083 0.9469750235216675 300
1740003547108 1.0608860489231113 301
1740003547133 1.0618051448861636 302
1740003547166 0.8407743406373668 303
1740003547202 0.9178375343540748 304
1740003547226 0.9591358506181908 305
1740003547253 0.895609253346004 306
1740003547282 0.8990703754790107 307
1740003547311 0.8926584619591229 308
1740003547339 1.0184206260162847 309
1740003547362 0.8608381565301892 310
1740003547386 0.9004751475988907 311
1740003547411 0.9100964516606018 312
1740003547438 0.872369866135818 313
1740003547459 0.721489250489565 314
1740003547481 0.9551693393901429 315
1740003547503 0.8212708428365489 316
1740003547529 0.7935033146202617 317
1740003547553 0.8658556607664493 318
1740003547578 0.8044427669202692 319
1740003547601 0.8791767384132887 320
1740003547627 0.7106341693868116 321
1740003547651 0.8628080982577495 322
1740003547673 0.7312837683452458 323
1740003547695 0.8407372325544928 324
1740003547716 0.701836536848378 325
1740003547745 0.6357404228608117 326
1740003547767 0.8527030386677646 327
1740003547790 0.824645874549878 328
1740003547812 0.5327924997931045 329
1740003547840 0.6628844651620391 330
1740003547862 0.7669021449213326 331
1740003547884 0.5840478491693365 332
1740003547907 0.7417972078772856 333
1740003547933 0.6509693908769303 334
1740003547957 0.6171817688013116 335
1740003547980 0.6855059686481747 336
1740003548001 0.5578912096486539 337
1740003548025 0.6150370407995719 338
1740003548050 0.675579892322239 339
1740003548073 0.6489616941319221 340
1740003548096 0.6727113559100231 341
1740003548118 0.6999966995837941 342
1740003548141 0.6756295820115804 343
1740003548162 0.6332175057530375 344
1740003548184 0.6006512570245871 345
1740003548206 0.6973115817489629 346
1740003548229 0.5362628239178808 347
1740003548253 0.6221718068598628 348
1740003548275 0.5736073276503871 349
1740003548296 0.6052806083976194 350
1740003548319 0.5679497683881922 351
1740003548347 0.7225973454530873 352
1740003548369 0.5009193563441446 353
1740003548390 0.6334923616479252 354
1740003548413 0.5121966142956069 355
1740003548435 0.5133440952496937 356
1740003548457 0.4785942422448648 357
1740003548477 0.450657971921549 358
1740003548499 0.6022264380801982 359
1740003548520 0.4384198534118461 360
1740003548543 0.4691195129407059 361
1740003548564 0.3223840132615928 362
1740003548586 0.4656291113729323 363
1740003548607 0.419469557944325 364
1740003548628 0.5685955321119375 365
1740003548651 0.44255662149831265 366
1740003548672 0.5714012939148915 367
1740003548693 0.40898843784640176 368
1740003548714 0.4892862928219629 369
1740003548738 0.3886100985332339 370
1740003548759 0.4425814650731208 371
1740003548780 0.3498500927581716 372
1740003548801 0.38360191326727217 373
1740003548823 0.32612979748531534 374
1740003548845 0.47064722525975206 375
1740003548866 0.4660923747760926 376
1740003548887 0.282482695015077 377
1740003548908 0.4384677714371394 378
1740003548930 0.4050576077133109 379
1740003548950 0.39389344966859274 380
1740003548971 0.4610108090117547 381
1740003548992 0.3957438642881389 382
1740003549016 0.32248044133416875 383
1740003549038 0.31470817009607155 384
1740003549058 0.4310797824132054 385
1740003549079 0.38475869593847 386
1740003549100 0.3657014516013671 387
1740003549123 0.5222436139052252 388
1740003549144 0.4541315566325441 389
1740003549165 0.4088328265400832 390
1740003549185 0.42110921016955466 391
1740003549208 0.5190659014065478 392
1740003549230 0.31879033947112334 393
1740003549251 0.3300193451547641 394
1740003549272 0.33588876340664214 395
1740003549292 0.3183780139139813 396
1740003549315 0.28741948588448585 397
1740003549336 0.3289128065247208 398
1740003549357 0.3252325514547012 399
1740003549379 0.32293340396466247 400
1740003549402 0.43026500648522237 401
1740003549423 0.30233988969360986 402
1740003549445 0.28785438266405866 403
1740003549466 0.34877887384527223 404
1740003549486 0.27052095717914626 405
1740003549508 0.3766774347426874 406
1740003549530 0.3332090340172396 407
1740003549551 0.25934220326655744 408
1740003549576 0.2284493245733475 409
1740003549602 0.25317016896872235 410
1740003549629 0.34977908078364944 411
1740003549653 0.33524274044168545 412
1740003549674 0.33973392434869976 413
1740003549695 0.2633115401103163 414
1740003549720 0.31174360692021946 415
1740003549741 0.21103656541840177 416
1740003549763 0.41166639060030924 417
1740003549784 0.25691980106736567 418
1740003549806 0.21042203103388898 419
1740003549829 0.28935918145069695 420
1740003549852 0.25412197284653665 421
1740003549874 0.33409667252360303 422
1740003549896 0.24757479626248133 423
1740003549918 0.3242919602708474 424
1740003549940 0.3208032048777725 425
1740003549961 0.24982206434180515 426
1740003549982 0.22215311408186775 427
1740003550006 0.26181402644578716 428
1740003550033 0.24895374883040344 429
1740003550056 0.1875715927532456 430
1740003550081 0.29344842590965103 431
1740003550105 0.306871754613556 432
1740003550127 0.20327480658713584 433
1740003550148 0.19903478708975825 434
1740003550169 0.3008680669109902 435
1740003550190 0.2746179318967562 436
1740003550212 0.2555357720892388 437
1740003550233 0.2297490976486882 438
1740003550254 0.26940325679528115 439
1740003550276 0.322852990844594 440
1740003550301 0.25122411130395117 441
1740003550325 0.17924390889732508 442
1740003550346 0.1960649625009964 443
1740003550368 0.26460820353695874 444
1740003550389 0.22098674347293826 445
1740003550411 0.22885067219606864 446
1740003550433 0.21849966284967207 447
1740003550455 0.22291569406153416 448
1740003550475 0.2331618811355071 449
1740003550498 0.2875261794985438 450
1740003550520 0.25891680399245465 451
1740003550541 0.24421648404132362 452
1740003550562 0.21203926922561886 453
1740003550582 0.21097668335519518 454
1740003550605 0.19309152606050348 455
1740003550626 0.14860518091263286 456
1740003550648 0.18173964501467976 457
1740003550668 0.3604790458057368 458
1740003550689 0.1722490856773229 459
1740003550714 0.25153674449855284 460
1740003550735 0.20157969577431212 461
1740003550756 0.22644575729270294 462
1740003550776 0.21490005450830346 463
1740003550799 0.1750709758820205 464
1740003550820 0.22626194081374532 465
1740003550843 0.1634091708496281 466
1740003550864 0.20339220872655292 467
1740003550887 0.2193987266510667 468
1740003550909 0.21837274348625174 469
1740003550930 0.21173993604770974 470
1740003550950 0.29717615675723275 471
1740003550971 0.2236853625722554 472
1740003550993 0.14672891762396667 473
1740003551015 0.17869022342547045 474
1740003551036 0.2511725061954021 475
1740003551057 0.23662045070094545 476
1740003551080 0.13046888069920673 477
1740003551101 0.2150135889387013 478
1740003551122 0.1589962518348446 479
1740003551143 0.3004612688152039 480
1740003551164 0.18111316385241413 481
1740003551187 0.24413237070544774 482
1740003551207 0.26879804232750826 483
1740003551228 0.21021862933451507 484
1740003551249 0.246916972214829 485
1740003551272 0.21443688395255786 486
1740003551294 0.2287903401555946 487
1740003551315 0.1817440870904508 488
1740003551335 0.17106871843744975 489
1740003551357 0.20112420846846407 490
1740003551380 0.22040260541837994 491
1740003551401 0.2828824609072847 492
1740003551422 0.22730772751043618 493
1740003551443 0.24859743611823598 494
1740003551467 0.17375275666979095 495
1740003551490 0.2350015867632915 496
1740003551511 0.18952954985840806 497
1740003551533 0.1745069298863952 498
1740003551554 0.132407131302743 499
