1739968016548 6.600836678106011 0
1739968016572 6.550962813980715 1
1739968016596 6.504644255374264 2
1739968016618 6.618062186236915 3
1739968016641 6.570554733772409 4
1739968016662 6.499888394869783 5
1739968016684 6.566122617655213 6
1739968016706 6.571434507323446 7
1739968016729 6.633142963186856 8
1739968016753 6.487125653517381 9
1739968016777 6.572979263280366 10
1739968016800 6.5419637016288705 11
1739968016822 6.497495423706435 12
1739968016844 6.510733032571038 13
1739968016866 6.518954377365727 14
1739968016888 6.542217209298652 15
