1739970373665 3.699580229124221 0
1739970373749 0.08655859639471039 1
1739970373836 0.06879409088209114 2
1739970373913 0.0006457392705283779 3
1739970373994 0.021354809397848246 4
1739970374076 0.008305045862431432 5
1739970374156 0.01043845577039248 6
1739970374259 0.039302814150323134 7
1739970374344 0.008771892085352201 8
1739970374421 0.0005357290308336313 9
1739970374503 0.0025046681255714892 10
1739970374583 0.009631850495677233 11
1739970374663 0.014934611595793333 12
1739970374741 0.05835845442642723 13
1739970374828 0.027016868393250612 14
1739970374972 0.054802443703644635 15
1739970375059 0.0899119229428936 16
1739970375143 0.0025972684100685527 17
1739970375220 0.0006198148544751463 18
1739970375298 0.007680355155939816 19
1739970375378 0.05289240082325524 20
1739970375454 3.451666863090147e-05 21
1739970375535 0.04764041751532265 22
1739970375622 0.06363100952873829 23
1739970375700 0.037991881538147615 24
1739970375776 4.823165129182185e-06 25
1739970375854 0.008867673435618818 26
1739970375929 0.07204596379628737 27
1739970376006 0.07146591567304256 28
1739970376085 0.0020703100947685035 29
1739970376161 0.00899777563722553 30
1739970376239 0.042518345283061657 31
1739970376318 0.00793543027004664 32
1739970376395 0.005032230727794407 33
1739970376473 0.0398799356370996 34
1739970376550 0.07546428637208988 35
1739970376627 0.08127763018765581 36
1739970376704 0.059266772433228705 37
1739970376780 0.0004469370828734872 38
1739970376856 0.018152149679058757 39
1739970376942 0.09450984679387897 40
1739970377023 0.058686244415304366 41
1739970377103 0.00010271818871444988 42
1739970377183 0.032786755071357525 43
1739970377265 0.06095637030609349 44
1739970377345 0.008621564056593875 45
1739970377426 0.06520093711902242 46
1739970377506 0.00011259639929650073 47
1739970377587 0.04681305931208431 48
1739970377664 0.022914388446619048 49
1739970377741 0.0367435277489186 50
1739970377819 0.00019665089814303432 51
1739970377895 0.012736891785206473 52
1739970377973 0.036708494706351694 53
1739970378051 0.0025445114642253064 54
1739970378138 0.08525262843928265 55
1739970378216 0.002125753131474428 56
1739970378298 0.004890048257731614 57
1739970378376 0.0011209333694640635 58
1739970378512 0.0802579481391043 59
1739970378590 0.012342234107142344 60
1739970378665 0.026591035572543928 61
1739970378741 0.022368967622905238 62
1739970378820 0.01983537465784448 63
1739970378897 0.03395086358582077 64
1739970378977 0.010988699660527363 65
1739970379060 0.0034872764208874183 66
1739970379141 0.004029815001457974 67
1739970379217 0.06926933071232301 68
1739970379293 0.08503115479254436 69
1739970379373 0.061373820896769155 70
1739970379449 0.03143126916170517 71
1739970379528 0.008620989422910315 72
1739970379614 0.04942521122253762 73
1739970379692 0.006569910936038368 74
1739970379770 0.020422307135140108 75
1739970379848 2.4894234980588033e-07 76
1739970379925 0.00313606267831877 77
1739970380004 0.000328045698877052 78
1739970380084 0.0002989362188585803 79
1739970380173 0.0014198056806191252 80
1739970380255 6.265318014982156e-05 81
1739970380332 0.026048750812686653 82
1739970380409 0.00033572936322865136 83
1739970380486 0.00317740143712453 84
1739970380570 0.04993472968195675 85
1739970380652 0.009454422101343628 86
1739970380744 0.018252243517446604 87
1739970380825 0.0008232915305777405 88
1739970380903 0.004264362450505136 89
1739970380979 0.08483044915482912 90
1739970381062 0.0008190105624633195 91
1739970381139 0.019861966244040803 92
1739970381216 0.07623012430742056 93
1739970381291 0.037000224479373775 94
1739970381372 0.000674995131658989 95
1739970381453 0.040525491325787345 96
1739970381533 0.027782667031915093 97
1739970381613 0.07462336349844352 98
1739970381746 0.0013250741521580777 99
1739970381826 0.06536194460202992 100
1739970381904 0.031578995387339534 101
1739970381981 0.00010179605365681632 102
1739970382060 0.007758360255503953 103
1739970382143 0.007158882238144707 104
1739970382221 0.09038641349955008 105
1739970382298 0.04360626918645022 106
1739970382381 0.0005794895843597089 107
1739970382459 0.00319779911399912 108
1739970382547 0.043618260843500165 109
1739970382627 0.001509738773873637 110
1739970382712 0.02723918822764939 111
1739970382790 0.01755682771350371 112
1739970382877 0.0024914749104361133 113
1739970382960 0.043520607251587316 114
1739970383045 0.0006533725921292763 115
1739970383139 3.1339664504060066e-05 116
1739970383247 0.06569655958544707 117
1739970383545 0.05941675601966378 118
1739970383721 0.05347204327758513 119
1739970383806 0.013666201278191162 120
1739970383888 0.0019496459268175306 121
1739970383972 0.03377999749721736 122
1739970384055 0.02251148983757532 123
1739970384140 0.0019444371979879505 124
1739970384222 0.0004496376058133454 125
1739970384298 0.02253483773928514 126
1739970384380 9.675454435491415e-06 127
1739970384457 7.968927588033418e-05 128
1739970384540 0.04981461816491868 129
1739970384620 0.06249422132264107 130
1739970384700 0.030191165641853666 131
1739970384778 0.030163118003437104 132
1739970384855 0.07634411214191789 133
1739970384931 0.00012421357253161099 134
1739970385011 2.4714720987762464e-05 135
1739970385097 0.00014314130174773973 136
1739970385178 0.004562652878762464 137
1739970385255 1.8729514476595465e-06 138
1739970385334 0.0175919899388115 139
1739970385413 0.050252333389215836 140
1739970385493 0.03679877179666028 141
1739970385574 0.04175553839559551 142
1739970385649 2.72489797564672e-05 143
1739970385729 0.07270718847685001 144
1739970385807 0.014471640288322863 145
1739970385884 0.058218830186866306 146
1739970385961 9.37949662199002e-06 147
1739970386040 0.044417603399975684 148
1739970386120 0.0255245489175697 149
1739970386199 0.00046634385535122483 150
1739970386277 0.0748683755132279 151
1739970386355 0.040056143050012614 152
1739970386431 0.00835441753871537 153
1739970386510 0.0976566735648806 154
1739970386591 0.08131152885384553 155
1739970386667 0.05415142170209689 156
1739970386744 2.13168220659691e-05 157
1739970386821 0.049413263190420054 158
1739970386899 0.006199079877375083 159
1739970386975 0.027730032586965266 160
1739970387054 0.0009534460783508949 161
1739970387140 0.002759487580903291 162
1739970387219 0.0030343566213005295 163
1739970387294 0.008313879987910828 164
1739970387375 0.04939568133498015 165
1739970387451 0.02561505420514356 166
1739970387529 0.09220520619716568 167
1739970387608 0.008298383161807518 168
1739970387684 0.0583860682892489 169
1739970387762 0.0005387434494762527 170
1739970387838 0.004192032161468832 171
1739970387915 0.02297194928851951 172
1739970387992 0.000672178417684684 173
1739970388072 0.0423198643131684 174
1739970388155 0.017823593483310755 175
1739970388234 0.0003358370062438904 176
1739970388313 0.06533558545501544 177
1739970388389 0.04590999372333937 178
1739970388470 0.005085214934847364 179
1739970388553 0.030049367070935466 180
1739970388635 0.004406930606873341 181
1739970388781 0.052237521601021054 182
1739970388857 0.0009230326764765002 183
1739970388934 0.00154604538183141 184
1739970389015 0.04664653979240109 185
1739970389097 0.046204301743407915 186
1739970389181 6.431095043248844e-06 187
1739970389259 0.025187570602999466 188
1739970389342 4.370479446224278e-05 189
1739970389419 0.0003373332852423854 190
1739970389498 0.008184930039168531 191
1739970389579 0.054677302326626674 192
1739970389656 0.04347655715562762 193
1739970389734 0.06685325274480436 194
1739970389812 0.0014991346971073428 195
1739970389888 0.03929306246031432 196
1739970389969 4.110636416448832e-05 197
1739970390046 0.04323634766010549 198
1739970390132 0.0167290009380962 199
1739970390211 0.0005481088971874699 200
1739970390296 0.005156298451919487 201
1739970390374 1.4632525171601578e-05 202
1739970390451 0.07291412295506303 203
1739970390529 0.045184006448565996 204
1739970390611 0.05450294502968377 205
1739970390687 0.08090523206356799 206
1739970390767 0.05150746910593079 207
1739970390844 0.007324847861119207 208
1739970390921 0.0011349073972730518 209
1739970390998 0.019369911680501006 210
1739970391076 1.4449333162509413e-08 211
1739970391157 0.053228759279360605 212
1739970391243 0.0299635855254285 213
1739970391321 0.009320523325266604 214
1739970391397 0.049981437459204595 215
1739970391478 0.007179270342630675 216
1739970391557 0.002574251152022289 217
1739970391636 0.044971227753000186 218
1739970391713 0.004410433422435366 219
1739970391793 0.09740501882007382 220
1739970391872 0.04901453581687099 221
1739970391950 0.0014842384223089748 222
1739970392030 0.017410635241435986 223
1739970392112 0.03167849171265155 224
1739970392186 0.046197219750287406 225
1739970392264 0.07359813712963154 226
1739970392343 0.06026007092333517 227
1739970392420 0.05660688448803394 228
1739970392498 0.002711993561300547 229
1739970392582 0.04291440042881295 230
1739970392660 0.05258080389245415 231
1739970392737 0.0202316565381548 232
1739970392815 0.026488599758431326 233
1739970392891 0.0005599670990687587 234
1739970392974 0.010845578828809745 235
1739970393052 0.05853588914354435 236
1739970393132 0.00043884106359137537 237
1739970393212 0.00029786065048061235 238
1739970393294 0.0027285686088364784 239
1739970393375 0.042581560258857294 240
1739970393458 0.0042287267916403274 241
1739970393546 0.0018058280382845298 242
1739970393626 0.0032341098532424326 243
1739970393704 0.026567851489607688 244
1739970393781 0.0037673741483408 245
1739970393858 0.014790489765822028 246
1739970393937 0.0093828651478813 247
1739970394018 0.009197228977865901 248
1739970394104 0.05274961320197777 249
1739970394180 0.03519207513632824 250
1739970394259 0.009711609375916055 251
1739970394338 0.035052796043371935 252
1739970394417 0.043340845373209126 253
1739970394495 0.0007624097786917587 254
1739970394575 0.0524736318927804 255
1739970394650 0.07522236879273082 256
1739970394729 0.008667541268355802 257
1739970394806 0.03835366752571257 258
1739970394884 0.039422526989922414 259
1739970394960 0.002001344722677035 260
1739970395042 2.761735952976617e-06 261
1739970395124 0.04833232951834869 262
1739970395206 0.03239060163939652 263
1739970395290 0.0466535725521426 264
1739970395372 0.016353610841083957 265
1739970395450 0.009355552607183933 266
1739970395531 0.003627261216254737 267
1739970395613 0.08388494779893357 268
1739970395690 0.0026792927750133857 269
1739970395766 0.009029733667307844 270
1739970395844 0.08119992579041294 271
1739970395920 0.014695994459908612 272
1739970396000 0.0011173931512503254 273
1739970396081 0.04284421477697617 274
1739970396158 0.0014316694995099456 275
1739970396234 0.06345895168615608 276
1739970396314 0.07023239043167241 277
1739970396390 6.78677283583438e-06 278
1739970396468 0.00029354184632731083 279
1739970396547 0.051359791110545866 280
1739970396627 0.05848089559677132 281
1739970396704 0.02595439819463485 282
1739970396780 0.0003737997947446869 283
1739970396858 0.02853685302955611 284
1739970396937 0.06298327986767024 285
1739970397015 0.004121881507985628 286
1739970397093 0.08303376792906242 287
1739970397171 0.041553294811333075 288
1739970397251 0.04576297209621404 289
1739970397336 0.02140918915031072 290
1739970397416 0.002284670645984468 291
1739970397494 0.000704396962003265 292
1739970397574 0.0472796943227247 293
1739970397648 2.6410216000866504e-06 294
1739970397728 0.0008094504452620427 295
1739970397806 0.05672983720201544 296
1739970397882 0.0031141030852436346 297
1739970397958 8.005492593434418e-05 298
1739970398040 0.032649962739794515 299
1739970398122 0.037385394419399205 300
1739970398200 0.00011694260672575959 301
1739970398278 1.1724012692799428e-05 302
1739970398361 0.08064141234274409 303
1739970398441 0.06997586369740175 304
1739970398520 0.00010588988884815312 305
1739970398599 0.008914985864498811 306
1739970398677 0.046553766922992006 307
1739970398753 0.02955895445963371 308
1739970398833 0.07355460069761399 309
1739970398912 0.05924526181701408 310
1739970398990 0.08577813581924232 311
1739970399070 0.0016264277972059672 312
1739970399150 0.01285982978004568 313
1739970399227 0.007533194100837743 314
1739970399309 0.06377418585377359 315
1739970399388 0.020030886280396624 316
1739970399464 0.04735927780733395 317
1739970399543 0.013505080029420165 318
1739970399621 0.0563090089132472 319
1739970399697 0.054314365595321865 320
1739970399776 0.004743417974054555 321
1739970399857 0.06354807356768341 322
1739970399934 0.0009304868621541243 323
1739970400011 0.02387849266932975 324
1739970400093 0.0029340318150002345 325
1739970400170 0.06401776250356644 326
1739970400247 0.003174529410788629 327
1739970400335 0.04971188155116911 328
1739970400419 0.028072704242543205 329
1739970400497 0.01064026736635003 330
1739970400575 0.009317733734809267 331
1739970400653 0.011902701659857334 332
1739970400731 0.0005543854784028492 333
1739970400808 0.000109297017761376 334
1739970400887 0.00013671584715440235 335
1739970400965 0.013838366207846621 336
1739970401043 0.0208436501919846 337
1739970401128 0.00015720058379600118 338
1739970401210 1.5132936088061578e-05 339
1739970401286 0.003336755870163912 340
1739970401374 0.06333697271704444 341
1739970401451 0.0008415338267133645 342
1739970401528 0.018519536492027578 343
1739970401612 0.08866846794985184 344
1739970401689 0.06702620531131932 345
1739970401766 0.05330326064180149 346
1739970401844 0.03378612252770766 347
1739970401923 0.0346867468252934 348
1739970402004 0.0031861135024221494 349
1739970402083 0.036828655165800535 350
1739970402161 0.009100364200149045 351
1739970402240 0.08030158175895852 352
1739970402317 0.05837425614848124 353
1739970402394 0.045636177001757997 354
1739970402473 0.006881434508426965 355
1739970402550 0.023779603323534043 356
1739970402631 0.033968821993773414 357
1739970402713 0.07040367992665462 358
1739970402798 0.005661220810288024 359
1739970402887 0.00440442053830501 360
1739970402965 0.024570662067599176 361
1739970403041 0.013219067850567513 362
1739970403121 0.03349088906596896 363
1739970403199 0.0007202561621982939 364
1739970403277 0.04662889639388714 365
1739970403357 0.02241761946140992 366
1739970403442 0.005796033107034447 367
1739970403521 4.803661053464285e-05 368
1739970403602 0.0006370159803551973 369
1739970403679 0.06203327283376958 370
1739970403760 0.003905593333594468 371
1739970403838 0.036282360393165715 372
1739970403914 0.011924053770614732 373
1739970403996 0.049671853987243976 374
1739970404081 0.039678945521629226 375
1739970404158 0.026056156970005503 376
1739970404234 0.005741917355415247 377
1739970404312 0.04914827220359122 378
1739970404392 0.06884676713988933 379
1739970404470 0.0023154516471866563 380
1739970404548 0.046899625862742066 381
1739970404626 0.06787325639573347 382
1739970404733 0.007205646339178214 383
1739970404815 0.01829624710040457 384
1739970404895 0.00021763203200868205 385
1739970404983 0.0005915859185063888 386
1739970405064 0.00015442896331498138 387
1739970405144 0.0025121845592077398 388
1739970405239 0.03926694856426421 389
1739970405325 0.03859771461241336 390
1739970405410 0.05996504698345336 391
1739970405491 0.044586620478368325 392
1739970405567 0.0506033206576968 393
1739970405649 0.036993099125214556 394
1739970405730 0.061358322393324664 395
1739970405811 6.215237888048854e-05 396
1739970405889 0.04996966196832238 397
1739970405972 0.0008289101598771477 398
1739970406055 0.0013001995870305955 399
1739970406132 0.03505503985620624 400
1739970406212 4.021836676537322e-06 401
1739970406289 5.937433666636213e-06 402
1739970406367 0.004300866075163211 403
1739970406443 0.000831878569924649 404
1739970406522 0.08429785124156866 405
1739970406603 0.009630185240457724 406
1739970406678 4.648609342756007e-05 407
1739970406754 0.0005125749980903491 408
1739970406831 0.00015835332625759212 409
1739970406907 0.02008072302388172 410
1739970406984 0.05541926624727943 411
1739970407062 0.047266787824607234 412
1739970407147 0.000807100418274659 413
1739970407223 0.08399959242015685 414
1739970407299 0.05919703881327546 415
1739970407380 0.0013521900843278271 416
1739970407506 0.0005613849325739654 417
1739970407637 0.12044209235359873 418
1739970407726 0.07711296076756813 419
1739970407810 0.18328528908068425 420
1739970407888 0.0015640980760598872 421
1739970407969 0.010081766875652381 422
1739970408050 0.026519917644457155 423
1739970408130 0.03279051005534806 424
1739970408214 0.0051467704010752045 425
1739970408297 0.06618346845716128 426
1739970408376 0.08293068260486504 427
1739970408455 0.04106009410641568 428
1739970408539 0.00966667119938063 429
1739970408620 0.008003809620940477 430
1739970408697 0.0477989293566347 431
1739970408775 0.0037598056551018805 432
1739970408855 0.04235356088971124 433
1739970408935 0.009524754136887874 434
1739970409017 0.07047669021455728 435
1739970409123 0.0694539501322119 436
1739970409203 0.0035532284761661268 437
1739970409280 0.01679562482913687 438
1739970409360 0.055645725179451745 439
1739970409441 0.09739462627641715 440
1739970409529 0.0347892457243004 441
1739970409611 0.003849177448519 442
1739970409691 0.04914344559314784 443
1739970409770 4.805364795793635e-05 444
1739970409847 0.05748743807144116 445
1739970409927 0.07221281813550667 446
1739970410010 0.0052456053734885166 447
1739970410091 0.050303926252292255 448
1739970410172 0.10214705257630406 449
1739970410251 0.00019921846646704305 450
1739970410332 0.05332150746001928 451
1739970410424 0.047752932979782066 452
1739970410512 0.03600375342731364 453
1739970410594 0.058356771272476377 454
1739970410678 0.06834916353540958 455
1739970410759 0.0042354084391110925 456
1739970410839 0.0019410791411511412 457
1739970410918 0.0012319526334892918 458
1739970410998 0.03407053907210905 459
1739970411093 0.05619836825856291 460
1739970411172 0.00014908664076600256 461
1739970411254 0.04900528038853751 462
1739970411333 0.08905523149533709 463
1739970411412 0.07465309649320956 464
1739970411494 0.006405637909449692 465
1739970411581 0.04508914802538788 466
1739970411660 0.01596457131601081 467
1739970411741 0.0032455146760349356 468
1739970411819 0.005612565915199915 469
1739970411902 0.004156914335337627 470
1739970411982 0.0628252782763644 471
1739970412066 0.04654332447789205 472
1739970412149 0.001081639344554796 473
1739970412228 0.0009188603690769852 474
1739970412310 0.07683125300762013 475
1739970412393 0.0797170104365884 476
1739970412476 0.001068795422120651 477
1739970412557 0.03336097787374742 478
1739970412639 0.011193353633069341 479
1739970412717 0.06065611107225808 480
1739970412798 0.022425204548427825 481
1739970412880 2.1513660022026107e-05 482
1739970412959 0.0011352403711094956 483
1739970413042 0.009817935266862057 484
1739970413126 0.00014150340143769904 485
1739970413204 0.004263539442872116 486
1739970413286 0.07586726370082728 487
1739970413402 0.002326431174883152 488
1739970413482 0.007747007936489428 489
1739970413573 0.06173778885004828 490
1739970413653 0.05962016687788151 491
1739970413736 0.08410918551778317 492
1739970413816 0.048813523984121546 493
1739970413892 0.05492756228929974 494
1739970413972 1.8593131719684305e-06 495
1739970414051 4.328062486496886e-05 496
1739970414134 0.0031721079867322584 497
1739970414213 0.02005355675028036 498
1739970414296 0.017295587492882496 499
