1739967659156 6.12899438732894 0
1739967659232 6.338160043851918 1
1739967659315 6.4464055889504275 2
1739967659393 6.128451794749819 3
1739967659469 6.434004500944598 4
1739967659550 6.54984106657007 5
1739967659625 6.0624303844079055 6
1739967659699 6.945979238236348 7
1739967659771 6.906948018505231 8
1739967659851 7.006557396303354 9
1739967659925 6.4260158586962834 10
1739967660000 6.521149269053182 11
1739967660077 7.954991743451006 12
1739967660151 6.27821268620672 13
1739967660226 6.926166652898688 14
1739967660309 6.604070016970943 15
1739967660403 6.4973822888055635 16
1739967660477 6.8839953098668785 17
1739967660553 6.522226496424154 18
1739967660629 6.280650113386595 19
1739967660704 6.587832252917627 20
1739967660778 7.360962701811248 21
1739967660850 6.562335737785553 22
1739967660924 6.792447616017345 23
1739967660999 7.168993751234557 24
1739967661075 6.71088298258758 25
1739967661150 6.464128745952955 26
1739967661227 6.688635733409077 27
1739967661301 5.112884517072669 28
1739967661375 6.695852233337604 29
1739967661452 6.647433034948662 30
1739967661526 6.789013515178275 31
1739967661602 6.490918467904181 32
1739967661678 6.406955936539836 33
1739967661751 6.380075100578174 34
1739967661826 6.7552764093784505 35
1739967661904 6.69415308535737 36
1739967661978 6.174427789445246 37
1739967662053 6.6650506466559065 38
1739967662128 6.658287131343756 39
1739967662203 6.553302030078598 40
1739967662280 6.852975456416036 41
1739967662394 6.1203574514869805 42
1739967662469 6.175319208773686 43
1739967662544 6.940984843559005 44
1739967662624 6.216430321252991 45
1739967662704 6.801998835284232 46
1739967662780 6.187239403655406 47
1739967662857 6.369128586993167 48
1739967662933 6.457933699003861 49
1739967663015 6.505440164004535 50
1739967663093 7.08342522761557 51
1739967663170 6.605296514617369 52
1739967663248 6.415187678330141 53
1739967663329 6.609804609887811 54
1739967663422 7.468964946535216 55
1739967663499 7.279123539145173 56
1739967663581 6.113712269118952 57
1739967663659 5.885748214443881 58
1739967663763 6.521023739500883 59
1739967663842 6.435980351485824 60
1739967663925 7.561687673853218 61
1739967664005 6.333074568927482 62
1739967664083 6.511746148534407 63
1739967664159 6.593393376996739 64
1739967664235 6.28715714093869 65
1739967664312 6.377750776365329 66
1739967664389 6.825886714358249 67
1739967664466 6.788202756787277 68
1739967664549 6.597850376093835 69
1739967664631 5.570815144687558 70
1739967664711 6.406488500293156 71
1739967664787 6.687325431103848 72
1739967664864 6.368459198676026 73
1739967664941 6.798992325465421 74
1739967665018 6.145241180415402 75
1739967665100 6.3396018594336905 76
1739967665176 6.573745133686076 77
1739967665253 6.630888428622929 78
1739967665331 6.651394994047446 79
1739967665408 6.175999127462431 80
1739967665485 6.993800460406279 81
1739967665563 6.5994447791646635 82
1739967665643 7.025141710160183 83
1739967665717 6.203601308816336 84
1739967665790 6.071487666246898 85
1739967665864 6.713572064453562 86
1739967665943 6.6078570294416945 87
1739967666017 7.066026993795184 88
1739967666090 6.489431996187949 89
1739967666164 7.618459062353532 90
1739967666239 7.349474663004746 91
1739967666315 6.7587862305281865 92
1739967666389 6.760597051291159 93
1739967666462 6.891657605570249 94
1739967666542 5.841101793009146 95
1739967666617 6.656814760026714 96
1739967666693 6.906463076107878 97
1739967666766 6.917148128756077 98
1739967666842 5.863849952751487 99
1739967666917 6.762793037843881 100
1739967666993 6.5466482060551385 101
1739967667067 6.929955351597737 102
1739967667143 6.371637982884388 103
1739967667217 6.572094059391141 104
1739967667291 6.858880092323328 105
1739967667365 6.513399779627065 106
1739967667442 7.73232803993659 107
1739967667521 6.853866403890806 108
