1740017455266 168.996543037322 0
1740017455295 168.78902786636016 1
1740017455324 168.62321530454705 2
1740017455349 168.4561300954324 3
1740017455386 168.28919590797486 4
1740017455418 168.12245208068614 5
1740017455444 167.9558662289912 6
1740017455470 167.789430202255 7
1740017455500 167.6231839983601 8
1740017455526 167.45709528705214 9
1740017455551 167.29117196487235 10
1740017455581 167.1253978208582 11
1740017455609 166.95981280516682 12
1740017455636 166.79438463366319 13
1740017455662 166.6291051814131 14
1740017455692 166.46401432349873 15
1740017455717 166.29907983014397 16
1740017455743 166.13429359019088 17
1740017455771 165.96969541219454 18
1740017455797 165.80525312056508 19
1740017455823 165.64097457511758 20
1740017455848 165.47684364256483 21
1740017455876 165.31290008451614 22
1740017455903 165.14911177083144 23
1740017455932 164.9854706157547 24
1740017455959 164.82201630647629 25
1740017455987 164.65871676671395 26
1740017456012 164.49556392436065 27
1740017456037 164.33259740069215 28
1740017456065 164.16978517311307 29
1740017456090 164.0071350651102 30
1740017456115 163.84463102023253 31
1740017456142 163.68231261358332 32
1740017456174 163.52014786735293 33
1740017456199 163.35812873453983 34
1740017456224 163.1962947164786 35
1740017456251 163.03461388872094 36
1740017456276 162.87307821778776 37
1740017456301 162.71172713970665 38
1740017456329 162.55052878322067 39
1740017456358 162.3894909358831 40
1740017456385 162.2285976172471 41
1740017456412 162.06788821793415 42
1740017456437 161.90733091081475 43
1740017456465 161.746917687222 44
1740017456491 161.58668786465333 45
1740017456523 161.42660966884824 46
1740017456555 161.2666751045371 47
1740017456582 161.10692342451236 48
1740017456608 160.94732290721404 49
1740017456636 160.78788130465324 50
1740017456732 160.6285827115625 51
1740017456765 160.46946633608832 52
1740017456790 160.31050050014542 53
1740017456816 160.15167723298507 54
1740017456842 159.99303567026888 55
1740017456867 159.83454418629248 56
1740017456893 159.6761948235803 57
1740017456921 159.51802665368595 58
1740017456952 159.36000810311882 59
1740017456980 159.20213122763556 60
1740017457006 159.04443503487846 61
1740017457033 158.88688800341063 62
1740017457058 158.72949783762738 63
1740017457084 158.57224873273339 64
1740017457112 158.41517965272607 65
1740017457145 158.25825911878366 66
1740017457177 158.10147921080087 67
1740017457258 157.94487882113245 68
1740017457292 157.78842652269478 69
1740017457319 157.632114408492 70
1740017457344 157.4759813075578 71
1740017457374 157.31999584438097 72
1740017457405 157.1641656887144 73
1740017457438 157.0084751090476 74
1740017457468 156.8529628915144 75
1740017457495 156.69759770257912 76
1740017457521 156.54237165909856 77
1740017457546 156.38732347619032 78
1740017457576 156.23242187157842 79
1740017457603 156.0776589751075 80
1740017457628 155.92307343915923 81
1740017457654 155.76863403255305 82
1740017457681 155.6143328980814 83
1740017457706 155.4602086255829 84
1740017457732 155.3062300348155 85
1740017457759 155.15240474907424 86
1740017457784 154.99871713488233 87
1740017457810 154.84520574016034 88
1740017457835 154.69183942579872 89
1740017457866 154.53861035806705 90
1740017457892 154.38555701469556 91
1740017457918 154.2326483072041 92
1740017457945 154.07987641468978 93
1740017457972 153.9272797529183 94
1740017457999 153.77482728387628 95
1740017458025 153.62251119944878 96
1740017458058 153.470369853628 97
1740017458084 153.31837225871183 98
1740017458109 153.1665259921893 99
1740017458136 153.01481551724646 100
1740017458168 152.86327914692842 101
1740017458196 152.7118859338322 102
1740017458222 152.5606280929486 103
1740017458253 152.4095438679491 104
1740017458280 152.2586023614368 105
1740017458305 152.10779580107152 106
1740017458332 151.95716236932313 107
1740017458358 151.80667121863982 108
1740017458384 151.65631458931128 109
1740017458410 151.50613060279474 110
1740017458442 151.35608846122958 111
1740017458469 151.20619569694313 112
1740017458494 151.05643686842868 113
1740017458524 150.90685005715673 114
1740017458549 150.7574045047416 115
1740017458576 150.60809247421145 116
1740017458602 150.4589519784707 117
1740017458636 150.3099523085233 118
1740017458661 150.16108573990982 119
1740017458687 150.01239022508736 120
1740017458716 149.8638351042903 121
1740017458743 149.71541266553277 122
1740017458768 149.56716080101162 123
1740017458793 149.4190489000394 124
1740017458819 149.27108445041864 125
1740017458844 149.12325210460995 126
1740017458871 148.97558971577294 127
1740017458900 148.82806671187996 128
1740017458931 148.68067540332052 129
1740017458956 148.53345357548687 130
1740017458982 148.38637070513147 131
1740017459010 148.23941911500128 132
1740017459037 148.0926365307872 133
1740017459063 147.94599247786422 134
1740017459089 147.79947929129835 135
1740017459116 147.6531346372643 136
1740017459141 147.50692808960898 137
1740017459168 147.3608519956792 138
1740017459198 147.21494396231807 139
1740017459223 147.06917361169417 140
1740017459248 146.92354837614505 141
1740017459274 146.77805302500894 142
1740017459302 146.6327251272636 143
1740017459327 146.48753434273192 144
1740017459352 146.3424730406881 145
1740017459379 146.19757872332832 146
1740017459405 146.05282109850347 147
1740017459430 145.90819254765418 148
1740017459459 145.7637305141959 149
1740017459494 145.61940475385214 150
1740017459520 145.47520766019193 151
1740017459545 145.33117661803286 152
1740017459571 145.1872814308222 153
1740017459596 145.04351450421976 154
1740017459622 144.89991316462752 155
1740017459650 144.75644726306822 156
1740017459681 144.6131241773709 157
1740017459706 144.46992879174164 158
1740017459731 144.326898395873 159
1740017459758 144.18400287745033 160
1740017459784 144.04123466361906 161
1740017459810 143.89863097826236 162
1740017459836 143.75616175635176 163
1740017459865 143.6138194370107 164
1740017459890 143.47164118624988 165
1740017459915 143.32959698617353 166
1740017459945 143.18767928784555 167
1740017459971 143.0459251995846 168
1740017459997 142.90430475048083 169
1740017460025 142.7628104035015 170
1740017460053 142.62147920945296 171
1740017460081 142.48028124426503 172
1740017460107 142.33922383220158 173
1740017460133 142.19829197035457 174
1740017460162 142.05752267396122 175
1740017460188 141.91688605463548 176
1740017460216 141.77637459639473 177
1740017460244 141.63602524962553 178
1740017460269 141.4958081724967 179
1740017460294 141.35571586081755 180
1740017460323 141.21578520799795 181
1740017460350 141.07598641860974 182
1740017460374 140.93631200021747 183
1740017460401 140.79679878943224 184
1740017460428 140.65741703708417 185
1740017460453 140.5181592624561 186
1740017460478 140.37906224553814 187
1740017460507 140.24009628327408 188
1740017460535 140.1012539066285 189
1740017460561 139.9625718391475 190
1740017460587 139.82402042374454 191
1740017460613 139.68560692104103 192
1740017460639 139.54731646211437 193
1740017460664 139.4091857362897 194
1740017460695 139.27118512100816 195
1740017460721 139.13330716776974 196
1740017460747 138.99558850218267 197
1740017460772 138.85799954737814 198
1740017460798 138.72053286642844 199
1740017460824 138.5832250290242 200
1740017460849 138.44604650383715 201
1740017460880 138.3089898654756 202
1740017460908 138.17209162788797 203
1740017460934 138.0353223051438 204
1740017460960 137.89867448335136 205
1740017460989 137.76218462089153 206
1740017461014 137.6258232770897 207
1740017461039 137.48958304951773 208
1740017461067 137.3535003411636 209
1740017461095 137.2175457564664 210
1740017461122 137.08172649371042 211
1740017461148 136.9460278152184 212
1740017461176 136.81048609108345 213
1740017461201 136.67507195913478 214
1740017461226 136.53977803697342 215
1740017461253 136.40464063209095 216
1740017461279 136.269630427156 217
1740017461305 136.13474005112576 218
1740017461330 136.0000057566161 219
1740017461360 135.86539827098778 220
1740017461385 135.73091023451846 221
1740017461411 135.59657784512112 222
1740017461437 135.462371874708 223
1740017461463 135.32828497484175 224
1740017461489 135.19435328890438 225
1740017461521 135.06054763321984 226
1740017461548 134.92686067060004 227
1740017461573 134.79332849006795 228
1740017461598 134.65992195221926 229
1740017461627 134.52663373107993 230
1740017461654 134.39349986148503 231
1740017461680 134.26049124816274 232
1740017461705 134.12761501777635 233
1740017461734 133.99485658333023 234
1740017461761 133.8622519482856 235
1740017461786 133.72977204945641 236
1740017461812 133.59740958031736 237
1740017461837 133.46520048300718 238
1740017461863 133.33311573820373 239
1740017461888 133.20114805049025 240
1740017461921 133.0693333083247 241
1740017461948 132.9376425361041 242
1740017461975 132.8060684494853 243
1740017462001 132.67464688341494 244
1740017462026 132.54334890587134 245
1740017462052 132.41216724354987 246
1740017462077 132.28113767805496 247
1740017462109 132.15023132080879 248
1740017462134 132.01944090951022 249
1740017462163 131.88880217259035 250
1740017462190 131.75828626477772 251
1740017462215 131.62788593474016 252
1740017462240 131.49763685790344 253
1740017462266 131.36751023216584 254
1740017462298 131.2374988171292 255
1740017462323 131.10763823538196 256
1740017462348 130.97789972785543 257
1740017462374 130.8482903409906 258
1740017462401 130.71879565648 259
1740017462426 130.58945126724234 260
1740017462451 130.46022844483346 261
1740017462481 130.331119967654 262
1740017462506 130.20216136873321 263
1740017462531 130.07332396239826 264
1740017462558 129.94460053788077 265
1740017462585 129.81602657586822 266
1740017462610 129.68757343331686 267
1740017462635 129.55923391025527 268
1740017462663 129.43104343519502 269
1740017462688 129.30297340758653 270
1740017462717 129.17501663822108 271
1740017462744 129.04720850359985 272
1740017462774 128.91952044553284 273
1740017462800 128.7919452855397 274
1740017462826 128.6645183482765 275
1740017462856 128.5372111177785 276
1740017462881 128.41001642625946 277
1740017462907 128.28296954669543 278
1740017462935 128.15604200521253 279
1740017462964 128.0292266446849 280
1740017462989 127.90255868657282 281
1740017463014 127.77600969895961 282
1740017463041 127.64957253534594 283
1740017463067 127.5232823658401 284
1740017463092 127.39711080034944 285
1740017463119 127.27105070296712 286
1740017463147 127.14513719261323 287
1740017463178 127.0193419208859 288
1740017463204 126.89367183617168 289
1740017463232 126.76811272618795 290
1740017463257 126.64269968226618 291
1740017463283 126.51740438484488 292
1740017463310 126.3922197160224 293
1740017463340 126.26718070899136 294
1740017463365 126.14225908562697 295
1740017463390 126.01744773852027 296
1740017463417 125.89278165015688 297
1740017463442 125.76823258371051 298
1740017463467 125.64379344223143 299
1740017463493 125.51949915766006 300
1740017463521 125.39532153433709 301
1740017463553 125.27125348573848 302
1740017463579 125.14732989342106 303
1740017463607 125.02352260276113 304
1740017463633 124.89982453762704 305
1740017463658 124.77627052935298 306
1740017463684 124.65283246421991 307
1740017463712 124.52950327645543 308
1740017463737 124.40631774733176 309
1740017463763 124.28324780390373 310
1740017463792 124.16028639072509 311
1740017463819 124.03746823916633 312
1740017463844 123.91476531692591 313
1740017463869 123.79217057885064 314
1740017463895 123.66971870656901 315
1740017463921 123.54738170829313 316
1740017463949 123.42515254913008 317
1740017463980 123.30306586112565 318
1740017464007 123.18109369287602 319
1740017464033 123.05922901971546 320
1740017464058 122.93750642426623 321
1740017464084 122.81589799537919 322
1740017464109 122.69439671858309 323
1740017464134 122.57303712723521 324
1740017464168 122.4517913503121 325
1740017464195 122.33065238350433 326
1740017464222 122.20965471106224 327
1740017464248 122.08877050195956 328
1740017464274 121.967992762016 329
1740017464299 121.8473559265328 330
1740017464325 121.72683220435246 331
1740017464353 121.60642841070965 332
1740017464381 121.48613061284155 333
1740017464406 121.36597322128677 334
1740017464432 121.24592847130609 335
1740017464461 121.1259893856478 336
1740017464487 121.00619031908798 337
1740017464512 120.88650354651301 338
1740017464537 120.76692210070426 339
1740017464563 120.64748028795097 340
1740017464588 120.52815042263147 341
1740017464613 120.40892554752827 342
1740017464643 120.28983992059952 343
1740017464669 120.17086589558892 344
1740017464695 120.05199652524755 345
1740017464721 119.93326601935853 346
1740017464748 119.81464677090406 347
1740017464773 119.69613184257176 348
1740017464798 119.57775539612506 349
1740017464824 119.45948986365825 350
1740017464849 119.34132831776357 351
1740017464874 119.22330487233961 352
1740017464901 119.10539199846681 353
1740017464933 118.9875827786101 354
1740017464959 118.86991127895769 355
1740017464984 118.75235000945055 356
1740017465012 118.63489206239436 357
1740017465037 118.51757145642121 358
1740017465062 118.40036074020715 359
1740017465088 118.28325301586685 360
1740017465114 118.16628225463003 361
1740017465139 118.04942104378284 362
1740017465165 117.93266249521719 363
1740017465195 117.8160405329138 364
1740017465222 117.69952778264407 365
1740017465248 117.5831173660458 366
1740017465275 117.46684316000344 367
1740017465301 117.35067782864942 368
1740017465326 117.23461450333568 369
1740017465351 117.11868701400317 370
1740017465382 117.00286806302122 371
1740017465409 116.88715079142443 372
1740017465434 116.77156898236244 373
1740017465460 116.65609537631767 374
1740017465488 116.54072312397614 375
1740017465513 116.42548596184783 376
1740017465538 116.31035666840488 377
1740017465566 116.1953284039534 378
1740017465596 116.08043485851516 379
1740017465622 115.96564884842888 380
1740017465647 115.85096354358954 381
1740017465680 115.73641258768173 382
1740017465706 115.62196883478789 383
1740017465732 115.50762546436081 384
1740017465758 115.39341607389845 385
1740017465784 115.27931355510458 386
1740017465809 115.16531109695869 387
1740017465833 115.05144225092234 388
1740017465864 114.93767994619844 389
1740017465889 114.82401738126228 390
1740017465914 114.71048806168879 391
1740017465943 114.59706495405824 392
1740017465971 114.48374126631076 393
1740017465998 114.37055045828419 394
1740017466023 114.25746553381455 395
1740017466051 114.144479710276 396
1740017466077 114.0316264019184 397
1740017466103 113.91887864971228 398
1740017466130 113.8062296804352 399
1740017466161 113.6937128628976 400
1740017466186 113.5813012750836 401
1740017466212 113.46898815314354 402
1740017466238 113.35680682059676 403
1740017466263 113.24473039232043 404
1740017466289 113.13275211380702 405
1740017466317 113.02090526343272 406
1740017466345 112.90916299284746 407
1740017466371 112.79751855685537 408
1740017466400 112.68600518883699 409
1740017466427 112.57459607709508 410
1740017466452 112.46328448571501 411
1740017466478 112.35210360322883 412
1740017466503 112.24102665447238 413
1740017466530 112.13004691278205 414
1740017466555 112.01919752198813 415
1740017466580 111.90845174334025 416
1740017466609 111.79780285939549 417
1740017466636 111.68728396942882 418
1740017466662 111.5768683709846 419
1740017466688 111.46654935581041 420
1740017466713 111.35635997877193 421
1740017466738 111.24627357358949 422
1740017466763 111.13628344117119 423
1740017466792 111.02642259211896 424
1740017466819 110.91666439621072 425
1740017466844 110.80700216348497 426
1740017466869 110.69746886042526 427
1740017466899 110.58803789274894 428
1740017466926 110.47870257959505 429
1740017466951 110.36949584347356 430
1740017466979 110.26039112592343 431
1740017467005 110.15138175515443 432
1740017467030 110.04250060984742 433
1740017467055 109.93372116724557 434
1740017467086 109.82503676459943 435
1740017467111 109.71648023690503 436
1740017467137 109.60802509699242 437
1740017467185 109.49966469112336 438
1740017467217 109.39143181075274 439
1740017467244 109.28330000418059 440
1740017467272 109.1752626266503 441
1740017467300 109.06735242621896 442
1740017467329 108.95954298654006 443
1740017467357 108.85182767180893 444
1740017467388 108.74423918682804 445
1740017467418 108.63675115048791 446
1740017467449 108.52935693590648 447
1740017467486 108.42208920477414 448
1740017467532 108.3149216111025 449
1740017467564 108.2078475369027 450
1740017467594 108.10089960089533 451
1740017467630 107.99405149209743 452
1740017467663 107.88729660138397 453
1740017467691 107.78066750464765 454
1740017467719 107.6741379257956 455
1740017467749 107.56770126453739 456
1740017467778 107.46139005407939 457
1740017467806 107.35517805310361 458
1740017467837 107.24905867012515 459
1740017467865 107.14306439580514 460
1740017467892 107.03716902348584 461
1740017467918 106.93136597045863 462
1740017467946 106.82568768498038 463
1740017467973 106.72010799493893 464
1740017468000 106.61462032637304 465
1740017468032 106.50925708527569 466
1740017468061 106.40399213396617 467
1740017468088 106.29881890720169 468
1740017468115 106.19376976885141 469
1740017468142 106.08881861555213 470
1740017468170 105.98395889075064 471
1740017468197 105.87922291633203 472
1740017468227 105.77458462313705 473
1740017468256 105.67003746327325 474
1740017468283 105.565613716781 475
1740017468309 105.46128734859167 476
1740017468337 105.35705181944492 477
1740017468365 105.25293936767537 478
1740017468395 105.14892399219197 479
1740017468426 105.04499916233785 480
1740017468456 104.94119707488055 481
1740017468483 104.83749176259388 482
1740017468510 104.73387670339588 483
1740017468540 104.63038405262527 484
1740017468566 104.5269878768083 485
1740017468594 104.42368166240941 486
1740017468625 104.32049752347645 487
1740017468654 104.21740956017594 488
1740017468681 104.11441126749037 489
1740017468709 104.01153471831425 490
1740017468737 103.90874120287351 491
1740017468765 103.80606919687516 492
1740017468791 103.70349287626256 493
1740017468822 103.60100575674144 494
1740017468851 103.49863980982364 495
1740017468877 103.39636925133954 496
1740017468905 103.29418760541972 497
1740017468936 103.19212680284872 498
1740017468963 103.09016109263969 499
