1740007240865 6.223373018932903e-05 0
1740007240960 0.08613092661096254 1
1740007241045 0.06879230161739013 2
1740007241131 0.08708795678865164 3
1740007241219 0.0068492008818834904 4
1740007241302 0.17759550567289384 5
1740007241385 0.02340931324240754 6
1740007241473 0.7403887016428254 7
1740007241557 0.04066858895322155 8
1740007241640 0.04391076164118445 9
1740007241724 0.004664225487300014 10
1740007241808 0.0005107580615931831 11
1740007241891 0.0001518059484363092 12
1740007241978 0.0020907585091220625 13
1740007242063 0.039262482309680026 14
1740007242148 0.0005283583466346491 15
1740007242230 0.011865029824918289 16
1740007242315 0.3602704456311333 17
1740007242399 0.1701823008726194 18
1740007242485 0.007093357333954654 19
1740007242569 0.012620438042548905 20
1740007242655 0.002169610330674498 21
1740007242744 0.04631873372953218 22
1740007242831 0.0010950881425577364 23
1740007242920 0.00031583507700112324 24
1740007243014 0.4772275183561168 25
1740007243100 0.023121026167070836 26
1740007243186 0.023773265669789958 27
1740007243270 0.0028937883676081223 28
1740007243357 0.0011163969912172606 29
1740007243443 0.19713356316511985 30
1740007243535 0.046160271124707865 31
1740007243619 0.04082518538191356 32
1740007243709 0.019180241222742228 33
1740007243793 0.1733832147697819 34
1740007243877 0.07379105898475777 35
1740007243963 0.21728117820179538 36
1740007244047 0.14499410539430957 37
1740007244132 0.5020847688221051 38
1740007244218 0.016636862297861457 39
1740007244304 0.0884923982870227 40
1740007244544 0.048639256726359485 41
1740007244663 0.015832790622531904 42
1740007244760 0.05500976638516381 43
1740007244855 0.12763133201443846 44
1740007244952 0.829465794246884 45
1740007245047 0.28761755748947676 46
1740007245145 0.07833002951758045 47
1740007245237 0.004512196811084362 48
1740007245321 0.007095758772982271 49
1740007245405 0.2526758927944499 50
1740007245490 0.022053074263613304 51
1740007245579 0.10549744936260144 52
1740007245677 0.03357051648253455 53
1740007245764 0.009168385020294803 54
1740007245848 0.06600540060013013 55
1740007245936 0.0004890301532580114 56
1740007246025 0.017347475781476236 57
1740007246157 0.00858987911317078 58
1740007246240 0.13191037798864777 59
1740007246325 0.2879935566074745 60
1740007246412 0.029114629015083864 61
1740007246499 0.04730737290731966 62
1740007246584 0.027301592974254375 63
1740007246671 0.061553262768847976 64
1740007246758 0.000989596860405403 65
1740007246846 0.0071967665577674315 66
1740007246933 0.2225983827499898 67
1740007247016 0.19851858567961744 68
1740007247099 0.012601529765583546 69
1740007247186 0.4147145140987974 70
1740007247269 0.008366211865674876 71
1740007247352 0.0052038140195420895 72
1740007247436 0.0035490846756938608 73
1740007247525 0.05578666932163689 74
1740007247618 0.00035014331125506905 75
1740007247710 0.0032209677996512796 76
1740007247794 0.053201269056331726 77
1740007247886 0.052143002831907065 78
1740007247974 0.09044850347753113 79
1740007248057 0.11484843646715098 80
1740007248139 0.011618355251188373 81
1740007248225 0.00032458997021921656 82
1740007248308 0.038286816760353344 83
1740007248392 0.00019521473254647943 84
1740007248477 0.24031985130994918 85
1740007248561 0.48290102654855577 86
1740007248644 0.1760640898731927 87
1740007248728 0.006411380281751377 88
1740007248814 0.12137521232229911 89
1740007248903 0.05615714930979272 90
1740007248995 0.27626596673436626 91
1740007249079 0.07202571420040906 92
1740007249162 0.17799318837142117 93
1740007249247 0.05464184522339025 94
1740007249329 0.0051392990009983585 95
1740007249412 0.062256560965640244 96
1740007249497 0.06702447774091568 97
1740007249589 0.006527085692057271 98
1740007249686 0.1459999501691277 99
1740007249776 0.23463159401320716 100
1740007249860 0.06212611165510804 101
1740007249951 0.0729539316653555 102
1740007250036 0.06418924458677404 103
1740007250122 0.04180648554999689 104
1740007250206 0.06547352557758346 105
1740007250294 0.007462668346978137 106
1740007250380 0.003901065310945254 107
1740007250466 0.13716214040087318 108
1740007250552 0.1889483542497196 109
1740007250637 0.16817137563737913 110
1740007250724 0.04361533230363893 111
1740007250808 0.05183931862997006 112
1740007250894 0.22385098519245433 113
1740007250983 0.12586238718111298 114
1740007251067 0.07553199543150636 115
1740007251150 0.0585489523972511 116
1740007251233 0.00014113845629252472 117
1740007251318 0.0007346901279440642 118
1740007251402 0.0027652648809451154 119
1740007251485 9.267655916339312e-05 120
1740007251567 0.03126456599311955 121
1740007251655 0.01624495230846192 122
1740007251740 0.03306126669058405 123
1740007251823 0.005280354409999561 124
1740007251908 0.013246894530444623 125
1740007251997 0.11096400601117984 126
1740007252080 0.03202332666821413 127
1740007252162 0.0038013786720359757 128
1740007252247 0.5010286926077787 129
1740007252330 0.09601218401488228 130
1740007252415 0.016643968250195505 131
1740007252558 0.02411161000661116 132
1740007252643 0.008608185353241319 133
1740007252730 0.08331133666515593 134
1740007252816 0.00698859849852012 135
1740007252901 4.466672462494002e-05 136
1740007252987 0.10036883916423855 137
1740007253073 0.11783935397181902 138
1740007253157 0.013206057342159143 139
1740007253244 0.2334816609593117 140
1740007253329 0.050380821925161905 141
1740007253415 0.06412787639968869 142
1740007253500 0.0006079136859190667 143
1740007253645 0.004132553113670793 144
1740007253741 0.001581426648464903 145
1740007253827 0.000239688665150785 146
1740007253919 0.10520495956767077 147
1740007254010 0.12571781708693058 148
1740007254097 0.25700130291097173 149
1740007254183 0.1454897144786975 150
1740007254268 0.14432428855769006 151
1740007254351 0.007043081211151204 152
1740007254436 0.3062158617894811 153
1740007254522 0.012996231381364352 154
1740007254608 0.01014994202946382 155
1740007254695 0.1268879801183263 156
1740007254779 4.335607924561362e-05 157
1740007254863 2.477885675256973e-05 158
1740007254949 0.06658942296788935 159
1740007255032 0.005275326237636885 160
1740007255115 0.002290313368266191 161
1740007255198 0.038118783067094104 162
1740007255280 0.007215748251922011 163
1740007255365 0.025693301601677692 164
1740007255450 0.006102236915953291 165
1740007255535 0.17345157886991666 166
1740007255619 0.0005813506984844225 167
1740007255708 0.08966604010349029 168
1740007255807 0.3037541362094497 169
1740007255893 0.314562755990342 170
1740007255978 0.01370027602887016 171
1740007256060 0.007703003804326939 172
1740007256147 0.010350948282358849 173
1740007256230 0.14341280922669505 174
1740007256314 5.68786510859249e-05 175
1740007256400 0.013665012558741868 176
1740007256483 0.0006700688009494191 177
1740007256566 0.20731874608826453 178
1740007256650 0.003953801307017127 179
1740007256736 0.33066489257245174 180
1740007256819 0.02847119027357367 181
1740007256903 0.3392091487592568 182
1740007256991 0.013420355079119244 183
1740007257076 0.0336809332625169 184
1740007257161 0.03898545993411485 185
1740007257247 0.08608982102407196 186
1740007257332 0.027078654323068444 187
1740007257416 0.17311590159425325 188
1740007257506 0.10378616665362436 189
1740007257590 0.007419761756615619 190
1740007257672 0.04007157608809324 191
1740007257761 0.2778792333384938 192
1740007257845 0.04687119740884618 193
1740007257934 0.008579988584811665 194
1740007258018 0.38709395606572655 195
1740007258103 0.37804304989298193 196
1740007258187 0.16436182248734563 197
1740007258274 0.1736339337653686 198
1740007258361 0.4305947712175777 199
1740007258444 0.003089638716265211 200
1740007258530 0.19988122466665392 201
1740007258615 0.29187790683108306 202
1740007258701 0.3108088130564171 203
1740007258788 0.0755986487705282 204
1740007258872 0.025849011468610295 205
1740007258957 0.008292561626754825 206
1740007259043 0.7170798576489953 207
1740007259126 0.0057990402848417805 208
1740007259210 0.2521694760054341 209
1740007259297 0.053246934619988966 210
1740007259382 0.00043954136807272936 211
1740007259468 0.008365597933365238 212
1740007259551 0.07400179956308325 213
1740007259635 0.006332798441425333 214
1740007259721 0.11554821098070546 215
1740007259811 0.010874797094105167 216
1740007259895 0.01704186584705175 217
1740007259980 0.05347468176446745 218
1740007260065 0.0029295161653667802 219
1740007260150 0.22169943566338995 220
1740007260235 8.67159827472558e-06 221
1740007260319 0.004916707284033302 222
1740007260404 0.03168209805550273 223
1740007260488 0.26063749135288833 224
1740007260572 0.014797268710080412 225
1740007260656 0.7806926855310024 226
1740007260739 0.0391397040249395 227
1740007260822 0.02261265111421766 228
1740007260907 0.016751682117169153 229
1740007260994 0.030761034381135 230
1740007261077 0.0066100919270933815 231
1740007261160 0.008336468263124746 232
1740007261245 0.00011603598176319061 233
1740007261332 0.254139784294402 234
1740007261416 0.2406142102814493 235
1740007261498 0.251471312278789 236
1740007261586 0.10299754966652036 237
1740007261668 0.24483909883401717 238
1740007261756 0.00012763773459730185 239
1740007261844 0.13938750749434076 240
1740007261930 0.07481959977788201 241
1740007262018 0.03821604688702224 242
1740007262101 0.13858386871628195 243
1740007262187 0.002665945013032736 244
1740007262272 0.014413259053019321 245
1740007262356 0.07912139486402232 246
1740007262441 0.06887941234254111 247
1740007262524 0.03106543852127654 248
1740007262607 0.006533451595842959 249
1740007262693 0.11862868858109965 250
1740007262851 0.013375485743762067 251
1740007262939 0.0014550897915835558 252
1740007263023 8.190767831255006e-05 253
1740007263106 0.16693139300174714 254
1740007263192 0.045168747134483385 255
1740007263280 0.0004918595114083542 256
1740007263365 0.11809838430388968 257
1740007263451 0.020498770665890755 258
1740007263535 0.016629665427319903 259
1740007263618 0.003821793787350307 260
1740007263704 0.00262223789923901 261
1740007263786 0.07048786829559849 262
1740007263873 0.32032122198539603 263
1740007263965 0.24619836769761574 264
1740007264051 0.24854901435050591 265
1740007264135 0.39377070365118055 266
1740007264220 0.019738389133622792 267
1740007264305 0.19470739492640865 268
1740007264389 0.00030836538350612286 269
1740007264475 0.2656307539242005 270
1740007264560 0.03333192585868322 271
1740007264642 0.011979100011076252 272
1740007264728 0.009077450509185568 273
1740007264813 0.0051406777430910424 274
1740007264900 6.68285296224339e-05 275
1740007264984 0.0007812805607995415 276
1740007265067 1.2076533698497094 277
1740007265151 0.011021258451371037 278
1740007265237 0.10409165206124944 279
1740007265319 0.0029862836311757104 280
1740007265404 0.001896637405738885 281
1740007265490 0.056465758642972964 282
1740007265573 0.22122603770940466 283
1740007265657 0.1815353098195481 284
1740007265740 5.409830349557239e-06 285
1740007265832 0.007747031628718248 286
1740007265929 0.1273758388204768 287
1740007266014 0.05162404189946672 288
1740007266096 0.17197819392724303 289
1740007266180 0.021593147570194975 290
1740007266265 0.07240895370919374 291
1740007266348 0.0014915074838241038 292
1740007266431 0.0015118064570454758 293
1740007266515 8.01450153274173e-05 294
1740007266598 0.00010923114259523065 295
1740007266680 0.437535047094148 296
1740007266765 0.1832869655126936 297
1740007266848 0.07730837941843217 298
1740007266962 0.3981158588583003 299
1740007267065 0.017438073613750594 300
1740007267162 0.003822257338674946 301
1740007267269 0.022759375022435836 302
1740007267371 0.04357458683755033 303
1740007267472 0.00540128842649091 304
1740007267570 9.671939918761672e-06 305
1740007267658 0.01275122763870269 306
1740007267751 0.010358633321983108 307
1740007267847 0.0413995912979218 308
1740007267949 0.0030140968135571105 309
1740007268043 0.00323695902923112 310
1740007268130 0.5938995271841649 311
1740007268229 0.059581522550415544 312
1740007268321 0.012489087880109974 313
1740007268421 0.12485313939477317 314
1740007268517 0.01070094853622368 315
1740007268619 0.000446417927579263 316
1740007268714 0.017349924919964958 317
1740007268811 0.06808659935932124 318
1740007268908 0.044191381801385744 319
1740007269002 0.01837422439359623 320
1740007269092 0.002129873539020598 321
1740007269185 0.004514124068371402 322
1740007269285 0.003182937893526628 323
1740007269375 0.026058995782755855 324
1740007269466 0.01638532747820282 325
1740007269557 0.08099192055804137 326
1740007269650 0.07705515801000011 327
1740007269740 0.04289831541326313 328
1740007269832 0.013445196211032056 329
1740007269925 0.02367962374816362 330
1740007270026 0.002177905463955283 331
1740007270117 0.05204671352028333 332
1740007270210 0.018475160028981915 333
1740007270298 0.06871613532261579 334
1740007270389 0.05119729886973054 335
1740007270480 1.0678093452899693e-06 336
1740007270570 0.002513798124056948 337
1740007270659 0.007313075318147278 338
1740007270753 0.03149346603605779 339
1740007270841 0.15972209040471078 340
1740007270936 0.021818160563875488 341
1740007271028 0.0023841226668233997 342
1740007271121 0.0015264728157023421 343
1740007271212 0.04851499936759376 344
1740007271303 0.04559206908003625 345
1740007271395 0.16134091589030702 346
1740007271485 0.0034701946555892684 347
1740007271575 0.24140806538912823 348
1740007271664 0.000465264697495527 349
1740007271757 0.014010721954965933 350
1740007271844 0.001245285005133217 351
1740007271937 0.08247176978950595 352
1740007272031 0.47276960496195325 353
1740007272118 0.08889415974639191 354
1740007272206 0.012387839481185015 355
1740007272292 0.18976623359031844 356
1740007272380 0.0061326824476164105 357
1740007272471 0.0118292019808433 358
1740007272562 0.10889726126012307 359
1740007272650 0.00411299297623771 360
1740007272746 0.001994161999700465 361
1740007272852 0.019711913953664662 362
1740007272946 0.00232490730906738 363
1740007273034 0.19086787448097353 364
1740007273123 0.3604885381422719 365
1740007273214 0.0018982640887532628 366
1740007273305 0.6546350970879352 367
1740007273399 0.14749966176837973 368
1740007273492 0.020961334900529024 369
1740007273584 0.050356938801808526 370
1740007273675 0.1893300620717811 371
1740007273768 1.1929448018565018e-05 372
1740007273859 0.1442547438416005 373
1740007273955 0.21603793898846846 374
1740007274050 0.015570482863808776 375
1740007274145 0.009680566061973588 376
1740007274233 0.053852499245651865 377
1740007274324 1.4668187066767253e-06 378
1740007274414 0.03657864715623875 379
1740007274506 0.025658187301469248 380
1740007274602 0.2908475935817838 381
1740007274691 0.0020191003401041855 382
1740007274782 0.10416757407344139 383
1740007274891 0.26750221616038095 384
1740007275016 0.009784887724274867 385
1740007275118 0.04153305669875773 386
1740007275212 0.028230591365066976 387
1740007275301 0.04392884695217234 388
1740007275392 0.005307022391696661 389
1740007275486 0.015047621512690873 390
1740007275575 0.004252323143993978 391
1740007275668 0.018678129284712953 392
1740007275759 0.009914767303070915 393
1740007275851 0.27157049868639366 394
1740007275957 0.31549197962492037 395
1740007276049 0.0818177010294392 396
1740007276141 0.014039135898173393 397
1740007276231 0.1730931285099757 398
1740007276321 0.008626013851370923 399
1740007276410 0.064440114823877 400
1740007276499 0.16002341957194316 401
1740007276592 0.14052046099026025 402
1740007276680 0.006048534675238459 403
1740007276772 0.0037488140290399775 404
1740007276859 0.02711008803466845 405
1740007276960 0.03272993101239239 406
1740007277055 0.12311591383971908 407
1740007277146 0.15768504926644378 408
1740007277239 0.08063639257827239 409
1740007277334 0.05733058157520885 410
1740007277479 0.017909341316711794 411
1740007277575 0.07113420911370026 412
1740007277662 0.010096861778487495 413
1740007277752 0.4450300640725373 414
1740007277843 0.028757261414949335 415
1740007277938 0.07946843647760586 416
1740007278038 0.3868977846131392 417
1740007278146 0.015006872327735682 418
1740007278236 0.08041922283556824 419
1740007278324 0.13675751842928957 420
1740007278416 0.6171505596883811 421
1740007278506 0.0005488001680395499 422
1740007278598 0.017173389347244657 423
1740007278688 0.004637921011245324 424
1740007278776 0.0026652520542759534 425
1740007278865 0.00010815696479756248 426
1740007278960 0.8485541399073753 427
1740007279057 0.03291651980628247 428
1740007279145 0.6637671608736875 429
1740007279236 0.014582116261299412 430
1740007279325 0.021723796256994225 431
1740007279415 0.32502948937856424 432
1740007279506 0.021408912134766075 433
1740007279595 0.14946759441753066 434
1740007279687 0.11061342284578404 435
1740007279779 0.011553369014716576 436
1740007279868 0.0008974906719608182 437
1740007279960 0.07391070781207182 438
1740007280055 0.008719121191882435 439
1740007280151 0.3805686498989096 440
1740007280246 0.469194827820924 441
1740007280336 0.023426103824641113 442
1740007280428 0.02928653280802913 443
1740007280515 0.02274596035269661 444
1740007280600 0.05870867252653461 445
1740007280686 1.0561030247776626 446
1740007280773 0.008602446377184663 447
1740007280858 0.2350970935624122 448
1740007280947 0.0001795902097668988 449
1740007281034 0.04417262300016893 450
1740007281120 0.0007310357786552266 451
1740007281203 0.02775255327563 452
1740007281286 0.02168325345679579 453
1740007281369 0.24808139929806672 454
1740007281454 0.04975757917150673 455
1740007281538 0.012661389230437102 456
1740007281622 0.781440246496379 457
1740007281709 0.4004397235504221 458
1740007281795 0.0025096750416609354 459
1740007281877 0.0033319719428952827 460
1740007281965 0.016829901875612705 461
1740007282048 0.18029328283478416 462
1740007282132 0.24663333178966293 463
1740007282219 0.0017763826545047678 464
1740007282304 0.008658481552153135 465
1740007282386 0.1432649605000715 466
1740007282472 0.2921179576939216 467
1740007282556 0.32683044605523237 468
1740007282641 0.14087124671525567 469
1740007282726 0.03254380714063735 470
1740007282846 0.0810011836684114 471
1740007282934 0.0018839155897487486 472
1740007283019 0.031503721189113876 473
1740007283103 0.0009826527671056014 474
1740007283188 0.027147756518591786 475
1740007283272 0.02206892915042082 476
1740007283357 0.0005605478318623633 477
1740007283443 0.01789004311064584 478
1740007283527 0.36484751878973853 479
1740007283610 1.4882797144679454 480
1740007283695 0.01760921224834731 481
1740007283778 0.024573432062320304 482
1740007283862 0.001368331350585166 483
1740007283952 0.32169216026891845 484
1740007284075 0.159472652605554 485
1740007284157 0.3027051436311307 486
1740007284243 0.00019580286284632455 487
1740007284331 0.2766121433597382 488
1740007284414 0.09441323030421596 489
1740007284499 0.11512192260606027 490
1740007284582 0.11539366395388378 491
1740007284666 0.012372441959635936 492
1740007284749 0.009239938996889218 493
1740007284833 0.014207882897633995 494
1740007284921 0.33796599556116863 495
1740007285010 0.007258926547508894 496
1740007285094 0.8246071294225918 497
1740007285176 0.09909134531152351 498
1740007285260 0.024283097830210643 499
