1739997669957 168.79801204511594 0
1739997669978 168.4608286000918 1
1739997669999 168.12573465591967 2
1739997670027 167.79132598341684 3
1739997670074 167.4576011628084 4
1739997670096 167.1245587772814 5
1739997670115 166.7921895837249 6
1739997670139 166.4605078911609 7
1739997670158 166.12950440065887 8
1739997670177 165.79917770719297 9
1739997670196 165.46952640866834 10
1739997670214 165.1405491059152 11
1739997670234 164.81224440268244 12
1739997670251 164.48461090563168 13
1739997670269 164.1576472243313 14
1739997670289 163.8313443913875 15
1739997670307 163.50571624202294 16
1739997670326 163.18075375420662 17
1739997670343 162.85645554907344 18
1739997670361 162.5328202506347 19
1739997670378 162.20984648577195 20
1739997670395 161.887532884231 21
1739997670412 161.56587807861595 22
1739997670430 161.24487334354947 23
1739997670447 160.9245320980046 24
1739997670464 160.60484556300625 25
1739997670481 160.28581238253284 26
1739997670498 159.96743120339124 27
1739997670518 159.6497006752109 28
1739997670536 159.33261945043787 29
1739997670554 159.01618618432897 30
1739997670571 158.7003923886414 31
1739997670588 158.3852510747336 32
1739997670605 158.07075370178868 33
1739997670622 157.75689893624872 34
1739997670641 157.44368544733715 35
1739997670658 157.13111190705294 36
1739997670675 156.81917699016495 37
1739997670692 156.5078724144334 38
1739997670708 156.19721083661625 39
1739997670726 155.88718392278918 40
1739997670744 155.5777903587432 41
1739997670761 155.26902883301037 42
1739997670778 154.9608980368578 43
1739997670796 154.65338986451945 44
1739997670813 154.34651666833724 45
1739997670830 154.04027029162046 46
1739997670848 153.7346494365208 47
1739997670866 153.4296528078967 48
1739997670883 153.1252791133075 49
1739997670900 152.82152042078695 50
1739997670917 152.51838878300097 51
1739997670936 152.21587621781026 52
1739997670953 151.91398144352263 53
1739997670971 151.6127031811189 54
1739997670988 151.31204015424686 55
1739997671004 151.01198460209747 56
1739997671021 150.7125482823464 57
1739997671039 150.41372338475446 58
1739997671056 150.1155086435837 59
1739997671073 149.81790279573565 60
1739997671089 149.5209045807458 61
1739997671105 149.22450640634958 62
1739997671121 148.92871973986522 63
1739997671142 148.63353694033265 64
1739997671161 148.33895675776878 65
1739997671252 148.04497794479704 66
1739997671274 147.7515930509118 67
1739997671294 147.45881329840185 68
1739997671311 147.16663118868 69
1739997671329 146.8750454847419 70
1739997671347 146.58405495216243 71
1739997671364 146.29365835909044 72
1739997671381 146.00384841882888 73
1739997671398 145.71463607171472 74
1739997671415 145.4260139836884 75
1739997671431 145.13798093314142 76
1739997671451 144.85053570101232 77
1739997671469 144.56367113845792 78
1739997671488 144.27739794771716 79
1739997671507 143.99170893318578 80
1739997671525 143.70660288593825 81
1739997671545 143.42207859956935 82
1739997671568 143.13812906133094 83
1739997671587 142.85476473848925 84
1739997671606 142.57197857213063 85
1739997671626 142.28976936588018 86
1739997671645 142.0081302185477 87
1739997671664 141.72707140376795 88
1739997671683 141.4465859746677 89
1739997671702 141.16667274481844 90
1739997671723 140.8873305302653 91
1739997671743 140.60855256276483 92
1739997671761 140.3303488865791 93
1739997671778 140.052712688367 94
1739997671796 139.77564279401642 95
1739997671816 139.4991325443452 96
1739997671836 139.22319179442556 97
1739997671854 138.947813840452 98
1739997671872 138.67299751807303 99
1739997671889 138.39874166536427 100
1739997671906 138.12503975299657 101
1739997671924 137.8519014121739 102
1739997671942 137.57932006951904 103
1739997671959 137.3072945727667 104
1739997671976 137.03581849919527 105
1739997671993 136.76490129518464 106
1739997672010 136.49453649443163 107
1739997672027 136.2247229542491 108
1739997672046 135.95545435743557 109
1739997672063 135.6867399674849 110
1739997672081 135.4185734240766 111
1739997672099 135.15095359402196 112
1739997672118 134.88387934649398 113
1739997672138 134.61734448975605 114
1739997672158 134.35135807124595 115
1739997672176 134.08591385666895 116
1739997672193 133.8210107245976 117
1739997672210 133.55664258642278 118
1739997672228 133.29281831095415 119
1739997672247 133.02953176747963 120
1739997672264 132.76678184389252 121
1739997672281 132.50456255365063 122
1739997672297 132.2428825888262 123
1739997672314 131.9817359212254 124
1739997672332 131.72112144798473 125
1739997672350 131.46103328357594 126
1739997672367 131.2014799452104 127
1739997672384 130.94245550615636 128
1739997672400 130.6839541608847 129
1739997672417 130.42598428682317 130
1739997672436 130.1685400375853 131
1739997672453 129.911620326298 132
1739997672470 129.6552194465988 133
1739997672488 129.39934560435336 134
1739997672505 129.14399305278377 135
1739997672522 128.88916071404947 136
1739997672542 128.63484297992454 137
1739997672560 128.38104788654903 138
1739997672577 128.1277697857202 139
1739997672594 127.87500760855455 140
1739997672610 127.6227558439404 141
1739997672628 127.37102236011495 142
1739997672646 127.11980160642493 143
1739997672665 126.86908814885257 144
1739997672684 126.61888972103515 145
1739997672703 126.36920084975002 146
1739997672726 126.12002048160926 147
1739997672745 125.87134327791492 148
1739997672764 125.62317680760682 149
1739997672781 125.3755156932112 150
1739997672798 125.12835467178716 151
1739997672815 124.88170118006262 152
1739997672833 124.63554991665328 153
1739997672850 124.38989984344127 154
1739997672868 124.14474579103496 155
1739997672885 123.90009503462761 156
1739997672902 123.6559423668076 157
1739997672919 123.41228269262157 158
1739997672936 123.16912315740686 159
1739997672954 122.92645862851813 160
1739997672971 122.68428408487011 161
1739997672988 122.44260654296546 162
1739997673005 122.20142094435298 163
1739997673022 121.96072627234454 164
1739997673039 121.7205175969023 165
1739997673057 121.48080177746725 166
1739997673074 121.24157384705094 167
1739997673091 121.00282894819034 168
1739997673108 120.76457381380263 169
1739997673125 120.52680354979587 170
1739997673143 120.28951337072243 171
1739997673164 120.05270988397773 172
1739997673181 119.81638826780514 173
1739997673199 119.58054752650192 174
1739997673216 119.34518296321454 175
1739997673237 119.110301032664 176
1739997673257 118.8758970020949 177
1739997673275 118.64196624540101 178
1739997673293 118.40851509404784 179
1739997673310 118.17553888634303 180
1739997673327 117.94303306637873 181
1739997673345 117.71100384334822 182
1739997673363 117.47944662607149 183
1739997673381 117.24835692829359 184
1739997673398 117.017740837913 185
1739997673416 116.78759383371462 186
1739997673435 116.557911498554 187
1739997673453 116.32869980000667 188
1739997673471 116.09995428627833 189
1739997673489 115.87167060879557 190
1739997673506 115.64385461577739 191
1739997673524 115.41650192430912 192
1739997673543 115.18960825385234 193
1739997673561 114.96317933423013 194
1739997673579 114.7372108508696 195
1739997673597 114.51169859073441 196
1739997673614 114.28664816620672 197
1739997673633 114.06205533052066 198
1739997673651 113.83791593761207 199
1739997673669 113.61423548337187 200
1739997673687 113.39100978830952 201
1739997673704 113.16823477280627 202
1739997673722 112.94591581720589 203
1739997673740 112.72404880876465 204
1739997673759 112.5026297337855 205
1739997673777 112.2816638580036 206
1739997673794 112.06114713489669 207
1739997673811 111.84107561616874 208
1739997673828 111.62145445387951 209
1739997673847 111.40227966720575 210
1739997673865 111.18354737273498 211
1739997673883 110.9652626097792 212
1739997673900 110.74742146269499 213
1739997673918 110.53002011243876 214
1739997673937 110.31306348649719 215
1739997673956 110.0965448762546 216
1739997673974 109.88046912200154 217
1739997673990 109.66483242216829 218
1739997674008 109.4496310704027 219
1739997674026 109.234869796745 220
1739997674044 109.02054486341034 221
1739997674063 108.80665262703342 222
1739997674080 108.59319770831202 223
1739997674098 108.38017643273807 224
1739997674116 108.16758521942971 225
1739997674134 107.95542858064483 226
1739997674156 107.74370026324155 227
1739997674174 107.5324046945277 228
1739997674191 107.32153831092194 229
1739997674209 107.11109764111585 230
1739997674227 106.90108700551971 231
1739997674245 106.6915029024637 232
1739997674263 106.48234192176994 233
1739997674281 106.27360827783964 234
1739997674299 106.06529853041725 235
1739997674316 105.85740932996302 236
1739997674334 105.64994478575215 237
1739997674354 105.44289908695205 238
1739997674372 105.23627626008648 239
1739997674389 105.0300729727469 240
1739997674406 104.82428598191524 241
1739997674424 104.61891921049966 242
1739997674443 104.41396938616957 243
1739997674462 104.20943332522101 244
1739997674479 104.00531484781564 245
1739997674496 103.8016084602665 246
1739997674513 103.59831790156241 247
1739997674531 103.39544000500996 248
1739997674549 103.19297169123745 249
1739997674569 102.99091659797456 250
1739997674587 102.7892694312429 251
1739997674604 102.58803374858599 252
1739997674622 102.38720648756825 253
1739997674639 102.18678467178378 254
1739997674658 101.98677175898976 255
1739997674676 101.78716265227656 256
1739997674693 101.58796073019228 257
1739997674709 101.38916303319354 258
1739997674727 101.19076668648691 259
1739997674745 100.99277497029279 260
1739997674765 100.7951829821562 261
1739997674784 100.59799392405611 262
1739997674802 100.40120493798875 263
1739997674822 100.20481324943333 264
1739997674841 100.00882196348543 265
1739997674865 99.81322636955619 266
1739997674889 99.61802949545807 267
1739997674909 99.42322858338774 268
1739997674926 99.22882095777013 269
1739997674944 99.0348095509647 270
1739997674965 98.84118984168532 271
1739997674987 98.64796468595728 272
1739997675007 98.45513142485164 273
1739997675026 98.26268748042509 274
1739997675043 98.0706356146665 275
1739997675061 97.87897149305407 276
1739997675080 97.68769780218227 277
1739997675097 97.49681198068332 278
1739997675114 97.30631154694466 279
1739997675132 97.11619909492703 280
1739997675150 96.92647047435949 281
1739997675172 96.73712820473895 282
1739997675190 96.54816821669024 283
1739997675207 96.35959295563602 284
1739997675228 96.17139999855948 285
1739997675246 95.9835870004718 286
1739997675264 95.79615631613264 287
1739997675282 95.60910405689043 288
1739997675299 95.42243250434832 289
1739997675315 95.23613932992663 290
1739997675336 95.05022228187205 291
1739997675355 94.86468355249474 292
1739997675375 94.6795194314122 293
1739997675394 94.49473203868686 294
1739997675414 94.31031774245575 295
1739997675431 94.12627859091465 296
1739997675448 93.94261238951242 297
1739997675466 93.75931701883712 298
1739997675484 93.57639443971674 299
1739997675501 93.39384119511185 300
1739997675519 93.21165917488 301
1739997675536 93.02984499913254 302
1739997675554 92.84840048713254 303
1739997675573 92.66732357586834 304
1739997675591 92.48661227580335 305
1739997675609 92.30626832073183 306
1739997675628 92.1262885021904 307
1739997675644 91.94667448426272 308
1739997675662 91.76742313428613 309
1739997675680 91.58853604700478 310
1739997675696 91.41001016516026 311
1739997675714 91.23184701452665 312
1739997675731 91.05404470042765 313
1739997675749 90.87660139953806 314
1739997675768 90.69951855458801 315
1739997675786 90.52279327540799 316
1739997675803 90.3464269366262 317
1739997675820 90.17041672215127 318
1739997675838 89.99476393887416 319
1739997675857 89.81946584439191 320
1739997675876 89.64452367822159 321
1739997675894 89.4699357100037 322
1739997675912 89.2957002786433 323
1739997675929 89.12181854299588 324
1739997675945 88.9482879234872 325
1739997675963 88.7751095124513 326
1739997675981 88.60228080269978 327
1739997675998 88.42980282040374 328
1739997676015 88.2576731303775 329
1739997676032 88.08589269298636 330
1739997676049 87.91445914466583 331
1739997676069 87.74337338033115 332
1739997676087 87.57263310765886 333
1739997676103 87.40223915646854 334
1739997676121 87.23219003116519 335
1739997676139 87.0624843024414 336
1739997676157 86.89312272285589 337
1739997676177 86.7241031568376 338
1739997676195 86.55542629267971 339
1739997676212 86.38709006478325 340
1739997676231 86.21909509752555 341
1739997676249 86.05143939490614 342
1739997676266 85.88412351773489 343
1739997676285 85.7171455392376 344
1739997676302 85.55050595700371 345
1739997676322 85.38420291311466 346
1739997676339 85.21823684228502 347
1739997676356 85.05260595508275 348
1739997676375 84.88731062369175 349
1739997676394 84.7223496148596 350
1739997676411 84.55772175827074 351
1739997676428 84.39342735267682 352
1739997676445 84.22946475855939 353
1739997676463 84.06583421294442 354
1739997676483 83.90253414356886 355
1739997676501 83.73956472607281 356
1739997676518 83.57692445508567 357
1739997676535 83.41461344520013 358
1739997676553 83.25263025757663 359
1739997676571 83.09097494609735 360
1739997676591 82.92964613809387 361
1739997676609 82.76864382707365 362
1739997676627 82.60796670618073 363
1739997676644 82.44761470888227 364
1739997676661 82.28758659377773 365
1739997676681 82.12788223462694 366
1739997676699 81.96850045512899 367
1739997676717 81.80944106966827 368
1739997676734 81.65070296668914 369
1739997676752 81.49228590153102 370
1739997676770 81.33418882703054 371
1739997676790 81.17641143981136 372
1739997676807 81.01895275675088 373
1739997676824 80.86181241608482 374
1739997676842 80.70498949838118 375
1739997676858 80.54848358381437 376
1739997676876 80.39229381629421 377
1739997676895 80.23641971825909 378
1739997676912 80.08086049661327 379
1739997676930 79.92561561638314 380
1739997676947 79.77068434712133 381
1739997676986 79.61606609676505 382
1739997677004 79.46176019717062 383
1739997677021 79.30776599950751 384
1739997677038 79.15408289759247 385
1739997677055 79.00071018614746 386
1739997677073 78.84764732060772 387
1739997677091 78.69489353956656 388
1739997677109 78.54244835973724 389
1739997677125 78.3903109639021 390
1739997677143 78.2384809297131 391
1739997677164 78.08695738445816 392
1739997677183 77.93573996639 393
1739997677201 77.78482774761727 394
1739997677219 77.63422042665697 395
1739997677239 77.48391702075236 396
1739997677257 77.33391728834957 397
1739997677274 77.18422019213911 398
1739997677293 77.03482555016242 399
1739997677310 76.88573227086877 400
1739997677327 76.7369402315622 401
1739997677345 76.58844828676098 402
1739997677362 76.44025637270066 403
1739997677380 76.29236329027746 404
1739997677399 76.14476903432852 405
1739997677416 75.99747235243572 406
1739997677434 75.85047329770923 407
1739997677451 75.70377056472319 408
1739997677469 75.55736426453348 409
1739997677487 75.41125303901183 410
1739997677505 75.26543705683383 411
1739997677522 75.1199149074729 412
1739997677539 74.97468681689979 413
1739997677557 74.82975132249238 414
1739997677576 74.68510870719315 415
1739997677594 74.54075745658629 416
1739997677612 74.39669791026395 417
1739997677629 74.25292850231696 418
1739997677647 74.10944962866635 419
1739997677664 73.96626021410898 420
1739997677683 73.82335909812846 421
1739997677701 73.68074678026217 422
1739997677721 73.53842154747835 423
1739997677738 73.39638395479713 424
1739997677754 73.25463223878543 425
1739997677773 73.11316700962996 426
1739997677791 72.97198645379133 427
1739997677810 72.83109123630787 428
1739997677827 72.69047949382772 429
1739997677844 72.55015194592721 430
1739997677861 72.41010667973468 431
1739997677878 72.27034446905198 432
1739997677898 72.13086335177904 433
1739997677916 71.99166415563228 434
1739997677933 71.85274486957353 435
1739997677951 71.71410637492367 436
1739997677969 71.57574738424097 437
1739997677986 71.43766652800734 438
1739997678005 71.29986478709385 439
1739997678022 71.16234000968348 440
1739997678038 71.02509322943284 441
1739997678055 70.88812224664348 442
1739997678076 70.75142814745203 443
1739997678093 70.61500868456356 444
1739997678111 70.47886499629074 445
1739997678130 70.34299478802582 446
1739997678148 70.2073992499544 447
1739997678168 70.07207695933849 448
1739997678185 69.93702641342227 449
1739997678203 69.802248899357 450
1739997678221 69.66774198579142 451
1739997678240 69.53350701094789 452
1739997678257 69.39954149719668 453
1739997678276 69.26584683353262 454
1739997678294 69.13242049632603 455
1739997678312 68.99926392504688 456
1739997678328 68.86637455034308 457
1739997678345 68.73375386186353 458
1739997678363 68.601400305839 459
1739997678385 68.46931225049613 460
1739997678404 68.33749127992132 461
1739997678422 68.20593469196668 462
1739997678439 68.07464412011254 463
1739997678456 67.94361681750064 464
1739997678473 67.81285446671347 465
1739997678491 67.68235427645472 466
1739997678509 67.55211797811826 467
1739997678526 67.42214391204342 468
1739997678542 67.29243034219179 469
1739997678559 67.16297909235365 470
1739997678577 67.03378724162552 471
1739997678596 66.90485666183787 472
1739997678613 66.77618438864339 473
1739997678631 66.64777234162618 474
1739997678650 66.51961751326236 475
1739997678667 66.39172187060447 476
1739997678684 66.26408365086401 477
1739997678702 66.13670101647187 478
1739997678721 66.00957602487253 479
1739997678738 65.88270554206662 480
1739997678755 65.75609167220915 481
1739997678771 65.62973123910079 482
1739997678788 65.50362639332596 483
1739997678807 65.3777752915721 484
1739997678824 65.25217601698235 485
1739997678841 65.12683080898233 486
1739997678858 65.00173636732187 487
1739997678876 64.87689497710845 488
1739997678895 64.75230329685506 489
1739997678913 64.62796365707405 490
1739997678931 64.50387413556726 491
1739997678948 64.38003273781128 492
1739997678966 64.25644188163061 493
1739997678982 64.13309810387823 494
1739997679001 64.01000386704627 495
1739997679018 63.887155667700455 496
1739997679036 63.764556012727624 497
1739997679054 63.64220290265965 498
1739997679071 63.520094266905176 499
