1740012408996 167.72811672251729 0
1740012409022 133.56381707178429 1
1740012409049 115.52796200925266 2
1740012409080 95.94486289064261 3
1740012409144 83.65639228481132 4
1740012409218 71.44557676933297 5
1740012409243 58.28503894645717 6
1740012409268 51.68729458047431 7
1740012409298 44.15166070935624 8
1740012409326 37.843007555944226 9
1740012409391 32.14070821933079 10
1740012409419 29.309345856447717 11
1740012409444 25.78159218931831 12
1740012409470 23.773439356221306 13
1740012409495 20.282902933599622 14
1740012409520 19.173910777789914 15
1740012409545 16.50793981897454 16
1740012409570 14.741250079723386 17
1740012409596 13.26541629377351 18
1740012409621 12.249086631882673 19
1740012409646 11.835510008700062 20
1740012409671 10.40475415540068 21
1740012409695 10.192119707786137 22
1740012409719 9.637612064927891 23
1740012409743 9.090938935648255 24
1740012409768 8.389972092207895 25
1740012409792 7.605810463944693 26
1740012409818 7.628077375122228 27
1740012409843 6.930441547902565 28
1740012409867 6.925954894464624 29
1740012409893 6.372830513894577 30
1740012409919 6.881043819569688 31
1740012409944 6.202490254600703 32
1740012409970 6.202628953721314 33
1740012409995 6.438756250403349 34
1740012410019 6.249891073629562 35
1740012410044 6.129530938323563 36
1740012410069 5.372515045357433 37
1740012410095 5.679202318135615 38
1740012410122 5.623227408033108 39
1740012410147 5.564413739608368 40
1740012410171 5.296114971879937 41
1740012410196 5.289879742746899 42
1740012410223 5.523324824334381 43
1740012410249 4.971963924555663 44
1740012410279 5.146988627250224 45
1740012410318 5.034690614530718 46
1740012410359 4.984317154400516 47
1740012410400 5.103494969176769 48
1740012410440 5.131451229590206 49
1740012410480 4.6343694499142405 50
1740012410521 4.811584583439279 51
1740012410559 5.166581868668838 52
1740012410594 5.098978461162929 53
1740012410627 5.155382860065425 54
1740012410654 4.775208194675596 55
1740012410677 5.169337097887771 56
1740012410701 4.783687445734317 57
1740012410726 5.1544262780688355 58
1740012410750 5.092402783812492 59
1740012410774 4.984161840581989 60
1740012410798 4.713614586523176 61
1740012410823 4.910041218210602 62
1740012410852 4.790775659993313 63
1740012410881 4.785483892315375 64
1740012410906 5.288034662795386 65
1740012410935 5.257552915794022 66
1740012410965 5.195035565407519 67
1740012410993 5.176616070419006 68
1740012411024 4.387561889185395 69
1740012411058 4.636854079726932 70
1740012411086 4.888102451669974 71
1740012411115 4.891000917070165 72
1740012411143 4.97035746282104 73
1740012411194 5.013005749673848 74
1740012411222 4.796538964411947 75
1740012411252 4.785215398026135 76
1740012411280 4.598934353115161 77
1740012411307 4.8764106429695975 78
1740012411336 4.554291696821 79
1740012411366 4.752397077403804 80
1740012411394 4.721450828108745 81
1740012411424 4.288541074950294 82
1740012411453 5.113924768567733 83
1740012411478 4.9658840723889615 84
1740012411503 4.778068628767835 85
1740012411528 4.94597394951345 86
1740012411556 5.182788863789642 87
1740012411586 4.713875159380796 88
1740012411613 4.825387149193164 89
1740012411640 5.1192344119668425 90
1740012411665 4.8073340005836185 91
1740012411691 5.096763576781042 92
1740012411722 5.0024901818688 93
1740012411754 4.911609298629054 94
1740012411784 5.080136805666516 95
1740012411811 4.696216790589588 96
1740012411836 4.390515446226014 97
1740012411864 4.726192730335252 98
1740012411892 5.19334150724619 99
1740012411924 4.967360770652796 100
1740012411952 4.73851343634017 101
1740012411977 4.944335683329765 102
1740012412004 4.59697181240568 103
1740012412030 5.171924242916918 104
1740012412058 4.420089967447608 105
