1740014240394 177.81404899315012 0
1740014240419 177.590037535902 1
1740014240446 177.41130777755416 2
1740014240474 177.23274855302978 3
1740014240500 177.05438675016316 4
1740014240526 176.87622212545458 5
1740014240553 176.69825445198768 6
1740014240579 176.5204835031036 7
1740014240607 176.34290905241016 8
1740014240632 176.16553087378182 9
1740014240660 175.98834874135906 10
1740014240686 175.81136242954838 11
1740014240714 175.6345717130217 12
1740014240743 175.45797636671628 13
1740014240768 175.28157616583422 14
1740014240793 175.1053708858423 15
1740014240816 174.9293603024714 16
1740014240847 174.75354419171663 17
1740014240873 174.5779223298366 18
1740014240899 174.40249449335323 19
1740014240925 174.2272604590516 20
1740014240951 174.05222000397936 21
1740014240975 173.87737290544666 22
1740014241001 173.70271894102567 23
1740014241026 173.5282578885504 24
1740014241051 173.35398952611632 25
1740014241080 173.17991363207994 26
1740014241110 173.0060299850588 27
1740014241139 172.83233836393077 28
1740014241163 172.6588385478341 29
1740014241187 172.48553031616686 30
1740014241214 172.3124134485867 31
1740014241238 172.1394877250107 32
1740014241263 171.96675292561468 33
1740014241288 171.79420883083338 34
1740014241315 171.62185522135982 35
1740014241340 171.449691878145 36
1740014241365 171.2777185823977 37
1740014241391 171.1059351155842 38
1740014241416 170.93434125942792 39
1740014241442 170.76293679590898 40
1740014241466 170.59172150726417 41
1740014241494 170.42069517598645 42
1740014241519 170.24985758482464 43
1740014241545 170.07920851678318 44
1740014241572 169.9087477551219 45
1740014241604 169.73847508335555 46
1740014241630 169.56839028525357 47
1740014241657 169.39849314483985 48
1740014241682 169.22878344639227 49
1740014241706 169.05926097444257 50
1740014241730 168.889925513776 51
1740014241755 168.72077684943088 52
1740014241781 168.5518147666985 53
1740014241806 168.38303905112267 54
1740014241830 168.21444948849958 55
1740014241859 168.04604586487724 56
1740014241888 167.87782796655546 57
1740014241913 167.70979558008534 58
1740014241938 167.5419484922692 59
1740014241965 167.37428649015988 60
1740014241990 167.206809361061 61
1740014242015 167.03951689252614 62
1740014242042 166.87240887235882 63
1740014242067 166.70548508861222 64
1740014242098 166.5387453295887 65
1740014242133 166.37218938383964 66
1740014242182 166.20581704016524 67
1740014242207 166.03962808761383 68
1740014242230 165.87362231548212 69
1740014242256 165.70779951331443 70
1740014242282 165.5421594709027 71
1740014242307 165.37670197828604 72
1740014242331 165.2114268257505 73
1740014242364 165.04633380382867 74
1740014242391 164.88142270329968 75
1740014242415 164.7166933151885 76
1740014242441 164.55214543076588 77
1740014242468 164.3877788415481 78
1740014242492 164.2235933392966 79
1740014242517 164.05958871601752 80
1740014242544 163.89576476396184 81
1740014242570 163.73212127562462 82
1740014242596 163.56865804374502 83
1740014242621 163.40537486130586 84
1740014242696 163.24227152153338 85
1740014242721 163.07934781789697 86
1740014242745 162.91660354410885 87
1740014242772 162.7540384941237 88
1740014242798 162.5916524621386 89
1740014242822 162.42944524259255 90
1740014242848 162.26741663016608 91
1740014242878 162.10556641978138 92
1740014242904 161.94389440660152 93
1740014242928 161.78240038603047 94
1740014242954 161.6210841537128 95
1740014242979 161.45994550553317 96
1740014243005 161.29898423761637 97
1740014243030 161.13820014632668 98
1740014243056 160.97759302826796 99
1740014243082 160.817162680283 100
1740014243107 160.65690889945353 101
1740014243133 160.4968314830997 102
1740014243163 160.33693022878006 103
1740014243191 160.17720493429098 104
1740014243215 160.01765539766657 105
1740014243242 159.85828141717838 106
1740014243268 159.69908279133494 107
1740014243293 159.5400593188818 108
1740014243318 159.38121079880094 109
1740014243345 159.22253703031055 110
1740014243369 159.06403781286508 111
1740014243398 158.90571294615427 112
1740014243425 158.7475622301037 113
1740014243452 158.58958546487386 114
1740014243476 158.43178245086008 115
1740014243502 158.27415298869246 116
1740014243531 158.11669687923526 117
1740014243555 157.95941392358682 118
1740014243580 157.8023039230792 119
1740014243606 157.64536667927794 120
1740014243632 157.48860199398183 121
1740014243659 157.33200966922246 122
1740014243683 157.1755895072642 123
1740014243710 157.01934131060364 124
1740014243734 156.86326488196957 125
1740014243759 156.70736002432253 126
1740014243784 156.55162654085456 127
1740014243812 156.396064234989 128
1740014243837 156.24067291038025 129
1740014243863 156.08545237091323 130
1740014243890 155.9304024207035 131
1740014243916 155.77552286409653 132
1740014243940 155.6208135056679 133
1740014243965 155.46627415022277 134
1740014243989 155.31190460279547 135
1740014244014 155.15770466864956 136
1740014244040 155.00367415327727 137
1740014244065 154.84981286239952 138
1740014244094 154.69612060196522 139
1740014244120 154.54259717815154 140
1740014244147 154.3892423973631 141
1740014244179 154.2360560662321 142
1740014244204 154.08303799161783 143
1740014244229 153.9301879806066 144
1740014244255 153.7775058405111 145
1740014244279 153.62499137887065 146
1740014244305 153.4726444034504 147
1740014244330 153.32046472224147 148
1740014244357 153.16845214346048 149
1740014244385 153.0166064755493 150
1740014244414 152.8649275271748 151
1740014244439 152.71341510722874 152
1740014244465 152.56206902482708 153
1740014244490 152.4108890893102 154
1740014244515 152.2598751102423 155
1740014244544 152.10902689741133 156
1740014244570 151.95834426082857 157
1740014244594 151.8078270107285 158
1740014244619 151.65747495756844 159
1740014244649 151.50728791202835 160
1740014244673 151.35726568501047 161
1740014244699 151.20740808763918 162
1740014244724 151.05771493126062 163
1740014244750 150.90818602744253 164
1740014244775 150.7588211879739 165
1740014244801 150.60962022486473 166
1740014244827 150.4605829503458 167
1740014244852 150.31170917686845 168
1740014244876 150.16299871710416 169
1740014244901 150.01445138394433 170
1740014244928 149.86606699050026 171
1740014244953 149.71784535010252 172
1740014244977 149.56978627630096 173
1740014245007 149.42188958286434 174
1740014245035 149.27415508378004 175
1740014245059 149.12658259325391 176
1740014245085 148.97917192570992 177
1740014245110 148.83192289578992 178
1740014245135 148.68483531835338 179
1740014245161 148.53790900847716 180
1740014245186 148.39114378145518 181
1740014245211 148.24453945279825 182
1740014245236 148.0980958382338 183
1740014245262 147.95181275370555 184
1740014245295 147.80569001537333 185
1740014245320 147.65972743961268 186
1740014245346 147.51392484301488 187
1740014245372 147.36828204238637 188
1740014245400 147.22279885474876 189
1740014245425 147.07747509733832 190
1740014245450 146.93231058760594 191
1740014245474 146.78730514321686 192
1740014245499 146.6424585820502 193
1740014245524 146.4977707221989 194
1740014245551 146.35324138196953 195
1740014245581 146.20887037988177 196
1740014245611 146.0646575346684 197
1740014245639 145.92060266527497 198
1740014245666 145.77670559085945 199
1740014245691 145.63296613079217 200
1740014245716 145.48938410465536 201
1740014245740 145.34595933224307 202
1740014245765 145.2026916335608 203
1740014245790 145.05958082882526 204
1740014245815 144.91662673846434 205
1740014245842 144.77382918311642 206
1740014245867 144.63118798363053 207
1740014245893 144.48870296106585 208
1740014245918 144.34637393669166 209
1740014245949 144.20420073198682 210
1740014245973 144.06218316863985 211
1740014245998 143.92032106854845 212
1740014246025 143.77861425381926 213
1740014246054 143.63706254676768 214
1740014246081 143.4956657699177 215
1740014246106 143.3544237460014 216
1740014246131 143.213336297959 217
1740014246155 143.07240324893834 218
1740014246179 142.93162442229493 219
1740014246204 142.79099964159138 220
1740014246229 142.65052873059744 221
1740014246254 142.5102115132895 222
1740014246277 142.37004781385062 223
1740014246309 142.23003745666995 224
1740014246336 142.0901802663428 225
1740014246360 141.95047606767022 226
1740014246386 141.81092468565882 227
1740014246412 141.67152594552047 228
1740014246443 141.53227967267216 229
1740014246467 141.39318569273556 230
1740014246492 141.254243831537 231
1740014246517 141.11545391510714 232
1740014246546 140.97681576968066 233
1740014246574 140.83832922169603 234
1740014246603 140.69999409779544 235
1740014246627 140.56181022482437 236
1740014246655 140.42377742983135 237
1740014246682 140.28589554006783 238
1740014246706 140.14816438298791 239
1740014246730 140.010583786248 240
1740014246755 139.8731535777067 241
1740014246781 139.73587358542449 242
1740014246806 139.59874363766352 243
1740014246830 139.46176356288734 244
1740014246856 139.32493318976074 245
1740014246883 139.18825234714942 246
1740014246912 139.05172086411974 247
1740014246939 138.9153385699386 248
1740014246964 138.77910529407305 249
1740014246988 138.64302086619023 250
1740014247012 138.50708511615684 251
1740014247037 138.37129787403936 252
1740014247062 138.2356589701033 253
1740014247087 138.10016823481337 254
1740014247112 137.96482549883302 255
1740014247138 137.82963059302423 256
1740014247162 137.6945833484474 257
1740014247185 137.55968359636094 258
1740014247211 137.42493116822112 259
1740014247239 137.29032589568195 260
1740014247262 137.1558676105946 261
1740014247286 137.02155614500768 262
1740014247315 136.88739133116644 263
1740014247344 136.75337300151304 264
1740014247368 136.61950098868593 265
1740014247395 136.48577512551984 266
1740014247419 136.35219524504552 267
1740014247444 136.2187611804894 268
1740014247467 136.08547276527347 269
1740014247492 135.95232983301497 270
1740014247516 135.8193322175262 271
1740014247540 135.68647975281436 272
1740014247564 135.55377227308117 273
1740014247590 135.4212096127226 274
1740014247615 135.28879160632897 275
1740014247639 135.15651808868435 276
1740014247664 135.02438889476653 277
1740014247694 134.89240385974665 278
1740014247718 134.7605628189892 279
1740014247742 134.62886560805146 280
1740014247770 134.49731206268365 281
1740014247797 134.36590201882836 282
1740014247821 134.23463531262055 283
1740014247849 134.10351178038724 284
1740014247873 133.97253125864714 285
1740014247899 133.84169358411077 286
1740014247923 133.7109985936799 287
1740014247949 133.58044612444746 288
1740014247974 133.45003601369734 289
1740014247998 133.3197680989041 290
1740014248022 133.18964221773274 291
1740014248050 133.05965820803846 292
1740014248073 132.9298159078667 293
1740014248103 132.80011515545237 294
1740014248194 132.67055578922015 295
1740014248224 132.54113764778407 296
1740014248249 132.41186056994707 297
1740014248272 132.28272439470123 298
1740014248298 132.15372896122707 299
1740014248322 132.0248741088937 300
1740014248347 131.89615967725842 301
1740014248373 131.76758550606644 302
1740014248403 131.63915143525082 303
1740014248427 131.51085730493213 304
1740014248451 131.38270295541827 305
1740014248485 131.2546882272042 306
1740014248513 131.12681296097185 307
1740014248538 130.9990769975897 308
1740014248562 130.87148017811268 309
1740014248587 130.744022343782 310
1740014248612 130.61670333602476 311
1740014248638 130.48952299645387 312
1740014248664 130.36248116686787 313
1740014248689 130.23557768925048 314
1740014248714 130.10881240577064 315
1740014248739 129.9821851587821 316
1740014248768 129.85569579082332 317
1740014248792 129.72934414461716 318
1740014248816 129.60313006307078 319
1740014248841 129.47705338927534 320
1740014248866 129.3511139665057 321
1740014248890 129.22531163822032 322
1740014248915 129.09964624806116 323
1740014248940 128.97411763985306 324
1740014248964 128.84872565760398 325
1740014248988 128.72347014550456 326
1740014249013 128.5983509479278 327
1740014249042 128.47336790942907 328
1740014249065 128.3485208747458 329
1740014249092 128.22380968879713 330
1740014249119 128.09923419668397 331
1740014249144 127.97479424368854 332
1740014249168 127.85048967527428 333
1740014249192 127.72632033708557 334
1740014249217 127.60228607494757 335
1740014249241 127.47838673486599 336
1740014249265 127.35462216302683 337
1740014249290 127.23099220579623 338
1740014249314 127.10749670972022 339
1740014249338 126.98413552152451 340
1740014249362 126.86090848811426 341
1740014249391 126.73781545657397 342
1740014249416 126.61485627416705 343
1740014249442 126.49203078833582 344
1740014249468 126.36933884670128 345
1740014249496 126.24678029706267 346
1740014249519 126.12435498739762 347
1740014249545 126.00206276586155 348
1740014249570 125.87990348078787 349
1740014249595 125.7578769806873 350
1740014249621 125.63598311424809 351
1740014249648 125.51422173033559 352
1740014249675 125.392592677992 353
1740014249700 125.27109580643639 354
1740014249724 125.14973096506412 355
1740014249753 125.02849800344713 356
1740014249778 124.90739677133317 357
1740014249803 124.786427118646 358
1740014249826 124.66558889548509 359
1740014249855 124.54488195212528 360
1740014249879 124.42430613901678 361
1740014249904 124.30386130678464 362
1740014249929 124.18354730622897 363
1740014249955 124.06336398832443 364
1740014249978 123.94331120422004 365
1740014250003 123.82338880523909 366
1740014250028 123.70359664287885 367
1740014250055 123.58393456881045 368
1740014250079 123.46440243487854 369
1740014250107 123.3450000931012 370
1740014250137 123.22572739566974 371
1740014250163 123.1065841949483 372
1740014250188 122.9875703434739 373
1740014250212 122.86868569395617 374
1740014250237 122.74993009927698 375
1740014250261 122.6313034124904 376
1740014250285 122.5128054868225 377
1740014250310 122.39443617567103 378
1740014250335 122.27619533260535 379
1740014250368 122.15808281136609 380
1740014250395 122.04009846586509 381
1740014250420 121.92224215018501 382
1740014250448 121.8045137185794 383
1740014250474 121.68691302547215 384
1740014250502 121.56943992545766 385
1740014250529 121.4520942733003 386
1740014250555 121.33487592393445 387
1740014250579 121.21778473246415 388
1740014250604 121.10082055416308 389
1740014250629 120.983983244474 390
1740014250653 120.867272659009 391
1740014250678 120.75068865354905 392
1740014250702 120.63423108404369 393
1740014250726 120.51789980661117 394
1740014250750 120.40169467753788 395
1740014250774 120.28561555327843 396
1740014250798 120.16966229045532 397
1740014250823 120.05383474585874 398
1740014250848 119.93813277644637 399
1740014250872 119.82255623934327 400
1740014250897 119.70710499184159 401
1740014250921 119.59177889140041 402
1740014250946 119.47657779564548 403
1740014250970 119.36150156236909 404
1740014250995 119.24655004952989 405
1740014251019 119.13172311525265 406
1740014251044 119.01702061782801 407
1740014251069 118.9024424157124 408
1740014251096 118.78798836752782 409
1740014251120 118.67365833206146 410
1740014251145 118.55945216826582 411
1740014251169 118.44536973525825 412
1740014251194 118.33141089232086 413
1740014251219 118.21757549890037 414
1740014251244 118.10386341460779 415
1740014251268 117.99027449921834 416
1740014251293 117.87680861267118 417
1740014251317 117.76346561506922 418
1740014251342 117.650245366679 419
1740014251366 117.53714772793045 420
1740014251396 117.42417255941669 421
1740014251420 117.31131972189378 422
1740014251447 117.19858907628064 423
1740014251472 117.08598048365877 424
1740014251498 116.97349380527211 425
1740014251522 116.86112890252683 426
1740014251547 116.74888563699113 427
1740014251572 116.63676387039499 428
1740014251596 116.52476346463013 429
1740014251621 116.41288428174964 430
1740014251647 116.30112618396797 431
1740014251671 116.18948903366052 432
1740014251698 116.07797269336373 433
1740014251722 115.96657702577457 434
1740014251749 115.8553018937506 435
1740014251774 115.74414716030971 436
1740014251798 115.63311268862982 437
1740014251823 115.52219834204882 438
1740014251847 115.41140398406442 439
1740014251871 115.30072947833374 440
1740014251896 115.19017468867334 441
1740014251920 115.07973947905896 442
1740014251945 114.96942371362528 443
1740014251969 114.85922725666579 444
1740014251992 114.74914997263257 445
1740014252017 114.63919172613619 446
1740014252042 114.52935238194532 447
1740014252066 114.4196318049868 448
1740014252096 114.31002986034522 449
1740014252125 114.20054641326291 450
1740014252168 114.09118132913966 451
1740014252193 113.98193447353248 452
1740014252217 113.87280571215558 453
1740014252242 113.76379491088007 454
1740014252308 113.65490193573376 455
1740014252335 113.54612665290102 456
1740014252361 113.43746892872255 457
1740014252385 113.3289286296953 458
1740014252412 113.22050562247215 459
1740014252436 113.11219977386176 460
1740014252460 113.0040109508285 461
1740014252487 112.8959390204921 462
1740014252522 112.78798385012755 463
1740014252555 112.68014530716492 464
1740014252584 112.57242325918918 465
1740014252611 112.46481757393997 466
1740014252638 112.35732811931139 467
1740014252663 112.24995476335201 468
1740014252688 112.14269737426443 469
1740014252714 112.03555582040526 470
1740014252738 111.9285299702849 471
1740014252763 111.8216196925673 472
1740014252788 111.71482485606988 473
1740014252814 111.60814532976329 474
1740014252839 111.50158098277119 475
1740014252865 111.39513168437018 476
1740014252891 111.28879730398947 477
1740014252915 111.18257771121083 478
1740014252940 111.07647277576837 479
1740014252964 110.9704823675483 480
1740014252989 110.86460635658884 481
1740014253013 110.75884461307999 482
1740014253037 110.65319700736332 483
1740014253062 110.54766340993186 484
1740014253086 110.44224369142987 485
1740014253111 110.33693772265272 486
1740014253135 110.2317453745466 487
1740014253160 110.12666651820845 488
1740014253184 110.02170102488574 489
1740014253208 109.91684876597628 490
1740014253233 109.81210961302806 491
1740014253258 109.70748343773906 492
1740014253282 109.60297011195708 493
1740014253307 109.49856950767955 494
1740014253331 109.39428149705338 495
1740014253355 109.29010595237476 496
1740014253380 109.18604274608899 497
1740014253408 109.08209175079027 498
1740014253433 108.97825283922157 499
