1739987760823 8.017698610513467 0
1739987760914 7.52462643112817 1
1739987761004 6.94695997416018 2
1739987761098 6.73980066474102 3
1739987761183 6.901533372696322 4
1739987761273 6.133068819299181 5
1739987761353 7.568205691644683 6
1739987761437 8.187913080063128 7
1739987761524 9.303091453370282 8
1739987761609 9.15144967638069 9
1739987761693 3.8337985310892218 10
1739987761786 6.5387808319073155 11
1739987761868 8.76569331358669 12
1739987761958 7.2843115145323845 13
1739987762112 7.716798358581442 14
1739987762204 7.251717247148921 15
1739987762294 5.925459592202408 16
1739987762388 4.706816618955913 17
1739987762465 6.719867115414044 18
1739987762544 7.747500005350369 19
1739987762616 6.676044431125277 20
1739987762697 5.599478452493885 21
1739987762773 5.196229876294551 22
1739987762847 7.456995655840715 23
1739987762919 5.488219626469956 24
1739987762992 5.334776649908592 25
1739987763065 6.800512806092653 26
1739987763139 7.8387728619359685 27
1739987763211 6.533960882134659 28
1739987763288 8.26127034500924 29
1739987763360 6.702269082732496 30
1739987763432 7.1699742823617365 31
1739987763506 6.302128096979956 32
1739987763582 11.690808131046728 33
1739987763655 6.798677616381396 34
1739987763727 6.2327183781865 35
1739987763805 9.604242329913887 36
1739987763878 5.647958972786289 37
1739987763953 6.556458308658098 38
1739987764025 7.205241182029066 39
1739987764101 6.2952645869189485 40
1739987764176 5.531378915619185 41
1739987764257 4.656568929675099 42
1739987764343 6.1480706994406225 43
1739987764427 8.0402654354298 44
1739987764505 5.815352006946027 45
1739987764580 7.315557559429527 46
1739987764658 7.442943228122338 47
1739987764743 6.172291637814283 48
1739987764830 5.947051010329608 49
1739987764914 7.411101835668355 50
1739987764987 6.935448937548432 51
1739987765063 6.362360607625299 52
1739987765135 7.627357182603672 53
1739987765267 6.714899436450783 54
1739987765340 6.504294391940147 55
1739987765417 6.728779682693404 56
1739987765501 7.67659822303133 57
1739987765585 4.8372088302632035 58
1739987765668 6.263644198779805 59
1739987765753 5.612989871281138 60
1739987765832 8.017645814737975 61
1739987765917 5.933962354888215 62
1739987766048 6.871506708273418 63
1739987766137 7.431914122902934 64
1739987766215 5.256624347252538 65
1739987766298 6.28256742391149 66
1739987766373 6.147910364236895 67
1739987766451 6.59034961327744 68
1739987766527 7.865370690366734 69
1739987766611 4.949962449200099 70
1739987766692 6.3633937271742775 71
1739987766781 6.017638243831596 72
1739987766864 7.837129517093237 73
1739987766948 7.428782972372941 74
1739987767037 6.80856973928799 75
1739987767113 5.271673892868145 76
1739987767187 6.276762214454501 77
1739987767264 6.036156712719005 78
1739987767343 5.113906607042342 79
1739987767427 5.206777631197039 80
1739987767525 6.832406519605569 81
1739987767609 5.710601760101661 82
1739987767690 7.4681468902355395 83
1739987767768 7.195832380399924 84
1739987767846 4.898528450154574 85
1739987767920 5.764263843590617 86
1739987767993 6.3054229160308095 87
1739987768071 5.151724300817621 88
1739987768146 6.8718212076401 89
1739987768221 5.320125503468105 90
1739987768296 7.319935406457981 91
1739987768372 5.161074558317658 92
1739987768447 6.225496677573994 93
1739987768523 5.900984366285439 94
1739987768603 4.649323163766069 95
1739987768679 5.7646224073764065 96
1739987768758 6.3986458188643995 97
1739987768841 6.513177217520592 98
1739987768916 5.8236086026466705 99
1739987769002 5.134804751242842 100
1739987769134 5.714558589988875 101
1739987769229 6.300797800649747 102
1739987769351 8.617740017356565 103
1739987769556 6.673139561553892 104
1739987769711 4.531942937815513 105
1739987769828 6.605131508171572 106
1739987769998 6.225632725153726 107
1739987770157 6.533077971573875 108
1739987770235 6.5800434548994255 109
1739987770313 6.1361239829400445 110
1739987770518 6.142290618085334 111
1739987770611 6.747248383037436 112
1739987770763 7.2389344161965825 113
1739987770852 7.2853725652546295 114
1739987770939 5.800472172770555 115
1739987771161 6.079438980203117 116
1739987771328 5.48026634362455 117
1739987771486 5.358677781459417 118
