1739973138305 6.567028438438417 0
1739973138329 5.308888177789383 1
1739973138355 4.874128875681021 2
1739973138378 4.475409023138363 3
1739973138402 4.152783565701043 4
1739973138425 3.8852629140706725 5
1739973138449 3.661512922004454 6
1739973138474 3.472355899162434 7
1739973138498 3.3107507479863836 8
1739973138521 3.1712402341880064 9
1739973138545 3.0495826275919087 10
1739973138569 2.942466732561501 11
1739973138593 2.847295566595099 12
1739973138617 2.7620215865999973 13
1739973138640 2.685021080994987 14
1739973138666 2.614998291667708 15
1739973138690 2.550912120482915 16
1739973138714 2.491920003670546 17
1739973138737 2.43733484702256 18
1739973138759 2.3865919066311427 19
1739973138781 2.3392232511958593 20
1739973138805 2.294838011141148 21
1739973138829 2.2531070511446623 22
1739973138853 2.2137510296542904 23
1739973138876 2.1765310569031002 24
1739973138898 2.1412413509946546 25
1739973138921 2.1077034343437364 26
1739973138945 2.075761521109736 27
1739973138967 2.045278828572967 28
1739973138988 2.016134607978534 29
1739973139011 1.988221737979495 30
1739973139034 1.9614447600647507 31
1739973139058 1.935718262994914 32
1739973139081 1.91096554436553 33
1739973139105 1.8871174935433244 34
1739973139129 1.8641116525692352 35
1739973139152 1.8418914210954254 36
1739973139177 1.8204053787076588 37
1739973139270 1.7996067035995946 38
1739973139295 1.7794526709066059 39
1739973139319 1.7599042173738102 40
1739973139343 1.7409255616541823 41
1739973139367 1.7224838715815503 42
1739973139390 1.7045489713721456 43
1739973139413 1.687093082977977 44
1739973139437 1.6700905968226014 45
1739973139461 1.6535178679537164 46
1739973139486 1.6373530342924356 47
1739973139526 1.6215758541807266 48
1739973139551 1.6061675608528772 49
1739973139574 1.5911107318045183 50
1739973139598 1.5763891713195228 51
1739973139622 1.5619878046533064 52
1739973139645 1.5478925825702965 53
1739973139670 1.5340903951010398 54
1739973139693 1.5205689935265236 55
1739973139717 1.507316919718389 56
1739973139741 1.4943234420675313 57
1739973139765 1.4815784973230233 58
1739973139788 1.4690726377407508 59
1739973139810 1.4567969830084881 60
1739973139833 1.4447431764729488 61
1739973139857 1.4329033452458704 62
1739973139878 1.4212700638114777 63
1739973139899 1.4098363207976117 64
1739973139921 1.3985954886080887 65
1739973139944 1.38754129564513 66
1739973139966 1.376667800878458 67
1739973139987 1.3659693705423197 68
1739973140010 1.35544065676371 69
1739973140031 1.3450765779446536 70
1739973140055 1.3348723007389365 71
1739973140079 1.3248232234793422 72
1739973140103 1.3149249609254674 73
1739973140127 1.305173330214764 74
1739973140151 1.2955643379107233 75
1739973140175 1.2860941680522444 76
1739973140199 1.2767591711173112 77
1739973140223 1.267555853822289 78
1739973140247 1.2584808696854963 79
1739973140270 1.2495310102903376 80
1739973140292 1.2407031971892486 81
1739973140314 1.2319944743950857 82
1739973140337 1.2234020014114408 83
1739973140361 1.214923046757757 84
1739973140384 1.2065549819490637 85
1739973140406 1.1982952758937464 86
1739973140429 1.1901414896759763 87
1739973140453 1.182091271692386 88
1739973140477 1.1741423531152055 89
1739973140500 1.1662925436564864 90
1739973140524 1.1585397276102198 91
1739973140548 1.1508818601511344 92
1739973140571 1.1433169638707503 93
1739973140595 1.1358431255329018 94
1739973140619 1.1284584930324173 95
1739973140642 1.1211612725420022 96
1739973140666 1.1139497258335935 97
1739973140690 1.1068221677615706 98
1739973140713 1.0997769638962318 99
1739973140737 1.0928125282968697 100
1739973140762 1.085927321414635 101
1739973140789 1.0791198481161393 102
1739973140819 1.0723886558194728 103
1739973140865 1.0657323327349446 104
1739973140888 1.0591495062034542 105
1739973140911 1.0526388411259444 106
1739973140935 1.046199038477878 107
1739973140959 1.0398288339031447 108
1739973140983 1.033526996382211 109
1739973141005 1.0272923269697205 110
1739973141027 1.0211236575971032 111
1739973141050 1.0150198499360608 112
1739973141074 1.0089797943191225 113
1739973141097 1.0030024087137088 114
1739973141118 0.9970866377464151 115
1739973141142 0.9912314517744526 116
1739973141166 0.985435846001391 117
1739973141194 0.9796988396345648 118
1739973141218 0.9740194750816632 119
1739973141242 0.9683968171842162 120
1739973141265 0.9628299524858256 121
1739973141289 0.957317988533151 122
1739973141312 0.9518600532077789 123
1739973141337 0.9464552940872417 124
1739973141360 0.941102877833555 125
1739973141383 0.9358019896077552 126
1739973141406 0.9305518325090182 127
1739973141427 0.9253516270370279 128
1739973141452 0.9202006105763471 129
1739973141477 0.9150980369016294 130
1739973141501 0.9100431757025774 131
1739973141524 0.9050353121276199 132
1739973141549 0.9000737463453521 133
1739973141573 0.8951577931228313 134
1739973141596 0.8902867814198844 135
1739973141620 0.88546005399863 136
1739973141643 0.880676967047466 137
1739973141667 0.8759368898188198 138
1739973141690 0.8712392042799976 139
1739973141714 0.866583304776511 140
1739973141738 0.8619685977072921 141
1739973141761 0.8573945012112427 142
1739973141785 0.8528604448645973 143
1739973141807 0.8483658693886085 144
1739973141829 0.8439102263670848 145
1739973141853 0.8394929779733475 146
1739973141876 0.8351135967061907 147
1739973141898 0.8307715651344492 148
1739973141968 0.8264663756498075 149
1739973142010 0.8221975302274965 150
1739973142034 0.8179645401945479 151
1739973142059 0.81376692600529 152
1739973142082 0.809604217023786 153
1739973142106 0.8054759513129374 154
1739973142130 0.8013816754299763 155
1739973142154 0.7973209442280996 156
1739973142178 0.7932933206639989 157
1739973142202 0.7892983756110595 158
1739973142226 0.7853356876780074 159
1739973142252 0.7814048430328003 160
1739973142276 0.7775054352315629 161
1739973142300 0.7736370650523784 162
1739973142321 0.7697993403337599 163
1739973142346 0.7659918758176288 164
1739973142369 0.7622142929966383 165
1739973142393 0.7584662199656887 166
1739973142415 0.7547472912774834 167
1739973142437 0.7510571478019883 168
1739973142461 0.7473954365896565 169
1739973142483 0.7437618107382928 170
1739973142506 0.7401559292634305 171
1739973142531 0.736577456972108 172
1739973142555 0.7330260643399278 173
1739973142579 0.7295014273912931 174
1739973142603 0.7260032275827185 175
1739973142626 0.7225311516891122 176
1739973142650 0.7190848916929408 177
1739973142674 0.7156641446761813 178
1739973142698 0.7122686127149741 179
1739973142721 0.7088980027768924 180
1739973142744 0.7055520266207514 181
1739973142767 0.7022304006988735 182
1739973142789 0.6989328460617422 183
1739973142812 0.6956590882649667 184
1739973142835 0.6924088572784941 185
1739973142859 0.6891818873979997 186
1739973142881 0.6859779171583918 187
1739973142902 0.682796689249373 188
1739973142924 0.6796379504329937 189
1739973142945 0.6765014514631458 190
1739973142968 0.6733869470069384 191
1739973142989 0.6702941955679061 192
1739973143011 0.6672229594109932 193
1739973143034 0.664173004489271 194
1739973143060 0.6611441003723358 195
1739973143084 0.6581360201763449 196
1739973143108 0.6551485404956434 197
1739973143131 0.6521814413359408 198
1739973143155 0.6492345060489965 199
1739973143179 0.6463075212687712 200
1739973143204 0.6434002768490089 201
1739973143228 0.6405125658022094 202
1739973143252 0.6376441842399556 203
1739973143276 0.6347949313145624 204
1739973143298 0.63196460916201 205
1739973143319 0.6291530228461297 206
1739973143344 0.6263599803040121 207
1739973143367 0.6235852922926052 208
1739973143391 0.6208287723364702 209
1739973143413 0.618090236676671 210
1739973143437 0.6153695042207645 211
1739973143461 0.612666396493866 212
1739973143485 0.6099807375907641 213
1739973143508 0.607312354129057 214
1739973143532 0.6046610752032878 215
1739973143556 0.6020267323400519 216
1739973143579 0.5994091594540549 217
1739973143603 0.5968081928050974 218
1739973143627 0.5942236709559623 219
1739973143650 0.5916554347311878 220
1739973143674 0.5891033271766987 221
1739973143698 0.5865671935202827 222
1739973143722 0.5840468811328839 223
1739973143745 0.5815422394907012 224
1739973143769 0.5790531201380676 225
1739973143792 0.5765793766510966 226
1739973143815 0.5741208646020719 227
1739973143837 0.5716774415245709 228
1739973143860 0.5692489668792965 229
1739973143884 0.5668353020206083 230
1739973143906 0.5644363101637321 231
1739973143928 0.5620518563526349 232
1739973143949 0.5596818074285481 233
1739973143971 0.5573260319991266 234
1739973143993 0.5549844004082272 235
1739973144019 0.552656784706293 236
1739973144044 0.5503430586213311 237
1739973144067 0.5480430975304683 238
1739973144091 0.5457567784320738 239
1739973144115 0.5434839799184346 240
1739973144139 0.5412245821489723 241
1739973144163 0.5389784668239898 242
1739973144187 0.5367455171589337 243
1739973144213 0.5345256178591641 244
1739973144237 0.5323186550952181 245
1739973144261 0.5301245164785579 246
1739973144286 0.5279430910377916 247
1739973144310 0.5257742691953573 248
1739973144334 0.5236179427446599 249
1739973144357 0.5214740048276498 250
1739973144383 0.5193423499128376 251
1739973144407 0.5172228737737291 252
1739973144432 0.5151154734676783 253
1739973144459 0.5130200473151442 254
1739973144487 0.5109364948793452 255
1739973144520 0.5088647169463032 256
1739973144546 0.5068046155052656 257
1739973144572 0.5047560937295013 258
1739973144599 0.5027190559574619 259
1739973144624 0.5006934076742955 260
1739973144649 0.4986790554937136 261
1739973144675 0.49667590714019644 262
1739973144733 0.49468387143153536 263
1739973144757 0.49270285826169957 264
1739973144781 0.4907327785840261 265
1739973144804 0.48877354439472065 266
1739973144829 0.4868250687166682 267
1739973144853 0.4848872655835421 268
1739973144877 0.4829600500242094 269
1739973144902 0.4810433380474225 270
1739973144925 0.4791370466267952 271
1739973144949 0.4772410936860539 272
1739973144972 0.47535539808455923 273
1739973144997 0.47347987960309407 274
1739973145021 0.47161445892991044 275
1739973145045 0.4697590576470312 276
1739973145068 0.46791359821679984 277
1739973145092 0.4660780039686759 278
1739973145115 0.4642521990862683 279
1739973145139 0.4624361085946028 280
1739973145164 0.4606296583476198 281
1739973145189 0.4588327750158963 282
1739973145212 0.4570453860745875 283
1739973145236 0.45526741979158536 284
1739973145259 0.4534988052158872 285
1739973145283 0.4517394721661732 286
1739973145307 0.4499893512195849 287
1739973145331 0.4482483737007037 288
1739973145354 0.44651647167072406 289
1739973145378 0.4447935779168176 290
1739973145402 0.4430796259416852 291
1739973145424 0.4413745499532904 292
1739973145449 0.43967828485477534 293
1739973145473 0.4379907662345509 294
1739973145497 0.4363119303565607 295
1739973145521 0.43464171415071357 296
1739973145548 0.4329800552034832 297
1739973145572 0.43132689174866923 298
1739973145597 0.42968216265831843 299
1739973145620 0.4280458074338028 300
1739973145644 0.42641776619704996 301
1739973145667 0.4247979796819245 302
1739973145691 0.42318638922575663 303
1739973145715 0.42158293676101544 304
1739973145738 0.4199875648071233 305
1739973145761 0.41840021646241 306
1739973145784 0.4168208353962032 307
1739973145812 0.4152493658410512 308
1739973145837 0.4136857525850783 309
1739973145861 0.412129940964468 310
1739973145885 0.41058187685607195 311
1739973145909 0.40904150667014383 312
1739973145934 0.4075087773431926 313
1739973145957 0.4059836363309558 314
1739973145981 0.40446603160148964 315
1739973146004 0.4029559116283735 316
1739973146027 0.40145322538402656 317
1739973146049 0.3999579223331335 318
1739973146071 0.3984699524261803 319
1739973146094 0.3969892660930947 320
1739973146117 0.3955158142369912 321
1739973146141 0.3940495482280175 322
1739973146166 0.3925904198973014 323
1739973146193 0.39113838153099684 324
1739973146218 0.3896933858644245 325
1739973146242 0.3882553860763086 326
1739973146265 0.38682433578310604 327
1739973146289 0.38540018903342677 328
1739973146313 0.3839829003025425 329
1739973146337 0.382572424486985 330
1739973146361 0.3811687168992291 331
1739973146388 0.37977173326246105 332
1739973146412 0.37838142970542965 333
1739973146435 0.3769977627573778 334
1739973146459 0.3756206893430561 335
1739973146483 0.3742501667778129 336
1739973146506 0.3728861527627632 337
1739973146532 0.3715286053800309 338
1739973146563 0.37017748308806764 339
1739973146588 0.36883274471704347 340
1739973146611 0.3674943494643087 341
1739973146635 0.3661622568899272 342
1739973146658 0.36483642691227736 343
1739973146682 0.36351681980372164 344
1739973146706 0.36220339618634306 345
1739973146730 0.3608961170277458 346
1739973146751 0.35959494363692074 347
1739973146779 0.3582998376601739 348
1739973146803 0.3570107610771178 349
1739973146826 0.3557276761967206 350
1739973146849 0.3544505456534186 351
1739973146871 0.35317933240328525 352
1739973146894 0.351913999720258 353
1739973146917 0.35065451119242164 354
1739973146940 0.3494008307183488 355
1739973146961 0.34815292250349206 356
1739973146982 0.3469107510566328 357
1739973147007 0.3456742811863808 358
1739973147031 0.3444434779977256 359
1739973147056 0.3432183068886401 360
1739973147079 0.3419987335467329 361
1739973147103 0.3407847239459507 362
1739973147126 0.33957624434332734 363
1739973147150 0.3383732612757815 364
1739973147174 0.3371757415569622 365
1739973147202 0.3359836522741367 366
1739973147226 0.3347969607851267 367
1739973147250 0.33361563471528666 368
1739973147273 0.3324396419545267 369
1739973147297 0.3312689506543775 370
1739973147320 0.3301035292250984 371
1739973147343 0.3289433463328244 372
1739973147367 0.3277883708967559 373
1739973147390 0.3266385720863885 374
1739973147414 0.3254939193187796 375
1739973147438 0.3243543822558556 376
1739973147462 0.323219930801757 377
1739973147486 0.3220905351002189 378
1739973147510 0.3209661655319904 379
1739973147533 0.31984679271228855 380
1739973147557 0.318732387488288 381
1739973147579 0.31762292093664574 382
1739973147602 0.31651836436105935 383
1739973147625 0.3154186892898602 384
1739973147646 0.3143238674736383 385
1739973147669 0.3132338708829006 386
1739973147693 0.31214867170576077 387
1739973147723 0.31106824234566144 388
1739973147748 0.3099925554191254 389
1739973147773 0.30892158375353984 390
1739973147797 0.3078553003849686 391
1739973147821 0.3067936785559944 392
1739973147844 0.3057366917135901 393
1739973147867 0.30468431350701924 394
1739973147891 0.3036365177857632 395
1739973147916 0.30259327859747676 396
1739973147942 0.3015545701859704 397
1739973147967 0.30052036698922047 398
1739973147992 0.2994906436374043 399
1739973148016 0.2984653749509613 400
1739973148040 0.2974445359386806 401
1739973148064 0.2964281017958112 402
1739973148088 0.29541604790220105 403
1739973148112 0.29440834982045566 404
1739973148135 0.29340498329412423 405
1739973148159 0.29240592424590633 406
1739973148183 0.2914111487758841 407
1739973148209 0.29042063315977606 408
1739973148232 0.28943435384721283 409
1739973148256 0.2884522874600362 410
1739973148278 0.2874744107906188 411
1739973148302 0.2865007008002053 412
1739973148326 0.2855311346172752 413
1739973148351 0.28456568953592576 414
1739973148375 0.2836043430142751 415
1739973148398 0.2826470726728861 416
1739973148422 0.28169385629320964 417
1739973148446 0.28074467181604673 418
1739973148470 0.27979949734003123 419
1739973148494 0.2788583111201294 420
1739973148518 0.2779210915661596 421
1739973148541 0.2769878172413304 422
1739973148563 0.27605846686079494 423
1739973148589 0.2751330192902244 424
1739973148613 0.2742114535443996 425
1739973148636 0.2732937487858171 426
1739973148659 0.2723798843233154 427
1739973148684 0.2714698396107159 428
1739973148708 0.2705635942454801 429
1739973148731 0.269661127967385 430
1739973148753 0.26876242065721156 431
1739973148776 0.2678674523354513 432
1739973148797 0.26697620316102705 433
1739973148822 0.26608865343002963 434
1739973148846 0.26520478357446853 435
1739973148870 0.2643245741610389 436
1739973148893 0.26344800588990175 437
1739973148918 0.26257505959347904 438
1739973148942 0.261705716235263 439
1739973148965 0.2608399569086395 440
1739973148987 0.2599777628357245 441
1739973149010 0.2591191153662149 442
1739973149033 0.25826399597625194 443
1739973149057 0.2574123862672985 444
1739973149079 0.2565642679650288 445
1739973149103 0.2557196229182312 446
1739973149127 0.25487843309772296 447
1739973149151 0.2540406805952784 448
1739973149174 0.2532063476225688 449
1739973149199 0.2523754165101141 450
1739973149225 0.25154786970624665 451
1739973149249 0.25072368977608694 452
1739973149274 0.2499028594005306 453
1739973149299 0.24908536137524726 454
1739973149323 0.24827117860968956 455
1739973149349 0.24746029412611428 456
1739973149373 0.24665269105861454 457
1739973149397 0.24584835265216115 458
1739973149421 0.2450472622616567 459
1739973149446 0.24424940335099857 460
1739973149470 0.24345475949215317 461
1739973149494 0.24266331436423919 462
1739973149518 0.24187505175262283 463
1739973149541 0.24108995554802076 464
1739973149565 0.24030800974561475 465
1739973149589 0.239529198444174 466
1739973149614 0.23875350584518898 467
1739973149639 0.23798091625201329 468
1739973149662 0.2372114140690149 469
1739973149687 0.2364449838007373 470
1739973149711 0.23568161005106858 471
1739973149737 0.23492127752242015 472
1739973149761 0.23416397101491399 473
1739973149784 0.23340967542557878 474
1739973149808 0.2326583757475536 475
1739973149832 0.23191005706930126 476
1739973149855 0.23116470457382943 477
1739973149879 0.2304223035379196 478
1739973149903 0.22968283933136477 479
1739973149927 0.2289462974162145 480
1739973149950 0.2282126633460283 481
1739973149974 0.2274819227651367 482
1739973149999 0.22675406140790952 483
1739973150023 0.22602906509803264 484
1739973150047 0.22530691974779107 485
1739973150070 0.22458761135735994 486
1739973150095 0.2238711260141038 487
1739973150119 0.22315744989188105 488
1739973150142 0.22244656925035672 489
1739973150166 0.2217384704343226 490
1739973150190 0.22103313987302273 491
1739973150214 0.22033056407948773 492
1739973150239 0.21963072964987426 493
1739973150262 0.2189336232628114 494
1739973150288 0.21823923167875484 495
1739973150313 0.21754754173934562 496
1739973150337 0.21685854036677657 497
1739973150362 0.21617221456316496 498
1739973150387 0.21548855140993095 499
