1739981006910 6.688822248614783 0
1739981006989 6.539990656541783 1
1739981007068 6.553299850441477 2
1739981007146 6.946240794841152 3
1739981007223 6.668955869925639 4
1739981007307 6.398133281192734 5
1739981007383 6.675722341229737 6
1739981007453 6.429890678466132 7
1739981007534 6.359443711590154 8
1739981007608 6.762678966459857 9
1739981007682 6.291735615901183 10
1739981007750 6.883074171219143 11
1739981007821 6.472640215957414 12
1739981007897 6.353453992939203 13
1739981007967 6.4885241754983385 14
1739981008036 6.260738196799347 15
1739981008118 6.157987622679672 16
1739981008189 6.424782181977918 17
1739981008257 6.605590568689263 18
1739981008331 6.667434579121579 19
1739981008397 6.911577258349275 20
1739981008466 6.439956090895234 21
1739981008533 7.063301696389581 22
