1740005110807 74.73946338523157 0
1740005110834 30.65343450320736 1
1740005110864 12.770418853997356 2
1740005110887 5.722680683049672 3
1740005110915 2.512218355630081 4
1740005110947 1.2125217779274196 5
1740005110976 0.48096832289700925 6
1740005110998 0.34379891433518356 7
1740005111025 0.21225902927973345 8
1740005111048 0.25737907908269864 9
1740005111071 0.15104854349164082 10
1740005111095 0.1989290734513397 11
1740005111119 0.14413464868554363 12
1740005111142 0.15015567460093754 13
1740005111167 0.12906698711494585 14
1740005111190 0.12386247985308341 15
1740005111213 0.15646422905447926 16
1740005111239 0.17311223709279414 17
1740005111265 0.11165299687572175 18
1740005111288 0.1718799834132181 19
1740005111312 0.09231037343074014 20
1740005111337 0.14308811449703993 21
1740005111361 0.10672647841463069 22
1740005111385 0.14631105075346224 23
1740005111409 0.12449480092219499 24
1740005111433 0.11900012180797873 25
1740005111458 0.13930332938681259 26
1740005111486 0.0919450796114592 27
1740005111514 0.1394087200495475 28
1740005111543 0.14243647373801635 29
1740005111569 0.15305753019153961 30
1740005111597 0.17680542078987443 31
1740005111628 0.14211157203559985 32
1740005111654 0.10746410571171937 33
1740005111680 0.1242303537980486 34
1740005111706 0.08973933221514362 35
1740005111733 0.14250599986539877 36
1740005111755 0.12909484066124216 37
1740005111779 0.16187786777999352 38
1740005111801 0.15158431492132002 39
1740005111825 0.14908967426261388 40
1740005111853 0.10357583513333254 41
1740005111878 0.1505312142842935 42
1740005111904 0.12668955688339223 43
1740005111928 0.11354009704683016 44
1740005111953 0.1498467198786212 45
1740005111977 0.11707340996616632 46
1740005112003 0.1770289808445731 47
1740005112027 0.14613093354716958 48
1740005112051 0.14781782621301892 49
1740005112078 0.11568218014361624 50
1740005112102 0.16698920036128623 51
1740005112127 0.12387475750735295 52
1740005112151 0.12314041689770192 53
1740005112174 0.1045248135958906 54
1740005112197 0.12698586003537643 55
1740005112225 0.16138183597712905 56
1740005112249 0.10843492375570507 57
1740005112273 0.16740005948259698 58
1740005112297 0.09052654975515052 59
1740005112320 0.09846834245737171 60
1740005112345 0.14059469856455734 61
1740005112371 0.11383928012690735 62
1740005112396 0.17568943003744497 63
1740005112421 0.11014288134822106 64
1740005112446 0.1413542001841229 65
1740005112470 0.14206339858317496 66
1740005112493 0.12978324191870308 67
1740005112516 0.1978136020294481 68
1740005112540 0.17883290845918762 69
1740005112564 0.20806470899132914 70
1740005112587 0.10192064173320986 71
1740005112612 0.12160684870119472 72
1740005112639 0.15297930701117302 73
1740005112663 0.14733208880355947 74
1740005112686 0.1578302167325459 75
1740005112710 0.11966179732339081 76
1740005112735 0.15124287178333237 77
1740005112759 0.1495392089408023 78
1740005112783 0.12098525379173311 79
1740005112807 0.09801373380458424 80
1740005112831 0.16076888818977797 81
1740005112860 0.16097777799432833 82
1740005112891 0.14087302377066754 83
1740005112971 0.1390322966487438 84
1740005112995 0.12563313286200156 85
1740005113018 0.12927327824263585 86
1740005113039 0.13281240996826119 87
