1739968164272 6.810520737413879 0
1739968164348 6.613424989727824 1
1739968164422 7.429339822175541 2
1739968164501 11.415548908699096 3
1739968164583 6.393852582018561 4
1739968164658 8.266984878610486 5
1739968164730 7.876916666731642 6
1739968164802 4.718269523182108 7
1739968164872 8.278195282053979 8
1739968164943 8.056436277530299 9
1739968165014 5.707927775332663 10
1739968165088 6.527828691761723 11
1739968165159 6.042664625057849 12
1739968165229 6.8002277160834 13
1739968165304 5.492759929802899 14
1739968165376 8.423292702439515 15
1739968165447 9.466348540495789 16
1739968165561 6.996234737560298 17
1739968165642 8.851926246306935 18
1739968165715 5.929315274342816 19
1739968165788 6.62041625164326 20
1739968165955 8.052223790597283 21
1739968166029 7.326301901614733 22
1739968166105 5.873486022565371 23
1739968166178 4.880427303702402 24
1739968166258 7.667639437280731 25
1739968166332 10.831818733088811 26
1739968166412 5.459151465809415 27
1739968166486 6.640833518273585 28
1739968166559 5.085784036410317 29
1739968166640 7.466108202724115 30
1739968166713 7.215825816200535 31
1739968166789 7.840496944587163 32
1739968166863 4.722005102732209 33
1739968166935 6.826417254990073 34
1739968167007 20.521910417871787 35
1739968167080 5.676461957062602 36
1739968167158 5.09209125055102 37
1739968167236 5.192053183390752 38
1739968167308 4.460271944065777 39
1739968167381 3.468016725904344 40
1739968167453 7.422330940914858 41
1739968167526 7.393369362545278 42
1739968167599 4.542439958753602 43
1739968167672 6.051188735342401 44
1739968167743 11.03858404708036 45
1739968167815 5.00725577360218 46
1739968167887 5.56479778501739 47
1739968167956 4.864043347121796 48
1739968168029 7.432393316800354 49
1739968168158 4.7832400702314715 50
1739968168240 5.971498662838876 51
1739968168321 7.876502824920611 52
1739968168393 5.772941775811284 53
1739968168464 6.641695521074873 54
1739968168535 8.90358473507743 55
1739968168613 6.763382822789763 56
1739968168684 6.98751614284338 57
1739968168754 7.928500274047864 58
1739968168828 2.856379697451731 59
1739968168901 1.8399461821642826 60
1739968168971 7.107727287919721 61
1739968169046 9.78905742556091 62
1739968169123 6.406232113212865 63
1739968169197 6.0753192791751705 64
1739968169267 5.887350098524016 65
1739968169339 5.5528873158512 66
1739968169412 7.188547264534001 67
1739968169483 6.883392674120157 68
1739968169561 4.414671431158477 69
1739968169641 3.8243553659079805 70
1739968169712 13.050327773058502 71
1739968169782 5.851391071117232 72
1739968169856 6.267594758771123 73
1739968169927 8.353767169802785 74
1739968170000 5.819760429951073 75
1739968170075 5.1852550611909916 76
1739968170146 4.886470490145474 77
1739968170216 5.75528228160006 78
1739968170290 5.51591110577414 79
1739968170366 7.55423785951159 80
1739968170438 6.200279428510106 81
1739968170508 6.057027968603518 82
1739968170584 8.303886090897555 83
1739968170655 7.505257130004286 84
1739968170725 4.1214667512614795 85
1739968170795 7.444040519670367 86
1739968170867 5.525640351231068 87
1739968170939 4.828730705337939 88
1739968171009 11.3283405195008 89
1739968171084 8.453209728786605 90
1739968171155 5.280972593206538 91
1739968171226 5.4589492590824475 92
1739968171296 9.444352541606253 93
1739968171371 5.126436972423395 94
1739968171442 6.873780151956065 95
1739968171511 4.742485993358857 96
1739968171588 6.825470684005868 97
1739968171661 4.979873641452647 98
1739968171732 5.136988463429415 99
1739968171802 7.714737243117796 100
1739968171873 4.064602396869149 101
1739968171945 8.453360567255578 102
1739968172015 8.314182674566574 103
1739968172090 5.393863809894727 104
1739968172161 5.03252792105281 105
1739968172232 4.417015036318323 106
1739968172308 5.086009690967156 107
1739968172386 4.966100038943251 108
1739968172460 5.882815822303483 109
1739968172530 6.665236520312178 110
1739968172603 6.308201468269105 111
1739968172676 6.67384350162719 112
1739968172749 5.796544803180765 113
1739968172822 9.568081794550327 114
1739968172896 7.578614897224875 115
1739968172971 3.7103144360223017 116
1739968173047 7.082369019103694 117
1739968173119 7.503864654409532 118
1739968173192 7.211969574297721 119
1739968173266 6.930131774517302 120
1739968173341 6.254514341197584 121
1739968173418 5.856428433871807 122
1739968173492 4.844849364734074 123
1739968173568 3.8677441629948133 124
1739968173644 5.040401920469321 125
1739968173718 6.589084609573867 126
1739968173792 2.003355060226421 127
1739968173867 10.76012755691713 128
1739968173940 7.097413376697571 129
1739968174018 7.362069857092286 130
1739968174129 7.4001667857599935 131
1739968174203 7.459737024229868 132
1739968174277 3.1466588966032205 133
1739968174355 7.635569427089504 134
1739968174430 2.7094776882729326 135
1739968174505 6.269336905462915 136
1739968174582 6.628976068910537 137
1739968174655 6.52473451693671 138
1739968174729 7.926354771421547 139
1739968174802 6.712094974864473 140
1739968174874 5.883355220055676 141
1739968174946 6.451382948563735 142
1739968175021 4.4037669090456735 143
1739968175098 7.43470294225701 144
1739968175172 6.539636089464314 145
1739968175244 8.16876767003579 146
1739968175318 8.926556429137358 147
1739968175395 12.828078310864168 148
1739968175470 8.500029142365072 149
1739968175542 5.303402193466158 150
1739968175618 8.992583732261867 151
1739968175695 5.605789342041191 152
1739968175767 8.288130722512227 153
1739968175840 3.018466125075404 154
1739968175914 4.481597355651472 155
1739968175987 3.237765167605007 156
1739968176060 4.600108454169872 157
1739968176132 4.9961508088267905 158
1739968176202 7.033867712480892 159
1739968176273 4.934132959217759 160
1739968176346 4.002096525814215 161
1739968176422 6.642019049235089 162
1739968176493 7.132252523583946 163
1739968176564 8.481053063382555 164
1739968176643 5.765826084075067 165
1739968176715 8.86168703936117 166
1739968176785 6.25703840889586 167
1739968176857 9.631003730236843 168
1739968176932 8.901043817229604 169
1739968177001 6.582629599328242 170
1739968177072 7.313136736864803 171
1739968177145 6.581741480129344 172
1739968177219 8.105062809367608 173
1739968177289 4.742294224918354 174
1739968177365 7.024265078212959 175
1739968177436 5.637325456144315 176
1739968177507 10.676659826041766 177
1739968177580 6.77295119445417 178
1739968177654 12.155681702057679 179
1739968177726 7.306113316786378 180
1739968177797 7.159015210988221 181
1739968177869 5.305722057071013 182
1739968177941 9.783885153538684 183
1739968178013 3.6507484886303407 184
1739968178083 5.535924359714544 185
1739968178155 5.907430257622973 186
1739968178224 10.34833270386949 187
1739968178299 4.455629009250376 188
1739968178381 9.706457163515354 189
1739968178456 5.0434130951590435 190
1739968178527 7.36340714623037 191
1739968178601 5.956531574588112 192
1739968178675 5.047651004284716 193
1739968178745 7.3906756321529095 194
1739968178816 2.7713542148386705 195
1739968178888 6.916488934659853 196
1739968178961 9.533120373790458 197
1739968179034 5.717330356085579 198
1739968179106 6.02620057284993 199
1739968179179 5.550998906293135 200
1739968179250 6.277288142624249 201
1739968179319 5.721707577508047 202
1739968179394 6.333278751738459 203
1739968179465 10.634036244248456 204
1739968179535 7.029813149080627 205
1739968179616 5.297013783803054 206
1739968179691 5.430043132782281 207
1739968179762 5.322732523235898 208
1739968179832 7.618808261657192 209
1739968179907 5.938882441518807 210
1739968179979 7.390335139723527 211
1739968180051 7.847012791845483 212
1739968180120 4.5097564986513365 213
1739968180194 6.419033294027744 214
1739968180266 1.8042917749322591 215
1739968180338 4.636732193460744 216
1739968180409 4.831936848800018 217
1739968180485 5.669631222577062 218
1739968180557 5.6807325604396715 219
1739968180628 6.690398043334974 220
1739968180727 8.951659170732714 221
1739968180799 4.296034929906978 222
1739968180873 6.472016882548966 223
1739968180943 7.324011052286813 224
1739968181017 8.096693440844474 225
1739968181088 6.177496209390062 226
1739968181159 7.9602942315413365 227
1739968181230 8.001917990874567 228
1739968181304 4.712648292753928 229
1739968181381 4.861523942777925 230
1739968181450 8.062783682108282 231
1739968181520 7.497640141802042 232
1739968181598 4.6568615077494835 233
1739968181672 6.30378853623473 234
1739968181741 6.527239031698722 235
1739968181812 7.449904645941072 236
1739968181885 6.0839078746323425 237
1739968181954 4.025470442442777 238
1739968182030 7.344943895812428 239
1739968182100 4.947489767450891 240
1739968182175 2.611842899710009 241
1739968182250 6.913764360644448 242
1739968182325 5.809700560309592 243
1739968182397 3.9846591962886353 244
1739968182469 6.000179700114054 245
1739968182545 4.932658622274259 246
1739968182620 5.001394571630962 247
1739968182699 3.6211505890683844 248
1739968182780 7.835020641061651 249
1739968182854 6.726110519453771 250
1739968182928 12.108992339554964 251
1739968182999 6.938336896610285 252
1739968183069 2.4334072559651574 253
1739968183144 5.322682068614532 254
1739968183215 7.459335196222779 255
1739968183285 8.91916788892647 256
1739968183357 7.558544594804538 257
1739968183430 6.060543411063725 258
1739968183501 4.679600757636926 259
1739968183576 7.174164289493115 260
1739968183654 5.770216526332714 261
1739968183724 8.223912973058814 262
1739968183800 3.8288411626075893 263
1739968183871 8.59818805938024 264
1739968183944 7.798793261511286 265
1739968184015 7.621531946657736 266
1739968184088 6.977530685543049 267
1739968184161 5.648747116332886 268
1739968184231 8.539716610600665 269
1739968184301 4.872002282503356 270
1739968184379 4.863359732259712 271
1739968184453 3.373050463369189 272
1739968184532 7.940602428391461 273
1739968184607 8.560908433425704 274
1739968184689 4.9498969398967 275
1739968184768 7.929766212969002 276
1739968184855 12.000025349806936 277
1739968184938 6.759224966807114 278
1739968185019 7.337186974872679 279
1739968185102 10.057968591839021 280
1739968185180 4.497283290513683 281
1739968185259 5.617375582258802 282
1739968185331 5.574085774654152 283
1739968185403 4.033309614392611 284
1739968185479 7.669119654118661 285
1739968185554 6.495820577695074 286
1739968185629 7.641906983816214 287
1739968185699 8.053613107448006 288
1739968185771 6.461162198496681 289
1739968185842 6.361111398939139 290
1739968185913 8.060779757748653 291
1739968185987 7.774839717609699 292
1739968186058 10.235462384825494 293
1739968186130 5.211531693605176 294
1739968186201 8.738856441993489 295
1739968186273 6.331196117119959 296
1739968186344 4.514739170799707 297
1739968186415 6.4238324356401 298
1739968186486 5.2052064707794825 299
1739968186562 5.710254773789171 300
1739968186644 14.318185264905352 301
1739968186714 9.324803959434961 302
1739968186787 2.5488430150763897 303
1739968186859 7.8409637541427095 304
1739968186935 8.598849339956338 305
1739968187008 9.630715706540865 306
1739968187081 5.34739653557604 307
1739968187155 13.745016502704015 308
1739968187225 2.8701443228777985 309
1739968187299 9.42143922681693 310
1739968187370 7.228679227223297 311
1739968187446 6.090646553872443 312
1739968187516 4.474414529573604 313
1739968187655 6.636687824525241 314
1739968187746 6.3606310088036615 315
1739968187836 7.716835983901677 316
1739968187916 6.956000448368656 317
1739968187998 5.562413512377128 318
1739968188079 5.7528142154930055 319
1739968188150 6.325107544575361 320
1739968188226 4.767583820626335 321
1739968188299 9.151289956196937 322
1739968188381 6.675090320697186 323
1739968188462 10.972417627637025 324
1739968188538 9.950445536431136 325
1739968188618 7.126342890867306 326
1739968188690 7.338664477135867 327
1739968188761 5.606281738313345 328
1739968188836 5.66350260696796 329
1739968188913 4.01764222374391 330
1739968188985 7.646181836813876 331
1739968189058 5.019200948312794 332
1739968189130 10.600107495524574 333
1739968189202 10.24922134483523 334
1739968189274 2.829615909256623 335
1739968189348 10.242280105491574 336
1739968189421 5.453755919143497 337
1739968189493 11.233434798761587 338
1739968189568 7.7322880299171635 339
1739968189641 7.627473992549358 340
1739968189715 8.063111678987868 341
1739968189788 12.184440170496499 342
1739968189862 12.047307631618688 343
1739968189935 9.2767981077458 344
1739968190008 8.073082529641686 345
1739968190086 7.556662387548563 346
1739968190160 5.598001530010369 347
1739968190232 6.470257971685203 348
1739968190304 7.758358385062614 349
1739968190378 7.81646443890319 350
1739968190450 10.170637097048667 351
1739968190522 8.751309710252693 352
1739968190602 5.467979196027844 353
1739968190687 6.9240336406870355 354
1739968190757 4.1854912853312305 355
1739968190830 2.567661257498804 356
1739968190906 6.081869743610212 357
1739968190978 4.735194149948523 358
1739968191050 10.005639833607542 359
1739968191121 7.890441031464295 360
1739968191194 7.8777712554710755 361
1739968191266 6.9017587752202925 362
1739968191339 5.007102121348673 363
1739968191414 7.24256202676475 364
1739968191486 8.283166456352388 365
1739968191557 6.304889587644264 366
1739968191630 6.998871394083145 367
1739968191703 7.023180106833782 368
1739968191775 7.325414172427165 369
1739968191848 6.446060425597367 370
1739968191921 9.605666284989237 371
1739968191998 6.703662490499213 372
1739968192076 8.699564447993048 373
1739968192151 7.057424321195268 374
1739968192224 12.888894355827281 375
1739968192299 6.516697859367962 376
1739968192371 7.174950960334827 377
1739968192445 6.483875184372108 378
1739968192518 7.0387952495064265 379
1739968192596 9.402368338269005 380
1739968192673 6.385909960888059 381
1739968192746 7.296937352572294 382
1739968192818 4.74078715307016 383
1739968192890 3.6984401233843873 384
1739968192963 5.921259964092227 385
1739968193039 7.385524040658467 386
1739968193116 7.364318009927113 387
1739968193188 18.69488133626932 388
1739968193262 8.514020945630921 389
1739968193337 6.37878558355291 390
1739968193410 6.994024626013409 391
1739968193481 7.076026273835729 392
1739968193560 2.930786178765901 393
1739968193634 8.055916007618114 394
1739968193709 10.665867748383377 395
1739968193781 4.491216460571851 396
1739968193856 4.915746599757597 397
1739968193929 6.58609959649359 398
1739968194001 5.885465056232129 399
1739968194077 7.021118949468337 400
1739968194157 5.146491906643618 401
1739968194230 6.001444417304892 402
1739968194304 7.121555148667594 403
1739968194375 6.252601910182253 404
1739968194450 5.925797291881326 405
1739968194523 6.133549597732788 406
1739968194601 6.360683979409533 407
1739968194673 7.639108521075157 408
1739968194752 8.036128782429161 409
1739968194823 4.39384770736316 410
1739968194893 6.0189022285584075 411
1739968194964 5.662169338809889 412
1739968195036 7.986939628747807 413
1739968195107 4.575492443766398 414
1739968195180 7.259578687246659 415
1739968195250 4.853497806097341 416
1739968195323 4.651415861457288 417
1739968195395 6.407847303464141 418
1739968195468 9.560044543071644 419
1739968195538 10.312760208113637 420
1739968195653 8.601510251824514 421
1739968195727 7.799575955545684 422
1739968195797 2.4763103439869205 423
1739968195869 6.719236342172163 424
1739968195943 4.857059154716146 425
1739968196013 10.334433671343373 426
1739968196089 6.57953413992746 427
1739968196161 8.90160539963588 428
1739968196231 6.857043118661046 429
1739968196305 5.191762327367325 430
1739968196378 7.307025888185484 431
1739968196449 7.600970702901002 432
1739968196520 5.823544785954794 433
1739968196598 5.224836522010403 434
1739968196674 7.417860480993091 435
1739968196751 6.679698590841204 436
1739968196825 8.415384552526389 437
1739968196902 7.550744107501287 438
1739968196974 7.650755867365428 439
1739968197046 7.83949749759425 440
1739968197117 5.467273662207347 441
1739968197189 8.518350705569018 442
1739968197261 4.517329176253711 443
1739968197332 6.334362880611038 444
1739968197405 7.8169483909318584 445
1739968197476 6.287363127057207 446
1739968197545 4.893066750731792 447
1739968197624 3.282818290102657 448
1739968197695 9.331559069967799 449
1739968197766 6.925410181922457 450
1739968197840 5.565599934462755 451
1739968197915 7.383936687553986 452
1739968197985 6.028950907861633 453
1739968198057 7.877775140556681 454
1739968198129 6.140975351630695 455
1739968198201 6.4773034502269855 456
1739968198272 2.975737741419556 457
1739968198342 9.160364088994005 458
1739968198414 5.8045874593313815 459
1739968198493 7.172884537508652 460
1739968198579 6.30595661575129 461
1739968198657 6.430486595537892 462
1739968198729 7.2600945651856055 463
1739968198807 4.077349661448745 464
1739968198882 7.229961085192871 465
1739968198951 5.966819135522957 466
1739968199023 8.820259800517817 467
1739968199145 5.399630159379063 468
1739968199223 6.41746689376177 469
1739968199300 3.424676769054197 470
1739968199381 8.20541260987748 471
1739968199457 4.372006492545048 472
1739968199537 2.746678237016431 473
1739968199620 4.646750309392488 474
1739968199698 7.1059741417268505 475
1739968199779 4.996811076057831 476
1739968199857 9.975557470773412 477
1739968199937 8.392985189422856 478
1739968200015 6.684290605607757 479
1739968200091 5.981420398128852 480
1739968200163 5.133846304610676 481
1739968200235 6.919964783317317 482
1739968200305 5.421113855317548 483
1739968200378 7.32603955102435 484
1739968200449 9.143428708139277 485
1739968200519 10.081129563533837 486
1739968200596 6.693154235764542 487
1739968200668 6.909062714977697 488
1739968200741 5.143933631881275 489
1739968200815 8.956958368775872 490
1739968200886 7.499982856811842 491
1739968200958 6.816504503720498 492
1739968201030 7.698037436082516 493
1739968201102 5.011850503975553 494
1739968201174 4.017332365782811 495
1739968201247 6.985722056691464 496
1739968201319 4.642191533704351 497
1739968201390 5.598431696525483 498
1739968201465 4.768763500268455 499
