1739962265966 6.702245879621193 0
1739962266035 6.716223013837181 1
1739962266105 6.567123601063974 2
1739962266173 6.6809207225976035 3
1739962266244 6.586876731413681 4
1739962266315 6.892998865697856 5
1739962266382 6.750605945302778 6
1739962266451 6.622538828194963 7
1739962266519 6.643018602392131 8
1739962266584 6.585407598760327 9
1739962266652 6.472914149683101 10
1739962266716 6.080518994952813 11
1739962266780 6.676441485064114 12
1739962266844 6.4059265355687804 13
1739962266909 6.399414136876571 14
1739962266974 6.740275237228527 15
1739962267043 6.890596819066058 16
1739962267108 6.131797767064404 17
1739962267209 6.221163468940458 18
1739962267280 6.579130460880027 19
1739962267347 6.404683531854742 20
