1740000958479 37.29521742937124 0
1740000958500 12.32365827483392 1
1740000958517 6.881497700490923 2
1740000958539 5.513318935337128 3
1740000958558 5.154343904633203 4
1740000958576 5.172499828664274 5
1740000958593 5.000067954370164 6
1740000958610 5.037343278977322 7
1740000958629 4.845376978407236 8
1740000958650 5.040977738530916 9
1740000958668 4.9091661599342356 10
1740000958686 4.824890511083541 11
1740000958704 4.796340454547662 12
1740000958722 4.525250022505577 13
1740000958739 4.644248694434395 14
1740000958756 4.621209414289807 15
1740000958778 4.425268723889681 16
1740000958797 4.7718321188945545 17
1740000958817 5.165572771782263 18
1740000958839 4.930998553234292 19
1740000958857 4.836001070744466 20
1740000958874 4.646300932194787 21
1740000958893 4.886244304152848 22
1740000958912 4.9282766641698545 23
1740000958931 4.538820045804928 24
1740000958949 4.692401762542074 25
1740000958967 4.684816608806303 26
1740000958985 4.921045535368566 27
1740000959003 4.870366911825682 28
1740000959020 4.6858974999006 29
1740000959037 4.910124506075927 30
1740000959055 5.30632764499721 31
1740000959073 4.648436405363105 32
1740000959092 4.515247536910485 33
1740000959109 4.864775012380843 34
1740000959127 4.24495678665451 35
1740000959144 4.446811519810219 36
1740000959164 4.688439177646238 37
1740000959181 4.500427597917072 38
1740000959199 4.804222737539109 39
1740000959216 4.927476903253388 40
1740000959234 4.787025432193688 41
1740000959253 4.789480838872124 42
1740000959271 4.503781823921444 43
1740000959288 4.40722080675984 44
1740000959306 4.812130039913079 45
1740000959325 4.898319375175129 46
1740000959344 4.529379921716176 47
1740000959361 4.756477072190913 48
1740000959380 4.777789511196138 49
1740000959398 4.767165304150426 50
1740000959416 5.055421134605854 51
1740000959434 4.993031062690575 52
1740000959451 5.082953743704318 53
1740000959468 4.85441174393737 54
1740000959486 4.210874287234648 55
1740000959506 4.7850474479797205 56
1740000959524 4.7495307402935145 57
1740000959541 4.664715467038851 58
1740000959559 4.8814653505101 59
1740000959578 4.604927286274641 60
1740000959603 4.9099606415911925 61
1740000959620 4.76274661469022 62
1740000959638 5.158780006797201 63
1740000959656 4.819841459505033 64
1740000959674 4.837584853922594 65
1740000959694 4.75623268698092 66
1740000959711 5.102319012486671 67
1740000959730 4.512170222488777 68
1740000959748 4.459519679680648 69
1740000959766 4.704897452330944 70
1740000959791 4.859630375812165 71
1740000959813 4.840809748487835 72
1740000959885 4.54274332610001 73
1740000959905 4.5616058637332655 74
1740000959924 4.863316511684156 75
1740000959943 4.541247280286406 76
1740000959961 4.878017103499479 77
1740000959979 4.7833646346412255 78
1740000959997 4.877769832993786 79
1740000960015 4.826258318424298 80
1740000960033 4.6927829625973025 81
1740000960050 4.889069238199649 82
1740000960069 4.708328399139336 83
1740000960089 5.1330656858376305 84
1740000960106 4.764709558907652 85
1740000960123 5.21687465011343 86
1740000960140 4.981184091376472 87
1740000960159 4.799255493983939 88
1740000960177 5.0610672215055414 89
1740000960195 5.005027562388099 90
1740000960212 4.5957523849748325 91
1740000960229 4.925594730267216 92
1740000960247 4.720506340815841 93
1740000960265 5.06336902478195 94
1740000960282 4.803994487084932 95
1740000960300 4.849623647952242 96
1740000960317 4.749423748029215 97
1740000960336 4.877516389892009 98
1740000960354 5.3104776626471155 99
1740000960371 4.5502160765266835 100
1740000960388 5.219950429235228 101
1740000960406 4.598541275174646 102
1740000960425 4.9976675868064815 103
1740000960442 4.681903394461444 104
1740000960459 4.800997421785228 105
1740000960477 4.670893320279817 106
1740000960496 4.733542778418106 107
1740000960513 4.584711549084623 108
1740000960531 5.18876705019493 109
