1739982017461 6.51240429999218 0
1739982017488 6.540629337928953 1
1739982017516 6.544686941810153 2
1739982017545 6.473620566210036 3
1739982017575 6.5013704413977145 4
1739982017606 6.609367906839729 5
1739982017648 6.5342973062894325 6
1739982017687 6.541669535119778 7
1739982017727 6.55850059348683 8
1739982017769 6.557585905111314 9
1739982017812 6.534370693161248 10
1739982017858 6.612850105053298 11
1739982017899 6.618750844096789 12
1739982017931 6.513830630584986 13
1739982017959 6.60812162010205 14
1739982017988 6.590106227039604 15
1739982018017 6.481246508553556 16
1739982018045 6.57397433259162 17
1739982018077 6.573701347627746 18
1739982018112 6.4795464031403505 19
1739982018142 6.552790335383652 20
1739982018169 6.554785284404126 21
1739982018199 6.5249106516826165 22
1739982018233 6.556513373438002 23
1739982018272 6.621259901749028 24
1739982018301 6.666802986791493 25
1739982018329 6.553240358229592 26
1739982018358 6.5923003459268195 27
1739982018389 6.500898165621783 28
1739982018423 6.533753304569792 29
1739982018462 6.541100286488211 30
1739982018502 6.484112656165988 31
1739982018542 6.526894626241696 32
1739982018601 6.535830408541954 33
1739982018635 6.556347826215051 34
1739982018665 6.595167132544077 35
1739982018692 6.548467332046199 36
1739982018726 6.562184015420441 37
1739982018763 6.529259760598494 38
1739982018792 6.585606062393608 39
1739982018819 6.565581265570778 40
1739982018847 6.593933121981533 41
1739982018879 6.600144700510617 42
1739982018917 6.5536435790062315 43
1739982019008 6.632769677918705 44
1739982019052 6.627162579109564 45
1739982019094 6.546398683264514 46
1739982019126 6.538781486245959 47
1739982019154 6.508935871516652 48
1739982019180 6.637797818851062 49
1739982019206 6.569927643505497 50
1739982019235 6.602755549875995 51
1739982019262 6.537350185674595 52
1739982019289 6.605043532162331 53
1739982019322 6.5964024733045905 54
1739982019350 6.563650575811196 55
1739982019377 6.567504810488948 56
1739982019402 6.658430738710649 57
1739982019428 6.604657611582395 58
1739982019454 6.58607087460878 59
1739982019480 6.574334604856622 60
1739982019505 6.579434338228529 61
1739982019531 6.545667490672151 62
1739982019557 6.539911765619618 63
