1740011984921 0.875182933980538 0
1740011985032 0.0008116189151699308 1
1740011985141 0.09007269537067937 2
1740011985246 0.9532706791194233 3
1740011985348 1.3746690516979916 4
1740011985451 0.40204833173507715 5
1740011985551 0.6162317594881715 6
1740011985651 0.0020414735863418694 7
1740011985750 0.8527138967263671 8
1740011985857 0.28237968211538705 9
1740011985957 0.9875618693457304 10
1740011986056 0.0981808910854622 11
1740011986163 0.9180533338418145 12
1740011986268 1.2299983683114148 13
1740011986369 0.5871216097159417 14
1740011986471 0.003881843249133588 15
1740011986574 0.19758814658597793 16
1740011986680 0.5252855189237459 17
1740011986824 0.06528778598204545 18
1740011986925 0.4434097951456011 19
1740011987029 0.19669152878076457 20
1740011987133 0.1461465323248291 21
1740011987234 0.19696052637684117 22
1740011987336 0.4371380407128574 23
1740011987438 0.39569733103438254 24
1740011987538 0.7193395010952645 25
1740011987667 0.13722563254640927 26
1740011987770 0.17554791225290217 27
1740011987879 0.4141164491785798 28
1740011987979 0.7136347670467145 29
1740011988078 1.1908392969871502 30
1740011988180 0.35520686210034624 31
1740011988283 0.28117347768322143 32
1740011988391 0.48791618171208756 33
1740011988496 0.1848902749108705 34
1740011988600 0.2936011250654716 35
1740011988704 4.519332972374726e-05 36
1740011988806 0.8779964397713584 37
1740011988906 0.327824089598938 38
1740011989005 1.543972854386155 39
1740011989105 0.40801465705899076 40
1740011989205 0.7958961558414921 41
1740011989308 0.34445567174283587 42
1740011989408 1.124664691264052 43
1740011989511 0.20549798364426225 44
1740011989615 1.0985974363414823 45
1740011989721 0.06677856585305052 46
1740011989823 1.7476896836431324 47
1740011989928 0.16211717653783822 48
1740011990027 0.1776203417676604 49
1740011990137 0.5253123110538738 50
1740011990264 0.09058842254934255 51
1740011990410 0.36667940882245303 52
1740011990511 1.0746987048469938 53
1740011990610 0.8810315240101412 54
1740011990716 1.0719246043694401 55
1740011990817 2.519073680805811 56
1740011990917 0.5390275652458106 57
1740011991016 2.38311213467948 58
1740011991116 0.4833457174646421 59
1740011991220 0.14129971247115652 60
1740011991323 0.800287460254677 61
1740011991420 1.3346582443602508 62
1740011991522 0.1081535718527083 63
1740011991628 0.5538610351971865 64
1740011991729 0.7555280337771277 65
1740011991830 1.9385700012871423 66
1740011991935 0.04280247324056144 67
1740011992036 0.562031818402877 68
1740011992143 0.11096357341193958 69
1740011992243 0.08512851963881053 70
1740011992344 0.2309810110569823 71
1740011992442 0.2043596520752441 72
1740011992541 0.17539975534730287 73
1740011992643 0.3453910974673465 74
1740011992746 0.43024527959210784 75
1740011992848 1.2313214914629538 76
1740011992948 0.12661713042155381 77
1740011993048 0.8111593768332566 78
1740011993158 0.405909114873774 79
1740011993266 0.06761824772860064 80
1740011993367 0.7276831784223986 81
1740011993470 0.49984440709031036 82
1740011993572 0.01771432880871872 83
1740011993676 0.4590641736527389 84
1740011993775 0.7427699072045074 85
1740011993878 0.5654760759295377 86
1740011993989 0.20945349619939133 87
1740011994090 0.09617088758932199 88
1740011994188 0.5551182964594777 89
1740011994287 0.08266676673625867 90
1740011994391 0.39756996679462603 91
1740011994490 1.1181775339598357 92
1740011994589 0.3425902441799504 93
1740011994689 0.050659918299745865 94
1740011994793 0.28135119142367393 95
1740011994894 0.02023274517060362 96
1740011994993 0.005466065651188038 97
1740011995094 0.37397940333954227 98
1740011995196 0.83031637348079 99
1740011995300 0.352102649320662 100
1740011995403 0.03223819167134505 101
1740011995502 0.9234289630571572 102
1740011995601 0.01897182051152927 103
1740011995700 0.22057830620386973 104
1740011995803 0.5656363281821324 105
1740011995906 0.13250321792488173 106
1740011996012 0.6945395684130179 107
1740011996113 0.5259256710721874 108
1740011996213 0.4915470499405985 109
1740011996316 0.2932581362462862 110
1740011996416 2.9103239107125582 111
1740011996515 0.7748065444233463 112
1740011996613 0.54581255306769 113
1740011996717 0.31041241916363577 114
1740011996827 2.2563393266207883 115
1740011996928 1.8812336963461896e-05 116
1740011997026 0.38742475378845814 117
1740011997131 0.21778951762317802 118
1740011997238 0.5486843549711721 119
1740011997341 0.36648665757172594 120
1740011997441 0.06786083518671106 121
1740011997539 0.4853702205014808 122
1740011997638 0.5701786567060946 123
1740011997741 1.5292601396440944 124
1740011997846 0.4442465735492069 125
1740011997946 1.5019230013451408 126
1740011998050 0.5383387218977627 127
1740011998156 0.1030410795083786 128
1740011998256 0.25960632028689945 129
1740011998354 0.7204814784272529 130
1740011998454 1.435345791128057 131
1740011998555 1.0056636890377892 132
1740011998660 0.3170117641656282 133
1740011998760 1.3965425489097572 134
1740011998862 0.010079786406678493 135
1740011998960 0.05777684882463879 136
1740011999061 1.268258023997897 137
1740011999167 0.7947324133509949 138
1740011999265 0.41760132215154533 139
1740011999364 1.4779151378954363 140
1740011999464 0.12248807836865895 141
1740011999567 0.21899846775569978 142
1740011999670 0.15538594550024235 143
1740011999769 0.4270729417148954 144
1740011999868 0.26393499559713895 145
1740011999970 0.2250807621848783 146
1740012000078 0.8063262727380734 147
1740012000178 0.36613560558822683 148
1740012000277 0.5079795419944958 149
1740012000372 0.2996755110842427 150
1740012000468 0.05702746458345831 151
1740012000565 0.7607744308326291 152
1740012000666 0.40510289735600075 153
1740012000760 0.3712624424680855 154
1740012000856 0.25761043032763364 155
1740012000953 0.4556345344287383 156
1740012001047 1.4501133733905427 157
1740012001145 1.9079728991588059 158
1740012001241 1.307917910535497 159
1740012001337 0.3488649906080662 160
1740012001433 1.0085529199448748 161
1740012001529 2.135706580404527 162
1740012001629 0.20657929022380891 163
1740012001727 0.7148133014972236 164
1740012001824 0.7679550391222798 165
1740012001921 0.9266649252185035 166
1740012002023 0.08944458725163881 167
1740012002137 0.7065074378580516 168
1740012002289 0.41769788669956903 169
1740012002383 0.33251570805956343 170
1740012002480 0.0949938115732796 171
1740012002578 0.488131918958371 172
1740012002675 0.44108219765872186 173
1740012002773 0.363517728566175 174
1740012002872 0.7220254579282972 175
1740012003027 1.4153997049362 176
1740012003125 0.5539752325609861 177
1740012003235 0.31058312674836586 178
1740012003376 0.29924239293741833 179
1740012003508 0.8933211705590658 180
1740012003606 0.45356926493671573 181
1740012003702 0.3333675820479404 182
1740012003805 1.5710841599142855 183
1740012003915 0.8649015604426996 184
1740012004039 0.03773131026193948 185
1740012004152 0.26025333879476553 186
1740012004254 0.35275949091338743 187
1740012004358 0.7252500656747786 188
1740012004459 0.4339331887287997 189
1740012004560 0.03893714169133809 190
1740012004660 0.42884802786916004 191
1740012004760 0.9483716615683192 192
1740012004860 0.7543886435607807 193
1740012004960 1.050752209840652 194
1740012005060 1.1280217135914432 195
1740012005211 1.343962845405245 196
1740012005312 0.6374367795491932 197
1740012005413 1.3209147920601167 198
1740012005513 1.2001067458485122 199
1740012005613 0.10788081467374376 200
1740012005714 1.2142655135284226 201
1740012005813 0.17641613413483642 202
1740012005911 0.2809670663830584 203
1740012006013 0.7376294762396965 204
1740012006118 0.5435307959121463 205
1740012006223 0.5803879788008935 206
1740012006323 0.10496885581963453 207
1740012006424 0.21877185227685705 208
1740012006523 0.6062333278191706 209
1740012006623 0.07956114873344802 210
1740012006723 0.9335695614571179 211
1740012006823 0.4308377720520757 212
1740012006923 0.45468323493427965 213
1740012007021 1.5427815538297658 214
1740012007161 0.07576100067874994 215
1740012007269 0.4574889103611541 216
1740012007386 0.07953100621917207 217
1740012007492 1.4457789041346287 218
1740012007600 1.10585459794149 219
1740012007705 0.7818506515679502 220
1740012007812 0.04653190988994747 221
1740012007915 0.3265620896209149 222
1740012008023 0.3157617386702963 223
1740012008138 1.4416093234956837 224
1740012008245 1.4146462509182802 225
1740012008350 0.08859448562724263 226
1740012008453 0.8291919134219562 227
1740012008562 0.7742152917490587 228
1740012008665 0.4312663588610967 229
1740012008770 0.333856536760416 230
1740012008876 0.04263517917519309 231
1740012008980 1.4804632591993654 232
1740012009089 0.21077592401566614 233
1740012009199 0.28516783578220845 234
1740012009306 0.5610240993690041 235
1740012009416 0.502538184575252 236
1740012009518 1.68233819191108 237
1740012009624 0.4618239504898493 238
1740012009734 0.5451724843312284 239
1740012009840 0.9225805317113234 240
1740012009944 0.43714471257594845 241
1740012010054 0.8705647753984478 242
1740012010163 0.3177502993258275 243
1740012010270 0.4622902807654381 244
1740012010378 0.6311166323052847 245
1740012010486 0.614791739255196 246
1740012010591 1.3590059081056325 247
1740012010694 0.9993272447105916 248
1740012010801 0.2406335319414667 249
1740012010908 0.2612291728239326 250
1740012011012 0.03043158596364263 251
1740012011119 0.6500750441711688 252
1740012011228 1.490976790910913 253
1740012011334 0.7877065635639219 254
1740012011445 0.20839241355248977 255
1740012011550 0.277588801616189 256
1740012011656 0.4707178348974274 257
1740012011765 0.7377264330445956 258
1740012011874 0.007061108779784904 259
1740012011976 1.2878565108928561 260
1740012012084 1.0354029801746953 261
1740012012256 0.01556497036620197 262
1740012012366 1.3588814170023484 263
1740012012467 2.119961997040802 264
1740012012578 0.6312877328764304 265
1740012012682 0.6232653705263574 266
1740012012791 0.6320558808876607 267
1740012012904 0.46414446930743064 268
1740012013006 0.4210239517487776 269
1740012013114 0.021424994120464287 270
1740012013218 1.9735128599389369 271
1740012013321 0.30320241716046736 272
1740012013447 0.02694962689618993 273
1740012013553 0.6597845905511995 274
1740012013662 0.11638608127756804 275
1740012013765 1.039430673774304 276
1740012013868 0.14551846061220267 277
1740012013980 0.454153888076287 278
1740012014082 0.5161402470120916 279
1740012014189 0.5356181112559235 280
1740012014299 0.33953525861578265 281
1740012014403 0.989342427661959 282
1740012014510 0.4779736547522653 283
1740012014612 0.0831096233610589 284
1740012014724 1.301591225018534 285
1740012014828 0.3707636493722279 286
1740012014938 0.21624685202204197 287
1740012015041 0.2941839727678904 288
1740012015154 0.3559791623208652 289
1740012015261 1.5277987300824976 290
1740012015366 0.5015854256523051 291
1740012015473 0.2480180098033147 292
1740012015583 1.1316381404010967 293
1740012015687 0.39189372083124796 294
1740012015796 0.3601899810267283 295
1740012015904 0.4441665134081518 296
1740012016010 0.4445554354210828 297
1740012016116 0.06674999572345827 298
1740012016225 0.2511703019333898 299
1740012016337 0.004510888392753191 300
1740012016445 1.450630912134853 301
1740012016551 0.841612106483065 302
1740012016654 1.1942993975835463 303
1740012016764 0.38423736439627065 304
1740012016872 0.9756748689520439 305
1740012016977 0.2931416815739828 306
1740012017089 0.46135363335615176 307
1740012017188 0.05603489803807211 308
1740012017287 0.8775513520821367 309
1740012017388 0.35744364288870073 310
1740012017490 0.0038617700735478497 311
1740012017592 1.1962312277372462 312
1740012017693 0.5330429055539894 313
1740012017792 0.30723680368823497 314
1740012017895 0.8101115400582722 315
1740012018004 0.39634775446252735 316
1740012018106 0.3891235775245201 317
1740012018273 0.3240280796004684 318
1740012018382 0.30575448482357515 319
1740012018482 0.8691714986132207 320
1740012018581 0.40378244110303946 321
1740012018704 0.6925188867648974 322
1740012018806 0.5370620739358358 323
1740012018906 0.597331825095862 324
1740012019005 0.050514095459799756 325
1740012019104 0.684492248154013 326
1740012019208 0.4458345540872366 327
1740012019309 1.0435618861508416 328
1740012019407 0.10457895347468481 329
1740012019507 0.17296076281722275 330
1740012019609 0.6098281900492502 331
1740012019712 1.0175890002929835 332
1740012019813 0.02947587023564537 333
1740012019914 0.505839106277558 334
1740012020015 0.9972643874146653 335
1740012020118 0.5489356192685854 336
1740012020219 0.2007108440423412 337
1740012020324 0.2004627333146615 338
1740012020434 0.9430016251769534 339
1740012020550 0.419317186582628 340
1740012020661 1.0019387789784684 341
1740012020766 0.21875491296452937 342
1740012020872 0.5810882723937053 343
1740012020972 0.29870093464376957 344
1740012021071 1.6148420715956353 345
1740012021177 0.2572732514881474 346
1740012021281 0.18262702607031983 347
1740012021382 1.1523145179194783 348
1740012021479 1.1840100339718105 349
1740012021579 1.0501845237726535 350
1740012021683 0.5270725631742512 351
1740012021786 0.6317811887348957 352
1740012021886 1.0784434589206389 353
1740012021988 0.17743189567883522 354
1740012022096 1.0526048025980492 355
1740012022197 0.23612118819131123 356
1740012022297 0.2843095106437422 357
1740012022397 0.38019236113794713 358
1740012022499 0.8650508401123425 359
1740012022601 0.7649220118162766 360
1740012022700 0.5320213111539117 361
1740012022800 0.29893171406483904 362
1740012022902 1.151028767514242 363
1740012023004 0.5202647112734463 364
1740012023108 0.21299359825915715 365
1740012023205 0.3255301604043679 366
1740012023305 0.9925162472862831 367
1740012023405 1.1013787349496158 368
1740012023527 0.9121388694543388 369
1740012023627 1.611532535668642 370
1740012023731 0.2988087026532124 371
1740012023836 2.227866353438548 372
1740012023940 0.28999517933204666 373
1740012024041 0.4142880318990147 374
1740012024143 0.23098585269167754 375
1740012024242 0.18150357851335291 376
1740012024342 0.8436093109816813 377
1740012024444 0.37423712191799646 378
1740012024549 1.1609108473049998 379
1740012024650 0.3667250578403552 380
1740012024750 0.5085805500420816 381
1740012024852 0.015622373880815022 382
1740012024953 0.002081595943142149 383
1740012025054 0.28662927038846275 384
1740012025155 0.13777800977278098 385
1740012025251 1.1096340741240107 386
1740012025353 0.24878098564213202 387
1740012025456 0.7309037871777921 388
1740012025557 0.08460070889992954 389
1740012025657 1.5729858993230221 390
1740012025756 0.1785018252063069 391
1740012025855 0.15031745197850993 392
1740012025962 0.1606520878132816 393
1740012026063 0.01002778172949376 394
1740012026165 0.3097922609763208 395
1740012026263 0.18267238328364543 396
1740012026366 1.1717543096162915 397
1740012026465 1.0145242983965788 398
1740012026567 0.752454297208301 399
1740012026672 0.4531417614797226 400
1740012026774 0.5632423507500957 401
1740012026874 0.004323554783216568 402
1740012026976 0.283097919754079 403
1740012027075 0.7050936301396268 404
1740012027180 1.3623391366893802 405
1740012027282 1.3933151060114184 406
1740012027382 0.048119846040664965 407
1740012027486 0.5560427464664456 408
1740012027590 0.4838082311623692 409
1740012027694 1.3108892202328082 410
1740012027797 0.432343740360621 411
1740012027895 0.004606935450777621 412
1740012028000 0.60835198941322 413
1740012028108 1.5248094462670216 414
1740012028209 0.6848967637627509 415
1740012028308 0.08190896920817885 416
1740012028408 0.1164267807701414 417
1740012028512 0.15577357308668308 418
1740012028623 0.001048065709451396 419
1740012028723 0.2992795131663718 420
1740012028823 0.15217007357177942 421
1740012028922 0.9031272859386359 422
1740012029026 0.027049279462197522 423
1740012029135 0.37510197474671914 424
1740012029234 0.7611902191424968 425
1740012029336 1.0734292460236392 426
1740012029443 0.07677087181316432 427
1740012029544 0.5541916104149145 428
1740012029643 0.0026857271265551884 429
1740012029742 0.3976617475326216 430
1740012029845 0.7587108734637864 431
1740012029956 0.2820036905960367 432
1740012030057 0.003037246179408293 433
1740012030162 0.022872891924414954 434
1740012030266 0.8114521050626086 435
1740012030364 0.5511797974531698 436
1740012030466 1.0477743879718495 437
1740012030570 0.49534212175145353 438
1740012030674 0.9227500668160395 439
1740012030774 1.0429858400968886 440
1740012030873 1.5429030526802845 441
1740012030974 0.2007113253839576 442
1740012031078 0.5607783756613511 443
1740012031191 0.1689558686002243 444
1740012031294 0.7665685170032412 445
1740012031393 0.1601267186955838 446
1740012031492 0.49407427358943695 447
1740012031591 0.3364115780079587 448
1740012031695 0.36555194567195154 449
1740012031801 0.7273477276387954 450
1740012031900 0.06526340717327023 451
1740012032046 0.9396526897469537 452
1740012032150 0.4273992652449892 453
1740012032254 0.10916618294170649 454
1740012032354 1.4488772179411453 455
1740012032453 0.353659124862471 456
1740012032553 0.47361942386097067 457
1740012032661 1.113990720203687 458
1740012032763 0.21773886192873776 459
1740012032863 0.8740498385369468 460
1740012032966 0.7882987430351207 461
1740012033067 0.280806758529148 462
1740012033168 0.24606563734994938 463
1740012033270 0.2940698870365865 464
1740012033371 0.35664511629881634 465
1740012033473 0.45632226204149134 466
1740012033583 0.2086845079291073 467
1740012033699 0.6863426090853697 468
1740012033799 0.3864266521350697 469
1740012033898 0.44286948860631453 470
1740012033999 0.6621130024685264 471
1740012034102 0.8334844216310761 472
1740012034205 0.7534250280640707 473
1740012034311 0.21909233191994545 474
1740012034409 0.6126664702495227 475
1740012034508 1.4054839990195616 476
1740012034609 0.65900308185437 477
1740012034716 0.2368674404197741 478
1740012034817 0.13840301777275177 479
1740012034918 0.3600464931727399 480
1740012035022 1.1605508323381495 481
1740012035126 0.4754407399175998 482
1740012035224 0.4907072580869838 483
1740012035324 0.3917213969717839 484
1740012035430 0.16141950091318505 485
1740012035532 0.6153751859598543 486
1740012035633 0.7947494736186114 487
1740012035732 0.14584891466200708 488
1740012035833 0.37300963076413934 489
1740012035934 0.18634916954451608 490
1740012036038 0.21078436405042186 491
1740012036144 0.020347999207090125 492
1740012036243 0.3737120554148891 493
1740012036344 0.6875497435487613 494
1740012036445 0.7289419425023909 495
1740012036545 0.018231560171759642 496
1740012036644 0.6880194500135149 497
1740012036748 0.153812308432384 498
1740012036852 0.16645578229808444 499
