1740011963275 168.81788247382886 0
1740011963303 168.48062380782815 1
1740011963326 168.14410688640675 2
1740011963353 167.80833001041594 3
1740011963378 167.47329148468904 4
1740011963406 167.13898961803162 5
1740011963430 166.80542272321244 6
1740011963455 166.47258911695388 7
1740011963482 166.14048711992245 8
1740011963506 165.80911505671978 9
1740011963530 165.47847125587285 10
1740011963553 165.14855404982507 11
1740011963578 164.81936177492662 12
1740011963605 164.4908927714256 13
1740011963628 164.16314538345833 14
1740011963655 163.8361179590406 15
1740011963680 163.50980885005802 16
1740011963708 163.18421641225711 17
1740011963731 162.85933900523617 18
1740011963754 162.53517499243586 19
1740011963777 162.21172274113047 20
1740011963804 161.88898062241853 21
1740011963827 161.5669470112139 22
1740011963851 161.24562028623657 23
1740011963875 160.92499883000383 24
1740011963900 160.6050810288211 25
1740011963923 160.28586527277312 26
1740011963946 159.96734995571478 27
1740011963969 159.6495334752622 28
1740011963995 159.33241423278403 29
1740011964021 159.0159906333924 30
1740011964044 158.70026108593387 31
1740011964068 158.38522400298106 32
1740011964095 158.0708778008232 33
1740011964119 157.7572208994578 34
1740011964142 157.44425172258164 35
1740011964166 157.131968697582 36
1740011964191 156.82037025552805 37
1740011964216 156.50945483116192 38
1740011964239 156.19922086289012 39
1740011964263 155.88966679277482 40
1740011964286 155.58079106652517 41
1740011964312 155.27259213348867 42
1740011964335 154.96506844664262 43
1740011964359 154.65821846258527 44
1740011964382 154.35204064152757 45
1740011964411 154.0465334472843 46
1740011964435 153.7416953472658 47
1740011964459 153.43752481246904 48
1740011964482 153.13402031746972 49
1740011964512 152.83118034041328 50
1740011964536 152.52900336300652 51
1740011964560 152.22748787050944 52
1740011964583 151.92663235172643 53
1740011964608 151.6264352989982 54
1740011964634 151.32689520819315 55
1740011964657 151.02801057869925 56
1740011964679 150.72977991341534 57
1740011964705 150.43220171874333 58
1740011964734 150.13527450457926 59
1740011964758 149.8389967843056 60
1740011964780 149.54336707478262 61
1740011964804 149.24838389634036 62
1740011964828 148.95404577277023 63
1740011964853 148.66035123131687 64
1740011964875 148.36729880267006 65
1740011964899 148.07488702095645 66
1740011964922 147.78311442373138 67
1740011964946 147.49197955197087 68
1740011964969 147.20148095006357 69
1740011964991 146.91161716580237 70
1740011965017 146.62238675037656 71
1740011965044 146.3337882583639 72
1740011965068 146.04582024772228 73
1740011965095 145.75848127978188 74
1740011965123 145.47176991923726 75
1740011965208 145.18568473413924 76
1740011965235 144.90022429588697 77
1740011965259 144.61538717922002 78
1740011965282 144.33117196221056 79
1740011965307 144.04757722625524 80
1740011965329 143.7646015560676 81
1740011965353 143.48224353966992 82
1740011965376 143.20050176838558 83
1740011965403 142.9193748368312 84
1740011965428 142.63886134290877 85
1740011965456 142.3589598877979 86
1740011965479 142.07966907594812 87
1740011965506 141.80098751507106 88
1740011965531 141.5229138161327 89
1740011965556 141.24544659334575 90
1740011965579 140.96858446416186 91
1740011965603 140.69232604926404 92
1740011965627 140.4166699725589 93
1740011965651 140.1416148611692 94
1740011965674 139.86715934542596 95
1740011965699 139.59330205886104 96
1740011965723 139.3200416381996 97
1740011965747 139.0473767233524 98
1740011965769 138.77530595740828 99
1740011965793 138.50382798662676 100
1740011965822 138.2329414604303 101
1740011965845 137.96264503139713 102
1740011965869 137.69293735525338 103
1740011965892 137.423817090866 104
1740011965917 137.15528290023508 105
1740011965941 136.88733344848654 106
1740011965964 136.61996740386462 107
1740011965986 136.3531834377246 108
1740011966010 136.08698022452546 109
1740011966033 135.82135644182236 110
1740011966057 135.55631077025956 111
1740011966079 135.29184189356278 112
1740011966105 135.02794849853223 113
1740011966130 134.76462927503502 114
1740011966155 134.5018829159983 115
1740011966177 134.23970811740156 116
1740011966201 133.97810357826972 117
1740011966229 133.7170680006658 118
1740011966253 133.45660008968363 119
1740011966276 133.19669855344097 120
1740011966305 132.93736210307205 121
1740011966329 132.67858945272053 122
1740011966353 132.42037931953246 123
1740011966375 132.16273042364907 124
1740011966399 131.90564148819962 125
1740011966423 131.6491112392945 126
1740011966446 131.39313840601815 127
1740011966469 131.13772172042178 128
1740011966493 130.88285991751664 129
1740011966519 130.62855173526683 130
1740011966546 130.37479591458242 131
1740011966571 130.1215911993124 132
1740011966595 129.8689363362378 133
1740011966619 129.6168300750646 134
1740011966643 129.36527116841694 135
1740011966665 129.11425837183026 136
1740011966690 128.86379044374422 137
1740011966713 128.61386614549596 138
1740011966736 128.36448424131328 139
1740011966761 128.1156434983076 140
1740011966783 127.86734268646744 141
1740011966807 127.61958057865127 142
1740011966832 127.37235595058091 143
1740011966858 127.12566758083486 144
1740011966880 126.87951425084123 145
1740011966905 126.63389474487133 146
1740011966929 126.3888078500326 147
1740011966955 126.14425235626229 148
1740011966977 125.90022705632042 149
1740011967001 125.65673074578318 150
1740011967023 125.41376222303646 151
1740011967046 125.17132028926898 152
1740011967069 124.92940374846576 153
1740011967095 124.6880114074015 154
1740011967119 124.44714207563386 155
1740011967144 124.20679456549712 156
1740011967168 123.96696769209528 157
1740011967191 123.72766027329591 158
1740011967215 123.4888711297232 159
1740011967241 123.25059908475171 160
1740011967269 123.01284296449978 161
1740011967293 122.77560159782301 162
1740011967317 122.5388738163079 163
1740011967342 122.30265845426514 164
1740011967367 122.06695434872346 165
1740011967391 121.83176033942301 166
1740011967416 121.59707526880906 167
1740011967440 121.36289798202542 168
1740011967471 121.1292273269083 169
1740011967495 120.89606215397978 170
1740011967518 120.66340131644145 171
1740011967541 120.43124367016812 172
1740011967566 120.1995880737016 173
1740011967589 119.96843338824415 174
1740011967614 119.73777847765237 175
1740011967637 119.5076222084309 176
1740011967661 119.2779634497261 177
1740011967685 119.0488010733198 178
1740011967708 118.82013395362316 179
1740011967730 118.59196096767036 180
1740011967756 118.36428099511237 181
1740011967780 118.13709291821093 182
1740011967804 117.91039562183215 183
1740011967826 117.6841879934405 184
1740011967851 117.45846892309261 185
1740011967876 117.23323730343124 186
1740011967898 117.00849202967895 187
1740011967921 116.78423199963218 188
1740011967944 116.56045611365514 189
1740011967967 116.33716327467367 190
1740011967990 116.11435238816928 191
1740011968012 115.89202236217295 192
1740011968035 115.67017210725929 193
1740011968059 115.4488005365404 194
1740011968081 115.2279065656599 195
1740011968108 115.00748911278696 196
1740011968132 114.78754709861029 197
1740011968156 114.56807944633225 198
1740011968180 114.34908508166286 199
1740011968204 114.13056293281383 200
1740011968226 113.91251193049276 201
1740011968252 113.69493100789713 202
1740011968278 113.47781910070849 203
1740011968303 113.26117514708653 204
1740011968326 113.04499808766323 205
1740011968356 112.82928686553707 206
1740011968385 112.61404042626715 207
1740011968415 112.39925771786736 208
1740011968441 112.1849376908006 209
1740011968469 111.97107929797302 210
1740011968495 111.75768149472819 211
1740011968538 111.5447432388414 212
1740011968620 111.33226349051382 213
1740011968648 111.12024121236689 214
1740011968673 110.90867536943645 215
1740011968697 110.69756492916721 216
1740011968721 110.48690886140689 217
1740011968746 110.27670613840063 218
1740011968770 110.06695573478532 219
1740011968793 109.85765662758394 220
1740011968820 109.64880779619988 221
1740011968848 109.44040822241136 222
1740011968872 109.23245689036585 223
1740011968896 109.02495278657437 224
1740011968920 108.81789489990601 225
1740011968946 108.61128222158226 226
1740011968970 108.40511374517155 227
1740011968994 108.19938846658361 228
1740011969019 107.99410538406403 229
1740011969045 107.78926349818866 230
1740011969070 107.58486181185813 231
1740011969094 107.3808993302924 232
1740011969118 107.17737506102523 233
1740011969145 106.9742880138987 234
1740011969171 106.77163720105783 235
1740011969196 106.56942163694505 236
1740011969222 106.36764033829486 237
1740011969247 106.1662923241283 238
1740011969271 105.96537661574772 239
1740011969294 105.76489223673117 240
1740011969318 105.56483821292727 241
1740011969343 105.36521357244958 242
1740011969370 105.16601734567149 243
1740011969394 104.96724856522074 244
1740011969418 104.76890626597417 245
1740011969441 104.5709894850523 246
1740011969473 104.37349726181417 247
1740011969500 104.17642863785194 248
1740011969527 103.97978265698573 249
1740011969553 103.78355836525817 250
1740011969578 103.58775481092941 251
1740011969603 103.39237104447162 252
1740011969626 103.19740611856393 253
1740011969650 103.00285908808718 254
1740011969675 102.80872901011871 255
1740011969705 102.61501494392719 256
1740011969728 102.4217159509674 257
1740011969753 102.22883109487513 258
1740011969776 102.036359441462 259
1740011969803 101.84430005871025 260
1740011969826 101.65265201676782 261
1740011969852 101.46141438794294 262
1740011969875 101.27058624669934 263
1740011969901 101.08016666965088 264
1740011969924 100.89015473555669 265
1740011969948 100.70054952531599 266
1740011969971 100.51135012196305 267
1740011969997 100.32255561066222 268
1740011970020 100.13416507870274 269
1740011970043 99.94617761549391 270
1740011970066 99.75859231255998 271
1740011970095 99.5714082635352 272
1740011970120 99.38462456415878 273
1740011970143 99.19824031226996 274
1740011970166 99.01225460780306 275
1740011970192 98.82666655278253 276
1740011970217 98.64147525131801 277
1740011970239 98.45667980959944 278
1740011970262 98.27227933589202 279
1740011970285 98.08827294053151 280
1740011970309 97.9046597359192 281
1740011970332 97.72143883651707 282
1740011970356 97.53860935884295 283
1740011970379 97.35617042146565 284
1740011970404 97.17412114500009 285
1740011970427 96.99246065210254 286
1740011970451 96.8111880674657 287
1740011970475 96.63030251781402 288
1740011970501 96.44980313189882 289
1740011970525 96.26968904049353 290
1740011970551 96.08995937638889 291
1740011970580 95.91061327438825 292
1740011970611 95.73164987130275 293
1740011970646 95.55306830594662 294
1740011970673 95.37486771913252 295
1740011970701 95.19704725366667 296
1740011970728 95.01960605434422 297
1740011970759 94.84254326794466 298
1740011970785 94.66585804322696 299
1740011970811 94.48954953092503 300
1740011970834 94.31361688374301 301
1740011970860 94.1380592563506 302
1740011970883 93.96287580537847 303
1740011970908 93.78806568941363 304
1740011970931 93.61362806899474 305
1740011970957 93.43956210660762 306
1740011970982 93.26586696668058 307
1740011971007 93.09254181557982 308
1740011971030 92.919585821605 309
1740011971058 92.74699815498441 310
1740011971084 92.57477798787075 311
1740011971112 92.40292449433633 312
1740011971134 92.23143685036865 313
1740011971161 92.06031423386588 314
1740011971185 91.88955582463235 315
1740011971211 91.71916080437403 316
1740011971234 91.54912835669408 317
1740011971259 91.37945766708836 318
1740011971285 91.2101479229409 319
1740011971312 91.04119831351962 320
1740011971335 90.87260802997166 321
1740011971363 90.70437626531915 322
1740011971391 90.53650221445467 323
1740011971419 90.3689850741369 324
1740011971442 90.20182404298612 325
1740011971467 90.03501832147997 326
1740011971491 89.86856711194895 327
1740011971517 89.70246961857208 328
1740011971542 89.53672504737263 329
1740011971568 89.37133260621358 330
1740011971592 89.20629150479351 331
1740011971619 89.04160095464208 332
1740011971642 88.8772601691158 333
1740011971667 88.71326836339378 334
1740011971692 88.54962475447329 335
1740011971722 88.38632856116558 336
1740011971746 88.22337900409158 337
1740011971771 88.06077530567762 338
1740011971796 87.89851669015121 339
1740011971820 87.7366023835367 340
1740011971844 87.57503161365118 341
1740011971868 87.41380361010013 342
1740011971892 87.25291760427332 343
1740011971918 87.09237282934046 344
1740011971942 86.93216852024716 345
1740011971965 86.77230391371063 346
1740011971988 86.61277824821555 347
1740011972014 86.4535907640099 348
1740011972041 86.29474070310081 349
1740011972065 86.13622730925044 350
1740011972089 85.9780498279717 351
1740011972116 85.82020750652438 352
1740011972139 85.66269959391077 353
1740011972163 85.50552534087174 354
1740011972185 85.34868399988251 355
1740011972212 85.19217482514871 356
1740011972238 85.03599707260216 357
1740011972264 84.88014999989686 358
1740011972286 84.72463286640496 359
1740011972311 84.56944493321268 360
1740011972336 84.41458546311624 361
1740011972365 84.2600537206179 362
1740011972388 84.10584897192193 363
1740011972412 83.95197048493051 364
1740011972435 83.79841752923984 365
1740011972460 83.64518937613612 366
1740011972483 83.49228529859148 367
1740011972508 83.33970457126017 368
1740011972531 83.18744647047447 369
1740011972559 83.03551027424075 370
1740011972582 82.88389526223558 371
1740011972609 82.73260071580177 372
1740011972634 82.58162591794441 373
1740011972665 82.43097015332705 374
1740011972688 82.28063270826763 375
1740011972713 82.1306128707348 376
1740011972736 81.98090993034383 377
1740011972765 81.83152317835281 378
1740011972790 81.6824519076589 379
1740011972816 81.53369541279417 380
1740011972839 81.38525298992214 381
1740011972864 81.23712393683356 382
1740011972889 81.08930755294286 383
1740011972913 80.94180313928415 384
1740011972942 80.79460999850754 385
1740011972974 80.64772743487521 386
1740011973003 80.5011547542577 387
1740011973027 80.35489126413007 388
1740011973049 80.20893627356818 389
1740011973072 80.06328909324486 390
1740011973102 79.91794903542618 391
1740011973125 79.77291541396772 392
1740011973148 79.62818754431075 393
1740011973171 79.48376474347857 394
1740011973197 79.33964633007278 395
1740011973222 79.19583162426956 396
1740011973245 79.05231994781589 397
1740011973269 78.90911062402594 398
1740011973293 78.76620297777744 399
1740011973319 78.62359633550773 400
1740011973342 78.48129002521044 401
1740011973365 78.33928337643154 402
1740011973388 78.19757572026593 403
1740011973412 78.05616638935352 404
1740011973435 77.91505471787585 405
1740011973459 77.77424004155228 406
1740011973482 77.63372169763645 407
1740011973508 77.49349902491274 408
1740011973531 77.35357136369248 409
1740011973556 77.21393805581054 410
1740011973583 77.07459844462164 411
1740011973611 76.93555187499676 412
1740011973635 76.7967976933197 413
1740011973658 76.65833524748335 414
1740011973681 76.52016388688628 415
1740011973706 76.38228296242906 416
1740011973730 76.24469182651093 417
1740011973753 76.10738983302603 418
1740011973775 75.97037633736001 419
1740011973798 75.8336506963866 420
1740011973821 75.69721226846391 421
1740011973845 75.56106041343111 422
1740011973870 75.42519449260489 423
1740011973893 75.2896138687759 424
1740011973919 75.15431790620539 425
1740011973941 75.01930597062179 426
1740011973964 74.88457742921707 427
1740011973986 74.7501316506435 428
1740011974012 74.61596800501009 429
1740011974036 74.48208586387916 430
1740011974060 74.34848460026305 431
1740011974082 74.21516358862051 432
1740011974110 74.08212220485353 433
1740011974135 73.94935982630373 434
1740011974160 73.8168758317491 435
1740011974182 73.68466960140059 436
1740011974207 73.55274051689872 437
1740011974230 73.42108796131026 438
1740011974253 73.28971131912482 439
1740011974276 73.15860997625158 440
1740011974298 73.02778332001586 441
1740011974324 72.89723073915582 442
1740011974346 72.76695162381922 443
1740011974369 72.63694536556001 444
1740011974391 72.50721135733502 445
1740011974418 72.37774899350073 446
1740011974443 72.24855766980991 447
1740011974466 72.1196367834084 448
1740011974488 71.99098573283179 449
1740011974513 71.86260391800215 450
1740011974538 71.73449074022479 451
1740011974562 71.60664560218498 452
1740011974585 71.47906790794482 453
1740011974609 71.35175706293981 454
1740011974632 71.22471247397574 455
1740011974656 71.09793354922553 456
1740011974678 70.9714196982258 457
1740011974702 70.84517033187392 458
1740011974729 70.71918486242463 459
1740011974753 70.59346270348692 460
1740011974775 70.46800327002086 461
1740011974799 70.3428059783344 462
1740011974823 70.21787024608018 463
1740011974847 70.0931954922524 464
1740011974870 69.96878113718368 465
1740011974894 69.84462660254188 466
1740011974919 69.72073131132693 467
1740011974942 69.59709468786784 468
1740011974965 69.47371615781941 469
1740011974987 69.35059514815921 470
1740011975010 69.22773108718447 471
1740011975033 69.10512340450892 472
1740011975056 68.98277153105973 473
1740011975078 68.86067489907445 474
1740011975103 68.73883294209791 475
1740011975129 68.61724509497915 476
1740011975152 68.49591079386833 477
1740011975174 68.37482947621366 478
1740011975197 68.25400058075844 479
1740011975223 68.13342354753799 480
1740011975247 68.01309781787648 481
1740011975269 67.89302283438411 482
1740011975291 67.77319804095394 483
1740011975317 67.65362288275894 484
1740011975343 67.53429680624889 485
1740011975366 67.4152192591476 486
1740011975388 67.29638969044967 487
1740011975412 67.17780755041763 488
1740011975438 67.05947229057895 489
1740011975461 66.94138336372303 490
1740011975484 66.8235402238983 491
1740011975506 66.70594232640926 492
1740011975530 66.58858912781339 493
1740011975555 66.47148008591843 494
1740011975578 66.35461465977927 495
1740011975607 66.23799230969507 496
1740011975634 66.12161249720639 497
1740011975660 66.0054746850922 498
1740011975683 65.88957833736701 499
