1739968591298 6.668806405035333 0
1739968591374 6.827253326585859 1
1739968591454 6.657365373743207 2
1739968591524 6.5494833482482635 3
1739968591606 6.644067595755963 4
1739968591681 6.209155021208382 5
1739968591758 6.507490483049856 6
1739968591830 6.746376155727925 7
1739968591911 6.710127694630898 8
1739968591988 6.076499815800701 9
1739968592062 6.762364668607322 10
1739968592137 6.8325572501917335 11
1739968592208 6.579663995182214 12
1739968592277 6.593491467764275 13
1739968592353 6.631650641891767 14
1739968592426 6.120882634431202 15
1739968592576 5.930996380885924 16
1739968592655 6.025722320886854 17
1739968592734 6.317577822886202 18
1739968592819 6.845325391153782 19
