1740007694357 172.3016302827278 0
1740007694381 168.99552865772765 1
1740007694405 167.31691000935632 2
1740007694429 165.64706272914367 3
1740007694453 163.99396035250695 4
1740007694477 162.3573942655169 5
1740007694502 160.73719890199482 6
1740007694526 159.1332101524615 7
1740007694549 157.54526555808718 8
1740007694572 155.9732042929807 9
1740007694595 154.41686714772487 10
1740007694618 152.87609651307315 11
1740007694641 151.35073636381168 12
1740007694664 149.84063224278478 13
1740007694691 148.3456312450821 14
1740007694715 146.8655820023861 15
1740007694739 145.4003346674777 16
1740007694762 143.9497408988994 17
1740007694785 142.51365384577312 18
1740007694809 141.09192813277224 19
1740007694832 139.6844198452455 20
1740007694855 138.2909865144915 21
1740007694878 136.91148710318268 22
1740007694901 135.54578199093623 23
1740007694927 134.19373296003175 24
1740007694951 132.85520318127274 25
1740007694977 131.53005719999197 26
1740007695002 130.21816092219785 27
1740007695025 128.91938160086139 28
1740007695050 127.63358782234185 29
1740007695074 126.36064949294955 30
1740007695098 125.10043782564507 31
1740007695122 123.85282532687255 32
1740007695146 122.61768578352667 33
1740007695170 121.39489425005111 34
1740007695197 120.18432703566775 35
1740007695222 118.98586169173505 36
1740007695249 117.79937699923424 37
1740007695276 116.62475295638198 38
1740007695304 115.46187076636878 39
1740007695334 114.31061282522083 40
1740007695363 113.17086270978494 41
1740007695397 112.04250516583498 42
1740007695426 110.9254260962985 43
1740007695456 109.81951254960241 44
1740007695484 108.72465270813666 45
1740007695513 107.64073587683427 46
1740007695545 106.56765247186713 47
1740007695573 105.50529400945591 48
1740007695604 104.45355309479312 49
1740007695634 103.41232341107815 50
1740007695663 102.38149970866318 51
1740007695690 101.36097779430888 52
1740007695719 100.35065452054843 53
1740007695747 99.35042777515937 54
1740007695774 98.36019647074167 55
1740007695803 97.37986053440108 56
1740007695831 96.40932089753694 57
1740007695859 95.44847948573299 58
1740007695887 94.49723920875039 59
1740007695916 93.5555039506218 60
1740007695950 92.62317855984577 61
1740007696002 91.70016883967986 62
1740007696033 90.78638153853204 63
1740007696063 89.88172434044918 64
1740007696092 88.98610585570137 65
1740007696120 88.09943561146169 66
1740007696149 87.22162404257989 67
1740007696177 86.35258248244931 68
1740007696206 85.49222315396602 69
1740007696232 84.6404591605794 70
1740007696260 83.7972044774328 71
1740007696290 82.96237394259407 72
1740007696318 82.13588324837427 73
1740007696347 81.3176489327342 74
1740007696374 80.50758837077775 75
1740007696402 79.70561976633101 76
1740007696432 78.91166214360643 77
1740007696462 78.12563533895127 78
1740007696490 77.34745999267902 79
1740007696518 76.57705754098374 80
1740007696547 75.81435020793556 81
1740007696575 75.05926099755725 82
1740007696602 74.31171368598069 83
1740007696629 73.57163281368247 84
1740007696657 72.83894367779787 85
1740007696685 72.11357232451243 86
1740007696715 71.39544554153021 87
1740007696742 70.68449085061816 88
1740007696770 69.9806365002257 89
1740007696798 69.28381145817863 90
1740007696825 68.59394540444691 91
1740007696853 67.91096872398535 92
1740007696880 67.23481249964654 93
1740007696907 66.56540850516521 94
1740007696939 65.90268919821348 95
1740007696968 65.24658771352595 96
1740007696997 64.59703785609439 97
1740007697024 63.95397409443092 98
1740007697053 63.31733155389911 99
1740007697080 62.68704601011249 100
1740007697107 62.06305388239938 101
1740007697136 61.445292227333944 102
1740007697164 60.83369873233217 103
1740007697193 60.228211709312596 104
1740007697222 59.628770088420964 105
1740007697249 59.03531341181803 106
1740007697277 58.44778182753016 107
1740007697303 57.866116083361675 108
1740007697330 57.2902575208689 109
1740007697358 56.72014806939468 110
1740007697387 56.15573024016318 111
1740007697416 55.596947120434116 112
1740007697444 55.043742367716014 113
1740007697471 54.496060204037654 114
1740007697501 53.95384541027742 115
1740007697529 53.41704332054962 116
1740007697560 52.885599816647535 117
1740007697590 52.35946132254234 118
1740007697618 51.838574798937586 119
1740007697647 51.322887737878396 120
1740007697673 50.81234815741516 121
1740007697698 50.30690459632082 122
1740007697723 49.806506108861534 123
1740007697748 49.31110225961989 124
1740007697773 48.82064311837037 125
1740007697797 48.33507925500641 126
1740007697822 47.854361734518534 127
1740007697847 47.37844211202308 128
1740007697871 46.90727242784107 129
1740007697894 46.44080520262656 130
1740007697919 45.97899343254404 131
1740007697947 45.521790584494525 132
1740007697973 45.06915059138965 133
1740007697998 44.6210278474733 134
1740007698029 44.17737720369047 135
1740007698053 43.73815396310267 136
1740007698076 43.303313876349534 137
1740007698098 42.87281313715614 138
1740007698119 42.44660837788549 139
1740007698141 42.02465666513588 140
1740007698163 41.60691549538249 141
1740007698184 41.19334279066294 142
1740007698206 40.78389689430621 143
1740007698227 40.37853656670459 144
1740007698247 39.977220981128205 145
1740007698269 39.579909719581586 146
1740007698290 39.1865627687021 147
1740007698311 38.7971405156995 148
1740007698333 38.41160374433645 149
1740007698356 38.029913630949466 150
1740007698377 37.65203174050988 151
1740007698400 37.277920022724494 152
1740007698422 36.907540808175455 153
1740007698444 36.540856804498944 154
1740007698466 36.177831092602325 155
1740007698490 35.81842712291941 156
1740007698512 35.462608711703375 157
1740007698534 35.110340037356856 158
1740007698555 34.76158563679924 159
1740007698576 34.416310401870156 160
1740007698597 34.07447957576949 161
1740007698618 33.73605874953294 162
1740007698640 33.40101385854317 163
1740007698661 33.069311179076045 164
1740007698682 32.740917324881536 165
1740007698703 32.41579924379911 166
1740007698724 32.09392421440706 167
1740007698746 31.775259842705648 168
1740007698767 31.45977405883352 169
1740007698788 31.14743511381717 170
1740007698809 30.83821157635309 171
1740007698830 30.53207232962227 172
1740007698850 30.22898656813678 173
1740007698872 29.928923794618008 174
1740007698893 29.631853816906265 175
1740007698914 29.337746744901544 176
1740007698938 29.04657298753499 177
1740007698959 28.758303249770773 178
1740007698981 28.47290852963822 179
1740007699003 28.190360115293664 180
1740007699025 27.910629582111923 181
1740007699048 27.6336887898069 182
1740007699070 27.3595098795813 183
1740007699091 27.088065271304803 184
1740007699112 26.819327660720774 185
1740007699134 26.553270016680912 186
1740007699155 26.28986557840778 187
1740007699177 26.02908785278482 188
1740007699200 25.77091061167358 189
1740007699222 25.51530788925796 190
1740007699243 25.262253979415046 191
1740007699265 25.011723433112497 192
1740007699286 24.763691055832002 193
1740007699308 24.518131905018585 194
1740007699329 24.275021287555667 195
1740007699350 24.034334757265402 196
1740007699371 23.796048112434114 197
1740007699393 23.560137393362666 198
1740007699415 23.326578879941447 199
1740007699436 23.095349089249563 200
1740007699457 22.86642477317841 201
1740007699479 22.639782916078865 202
1740007699500 22.41540073243227 203
1740007699522 22.193255664544733 204
1740007699544 21.97332538026464 205
1740007699567 21.75558777072306 206
1740007699591 21.540020948096846 207
1740007699617 21.326603243394253 208
1740007699639 21.115313204262684 209
1740007699660 20.906129592818594 210
1740007699682 20.699031383499044 211
1740007699703 20.493997760934967 212
1740007699725 20.29100811784568 213
1740007699746 20.090042052954622 214
1740007699768 19.891079368925958 215
1740007699790 19.694100070321902 216
1740007699812 19.49908436158066 217
1740007699834 19.30601264501448 218
1740007699855 19.114865518828015 219
1740007699876 18.92562377515638 220
1740007699898 18.738268398123093 221
1740007699920 18.552780561917345 222
1740007699944 18.3691416288907 223
1740007699965 18.18733314767283 224
1740007699987 18.007336851306192 225
1740007700010 17.82913465539941 226
1740007700032 17.65270865629921 227
1740007700054 17.47804112928074 228
1740007700076 17.305114526755922 229
1740007700100 17.133911476499936 230
1740007700122 16.964414779895453 231
1740007700145 16.796607410194447 232
1740007700167 16.63047251079749 233
1740007700192 16.465993393550296 234
1740007700218 16.303153537057415 235
1740007700244 16.14193658501276 236
1740007700268 15.982326344546934 237
1740007700291 15.824306784591188 238
1740007700314 15.667862034257638 239
1740007700336 15.512976381235976 240
1740007700358 15.359634270205992 241
1740007700380 15.207820301266286 242
1740007700401 15.057519228378524 243
1740007700423 14.90871595782746 244
1740007700446 14.761395546696326 245
1740007700467 14.615543201357493 246
1740007700488 14.47114427597841 247
1740007700510 14.328184271042328 248
1740007700532 14.186648831884064 249
1740007700552 14.04652374724029 250
1740007700574 13.907794947814448 251
1740007700597 13.770448504856084 252
1740007700619 13.634470628754322 253
1740007700641 13.499847667645575 254
1740007700662 13.36656610603509 255
1740007700684 13.234612563432458 256
1740007700705 13.103973793000662 257
1740007700727 12.974636680218788 258
1740007700748 12.846588241558084 259
1740007700769 12.719815623171337 260
1740007700791 12.594306099595334 261
1740007700814 12.470047072466379 262
1740007700836 12.347026069248708 263
1740007700857 12.225230741975581 264
1740007700878 12.104648866003068 265
1740007700900 11.98526833877627 266
1740007700923 11.86707717860799 267
1740007700947 11.750063523469551 268
1740007700968 11.634215629793808 269
1740007700989 11.519521871290134 270
1740007701012 11.40597073777126 271
1740007701033 11.293550833991961 272
1740007701056 11.18225087849927 273
1740007701079 11.07205970249428 274
1740007701101 10.962966248705383 275
1740007701124 10.854959570272706 276
1740007701147 10.748028829643856 277
1740007701171 10.64216329748061 278
1740007701195 10.537352351576635 279
1740007701220 10.433585475786042 280
1740007701245 10.330852258962697 281
1740007701269 10.229142393910083 282
1740007701292 10.128445676341778 283
1740007701315 10.02875200385233 284
1740007701337 9.93005137489837 285
1740007701361 9.832333887790055 286
1740007701384 9.735589739692514 287
1740007701407 9.639809225637363 288
1740007701431 9.544982737544093 289
1740007701455 9.451100763251262 290
1740007701478 9.358153885557428 291
1740007701502 9.266132781271637 292
1740007701526 9.175028220273497 293
1740007701549 9.084831064582582 294
1740007701572 8.995532267437223 295
1740007701595 8.907122872382494 296
1740007701620 8.819594012367373 297
1740007701650 8.732936908850899 298
1740007701675 8.647142870917323 299
1740007701699 8.562203294400078 300
1740007701724 8.478109661014578 301
1740007701749 8.394853537499674 302
1740007701773 8.31242657476768 303
1740007701797 8.230820507062992 304
1740007701822 8.150027151129043 305
1740007701846 8.070038405383666 306
1740007701871 7.990846249102717 307
1740007701895 7.912442741611787 308
1740007701919 7.834820021486144 309
1740007701946 7.757970305758573 310
1740007701971 7.68188588913519 311
1740007701994 7.606559143219138 312
1740007702016 7.531982515742015 313
1740007702039 7.458148529803021 314
1740007702064 7.385049783115691 315
1740007702088 7.3126789472622225 316
1740007702111 7.241028766955225 317
1740007702133 7.1700920593068895 318
1740007702156 7.099861713105469 319
1740007702179 7.030330688098957 320
1740007702202 6.961492014286048 321
1740007702225 6.893338791214046 322
1740007702248 6.825864187283947 323
1740007702271 6.759061439062402 324
1740007702293 6.69292385060054 325
1740007702315 6.627444792759703 326
1740007702338 6.562617702543841 327
1740007702360 6.49843608243864 328
1740007702382 6.434893499757258 329
1740007702404 6.3719835859925995 330
1740007702425 6.309700036176057 331
1740007702447 6.248036608242728 332
1740007702469 6.186987122402935 333
1740007702490 6.126545460520035 334
1740007702512 6.066705565494475 335
1740007702534 6.007461440654038 336
1740007702555 5.948807149150121 337
1740007702577 5.8907368133601254 338
1740007702598 5.833244614295787 339
1740007702620 5.776324791017448 340
1740007702642 5.719971640054148 341
1740007702664 5.664179514829584 342
1740007702688 5.608942825093787 343
1740007702710 5.55425603636046 344
1740007702732 5.500113669349968 345
1740007702753 5.446510299437915 346
1740007702774 5.393440556109197 347
1740007702795 5.340899122417575 348
1740007702817 5.288880734450609 349
1740007702838 5.237380180799949 350
1740007702858 5.186392302036974 351
1740007702880 5.13591199019359 352
1740007702900 5.085934188248316 353
1740007702923 5.0364538896174365 354
1740007702944 4.987466137651309 355
1740007702965 4.93896602513565 356
1740007702986 4.890948693797829 357
1740007703008 4.843409333818161 358
1740007703029 4.796343183345978 359
1740007703052 4.749745528020634 360
1740007703073 4.703611700497253 361
1740007703095 4.65793707997725 362
1740007703116 4.612717091743498 363
1740007703138 4.567947206700232 364
1740007703160 4.5236229409174555 365
1740007703182 4.479739855179967 366
1740007703204 4.436293554540881 367
1740007703225 4.393279687879612 368
1740007703247 4.350693947464286 369
1740007703268 4.308532068518516 370
1740007703289 4.266789828792504 371
1740007703311 4.2254630481384785 372
1740007703332 4.1845475880903145 373
1740007703355 4.144039351447392 374
1740007703377 4.103934281862629 375
1740007703397 4.064228363434602 376
1740007703419 4.024917620303745 377
1740007703440 3.985998116252625 378
1740007703462 3.9474659543101884 379
1740007703484 3.9093172763599435 380
1740007703506 3.8715482627521007 381
1740007703527 3.834155131919567 382
1740007703548 3.797134139997795 383
1740007703569 3.7604815804484044 384
1740007703591 3.7241937836865997 385
1740007703612 3.688267116712299 386
1740007703633 3.652697982744942 387
1740007703655 3.617482820861968 388
1740007703681 3.5826181056408926 389
1740007703704 3.5481003468049432 390
1740007703727 3.513926088872312 391
1740007703748 3.4800919108088135 392
1740007703770 3.446594425684094 393
1740007703792 3.413430280331242 394
1740007703815 3.3805961550098025 395
1740007703844 3.3480887630721665 396
1740007703868 3.31590485063329 397
1740007703896 3.2840411962437392 398
1740007703922 3.2524946105659387 399
1740007703949 3.221261936053745 400
1740007703974 3.190340046635142 401
1740007703997 3.1597258473981684 402
1740007704021 3.129416274279942 403
1740007704047 3.0994082937588066 404
1740007704073 3.069698902549556 405
1740007704097 3.04028512730172 406
1740007704121 3.0111640243008386 407
1740007704150 2.98233267917273 408
1740007704175 2.9537882065907253 409
1740007704201 2.925527749985823 410
1740007704225 2.897548481259716 411
1740007704249 2.869847600500725 412
1740007704274 2.842422335702567 413
1740007704298 2.815269942485888 414
1740007704323 2.788387703822627 415
1740007704347 2.7617729297631177 416
1740007704371 2.7354229571659214 417
1740007704395 2.709335149430344 418
1740007704419 2.683506896231643 419
1740007704443 2.6579356132588563 420
1740007704466 2.6326187419553015 421
1740007704488 2.6075537492616037 422
1740007704511 2.5827381273613184 423
1740007704533 2.5581693934291256 424
1740007704555 2.5338450893814852 425
1740007704576 2.5097627816298274 426
1740007704598 2.485920060836177 427
1740007704619 2.46231454167124 428
1740007704640 2.4389438625748956 429
1740007704661 2.4158056855190964 430
1740007704682 2.392897695773108 431
1740007704704 2.37021760167114 432
1740007704725 2.347763134382231 433
1740007704747 2.3255320476824997 434
1740007704770 2.3035221177296252 435
1740007704792 2.2817311428396163 436
1740007704814 2.2601569432657658 437
1740007704834 2.2387973609798557 438
1740007704855 2.2176502594555285 439
1740007704877 2.1967135234538047 440
1740007704898 2.175985058810784 441
1740007704922 2.1554627922274334 442
1740007704945 2.1351446710614757 443
1740007704967 2.115028663121385 444
1740007704989 2.095112756462406 445
1740007705010 2.075394959184628 446
1740007705034 2.055873299233081 447
1740007705058 2.036545824199805 448
1740007705082 2.0174106011279136 449
1740007705104 1.9984657163176127 450
1740007705125 1.9797092751341576 451
1740007705146 1.9611394018177204 452
1740007705167 1.9427542392951576 453
1740007705188 1.924551948993668 454
1740007705210 1.9065307106562972 455
1740007705231 1.888688722159282 456
1740007705252 1.8710241993312429 457
1740007705274 1.8535353757741482 458
1740007705295 1.8362205026861056 459
1740007705317 1.8190778486858732 460
1740007705338 1.8021056996391742 461
1740007705359 1.7853023584867038 462
1740007705380 1.768666145073881 463
1740007705402 1.7521953959822836 464
1740007705424 1.7358884643627734 465
1740007705445 1.719743719770301 466
1740007705467 1.7037595480003211 467
1740007705488 1.687934350926883 468
1740007705509 1.6722665463423088 469
1740007705531 1.6567545677984934 470
1740007705552 1.6413968644497658 471
1740007705573 1.6261919008973336 472
1740007705594 1.611138157035297 473
1740007705616 1.5962341278981473 474
1740007705637 1.5814783235098477 475
1740007705658 1.5668692687343855 476
1740007705679 1.552405503127824 477
1740007705703 1.5380855807918323 478
1740007705727 1.5239080702286816 479
1740007705748 1.5098715541976708 480
1740007705770 1.4959746295730105 481
1740007705793 1.4822159072031116 482
1740007705817 1.468594011771267 483
1740007705839 1.455107581657756 484
1740007705859 1.4417552688032949 485
1740007705881 1.4285357385738566 486
1740007705902 1.415447669626854 487
1740007705926 1.4024897537786392 488
1740007705952 1.3896606958733382 489
1740007705976 1.3769592136530002 490
1740007706059 1.3643840376290155 491
1740007706095 1.3519339109548483 492
1740007706122 1.33960758930002 493
1740007706146 1.3274038407253541 494
1740007706169 1.3153214455594697 495
1740007706193 1.3033591962765088 496
1740007706216 1.2915158973750804 497
1740007706240 1.2797903652583993 498
1740007706263 1.2681814281156507 499
