1739973318485 6.47362512088757 0
1739973318509 5.270726958707691 1
1739973318533 4.494378012221654 2
1739973318558 3.971196601059018 3
1739973318581 3.6015000112761273 4
1739973318606 3.3274430275897062 5
1739973318630 3.1150224700955724 6
1739973318663 2.943897330916184 7
1739973318689 2.8016169952365835 8
1739973318714 2.6803379781264045 9
1739973318738 2.574947411158249 10
1739973318762 2.4819833180345636 11
1739973318785 2.399007473227787 12
1739973318811 2.3242363788917753 13
1739973318834 2.256320308185965 14
1739973318860 2.194207981827352 15
1739973318884 2.1370613342636555 16
1739973318907 2.084200032267386 17
1739973318932 2.0350640264132633 18
1739973318956 1.9891873145770769 19
1739973318980 1.946178893433943 20
1739973319004 1.9057084807040823 21
1739973319028 1.8674955220488423 22
1739973319052 1.8313005426548266 23
1739973319076 1.7969182290697556 24
1739973319099 1.7641718250036762 25
1739973319123 1.7329085486302291 26
1739973319148 1.7029958187407759 27
1739973319173 1.6743181303727266 28
1739973319198 1.6467744573921814 29
1739973319222 1.6202760859267935 30
1739973319247 1.5947448020894956 31
1739973319271 1.5701113722933668 32
1739973319295 1.5463142660070985 33
1739973319320 1.523298579931697 34
1739973319345 1.5010151298921794 35
1739973319369 1.4794196826511097 36
1739973319392 1.4584723046652486 37
1739973319416 1.4381368087464612 38
1739973319441 1.4183802828242296 39
1739973319466 1.3991726876727424 40
1739973319489 1.3804865126659618 41
1739973319513 1.362296480443509 42
1739973319537 1.3445792928768876 43
1739973319562 1.3273134119747079 44
1739973319586 1.310478870402497 45
1739973319612 1.2940571071542974 46
1739973319640 1.278030824630025 47
1739973319667 1.2623838639694633 48
1739973319714 1.2471010959914148 49
1739973319739 1.232168325501879 50
1739973319766 1.2175722070822195 51
1739973319789 1.2033001707587045 52
1739973319815 1.1893403561980755 53
1739973319839 1.1756815542779322 54
1739973319864 1.162313155052167 55
1739973319888 1.149225101275952 56
1739973319912 1.1364078467763503 57
1739973319937 1.1238523190572016 58
1739973319962 1.1115498856136734 59
1739973319987 1.099492323505311 60
1739973320012 1.0876717917987277 61
1739973320037 1.0760808065440188 62
1739973320065 1.0647122179940751 63
1739973320093 1.0535591898144279 64
1739973320120 1.0426151800641288 65
1739973320146 1.0318739237563235 66
1739973320172 1.021329416831331 67
1739973320201 1.0109759013958217 68
1739973320228 1.0008078520995825 69
1739973320255 0.9908199635368098 70
1739973320280 0.9810071385722545 71
1739973320305 0.9713644775041194 72
1739973320330 0.9618872679857039 73
1739973320357 0.9525709756365448 74
1739973320387 0.9434112352814585 75
1739973320415 0.9344038427625858 76
1739973320442 0.9255447472753879 77
1739973320468 0.9168300441846983 78
1739973320493 0.9082559682814507 79
1739973320518 0.8998188874446934 80
1739973320543 0.8915152966770193 81
1739973320569 0.8833418124846599 82
1739973320594 0.8752951675762425 83
1739973320619 0.8673722058566699 84
1739973320645 0.859569877694761 85
1739973320672 0.8518852354452258 86
1739973320697 0.8443154292072973 87
1739973320723 0.8368577028038822 88
1739973320752 0.8295093899664876 89
1739973320784 0.8222679107124324 90
1739973320818 0.815130767901967 91
1739973320850 0.8080955439639347 92
1739973320901 0.8011598977795297 93
1739973320925 0.7943215617145134 94
1739973320950 0.7875783387910106 95
1739973320974 0.7809280999906674 96
1739973320998 0.7743687816815792 97
1739973321022 0.7678983831619419 98
1739973321046 0.7615149643138932 99
1739973321071 0.7552166433614681 100
1739973321095 0.7490015947270215 101
1739973321119 0.7428680469808462 102
1739973321144 0.7368142808790776 103
1739973321169 0.7308386274852972 104
1739973321195 0.7249394663715374 105
1739973321219 0.7191152238946783 106
1739973321243 0.7133643715444644 107
1739973321269 0.7076854243596109 108
1739973321293 0.702076939408678 109
1739973321318 0.696537514332599 110
1739973321342 0.6910657859459146 111
1739973321367 0.6856604288939588 112
1739973321391 0.6803201543633793 113
1739973321416 0.6750437088435336 114
1739973321441 0.6698298729364364 115
1739973321466 0.6646774602130595 116
1739973321490 0.6595853161139058 117
1739973321514 0.654552316891887 118
1739973321538 0.6495773685956423 119
1739973321563 0.6446594060915334 120
1739973321586 0.6397973921226274 121
1739973321611 0.6349903164030914 122
1739973321635 0.6302371947464739 123
1739973321659 0.6255370682264411 124
1739973321684 0.6208890023686026 125
1739973321708 0.6162920863721228 126
1739973321732 0.6117454323598851 127
1739973321756 0.6072481746560232 128
1739973321780 0.6027994690897046 129
1739973321804 0.5983984923240888 130
1739973321827 0.594044441209444 131
1739973321851 0.5897365321594449 132
1739973321875 0.5854740005497232 133
1739973321899 0.5812561001377843 134
1739973321922 0.5770821025034389 135
1739973321946 0.5729512965089447 136
1739973321970 0.5688629877780766 137
1739973321994 0.5648164981933935 138
1739973322018 0.560811165410985 139
1739973322041 0.5568463423920287 140
1739973322065 0.5529213969505028 141
1739973322090 0.5490357113164387 142
1739973322114 0.545188681714116 143
1739973322137 0.5413797179546335 144
1739973322161 0.5376082430423077 145
1739973322187 0.533873692794381 146
1739973322212 0.5301755154735355 147
1739973322236 0.5265131714327317 148
1739973322260 0.5228861327719175 149
1739973322285 0.5192938830061586 150
1739973322308 0.515735916744774 151
1739973322332 0.5122117393810649 152
1739973322356 0.508720866792252 153
1739973322380 0.5052628250492426 154
1739973322404 0.5018371501358724 155
1739973322428 0.49844338767727553 156
1739973322452 0.4950810926770521 157
1739973322477 0.4917498292629131 158
1739973322501 0.48844917044050273 159
1739973322524 0.4851786978550983 160
1739973322548 0.4819380015609109 161
1739973322573 0.4787266797977136 162
1739973322597 0.4755443387745356 163
1739973322621 0.4723905924601754 164
1739973322644 0.46926506238028937 165
1739973322669 0.4661673774208257 166
1739973322693 0.46309717363758074 167
1739973322718 0.46005409407166376 168
1739973322741 0.4570377885706644 169
1739973322765 0.4540479136153249 170
1739973322790 0.4510841321515252 171
1739973322814 0.44814611342740013 172
1739973322838 0.44523353283540834 173
1739973322861 0.4423460717591882 174
1739973322886 0.43948341742503144 175
1739973322909 0.4366452627578217 176
1739973322933 0.43383130624128363 177
1739973322957 0.4310412517823976 178
1739973322982 0.42827480857984007 179
1739973323006 0.42553169099631183 180
1739973323030 0.422811618434627 181
1739973323054 0.4201143152174332 182
1739973323078 0.41743951047044686 183
1739973323102 0.41478693800908023 184
1739973323126 0.41215633622835524 185
1739973323150 0.4095474479959893 186
1739973323175 0.4069600205485527 187
1739973323200 0.40439380539059483 188
1739973323224 0.40184855819664356 189
1739973323249 0.3993240387159824 190
1739973323273 0.3968200106801163 191
1739973323297 0.39433624171284093 192
1739973323320 0.39187250324282535 193
1739973323344 0.38942857041863604 194
1739973323368 0.3870042220261151 195
1739973323392 0.38459924040804383 196
1739973323416 0.38221341138601583 197
1739973323442 0.37984652418445053 198
1739973323466 0.3774983713566779 199
1739973323490 0.37516874871303163 200
1739973323514 0.37285745525088526 201
1739973323537 0.3705642930865711 202
1739973323560 0.3682890673891243 203
1739973323585 0.36603158631579313 204
1739973323609 0.3637916609492622 205
1739973323632 0.36156910523653546 206
1739973323657 0.3593637359294277 207
1739973323682 0.35717537252661424 208
1739973323706 0.35500383721719364 209
1739973323730 0.3528489548257136 210
1739973323808 0.3507105527586193 211
1739973323833 0.34858846095207874 212
1739973323857 0.34648251182114376 213
1739973323881 0.34439254021020793 214
1739973323906 0.34231838334472103 215
1739973323929 0.3402598807841223 216
1739973323953 0.3382168743759588 217
1739973323977 0.33618920821115034 218
1739973324001 0.33417672858036895 219
1739973324025 0.3321792839315003 220
1739973324049 0.33019672482815465 221
1739973324074 0.32822890390919607 222
1739973324098 0.3262756758492621 223
1739973324122 0.3243368973202435 224
1739973324147 0.3224124269536967 225
1739973324171 0.3205021253041624 226
1739973324199 0.3186058548133646 227
1739973324223 0.3167234797752629 228
1739973324247 0.31485486630193776 229
1739973324271 0.3129998822902802 230
1739973324360 0.3111583973894673 231
1739973324387 0.3093302829691986 232
1739973324411 0.30751541208867283 233
1739973324435 0.305713659466287 234
1739973324459 0.30392490145003176 235
1739973324483 0.3021490159885694 236
1739973324508 0.3003858826029736 237
1739973324531 0.29863538235911113 238
1739973324555 0.2968973978406511 239
1739973324578 0.29517181312268065 240
1739973324604 0.29345851374591464 241
1739973324627 0.2917573866914815 242
1739973324651 0.29006832035626695 243
1739973324693 0.2883912045288066 244
1739973324765 0.28672593036570654 245
1739973324790 0.2850723903685823 246
1739973324815 0.2834304783615001 247
1739973324838 0.2818000894689071 248
1739973324862 0.2801811200940394 249
1739973324886 0.2785734678977938 250
1739973324910 0.2769770317780505 251
1739973324934 0.275391711849438 252
1739973324958 0.2738174094235253 253
1739973324982 0.2722540269894319 254
1739973325006 0.270701468194846 255
1739973325030 0.2691596378274373 256
1739973325053 0.2676284417966585 257
1739973325077 0.26610778711592087 258
1739973325101 0.26459758188513927 259
1739973325125 0.26309773527363306 260
1739973325149 0.2616081575033771 261
1739973325173 0.260128759832592 262
1739973325198 0.2586594545396663 263
1739973325222 0.25720015490740217 264
1739973325246 0.2557507752075767 265
1739973325270 0.25431123068580985 266
1739973325294 0.2528814375467331 267
1739973325318 0.2514613129394514 268
1739973325342 0.25005077494329025 269
1739973325366 0.24864974255382113 270
1739973325390 0.24725813566915952 271
1739973325415 0.24587587507652842 272
1739973325439 0.24450288243908072 273
1739973325463 0.24313908028297518 274
1739973325487 0.2417843919846979 275
1739973325511 0.24043874175862723 276
1739973325535 0.23910205464483233 277
1739973325559 0.2377742564971023 278
1739973325583 0.23645527397120017 279
1739973325607 0.23514503451333607 280
1739973325632 0.2338434663488553 281
1739973325655 0.23255049847113424 282
1739973325680 0.23126606063068308 283
1739973325704 0.2299900833244469 284
1739973325728 0.2287224977853028 285
1739973325752 0.22746323597174778 286
1739973325776 0.2262122305577736 287
1739973325800 0.22496941492292374 288
1739973325824 0.22373472314252935 289
1739973325848 0.22250808997811897 290
1739973325872 0.22128945086799937 291
1739973325896 0.2200787419180032 292
1739973325920 0.21887589989239917 293
1739973325944 0.21768086220496297 294
1739973325968 0.21649356691020302 295
1739973325992 0.21531395269474018 296
1739973326017 0.21414195886883566 297
1739973326040 0.21297752535806638 298
1739973326064 0.2118205926951426 299
1739973326088 0.21067110201186573 300
1739973326113 0.2095289950312234 301
1739973326137 0.2083942140596188 302
1739973326161 0.2072667019792309 303
1739973326187 0.20614640224050337 304
1739973326212 0.20503325885476023 305
1739973326236 0.20392721638694328 306
1739973326259 0.20282821994847183 307
1739973326283 0.20173621519021934 308
1739973326307 0.20065114829560643 309
1739973326332 0.19957296597380805 310
1739973326355 0.1985016154530703 311
1739973326378 0.19743704447413715 312
1739973326402 0.19637920128378386 313
1739973326427 0.1953280346284542 314
1739973326451 0.1942834937480006 315
1739973326475 0.19324552836952516 316
1739973326499 0.19221408870131765 317
1739973326523 0.19118912542689148 318
1739973326547 0.1901705896991131 319
1739973326571 0.18915843313442499 320
1739973326595 0.18815260780715848 321
1739973326619 0.1871530662439369 322
1739973326643 0.18615976141816448 323
1739973326667 0.1851726467446028 324
1739973326691 0.1841916760740298 325
1739973326716 0.18321680368798196 326
1739973326739 0.18224798429357678 327
1739973326763 0.18128517301841549 328
1739973326787 0.18032832540556204 329
1739973326811 0.17937739740860037 330
1739973326835 0.17843234538676486 331
1739973326859 0.17749312610014464 332
1739973326883 0.17655969670496144 333
1739973326907 0.17563201474891596 334
1739973326931 0.17471003816660535 335
1739973326955 0.17379372527500844 336
1739973326979 0.17288303476903752 337
1739973327003 0.17197792571715628 338
1739973327027 0.1710783575570622 339
1739973327050 0.17018429009143204 340
1739973327074 0.16929568348372967 341
1739973327098 0.1684124982540748 342
1739973327122 0.16753469527517248 343
1739973327147 0.1666622357682997 344
1739973327170 0.16579508129935203 345
1739973327195 0.1649331937749455 346
1739973327219 0.1640765354385749 347
1739973327243 0.16322506886682664 348
1739973327267 0.16237875696564605 349
1739973327292 0.1615375629666567 350
1739973327316 0.1607014504235326 351
1739973327341 0.15987038320842079 352
1739973327365 0.15904432550841452 353
1739973327388 0.15822324182207567 354
1739973327412 0.15740709695600566 355
1739973327437 0.15659585602146386 356
1739973327461 0.15578948443103355 357
1739973327485 0.1549879478953323 358
1739973327509 0.1541912124197697 359
1739973327533 0.15339924430134802 360
1739973327557 0.15261201012550732 361
1739973327580 0.15182947676301325 362
1739973327604 0.1510516113668875 363
1739973327629 0.1502783813693794 364
1739973327653 0.14950975447897877 365
1739973327677 0.1487456986774688 366
1739973327701 0.1479861822170185 367
1739973327726 0.14723117361731441 368
1739973327750 0.14648064166272956 369
1739973327773 0.14573455539953142 370
1739973327798 0.14499288413312583 371
1739973327823 0.14425559742533786 372
1739973327847 0.14352266509172837 373
1739973327871 0.1427940571989456 374
1739973327894 0.1420697440621121 375
1739973327918 0.14134969624224503 376
1739973327943 0.14063388454371015 377
1739973327967 0.13992228001170978 378
1739973327990 0.13921485392980187 379
1739973328014 0.13851157781745219 380
1739973328039 0.13781242342761735 381
1739973328063 0.13711736274435948 382
1739973328086 0.1364263679804906 383
1739973328109 0.1357394115752479 384
1739973328133 0.13505646619199774 385
1739973328158 0.13437750471596946 386
1739973328183 0.1337025002520178 387
1739973328208 0.1330314261224129 388
1739973328232 0.13236425586465858 389
1739973328257 0.13170096322933847 390
1739973328281 0.13104152217798784 391
1739973328306 0.13038590688099294 392
1739973328330 0.12973409171551642 393
1739973328355 0.12908605126344755 394
1739973328381 0.1284417603093794 395
1739973328405 0.12780119383860916 396
1739973328432 0.12716432703516464 397
1739973328459 0.1265311352798536 398
1739973328488 0.1259015941483383 399
1739973328514 0.1252756794092323 400
1739973328550 0.12465336702222102 401
1739973328580 0.12403463313620544 402
1739973328605 0.12341945408746728 403
1739973328630 0.12280780639785739 404
1739973328654 0.1221996667730052 405
1739973328678 0.12159501210054989 406
1739973328702 0.1209938194483927 407
1739973328726 0.12039606606297056 408
1739973328750 0.11980172936754932 409
1739973328773 0.11921078696053819 410
1739973328796 0.11862321661382359 411
1739973328819 0.118038996271123 412
1739973328843 0.11745810404635797 413
1739973328867 0.11688051822204622 414
1739973328890 0.11630621724771295 415
1739973328914 0.11573517973832044 416
1739973328938 0.11516738447271596 417
1739973328962 0.11460281039209776 418
1739973328986 0.11404143659849895 419
1739973329009 0.11348324235328892 420
1739973329033 0.11292820707569193 421
1739973329057 0.11237631034132282 422
1739973329081 0.11182753188073968 423
1739973329171 0.11128185157801286 424
1739973329197 0.11073924946931037 425
1739973329224 0.11019970574149988 426
1739973329251 0.10966320073076563 427
1739973329275 0.10912971492124225 428
1739973329298 0.10859922894366285 429
1739973329325 0.10807172357402338 430
1739973329350 0.10754717973226129 431
1739973329374 0.10702557848094943 432
1739973329397 0.10650690102400455 433
1739973329421 0.10599112870540998 434
1739973329446 0.10547824300795283 435
1739973329470 0.10496822555197512 436
1739973329493 0.10446105809413882 437
1739973329518 0.10395672252620446 438
1739973329542 0.10345520087382332 439
1739973329565 0.10295647529534288 440
1739973329592 0.10246052808062545 441
1739973329616 0.10196734164987964 442
1739973329641 0.10147689855250461 443
1739973329666 0.10098918146594726 444
1739973329690 0.10050417319457128 445
1739973329716 0.100021856668539 446
1739973329741 0.09954221494270522 447
1739973329766 0.09906523119552257 448
1739973329790 0.0985908887279594 449
1739973329814 0.09811917096242875 450
1739973329838 0.09765006144172912 451
1739973329862 0.09718354382799634 452
1739973329885 0.09671960190166676 453
1739973329909 0.09625821956045154 454
1739973329933 0.09579938081832193 455
1739973329957 0.0953430698045049 456
1739973329980 0.09488927076248993 457
1739973330003 0.09443796804904589 458
1739973330027 0.09398914613324835 459
1739973330050 0.0935427895955175 460
1739973330074 0.09309888312666557 461
1739973330098 0.09265741152695443 462
1739973330123 0.09221835970516351 463
1739973330148 0.09178171267766648 464
1739973330174 0.09134745556751855 465
1739973330200 0.09091557360355243 466
1739973330229 0.09048605211948385 467
1739973330257 0.09005887655302694 468
1739973330283 0.08963403244501761 469
1739973330308 0.0892115054385469 470
1739973330334 0.08879128127810278 471
1739973330359 0.08837334580872058 472
1739973330386 0.0879576849751426 473
1739973330411 0.08754428482098586 474
1739973330437 0.08713313148791853 475
1739973330463 0.08672421121484437 476
1739973330488 0.0863175103370959 477
1739973330512 0.0859130152856355 478
1739973330536 0.08551071258626444 479
1739973330561 0.08511058885884006 480
1739973330585 0.08471263081650057 481
1739973330609 0.08431682526489798 482
1739973330633 0.08392315910143823 483
1739973330657 0.08353161931452936 484
1739973330683 0.08314219298283675 485
1739973330707 0.0827548672745459 486
1739973330731 0.08236962944663274 487
1739973330756 0.08198646684414085 488
1739973330779 0.0816053668994658 489
1739973330803 0.08122631713164681 490
1739973330827 0.08084930514566509 491
1739973330850 0.08047431863174906 492
1739973330875 0.0801013453646868 493
1739973330898 0.07973037320314448 494
1739973330921 0.07936139008899211 495
1739973330944 0.07899438404663527 496
1739973330968 0.07862934318235397 497
1739973330992 0.07826625568364713 498
1739973331016 0.07790510981858412 499
