1739998324822 0.016300273448542908 0
1739998324919 0.14278085540685925 1
1739998325011 0.7914797555872218 2
1739998325110 0.0806951603813001 3
1739998325202 0.5398688308133391 4
1739998325293 0.8845860884953418 5
1739998325385 1.3695268191553671 6
1739998325478 0.5768893304419249 7
1739998325570 0.1892898870576412 8
1739998325662 0.4366051356864611 9
1739998325756 0.03853624426651864 10
1739998325849 0.17174311307937035 11
1739998325941 0.6141620397537877 12
1739998326032 0.4237199337681638 13
1739998326120 0.004688677489627511 14
1739998326214 1.3650893570183555 15
1739998326307 0.3711029661659241 16
1739998326398 1.3130389912609102 17
1739998326488 0.2855775032006501 18
1739998326579 1.5464264383565303 19
1739998326669 0.020826169956393095 20
1739998326799 0.3872726955563535 21
1739998326899 0.30112589822899183 22
1739998327000 0.5022620309705291 23
1739998327100 0.5314884941985183 24
1739998327200 0.4815408033254368 25
1739998327347 0.5699016218321066 26
1739998327448 0.8128195805513345 27
1739998327548 0.49299108751945503 28
1739998327646 0.47693005342575145 29
1739998327745 0.6434079971967787 30
1739998327844 1.6473943889610576 31
1739998327942 0.9231196106205108 32
1739998328040 0.7686458326839741 33
1739998328136 1.370710338678542 34
1739998328234 0.09117478050961265 35
1739998328331 0.49690779856075523 36
1739998328430 0.17778577793077605 37
1739998328530 0.6800171996574492 38
1739998328629 0.16003862836900828 39
1739998328731 0.18987923090734293 40
1739998328834 0.3128017319725501 41
1739998328936 0.21403414431822582 42
1739998329033 0.2003895232069983 43
1739998329129 0.025921521996673684 44
1739998329225 0.9827365577583583 45
1739998329317 0.18330177157489305 46
1739998329407 0.3331064761751785 47
1739998329499 0.936153386716483 48
1739998329589 0.3485362791785865 49
1739998329680 0.40806346140896377 50
1739998329778 0.4620527538572099 51
1739998329880 0.24741466892058006 52
1739998329985 0.4525150539308884 53
1739998330077 0.339527344798229 54
1739998330170 0.15298738522209404 55
1739998330269 0.307175081374763 56
1739998330359 0.19254369414724246 57
1739998330450 0.001226596296180462 58
1739998330546 0.6055182061391381 59
1739998330636 0.4590667675066637 60
1739998330730 1.214026269358404 61
1739998330819 0.48478683178696097 62
1739998330915 0.2968288915782523 63
1739998331005 0.3224746187782719 64
1739998331097 0.46003828910731703 65
1739998331186 0.3325825681896936 66
1739998331275 0.6836412514551158 67
1739998331366 0.833420879992865 68
1739998331458 1.762196575712493 69
1739998331551 0.13469577320426152 70
1739998331641 1.0823306390809186 71
1739998331745 0.2786126436582343 72
1739998331839 0.5736778029658973 73
1739998331930 0.5030917641181577 74
1739998332020 0.4191221927821104 75
1739998332111 0.5424104853160376 76
1739998332202 0.2356574663118781 77
1739998332294 0.5682213831639029 78
1739998332386 0.16689957664154856 79
1739998332478 0.292434160954316 80
1739998332571 0.23465607652445042 81
1739998332662 0.511083028941793 82
1739998332757 1.5719645970189284 83
1739998332848 0.3568633050574868 84
1739998332943 0.22152095666394386 85
1739998333034 0.06702022417350577 86
1739998333124 0.3038478803148875 87
1739998333217 0.6665502926197227 88
1739998333308 0.4132471264497287 89
1739998333398 0.08792763753009644 90
1739998333489 0.6360112244034575 91
1739998333578 0.4655838195567264 92
1739998333668 0.296549805760775 93
1739998333768 0.5240752198705867 94
1739998333863 0.21979702460622128 95
1739998333956 0.6396002937652959 96
1739998334046 1.035480541159607 97
1739998334137 0.446516997155871 98
1739998334228 0.000948184218255124 99
1739998334319 0.8304923034711449 100
1739998334409 0.3969791006329337 101
1739998334502 0.4887339103657379 102
1739998334592 0.6188305370288463 103
1739998334683 0.0006007524302423647 104
1739998334774 1.3970501018057673 105
1739998334868 0.07905665348532717 106
1739998334965 0.8642339727488652 107
1739998335056 0.06975181711345739 108
1739998335146 0.2803152568458177 109
1739998335238 0.7476940230600919 110
1739998335328 0.9713262916885118 111
1739998335417 0.4884574344262904 112
1739998335510 0.4724879753139047 113
1739998335601 0.30980209870955394 114
1739998335690 0.2550001983437434 115
1739998335782 0.5613960470572636 116
1739998335872 0.3381566868087024 117
1739998335963 0.8642724145990923 118
1739998336053 0.0255431826032328 119
1739998336144 0.010251199133988842 120
1739998336238 0.5934683428256812 121
1739998336330 0.379741576082962 122
1739998336419 0.6419817042068142 123
1739998336511 1.533126516414944 124
1739998336602 0.4964672724553189 125
1739998336694 0.40827384486476465 126
1739998336786 0.5593620095877266 127
1739998336876 0.5707692156256619 128
1739998336971 0.003211957627341292 129
1739998337061 0.5019100989603967 130
1739998337151 0.5437433970683186 131
1739998337240 0.27578241356543803 132
1739998337333 2.248948004678282 133
1739998337421 0.30332478290381276 134
1739998337515 0.0003285142237095893 135
1739998337607 0.6121160957148094 136
1739998337696 0.6656701582911191 137
1739998337790 0.36760180381505875 138
1739998337880 0.45097833697899536 139
1739998337971 0.9666484365429974 140
1739998338064 0.9889324708113394 141
1739998338156 0.3261190935423187 142
1739998338250 1.5190968259921909 143
1739998338341 0.6350196620587982 144
1739998338430 0.272970701549809 145
1739998338525 1.3428073704755328 146
1739998338615 0.8567748883270271 147
1739998338710 0.5259710116229901 148
1739998338803 0.8691182604482415 149
1739998338905 0.03170755150998944 150
1739998339013 1.1957912395290298 151
1739998339105 0.5454944198419316 152
1739998339195 0.6003366022772365 153
1739998339284 0.3411923551546571 154
1739998339374 0.042934700020077904 155
1739998339466 1.3319529980712552 156
1739998339562 0.3275259280844244 157
1739998339654 1.3451700680897793 158
1739998339794 1.1829034411174135 159
1739998339893 0.22088613261195691 160
1739998339983 0.7517539984343204 161
1739998340072 0.7319878207750357 162
1739998340163 0.35930060250122503 163
1739998340257 0.33811521722336635 164
1739998340351 0.15850511507457077 165
1739998340451 0.5053371910551219 166
1739998340546 0.3648195082214395 167
1739998340636 0.6463016834102575 168
1739998340729 1.0822422112658983 169
1739998340822 1.3044196201852782 170
1739998340916 1.3051929676152063 171
1739998341007 0.03256047675297608 172
1739998341104 0.5631247505316317 173
1739998341195 0.7678539035630454 174
1739998341283 0.13563673606946758 175
1739998341378 0.20907366592487397 176
1739998341471 1.1566842482814623 177
1739998341592 0.09853235597762036 178
1739998341727 1.0180735900907996 179
1739998341850 0.15957250228017383 180
1739998341943 0.16538723043859235 181
1739998342033 0.3620789004974115 182
1739998342135 0.31707008531581604 183
1739998342248 0.4002515416609654 184
1739998342370 0.5098577278169023 185
1739998342466 0.3225640105831596 186
1739998342562 0.4837731307065387 187
1739998342653 0.7744154062028433 188
1739998342748 0.9328254045781624 189
1739998342837 0.1906638026236612 190
1739998342928 0.15124295048461114 191
1739998343018 0.030395864316725918 192
1739998343113 0.38638590096316144 193
1739998343204 0.2525041092074508 194
1739998343295 1.2224854719636145 195
1739998343388 0.9695053933813068 196
1739998343481 1.1175942256399043 197
1739998343573 0.025879996881442748 198
1739998343664 0.4293793481756071 199
1739998343766 0.6392752530870613 200
1739998343917 0.7608246991301354 201
1739998344008 1.1586695844297896 202
1739998344101 0.14615689263042356 203
1739998344193 0.40211236912756665 204
1739998344283 0.4899015742452365 205
1739998344373 0.012097085496931918 206
1739998344463 0.4949784118559233 207
1739998344555 0.7983707700150707 208
1739998344645 0.3484841533749163 209
1739998344737 1.2104158309805195 210
1739998344830 1.5849910624405867 211
1739998344919 1.2179684041608012 212
1739998345031 1.0461528023375335 213
1739998345137 0.8863272680494421 214
1739998345235 0.38399642323871946 215
1739998345329 1.4077992558120114 216
1739998345420 1.3126293852783484 217
1739998345511 1.433416691448698 218
1739998345601 0.2592426108446012 219
1739998345689 0.030451503292490592 220
1739998345783 0.6815288913659397 221
1739998345874 1.7856224924986377 222
1739998345964 0.8432218498688989 223
1739998346055 1.0067416708236405 224
1739998346145 0.6921410267702309 225
1739998346234 0.007352393375189036 226
1739998346323 0.35644411926763225 227
1739998346413 0.2927615857665369 228
1739998346503 0.09257131836537592 229
1739998346595 0.35384920141840004 230
1739998346687 0.11621544840329509 231
1739998346780 0.13711327643780102 232
1739998346868 0.1621170333040494 233
1739998346962 0.7699796949675068 234
1739998347054 0.26097711356898534 235
1739998347147 0.49623928666765327 236
1739998347240 0.18480559677109681 237
1739998347329 0.27556494318078445 238
1739998347419 0.5203472544307698 239
1739998347510 0.7109205111013323 240
1739998347599 0.5246297433710886 241
1739998347692 0.15552382530483785 242
1739998347852 0.9586142004050701 243
1739998347956 0.3123338869468959 244
1739998348074 0.8133867975614998 245
1739998348179 2.1872147089952407 246
1739998348270 0.38756189676784625 247
1739998348360 0.335295388859162 248
1739998348450 0.000611486394635904 249
1739998348541 0.8182745406041433 250
1739998348630 0.31254433441104257 251
1739998348725 0.27493370732345435 252
1739998348816 0.5686441377104912 253
1739998348907 0.3126812226503948 254
1739998349003 0.18518232096089546 255
1739998349106 0.9519296066927337 256
1739998349200 0.27304482157135035 257
1739998349290 0.6377043916942348 258
1739998349381 0.22883545421101692 259
1739998349471 1.353257029724844 260
1739998349563 0.9041717604350455 261
1739998349653 0.05971142100566024 262
1739998349747 0.08920263052892463 263
1739998349839 1.3295123370063626 264
1739998349926 0.3520616055165516 265
1739998350016 0.14094648605757693 266
1739998350105 0.3398046938241831 267
1739998350194 0.40427682563417244 268
1739998350284 0.2768435300216926 269
1739998350374 1.1416386889902685 270
1739998350464 0.218117833825084 271
1739998350560 0.590569315523381 272
1739998350652 0.2442752182118891 273
1739998350741 1.9404957302500199 274
1739998350832 0.1248776111174394 275
1739998350922 0.39234772284567104 276
1739998351013 0.10852251466700767 277
1739998351106 0.5089200978425352 278
1739998351196 0.968148932545676 279
1739998351294 0.3789798970926335 280
1739998351388 0.5041560701677171 281
1739998351476 0.4365596026124008 282
1739998351569 0.5574829956193402 283
1739998351660 0.08616396352033824 284
1739998351753 0.035292081463008065 285
1739998351846 0.052499637422217575 286
1739998351940 0.27429616952426794 287
1739998352033 0.0970407508497319 288
1739998352124 0.21942368939042473 289
1739998352219 0.48184566575737015 290
1739998352311 0.04792047114498593 291
1739998352404 0.7603981122522787 292
1739998352497 0.14168640043099134 293
1739998352588 0.33179008942685173 294
1739998352681 0.44287065188227087 295
1739998352771 0.42633792031807677 296
1739998352865 0.17331264296606338 297
1739998352956 0.8640443760551935 298
1739998353047 2.48673336599793 299
1739998353137 0.29175839213513305 300
1739998353230 0.6412097849032121 301
1739998353327 0.682378428752503 302
1739998353418 0.13450441018506093 303
1739998353510 0.5068110402085975 304
1739998353600 0.23011614398249536 305
1739998353690 0.5109188975834889 306
1739998353781 0.37885183981691484 307
1739998353871 1.1594526740024624 308
1739998353962 0.9744683872679344 309
1739998354052 0.07448158868481242 310
1739998354141 0.5581512066698079 311
1739998354233 0.02507016887524296 312
1739998354323 0.9867595936610825 313
1739998354412 0.47298016689363065 314
1739998354502 1.395867946492892 315
1739998354591 1.6362139292867437 316
1739998354681 0.6994579452370868 317
1739998354780 0.1276467813095538 318
1739998354871 0.8157527867140201 319
1739998354964 0.04994387621724002 320
1739998355055 0.2688285027615617 321
1739998355145 0.25409060233977876 322
1739998355236 1.1405358787543252 323
1739998355332 0.12393826929626219 324
1739998355420 0.2206354480932823 325
1739998355512 0.832382759160813 326
1739998355603 0.003980198248891029 327
1739998355693 0.5904846997374493 328
1739998355787 0.19276659130041146 329
1739998355877 0.507763324221827 330
1739998355968 0.5671949042027651 331
1739998356060 0.10649101981835775 332
1739998356150 0.5909587459719995 333
1739998356242 1.9705352038526156 334
1739998356332 0.7682310491346224 335
1739998356420 0.7777775839466072 336
1739998356515 6.002568320960498e-05 337
1739998356608 0.299218100988344 338
1739998356699 0.1798934833532515 339
1739998356795 0.34306421174168616 340
1739998356919 0.4086155988575663 341
1739998357012 0.4422003102016654 342
1739998357102 0.662943326653918 343
1739998357194 0.8395027635530442 344
1739998357285 0.28900137048190283 345
1739998357380 0.3712985431624855 346
1739998357477 0.4056619683358242 347
1739998357573 1.470850138207067 348
1739998357666 0.3931083637029573 349
1739998357768 0.766341097188607 350
1739998357862 0.6779976954999366 351
1739998357957 0.38502555439172076 352
1739998358051 0.6193775771026402 353
1739998358142 0.9652253763905178 354
1739998358231 0.2678364691365165 355
1739998358323 0.37784713390755187 356
1739998358413 0.5667466293126387 357
1739998358504 0.19494623015114168 358
1739998358593 0.6874073380995108 359
1739998358683 0.6058681105609117 360
1739998358774 0.1688527140493444 361
1739998358864 0.05434415022425128 362
1739998358956 0.48983920607547926 363
1739998359046 0.1887939420686993 364
1739998359152 0.8874345708172063 365
1739998359247 0.07908562061244231 366
1739998359342 0.18637523462275404 367
1739998359433 0.21569449725091464 368
1739998359524 0.9396110976072967 369
1739998359615 0.7229458705536657 370
1739998359706 0.13701108281574256 371
1739998359803 0.19675536144146022 372
1739998359980 0.8395009176200134 373
1739998360071 0.19118713294663733 374
1739998360165 0.5657989011780317 375
1739998360258 0.041117539508911526 376
1739998360349 0.548975227399933 377
1739998360440 0.1702809799557115 378
1739998360534 0.07656194624082457 379
1739998360623 0.21022097294301845 380
1739998360717 0.7785738057524678 381
1739998360809 0.2883713788107789 382
1739998360900 0.6037167971219225 383
1739998360991 1.4930788954084409 384
1739998361081 0.1003498910915453 385
1739998361172 0.2623221009779367 386
1739998361264 0.5116513342827641 387
1739998361356 0.6926011863947371 388
1739998361449 1.9822915931032916 389
1739998361542 1.1190972348940749 390
1739998361632 1.139032957229582 391
1739998361725 0.7621264328214666 392
1739998361817 0.0021786862221756798 393
1739998361908 0.12860910087756353 394
1739998361997 0.33162339860116363 395
1739998362090 0.42012394383247564 396
1739998362180 0.07053314934118433 397
1739998362271 0.7950850308918236 398
1739998362362 0.23539893363977904 399
1739998362454 0.5423655372302221 400
1739998362546 0.5437264151268308 401
1739998362642 0.881221308941332 402
1739998362738 0.4344358957740128 403
1739998362836 0.12209830519926866 404
1739998362928 0.04494987189897118 405
1739998363022 0.30071258949880353 406
1739998363117 0.027834968576829766 407
1739998363213 0.49930555391693277 408
1739998363308 0.49302500646177655 409
1739998363405 0.48124194353360866 410
1739998363503 0.31994507169546255 411
1739998363595 0.318202926628672 412
1739998363689 0.44299613479952094 413
1739998363784 0.20858112042304278 414
1739998363873 1.6932045044703445 415
1739998363963 0.30596854458450756 416
1739998364056 0.6731837154559889 417
1739998364153 0.34277282886238114 418
1739998364249 0.6892042621010562 419
1739998364344 0.9784101410429527 420
1739998364437 0.45125394154131276 421
1739998364532 0.15452172879156018 422
1739998364621 0.23531787611528662 423
1739998364724 0.2451638138778845 424
1739998364819 0.22357971598291174 425
1739998364915 0.798149042546761 426
1739998365008 7.2709010274041e-07 427
1739998365098 0.23483085827427505 428
1739998365187 0.2743853341043477 429
1739998365278 0.26671094860326233 430
1739998365368 0.2605481304286531 431
1739998365462 0.8776570373592205 432
1739998365553 1.6406812139395717 433
1739998365641 0.9880611607901489 434
1739998365732 0.5750973516121285 435
1739998365822 0.6636434044869954 436
1739998365910 0.1054097066665668 437
1739998365998 0.2849607318931409 438
1739998366089 0.2800898981391517 439
1739998366177 0.2616641043287367 440
1739998366266 0.37686839150655865 441
1739998366357 0.3110768833913735 442
1739998366447 1.9815021098819596 443
1739998366539 0.459151768672735 444
1739998366628 0.668362372242051 445
1739998366720 0.08095568132188899 446
1739998366813 0.5400580412944072 447
1739998366902 0.4761899244520956 448
1739998366992 0.48478860698322795 449
1739998367081 0.4112009195811772 450
1739998367169 0.3173941057382501 451
1739998367257 0.006322037168041543 452
1739998367347 8.944391169038848e-07 453
1739998367436 0.6193637102977306 454
1739998367531 0.38816990825949527 455
1739998367621 0.5849840409950088 456
1739998367711 0.9806217403031229 457
1739998367803 0.24176770403217798 458
1739998367894 0.49985096365144366 459
1739998367986 0.042665592453035896 460
1739998368077 0.30787802019818145 461
1739998368168 0.7514410180052538 462
1739998368258 0.5606713912225869 463
1739998368349 0.2364888137396497 464
1739998368439 0.38692813766439293 465
1739998368531 0.42428921141653625 466
1739998368618 0.5989735047490388 467
1739998368707 0.7300786908055182 468
1739998368803 0.5429283314189816 469
1739998368897 0.03392951260791147 470
1739998368988 0.7463690163014427 471
1739998369076 0.12496167674081567 472
1739998369164 0.5936301238184267 473
1739998369271 0.04867370257907986 474
1739998369361 0.6748357380657068 475
1739998369453 0.7526293096032167 476
1739998369550 2.179085677775418 477
1739998369642 1.651833390670562 478
1739998369736 0.94507302197579 479
1739998369825 0.3938076722125657 480
1739998369913 0.38737377116544963 481
1739998370003 1.4429654782592463 482
1739998370092 0.2147674959884797 483
1739998370180 1.194328831365109 484
1739998370268 0.6814246027149794 485
1739998370359 0.05358018725772006 486
1739998370447 0.7060094957797016 487
1739998370540 0.08062960254557837 488
1739998370630 0.017855600133330592 489
1739998370721 0.27156283636161277 490
1739998370810 0.0044766258832285065 491
1739998370901 0.522761580973137 492
1739998370991 0.2981236067513374 493
1739998371079 0.37737903305749027 494
1739998371168 0.4655147793743534 495
1739998371260 0.2970067629851818 496
1739998371354 0.21238871010869217 497
1739998371442 0.06093297510840079 498
1739998371533 0.2722022469621969 499
