1739986871658 6.6054894826132555 0
1739986871734 6.5260043309334606 1
1739986871823 6.978279908805106 2
1739986871906 6.453477484434848 3
1739986871985 7.147250299174553 4
1739986872066 5.935331488599571 5
1739986872147 5.693583036018386 6
1739986872224 6.62197886372877 7
1739986872302 6.51029527374957 8
1739986872377 6.9118957213545595 9
1739986872451 6.457907093502147 10
1739986872526 6.329478228538094 11
1739986872608 6.4876580610209755 12
1739986872695 6.625422751876844 13
1739986872789 6.790853652521275 14
1739986872889 6.695334905883278 15
1739986872965 6.090047576836848 16
1739986873042 6.778540141908964 17
1739986873117 6.621425145765839 18
1739986873194 6.6434108157008325 19
1739986873302 6.692410746601706 20
1739986873381 6.654584917456734 21
1739986873457 6.5015652184602715 22
1739986873536 7.030738110544294 23
1739986873613 6.440943712036628 24
1739986873690 6.463622588157593 25
1739986873767 6.113827832396447 26
1739986873855 6.60503878822027 27
1739986873934 6.440228930558684 28
1739986874012 6.541285787831243 29
1739986874089 6.476818668481611 30
1739986874172 6.5393041972587715 31
1739986874249 6.699380633236705 32
1739986874332 6.616786004884886 33
1739986874411 6.486799893756912 34
1739986874488 6.48633340455057 35
1739986874564 6.748898928657809 36
1739986874643 7.089748815909002 37
1739986874721 6.643660830097973 38
1739986874807 6.7654094165542 39
1739986874895 6.231108309808608 40
1739986874984 6.545625892624814 41
1739986875070 6.622418457152131 42
1739986875146 6.540833659057607 43
1739986875223 6.660050300551619 44
1739986875299 6.21448313245779 45
1739986875381 6.774951808375566 46
1739986875463 6.181793161066805 47
1739986875539 6.662627469930899 48
1739986875615 6.640200924270313 49
1739986875690 6.831643742989006 50
1739986875769 6.666638505815072 51
1739986875852 6.408920243615747 52
1739986875928 7.107655954192115 53
1739986876002 6.684804467693914 54
1739986876077 6.672498294963879 55
1739986876158 6.10912155514324 56
1739986876236 6.286176666500495 57
1739986876313 6.4597159566846 58
1739986876387 6.582553044629679 59
1739986876467 6.797529386392152 60
1739986876545 6.606800282174778 61
1739986876620 6.190097944904617 62
1739986876694 6.881866901380359 63
1739986876774 6.213620417980583 64
1739986876892 7.142926827270889 65
1739986876979 6.0084245909913045 66
1739986877069 7.048142989735401 67
1739986877157 6.437351329737624 68
1739986877241 6.5681751806742605 69
1739986877326 6.8531853230665485 70
1739986877405 7.113732969466188 71
1739986877559 6.7687271674834175 72
1739986877637 6.422132576009732 73
1739986877717 7.157480427035467 74
1739986877803 6.403894580776724 75
1739986877890 7.2436928736895965 76
1739986877969 6.743211489493523 77
1739986878047 6.4984658003052616 78
1739986878124 6.594030173095148 79
