1739973492068 6.458426565282554 0
1739973492098 6.445455662170306 1
1739973492129 6.437712436772471 2
1739973492156 6.429983959089256 3
1739973492186 6.422274452448943 4
1739973492213 6.414583858568355 5
1739973492239 6.406912123414984 6
1739973492264 6.399259193113857 7
1739973492290 6.391625013951121 8
1739973492314 6.384009532373558 9
1739973492338 6.376412694988103 10
1739973492362 6.368834448561341 11
1739973492388 6.361274740019035 12
1739973492412 6.353733516445642 13
1739973492437 6.346210725083824 14
1739973492461 6.338706313333977 15
1739973492485 6.331220228753739 16
1739973492510 6.323752419057532 17
1739973492534 6.316302832116065 18
1739973492558 6.308871415955874 19
1739973492582 6.301458118758843 20
1739973492607 6.294062888861734 21
1739973492631 6.286685674755715 22
1739973492655 6.279326425085892 23
1739973492679 6.271985088650843 24
1739973492703 6.264661614402153 25
1739973492728 6.2573559514439445 26
1739973492752 6.25006804903242 27
1739973492776 6.242797856575394 28
1739973492801 6.235545323631843 29
1739973492826 6.228310399911435 30
1739973492850 6.221093035274079 31
1739973492874 6.21389317972947 32
1739973492899 6.206710783436626 33
1739973492923 6.199545796703446 34
1739973492948 6.192398169986246 35
1739973492973 6.185267853889325 36
1739973492997 6.178154799164496 37
1739973493022 6.1710589567106515 38
1739973493046 6.163980277573316 39
1739973493070 6.156918712944197 40
1739973493094 6.149874214160739 41
1739973493119 6.142846732705694 42
1739973493144 6.135836220206662 43
1739973493194 6.128842628435669 44
1739973493280 6.121865909308715 45
1739973493306 6.114906014885347 46
1739973493330 6.107962897368215 47
1739973493354 6.101036509102643 48
1739973493378 6.094126802576201 49
1739973493403 6.087233730418259 50
1739973493428 6.0803572453995685 51
1739973493452 6.07349730043183 52
1739973493477 6.066653848567265 53
1739973493501 6.05982684299819 54
1739973493525 6.053016237056592 55
1739973493549 6.046221984213701 56
1739973493574 6.0394440380795755 57
1739973493598 6.032682352402671 58
1739973493623 6.02593688106943 59
1739973493646 6.019207578103854 60
1739973493670 6.012494397667096 61
1739973493695 6.005797294057034 62
1739973493719 5.999116221707864 63
1739973493743 5.992451135189686 64
1739973493766 5.985801989208086 65
1739973493791 5.979168738603729 66
1739973493815 5.972551338351952 67
1739973493839 5.965949743562346 68
1739973493863 5.959363909478362 69
1739973493887 5.952793791476893 70
1739973493912 5.946239345067875 71
1739973493936 5.939700525893883 72
1739973493960 5.933177289729731 73
1739973493985 5.926669592482061 74
1739973494009 5.920177390188958 75
1739973494033 5.913700639019538 76
1739973494057 5.907239295273558 77
1739973494081 5.9007933153810175 78
1739973494106 5.894362655901765 79
1739973494130 5.8879472735251 80
1739973494153 5.881547125069386 81
1739973494178 5.875162167481656 82
1739973494202 5.868792357837221 83
1739973494229 5.862437653339286 84
1739973494253 5.856098011318554 85
1739973494277 5.849773389232848 86
1739973494301 5.843463744666721 87
1739973494325 5.837169035331069 88
1739973494349 5.830889219062757 89
1739973494374 5.8246242538242265 90
1739973494398 5.81837409770312 91
1739973494423 5.8121387089119025 92
1739973494448 5.8059180457874815 93
1739973494474 5.799712066790826 94
1739973494498 5.793520730506597 95
1739973494523 5.787343995642769 96
1739973494547 5.781181821030255 97
1739973494570 5.775034165622534 98
1739973494595 5.768900988495284 99
1739973494619 5.7627822488460065 100
1739973494644 5.756677905993657 101
1739973494668 5.75058791937828 102
1739973494691 5.744512248560641 103
1739973494716 5.738450853221856 104
1739973494740 5.732403693163037 105
1739973494763 5.726370728304917 106
1739973494787 5.720351918687492 107
1739973494811 5.714347224469663 108
1739973494838 5.708356605928868 109
1739973494861 5.70238002346073 110
1739973494885 5.6964174375786945 111
1739973494908 5.690468808913672 112
1739973494932 5.684534098213688 113
1739973494956 5.678613266343518 114
1739973494980 5.672706274284342 115
1739973495004 5.666813083133387 116
1739973495029 5.66093365410358 117
1739973495053 5.655067948523191 118
1739973495076 5.649215927835492 119
1739973495100 5.6433775535983965 120
1739973495125 5.637552787484123 121
1739973495149 5.6317415912788436 122
1739973495173 5.625943926882339 123
1739973495197 5.620159756307657 124
1739973495222 5.614389041680766 125
1739973495246 5.608631745240209 126
1739973495269 5.602887829336774 127
1739973495293 5.597157256433146 128
1739973495317 5.591439989103566 129
1739973495341 5.585735990033499 130
1739973495365 5.580045222019294 131
1739973495389 5.5743676479678435 132
1739973495413 5.56870323089626 133
1739973495437 5.56305193393153 134
1739973495461 5.557413720310191 135
1739973495485 5.551788553377991 136
1739973495509 5.546176396589561 137
1739973495533 5.540577213508092 138
1739973495557 5.534990967804994 139
1739973495581 5.529417623259575 140
1739973495605 5.523857143758713 141
1739973495630 5.518309493296533 142
1739973495654 5.512774635974076 143
1739973495677 5.507252535998982 144
1739973495702 5.50174315768516 145
1739973495727 5.496246465452472 146
1739973495751 5.49076242382641 147
1739973495774 5.485290997437773 148
1739973495823 5.479832151022357 149
1739973495848 5.4743858494206235 150
1739973495872 5.468952057577395 151
1739973495896 5.463530740541533 152
1739973495920 5.458121863465621 153
1739973495945 5.452725391605657 154
1739973495970 5.447341290320733 155
1739973495994 5.441969525072731 156
1739973496019 5.4366100614259985 157
1739973496043 5.431262865047057 158
1739973496067 5.4259279017042745 159
1739973496091 5.420605137267569 160
1739973496116 5.415294537708093 161
1739973496140 5.409996069097936 162
1739973496164 5.404709697609808 163
1739973496189 5.399435389516745 164
1739973496215 5.394173111191798 165
1739973496240 5.388922829107736 166
1739973496265 5.383684509836737 167
1739973496289 5.378458120050093 168
1739973496314 5.373243626517907 169
1739973496338 5.3680409961088 170
1739973496362 5.362850195789598 171
1739973496386 5.357671192625053 172
1739973496410 5.352503953777531 173
1739973496435 5.34734844650673 174
1739973496459 5.342204638169374 175
1739973496483 5.337072496218925 176
1739973496507 5.3319519882052875 177
1739973496532 5.326843081774523 178
1739973496557 5.32174574466855 179
1739973496580 5.316659944724859 180
1739973496604 5.311585649876222 181
1739973496629 5.306522828150405 182
1739973496653 5.30147144766988 183
1739973496677 5.296431476651537 184
1739973496702 5.291402883406401 185
1739973496726 5.286385636339345 186
1739973496750 5.2813797039488035 187
1739973496774 5.276385054826498 188
1739973496798 5.2714016576571465 189
1739973496822 5.266429481218181 190
1739973496847 5.261468494379479 191
1739973496871 5.256518666103067 192
1739973496895 5.251579965442854 193
1739973496919 5.24665236154435 194
1739973496943 5.241735823644386 195
1739973496967 5.236830321070842 196
1739973496991 5.231935823242369 197
1739973497016 5.227052299668115 198
1739973497041 5.222179719947451 199
1739973497065 5.217318053769696 200
1739973497088 5.212467270913853 201
1739973497112 5.207627341248326 202
1739973497137 5.202798234730656 203
1739973497161 5.197979921407253 204
1739973497186 5.193172371413123 205
1739973497210 5.188375554971603 206
1739973497235 5.183589442394091 207
1739973497259 5.178814004079782 208
1739973497284 5.174049210515403 209
1739973497308 5.169295032274944 210
1739973497332 5.164551440019398 211
1739973497357 5.159818404496498 212
1739973497380 5.155095896540454 213
1739973497404 5.150383887071688 214
1739973497429 5.145682347096578 215
1739973497453 5.140991247707195 216
1739973497478 5.136310560081047 217
1739973497502 5.131640255480818 218
1739973497527 5.12698030525411 219
1739973497551 5.122330680833186 220
1739973497575 5.117691353734722 221
1739973497600 5.113062295559536 222
1739973497624 5.10844347799235 223
1739973497649 5.103834872801523 224
1739973497673 5.099236451838808 225
1739973497697 5.094648187039094 226
1739973497722 5.090070050420158 227
1739973497747 5.085502014082412 228
1739973497771 5.080944050208656 229
1739973497795 5.076396131063821 230
1739973497819 5.071858228994734 231
1739973497843 5.06733031642986 232
1739973497868 5.062812365879058 233
1739973497892 5.0583043499333336 234
1739973497916 5.053806241264599 235
1739973497940 5.049318012625424 236
1739973497964 5.04483963684879 237
1739973497988 5.040371086847853 238
1739973498013 5.0359123356156985 239
1739973498038 5.031463356225097 240
1739973498062 5.027024121828267 241
1739973498086 5.022594605656634 242
1739973498110 5.018174781020592 243
1739973498135 5.013764621309261 244
1739973498159 5.009364099990253 245
1739973498184 5.0049731906094355 246
1739973498210 5.000591866790687 247
1739973498234 4.996220102235673 248
1739973498259 4.991857870723605 249
1739973498283 4.987505146111002 250
1739973498306 4.983161902331466 251
1739973498330 4.9788281133954415 252
1739973498355 4.974503753389987 253
1739973498379 4.970188796478543 254
1739973498403 4.965883216900701 255
1739973498427 4.961586988971973 256
1739973498452 4.957300087083561 257
1739973498476 4.953022485702133 258
1739973498501 4.948754159369591 259
1739973498524 4.94449508270284 260
1739973498549 4.940245230393574 261
1739973498573 4.936004577208035 262
1739973498597 4.931773097986798 263
1739973498622 4.927550767644545 264
1739973498647 4.923337561169834 265
1739973498671 4.9191334536248865 266
1739973498696 4.914938420145358 267
1739973498720 4.910752435940117 268
1739973498744 4.906575476291029 269
1739973498768 4.902407516552725 270
1739973498792 4.8982485321523965 271
1739973498815 4.894098498589562 272
1739973498840 4.8899573914358605 273
1739973498864 4.885825186334823 274
1739973498888 4.881701859001666 275
1739973498912 4.877587385223066 276
1739973498936 4.873481740856949 277
1739973498960 4.869384901832275 278
1739973498984 4.865296844148817 279
1739973499008 4.861217543876964 280
1739973499033 4.857146977157483 281
1739973499057 4.85308512020133 282
1739973499082 4.8490319492894205 283
1739973499106 4.8449874407724325 284
1739973499130 4.840951571070582 285
1739973499155 4.836924316673429 286
1739973499180 4.832905654139651 287
1739973499204 4.828895560096849 288
1739973499228 4.824894011241328 289
1739973499253 4.8209009843379 290
1739973499277 4.816916456219667 291
1739973499301 4.8129404037878265 292
1739973499325 4.80897280401145 293
1739973499349 4.805013633927295 294
1739973499373 4.801062870639593 295
1739973499397 4.797120491319843 296
1739973499420 4.793186473206611 297
1739973499445 4.789260793605333 298
1739973499469 4.785343429888103 299
1739973499493 4.78143435949348 300
1739973499517 4.777533559926287 301
1739973499541 4.773641008757403 302
1739973499566 4.769756683623574 303
1739973499590 4.765880562227206 304
1739973499614 4.762012622336177 305
1739973499638 4.758152841783626 306
1739973499662 4.7543011984677666 307
1739973499687 4.750457670351686 308
1739973499712 4.746622235463151 309
1739973499736 4.742794871894412 310
1739973499760 4.738975557802012 311
1739973499837 4.735164271406584 312
1739973499881 4.731360990992666 313
1739973499904 4.727565694908507 314
1739973499926 4.723778361565869 315
1739973499950 4.719998969439843 316
1739973499973 4.716227497068656 317
1739973499996 4.712463923053475 318
1739973500019 4.708708226058222 319
1739973500043 4.704960384809386 320
1739973500071 4.701220378095833 321
1739973500093 4.6974881847686145 322
1739973500116 4.693763783740786 323
1739973500139 4.690047153987213 324
1739973500161 4.686338274544394 325
1739973500186 4.68263712451026 326
1739973500211 4.678943683044009 327
1739973500234 4.675257929365904 328
1739973500258 4.671579842757096 329
1739973500282 4.66790940255944 330
1739973500304 4.664246588175314 331
1739973500328 4.660591379067433 332
1739973500352 4.656943754758667 333
1739973500376 4.653303694831866 334
1739973500400 4.649671178929669 335
1739973500425 4.6460461867543295 336
1739973500451 4.642428698067538 337
1739973500475 4.63881869269024 338
1739973500499 4.6352161505024565 339
1739973500523 4.631621051443107 340
1739973500548 4.6280333755098315 341
1739973500573 4.624453102758818 342
1739973500597 4.620880213304615 343
1739973500620 4.617314687319969 344
1739973500645 4.6137565050356395 345
1739973500670 4.610205646740232 346
1739973500694 4.60666209278001 347
1739973500718 4.603125823558741 348
1739973500742 4.5995968195375045 349
1739973500767 4.596075061234536 350
1739973500792 4.592560529225033 351
1739973500819 4.5890532041410115 352
1739973500849 4.585553066671109 353
1739973500882 4.582060097560432 354
1739973500906 4.578574277610375 355
1739973500930 4.5750955876784545 356
1739973500954 4.57162400867814 357
1739973500980 4.568159521578688 358
1739973501004 4.564702107404969 359
1739973501028 4.561251747237304 360
1739973501052 4.557808422211297 361
1739973501076 4.554372113517661 362
1739973501101 4.550942802402067 363
1739973501125 4.5475204701649625 364
1739973501149 4.544105098161421 365
1739973501174 4.540696667800965 366
1739973501198 4.5372951605474094 367
1739973501223 4.533900557918697 368
1739973501247 4.53051284148673 369
1739973501271 4.527131992877219 370
1739973501296 4.523757993769509 371
1739973501320 4.520390825896424 372
1739973501343 4.517030471044106 373
1739973501368 4.513676911051851 374
1739973501393 4.510330127811954 375
1739973501418 4.506990103269545 376
1739973501443 4.5036568194224325 377
1739973501469 4.500330258320945 378
1739973501494 4.49701040206777 379
1739973501517 4.493697232817797 380
1739973501541 4.4903907327779695 381
1739973501565 4.487090884207109 382
1739973501591 4.48379766941578 383
1739973501615 4.48051107076612 384
1739973501639 4.47723107067169 385
1739973501664 4.47395765159732 386
1739973501689 4.470690796058949 387
1739973501713 4.46743048662348 388
1739973501737 4.464176705908623 389
1739973501761 4.460929436582737 390
1739973501786 4.457688661364685 391
1739973501810 4.454454363023676 392
1739973501834 4.451226524379119 393
1739973501858 4.448005128300469 394
1739973501882 4.444790157707078 395
1739973501906 4.441581595568038 396
1739973501930 4.438379424902044 397
1739973501953 4.435183628777234 398
1739973501977 4.4319941903110465 399
1739973502002 4.428811092670066 400
1739973502025 4.425634319069881 401
1739973502049 4.422463852774936 402
1739973502073 4.4192996770983815 403
1739973502099 4.416141775401927 404
1739973502123 4.4129901310957 405
1739973502147 4.4098447276381 406
1739973502171 4.4067055485356414 407
1739973502196 4.403572577342827 408
1739973502223 4.40044579766199 409
1739973502247 4.397325193143158 410
1739973502271 4.394210747483905 411
1739973502296 4.391102444429207 412
1739973502320 4.388000267771308 413
1739973502343 4.38490420134957 414
1739973502368 4.381814229050328 415
1739973502392 4.378730334806765 416
1739973502417 4.375652502598753 417
1739973502440 4.372580716452724 418
1739973502465 4.36951496044152 419
1739973502490 4.3664552186842664 420
1739973502513 4.363401475346224 421
1739973502538 4.360353714638651 422
1739973502562 4.357311920818669 423
1739973502587 4.354276078189118 424
1739973502611 4.3512461710984285 425
1739973502635 4.348222183940474 426
1739973502659 4.3452041011544456 427
1739973502683 4.342191907224705 428
1739973502708 4.339185586680655 429
1739973502732 4.3361851240966045 430
1739973502756 4.33319050409163 431
1739973502780 4.330201711329445 432
1739973502804 4.32721873051826 433
1739973502828 4.324241546410658 434
1739973502852 4.32127014380345 435
1739973502875 4.318304507537554 436
1739973502900 4.315344622497851 437
1739973502924 4.312390473613062 438
1739973502948 4.3094420458556115 439
1739973502972 4.306499324241497 440
1739973502997 4.303562293830158 441
1739973503022 4.300630939724348 442
1739973503045 4.297705247070001 443
1739973503068 4.2947852010561025 444
1739973503093 4.291870786914563 445
1739973503117 4.288961989920085 446
1739973503141 4.286058795390039 447
1739973503165 4.283161188684328 448
1739973503190 4.280269155205271 449
1739973503214 4.277382680397465 450
1739973503238 4.274501749747662 451
1739973503262 4.271626348784645 452
1739973503285 4.2687564630791 453
1739973503310 4.265892078243486 454
1739973503334 4.263033179931918 455
1739973503357 4.260179753840033 456
1739973503381 4.257331785704872 457
1739973503406 4.2544892613047525 458
1739973503430 4.251652166459146 459
1739973503453 4.248820487028554 460
1739973503478 4.245994208914384 461
1739973503502 4.243173318058827 462
1739973503526 4.2403578004447375 463
1739973503549 4.237547642095507 464
1739973503573 4.234742829074946 465
1739973503597 4.231943347487164 466
1739973503622 4.22914918347644 467
1739973503646 4.226360323227114 468
1739973503669 4.223576752963458 469
1739973503693 4.220798458949561 470
1739973503717 4.218025427489204 471
1739973503741 4.215257644925749 472
1739973503765 4.212495097642011 473
1739973503789 4.209737772060147 474
1739973503814 4.206985654641537 475
1739973503837 4.204238731886662 476
1739973503861 4.20149699033499 477
1739973503885 4.198760416564857 478
1739973503910 4.196028997193356 479
1739973503934 4.193302718876215 480
1739973503957 4.190581568307678 481
1739973503981 4.1878655322204015 482
1739973504006 4.185154597385327 483
1739973504030 4.182448750611572 484
1739973504053 4.179747978746318 485
1739973504077 4.1770522686746885 486
1739973504101 4.174361607319643 487
1739973504127 4.17167598164186 488
1739973504151 4.1689953786396226 489
1739973504175 4.166319785348709 490
1739973504199 4.163649188842278 491
1739973504224 4.160983576230758 492
1739973504248 4.158322934661733 493
1739973504273 4.155667251319835 494
1739973504296 4.153016513426631 495
1739973504321 4.1503707082405095 496
1739973504344 4.147729823056578 497
1739973504367 4.1450938452065405 498
1739973504391 4.142462762058602 499
