1740016159620 173.2145438119675 0
1740016159649 174.0663590264229 1
1740016159679 161.58404460708135 2
1740016159710 163.09011198301081 3
1740016159739 155.76480596370726 4
1740016159766 160.13628264294755 5
1740016159793 151.2708986711333 6
1740016159820 146.6403010428071 7
1740016159848 158.68779951626638 8
1740016159876 148.23087738277243 9
1740016159908 141.43972827121027 10
1740016159940 145.1751700317881 11
1740016159968 139.87278019211246 12
1740016159998 131.78824276067164 13
1740016160027 135.09093024532083 14
1740016160053 132.69326417853335 15
1740016160078 131.06834730674362 16
1740016160109 129.74735986526292 17
1740016160135 129.1294599729679 18
1740016160164 121.48051248237358 19
1740016160191 117.23382903071825 20
1740016160220 115.84425295502847 21
1740016160248 114.0110593097665 22
1740016160274 125.29875873701828 23
1740016160303 119.48683210959331 24
1740016160332 111.59503393088427 25
1740016160358 107.62583773194854 26
1740016160384 106.41124947322763 27
1740016160414 110.03529751791248 28
1740016160440 102.78821422315603 29
1740016160465 99.40477394284699 30
1740016160494 100.61837409961721 31
1740016160524 94.24881018560534 32
1740016160550 94.84400025710589 33
1740016160577 92.44491045661479 34
1740016160608 91.11068976623545 35
1740016160634 91.50543369344662 36
1740016160661 93.01497096169743 37
1740016160689 92.38831061583144 38
1740016160718 83.8958209835681 39
1740016160745 85.08916784922035 40
1740016160771 85.45512708178126 41
1740016160798 81.71056585006674 42
1740016160825 77.14939246782025 43
1740016160852 81.83087582518614 44
1740016160884 81.52926954631862 45
1740016160917 74.4834226489752 46
1740016160944 73.3677446186609 47
1740016160970 72.10511480249014 48
1740016160997 70.32267457349111 49
1740016161024 68.78587791606564 50
1740016161050 67.78695788413873 51
1740016161076 66.53192148168539 52
1740016161102 67.60621996803322 53
1740016161129 63.956084266273876 54
1740016161154 63.767099286572645 55
1740016161190 61.90755996786897 56
1740016161239 64.86574355449837 57
1740016161266 61.91467877222478 58
1740016161293 60.3921831365648 59
1740016161319 61.51970883266347 60
1740016161345 60.81281565032629 61
1740016161373 57.554660272172015 62
1740016161403 55.82753837176717 63
1740016161429 57.33045407033091 64
1740016161455 54.08522869618121 65
1740016161484 52.72592739609768 66
1740016161510 52.689842928877 67
1740016161536 53.673829458371465 68
1740016161562 50.605368099402675 69
1740016161589 50.13706712468914 70
1740016161615 51.72717986838666 71
1740016161641 46.15270128897082 72
1740016161673 47.95791684541194 73
1740016161701 45.427613364692526 74
1740016161727 45.55360129173467 75
1740016161753 45.337536009098784 76
1740016161780 45.92935305570358 77
1740016161806 43.57038618058969 78
1740016161832 42.95235241031782 79
1740016161859 41.76670662159286 80
1740016161888 40.906181830058095 81
1740016161914 41.42417642425223 82
1740016161942 39.630763246937356 83
1740016161978 40.71063233307609 84
1740016162005 38.51917748276186 85
1740016162032 37.7664084355825 86
1740016162058 37.68848532499176 87
1740016162085 35.008680917244675 88
1740016162111 36.04944833392638 89
1740016162137 34.02429990685932 90
1740016162168 34.91259415349686 91
1740016162195 32.04090140352758 92
1740016162221 29.567356843073494 93
1740016162250 31.7414000698315 94
1740016162279 30.762600599797832 95
1740016162305 32.08715841608567 96
1740016162331 32.48746993130206 97
1740016162357 29.569447347217228 98
1740016162384 29.47726230613891 99
1740016162410 28.361098488134886 100
1740016162436 29.326880324681092 101
1740016162465 28.100393533715973 102
1740016162492 28.447359954430663 103
1740016162517 27.694059572561954 104
1740016162553 27.931542252132477 105
1740016162580 25.474475435585074 106
1740016162606 25.105795304142067 107
1740016162634 25.635164576880246 108
1740016162661 24.85194834561374 109
1740016162688 24.628697418303666 110
1740016162714 24.75903616056547 111
1740016162743 23.76364767589291 112
1740016162772 23.25921367841158 113
1740016162798 23.564629771438508 114
1740016162824 23.750562946201313 115
1740016162854 22.939358004419322 116
1740016162880 22.32374858696197 117
1740016162906 21.35414242507924 118
1740016162933 21.169368138114006 119
1740016162960 21.113750865684356 120
1740016162987 20.11910281816902 121
1740016163014 18.797561313446266 122
1740016163045 19.518985261424724 123
1740016163071 19.708552378510667 124
1740016163097 17.644615372409927 125
1740016163125 19.13688329148967 126
1740016163152 18.89564203969782 127
1740016163180 18.47061942005198 128
1740016163206 17.12029523374525 129
1740016163233 17.544307791053733 130
1740016163259 17.382429266443566 131
1740016163285 17.025711195984677 132
1740016163313 17.051957038753507 133
1740016163344 15.81991707230309 134
1740016163370 16.28418420182984 135
1740016163396 14.220676340321317 136
1740016163424 15.613872870879648 137
1740016163450 14.796224230582167 138
1740016163477 14.674109527785056 139
1740016163503 14.470906096789145 140
1740016163530 15.356525829847335 141
1740016163556 14.565065720271747 142
1740016163583 13.777772162064 143
1740016163614 14.185874825757741 144
1740016163642 13.412631510705154 145
1740016163668 11.868074363163982 146
1740016163695 12.370667518664147 147
1740016163726 12.41955264401659 148
1740016163752 13.195767257639849 149
1740016163777 11.783662473266656 150
1740016163804 12.16639805083143 151
1740016163830 12.340541991083905 152
1740016163858 11.697153339274314 153
1740016163885 11.223313387506296 154
1740016163915 10.611021773867233 155
1740016163942 11.438059868827379 156
1740016163968 11.002239765146733 157
1740016163995 10.256774659412265 158
1740016164027 10.132292971224274 159
1740016164094 9.871291679503488 160
1740016164124 9.96512010608343 161
1740016164153 9.952405929023476 162
1740016164184 9.297752877484319 163
1740016164210 9.462559768305406 164
1740016164236 9.559206341586817 165
1740016164265 9.614892147602287 166
1740016164291 9.007465608017203 167
1740016164318 8.946705556111889 168
1740016164348 8.36287325980692 169
1740016164377 8.868232873954783 170
1740016164403 8.415651312898897 171
1740016164430 8.340438605299338 172
1740016164456 8.454661560859156 173
1740016164482 8.20405970962477 174
1740016164508 8.225197188574409 175
1740016164537 8.597361875925358 176
1740016164568 7.817974042969231 177
1740016164599 7.975611485316296 178
1740016164625 6.967286394690209 179
1740016164652 8.091515598830382 180
1740016164678 7.896031739935578 181
1740016164704 6.8894171927509245 182
1740016164733 7.888507381142627 183
1740016164762 7.149794820460712 184
1740016164791 6.40879496127444 185
1740016164822 7.207553375191786 186
1740016164856 6.604894453343018 187
1740016164886 6.267924055149707 188
1740016164912 6.464825743373805 189
1740016164942 5.99905086609262 190
1740016164970 6.052303348585233 191
1740016164997 6.192078558818681 192
1740016165023 5.645616111237319 193
1740016165054 6.054477980020412 194
1740016165081 5.2862269136203635 195
1740016165107 6.0322211075920045 196
1740016165134 5.375276506758526 197
1740016165160 5.603904029852544 198
1740016165188 5.032364308379968 199
1740016165214 4.796822154281883 200
1740016165245 5.097119529709358 201
1740016165271 5.233083059215124 202
1740016165296 5.500990501060586 203
1740016165324 4.9171949434353195 204
1740016165355 4.852028297823223 205
1740016165381 5.397774877048369 206
1740016165407 4.762505670026624 207
1740016165437 4.704986033920563 208
1740016165464 4.642492168800937 209
1740016165490 4.530962557471239 210
1740016165517 4.1448838112360225 211
1740016165543 4.196252464161897 212
1740016165569 4.53990930995212 213
1740016165595 4.343511914728673 214
1740016165622 4.583558990870595 215
1740016165651 3.7663550888852777 216
1740016165677 4.126451160977808 217
1740016165703 4.182014401870617 218
1740016165737 3.4131547664492814 219
1740016165763 3.847329421984519 220
1740016165789 4.095528312015877 221
1740016165817 3.537543344562791 222
1740016165844 3.7549842863947496 223
1740016165871 3.5721883022454417 224
1740016165896 3.513248077561478 225
1740016165923 3.37784880165567 226
1740016165950 3.2125105259299316 227
1740016165976 2.973608299167807 228
1740016166004 3.0130435286636765 229
1740016166034 3.0812336885855953 230
1740016166060 3.486070380252914 231
1740016166088 3.060135015902471 232
1740016166117 3.1899324077566784 233
1740016166143 3.312206190342721 234
1740016166171 3.042544481679398 235
1740016166198 2.7902949625302673 236
1740016166224 2.6678811162030938 237
1740016166250 2.7720230217083897 238
1740016166277 2.610506796347048 239
1740016166305 2.659782105633293 240
1740016166335 2.396485445382851 241
1740016166361 2.396097139739417 242
1740016166388 2.386271358312558 243
1740016166417 2.7011392284548164 244
1740016166444 2.783396749276362 245
1740016166470 2.4160828908569267 246
1740016166497 2.144862878562258 247
1740016166524 2.6196869757348162 248
1740016166550 2.2326500940829628 249
1740016166576 2.196287003691098 250
1740016166615 2.2547142933124884 251
1740016166641 2.2619656505714123 252
1740016166668 1.99306999758198 253
1740016166696 1.9094900067378477 254
1740016166722 2.202297669922041 255
1740016166748 2.124419482701156 256
1740016166774 2.368811499038345 257
1740016166803 2.5035949907865986 258
1740016166829 2.1020307233682103 259
1740016166856 2.1207190041637785 260
1740016166884 1.786158612361557 261
1740016166913 1.9481316735137424 262
1740016166940 1.8290022881878183 263
1740016166967 2.079534629801252 264
1740016166994 1.9116857005661305 265
1740016167021 2.0349840855192918 266
1740016167047 1.842913272512835 267
1740016167073 1.588147652591196 268
1740016167100 1.843885173607492 269
1740016167127 1.7388690807403069 270
1740016167154 1.6806764687325606 271
1740016167187 1.7416885652652752 272
1740016167215 1.3912064224085705 273
1740016167241 1.7229061553284004 274
1740016167267 1.5261459729810882 275
1740016167294 1.691343741552445 276
1740016167320 1.399223628381975 277
1740016167347 1.5413605871288474 278
1740016167373 1.3965387167965042 279
1740016167401 1.4386715738870341 280
1740016167427 1.4497725068503422 281
1740016167453 1.4595908146812782 282
1740016167485 1.3608071011508902 283
1740016167511 1.3797244739649122 284
1740016167536 1.3201492810657354 285
1740016167565 1.258384649789732 286
1740016167595 1.1934211393863228 287
1740016167620 1.586092812364541 288
1740016167666 1.5560498661354298 289
1740016167745 1.2864162419735206 290
1740016167773 1.4186206240280104 291
1740016167799 1.4552612031180034 292
1740016167827 1.1021827965091673 293
1740016167856 1.0577731792376985 294
1740016167884 1.2186387334854831 295
1740016167909 1.0888665073249335 296
1740016167940 1.1952521643884069 297
1740016167966 1.0043967489377712 298
1740016167992 1.1444976435421645 299
1740016168019 1.2722184769292186 300
1740016168045 0.9803241598484645 301
1740016168071 1.005601769937468 302
1740016168098 0.8513204845353551 303
1740016168129 0.891171522706474 304
1740016168156 1.0218607280263374 305
1740016168187 0.9436391891895282 306
1740016168214 1.02728060154485 307
1740016168240 0.9350910587367322 308
1740016168266 0.8610309362215524 309
1740016168292 0.9029151431341887 310
1740016168319 0.9041965088170193 311
1740016168346 0.9616943731686345 312
1740016168372 0.958231943685371 313
1740016168399 0.8445514348738551 314
1740016168430 0.9014952042828316 315
1740016168455 0.8343276234779519 316
1740016168481 0.9312786201389457 317
1740016168511 1.0080412230481504 318
1740016168537 0.7186612674651099 319
1740016168563 0.6748271019808785 320
1740016168590 0.9088019373375226 321
1740016168618 0.9337153924593136 322
1740016168650 0.8458184266322756 323
1740016168677 0.8086722550456635 324
1740016168707 0.7073744919455339 325
1740016168736 0.9194660550837156 326
1740016168762 0.7949859042465819 327
1740016168789 0.7484268981775322 328
1740016168816 0.8014206490867881 329
1740016168842 0.6161627959438012 330
1740016168870 0.7269408560426561 331
1740016168897 0.7254537626250793 332
1740016168924 0.5748343222952329 333
1740016168951 0.5395692759728097 334
1740016168977 0.6027621815272928 335
1740016169011 0.5857949184418294 336
1740016169036 0.5788405872076826 337
1740016169062 0.7137028566963762 338
1740016169090 0.7462853603276782 339
1740016169116 0.6971348091160924 340
1740016169142 0.5720491576246144 341
1740016169169 0.6581993538030014 342
1740016169197 0.617195529437645 343
1740016169224 0.5577550332405459 344
1740016169250 0.6718727370295988 345
1740016169277 0.6787920391391787 346
1740016169307 0.775366846460421 347
1740016169333 0.550339910519522 348
1740016169360 0.5847643955993184 349
1740016169389 0.7349416580806086 350
1740016169415 0.6758784788050475 351
1740016169441 0.535440719862208 352
1740016169467 0.5177254966720187 353
1740016169494 0.7159812907914768 354
1740016169520 0.5006120729194085 355
1740016169546 0.6301021606197692 356
1740016169572 0.5297785570113146 357
1740016169599 0.4283583496517021 358
1740016169626 0.426479285147921 359
1740016169652 0.4762647544850487 360
1740016169683 0.442301931007022 361
1740016169709 0.43283004170174705 362
1740016169735 0.45071877318730774 363
1740016169763 0.4812312211807986 364
1740016169789 0.458914806198606 365
1740016169814 0.4386908000195237 366
1740016169840 0.4091120433060125 367
1740016169871 0.4935131132031799 368
1740016169898 0.4421010280308141 369
1740016169924 0.5825870852475515 370
1740016169953 0.4376885896560987 371
1740016169979 0.3702481194108878 372
1740016170005 0.4185437477896745 373
1740016170031 0.42010762484232866 374
1740016170057 0.5971866575055053 375
1740016170083 0.4714672371463112 376
1740016170110 0.4538523477527357 377
1740016170137 0.5001248414564213 378
1740016170171 0.475510222614387 379
1740016170197 0.3571345841854868 380
1740016170223 0.4997516525369368 381
1740016170255 0.4188299729006011 382
1740016170282 0.43020022016571696 383
1740016170307 0.34076031727832556 384
1740016170334 0.43263070757928695 385
1740016170363 0.3642921397400179 386
1740016170389 0.3305702444848983 387
1740016170416 0.32016148509687353 388
1740016170446 0.4349481413810215 389
1740016170473 0.40648139797698757 390
1740016170499 0.44211988601205515 391
1740016170526 0.3933044622442261 392
1740016170554 0.3956013507629364 393
1740016170580 0.3026557968087435 394
1740016170606 0.315840810988988 395
1740016170634 0.3625580389052633 396
1740016170662 0.25059972768297495 397
1740016170693 0.24780247914852577 398
1740016170719 0.3574397142293656 399
1740016170751 0.3585641484777244 400
1740016170777 0.3826824603377901 401
1740016170802 0.3381738759710306 402
1740016170830 0.2749330315314761 403
1740016170858 0.302545921471216 404
1740016170884 0.36196598551900594 405
1740016170910 0.3324438974089061 406
1740016170940 0.21146197148397 407
1740016170966 0.4045981890715376 408
1740016170992 0.290708488760668 409
1740016171020 0.30820023169040006 410
1740016171050 0.37828785989024616 411
1740016171075 0.3596486573873108 412
1740016171101 0.21481597935706367 413
1740016171129 0.28443748985515893 414
1740016171155 0.3153627835275019 415
1740016171185 0.23417587135300724 416
1740016171211 0.2881905109861507 417
1740016171238 0.3043652894988806 418
1740016171264 0.29775140657291943 419
1740016171292 0.25046933952457495 420
1740016171325 0.303467415009708 421
1740016171352 0.33334045425510883 422
1740016171378 0.3147714131377554 423
1740016171404 0.31581724037342496 424
1740016171432 0.28314977592688906 425
1740016171457 0.2944069790004212 426
1740016171483 0.26843996153057786 427
1740016171510 0.2395751384097042 428
1740016171537 0.3551951445525503 429
1740016171564 0.256951852424678 430
1740016171590 0.3041303359411267 431
1740016171618 0.2730455090379006 432
1740016171645 0.237445422907607 433
1740016171671 0.24979588418642992 434
1740016171700 0.24358045800388964 435
1740016171728 0.2761495072172724 436
1740016171754 0.32009459069053137 437
1740016171781 0.24751832842669114 438
1740016171808 0.3510561762791459 439
1740016171835 0.29446611151390006 440
1740016171861 0.25758861875848016 441
1740016171888 0.2612693956556682 442
1740016171919 0.24494930650850533 443
1740016171946 0.26978490575812886 444
1740016171972 0.2418507360857446 445
1740016172002 0.19081457179415406 446
1740016172028 0.2739717078183955 447
1740016172053 0.27843157635417726 448
1740016172080 0.25359632775446084 449
1740016172107 0.21755057930345095 450
1740016172133 0.2652153008617426 451
1740016172160 0.20654892326634974 452
1740016172192 0.1697663201147573 453
1740016172220 0.16340919402514234 454
1740016172246 0.25673435241881604 455
1740016172273 0.2781924529282852 456
1740016172300 0.17031866558948383 457
1740016172327 0.23234852412670776 458
1740016172354 0.16312471141513507 459
1740016172381 0.2692051767264099 460
1740016172409 0.17736027522275694 461
1740016172435 0.1827335659108916 462
1740016172462 0.3141678582952033 463
1740016172496 0.3202813276860914 464
1740016172522 0.2543179523255774 465
1740016172548 0.19120151340324065 466
1740016172576 0.21241499280651557 467
1740016172603 0.2599020748509145 468
1740016172629 0.24616453778264752 469
1740016172657 0.16311366338104122 470
1740016172683 0.1443467138219841 471
1740016172714 0.20056307134477064 472
1740016172745 0.22111720857122086 473
1740016172774 0.194760759830144 474
1740016172802 0.17746982474750073 475
1740016172829 0.228726327575168 476
1740016172856 0.19188966107854036 477
1740016172883 0.26244658467321835 478
1740016172910 0.23481230419706894 479
1740016172937 0.1447312702930777 480
1740016172965 0.30746283949472686 481
1740016172995 0.16596529648849587 482
1740016173021 0.2268871311863184 483
1740016173047 0.22683774429555015 484
1740016173076 0.18961538038423956 485
1740016173102 0.15321544748199048 486
1740016173128 0.2535878233477339 487
1740016173155 0.24441768286760737 488
1740016173184 0.15487091460321542 489
1740016173210 0.15673026083723066 490
1740016173236 0.1881378664231069 491
1740016173263 0.24963570800838092 492
1740016173289 0.15899200093667373 493
1740016173315 0.21550152950845974 494
1740016173341 0.19571282351348857 495
1740016173377 0.14299306710720217 496
1740016173406 0.2049918259750572 497
1740016173432 0.1812167416794737 498
1740016173459 0.18428129148414563 499
