1739996042402 157.02804438956812 0
1739996042421 143.27761526578476 1
1739996042441 126.62136935277387 2
1739996042459 116.98789919582664 3
1739996042478 109.68788915323915 4
1739996042496 97.58497922331908 5
1739996042517 91.52925448444967 6
1739996042536 83.15517603818766 7
1739996042554 74.57112053411883 8
1739996042574 67.77986787089672 9
1739996042592 61.33806299424828 10
1739996042610 56.428512057852515 11
1739996042628 52.15506191056736 12
1739996042646 47.72554203585853 13
1739996042664 44.50741413747183 14
1739996042683 39.44714476209388 15
1739996042702 37.85799467760968 16
1739996042720 33.395447992737864 17
1739996042742 30.09354119852731 18
1739996042761 27.837734107343493 19
1739996042779 24.503984198297218 20
1739996042800 24.397911763526608 21
1739996042818 21.56770950654435 22
1739996042836 19.550824890999593 23
1739996042854 17.91478572161485 24
1739996042873 16.497249131792863 25
1739996042891 15.386821344456894 26
1739996042909 14.230240826738 27
1739996042926 12.499990656156603 28
1739996042945 11.54715238955875 29
1739996042963 10.19241865629792 30
1739996042981 9.465110750855665 31
1739996043001 8.856904343591589 32
1739996043019 8.601511334130409 33
1739996043037 7.443533134690225 34
1739996043055 6.962621814549553 35
1739996043072 6.2812293093264175 36
1739996043090 5.721573747398309 37
1739996043108 5.483653019947118 38
1739996043126 4.7501546628588525 39
1739996043144 4.51094114114648 40
1739996043162 4.179035350094665 41
1739996043180 3.9869651696290145 42
1739996043198 3.431475575617838 43
1739996043217 3.3208296071554066 44
1739996043235 2.763987589102505 45
1739996043253 2.4082822101343813 46
1739996043270 2.268921007221895 47
1739996043290 2.2015587038576565 48
1739996043311 2.117289784364823 49
1739996043333 1.8556476710070176 50
1739996043350 1.6386106474532312 51
1739996043368 1.7898915561882613 52
1739996043386 1.3667607678689995 53
1739996043405 1.2030028852620476 54
1739996043423 1.2773527797658302 55
1739996043441 0.9677901579818884 56
1739996043459 0.9522792125665885 57
1739996043476 1.0428842150136575 58
1739996043495 0.8928430697014236 59
1739996043515 0.8209391051755422 60
1739996043533 0.7271714648326623 61
1739996043552 0.7374850625938667 62
1739996043569 0.6263152486510564 63
1739996043588 0.6695345271128483 64
1739996043607 0.6004158099729797 65
1739996043625 0.6635233043133342 66
1739996043645 0.5459324912062157 67
1739996043663 0.541107055040766 68
1739996043683 0.3964403746545029 69
1739996043701 0.36397764169683006 70
1739996043719 0.32513376498663105 71
1739996043738 0.29709269528912385 72
1739996043757 0.2920986666723324 73
1739996043776 0.2587796799252871 74
1739996043795 0.2694406618879767 75
1739996043883 0.3323438988420246 76
1739996043972 0.2875533177074603 77
1739996044009 0.23129892444587202 78
1739996044028 0.17841606111499056 79
1739996044048 0.2714586078237405 80
1739996044066 0.2098554484582925 81
1739996044085 0.24245322500819758 82
1739996044104 0.18068434742330738 83
1739996044124 0.20488690303544732 84
1739996044143 0.17385264519419777 85
1739996044162 0.13203527878976756 86
1739996044182 0.13636172662829626 87
1739996044201 0.12190487867368606 88
1739996044220 0.1443584758373664 89
1739996044239 0.13672924958812918 90
1739996044258 0.18526245734297597 91
1739996044277 0.11746072755590939 92
1739996044296 0.17913346187984708 93
1739996044315 0.09867945684222847 94
1739996044334 0.10601860367013854 95
1739996044354 0.12566606707174288 96
1739996044373 0.1703990352854204 97
1739996044392 0.10890196434022809 98
1739996044411 0.1517674261728739 99
1739996044430 0.14195525736624406 100
1739996044449 0.09923280675855413 101
1739996044468 0.17082511570453376 102
1739996044487 0.16239362199172208 103
1739996044506 0.09796451499193332 104
1739996044527 0.13681949186353465 105
1739996044546 0.10860985808113535 106
1739996044564 0.10921666708036229 107
1739996044583 0.13469647291634623 108
1739996044602 0.09701221041760244 109
1739996044620 0.15875574171227597 110
1739996044639 0.11167906905620115 111
1739996044658 0.16863165192095314 112
1739996044676 0.1976019508215319 113
1739996044695 0.16412879300138852 114
1739996044713 0.19228209430972282 115
1739996044732 0.12720244551085894 116
1739996044751 0.20086196260690986 117
1739996044770 0.11566979286611771 118
1739996044788 0.15603982693239876 119
1739996044807 0.11159503624751008 120
1739996044826 0.12794179978831008 121
1739996044844 0.09172517539148888 122
1739996044863 0.11456296049680029 123
1739996044882 0.1454772614779248 124
1739996044901 0.1222114299765532 125
1739996044920 0.09168523188823766 126
1739996044939 0.13549784760396424 127
1739996044958 0.11035119526852269 128
1739996044978 0.1257046486024218 129
1739996044998 0.07319682353774028 130
1739996045019 0.12078493844832477 131
1739996045038 0.13114711454271763 132
1739996045058 0.16498619484298158 133
1739996045077 0.1053012531214328 134
1739996045096 0.12460405716482441 135
1739996045115 0.14194341671687544 136
1739996045134 0.07249541239866156 137
1739996045153 0.09916224003228762 138
1739996045173 0.14917117622506124 139
1739996045192 0.09159144657640059 140
1739996045211 0.09582587551102142 141
1739996045230 0.08091963362522979 142
1739996045251 0.09861615145643753 143
1739996045270 0.12442635185786621 144
1739996045288 0.08793709911473366 145
1739996045308 0.15043251193478732 146
1739996045330 0.10749776503110395 147
1739996045349 0.08793985780654333 148
1739996045367 0.11625822041673317 149
1739996045386 0.08633784022448487 150
1739996045405 0.10817750863835052 151
1739996045424 0.12582821963925853 152
1739996045443 0.11169174023322226 153
1739996045462 0.09834186945466461 154
1739996045482 0.08242297555703014 155
1739996045501 0.1177109640820424 156
1739996045522 0.15114670450305775 157
1739996045542 0.08016008557417477 158
1739996045561 0.0709847924630139 159
1739996045580 0.07720823313955552 160
1739996045600 0.11072885283260328 161
1739996045618 0.1497357440314697 162
1739996045637 0.04834478527930868 163
1739996045656 0.1454109988822078 164
1739996045675 0.13943630453338085 165
1739996045695 0.08597727002177738 166
1739996045713 0.11972089075513415 167
1739996045732 0.09084515341784544 168
1739996045752 0.07846131946845554 169
1739996045771 0.12144490999350531 170
