1739997939001 140.90932435501654 0
1739997939024 119.67062581397299 1
1739997939043 96.60625585525366 2
1739997939061 84.29010281907524 3
1739997939084 70.94309194638228 4
1739997939103 59.29013236125872 5
1739997939122 47.14211749744491 6
1739997939140 42.504584669093624 7
1739997939158 36.52321323157797 8
1739997939177 29.468358858218348 9
1739997939196 25.24574012765544 10
1739997939215 22.82143007278969 11
1739997939238 17.667077124822573 12
1739997939258 15.176808022914237 13
1739997939277 12.981610551143126 14
1739997939295 11.040632858072387 15
1739997939313 10.81630568712213 16
1739997939335 8.527720289597266 17
1739997939353 7.5103678788417865 18
1739997939372 6.630763206436547 19
1739997939391 6.052552800602673 20
1739997939409 4.927017514980307 21
1739997939428 4.644011695757855 22
1739997939446 3.992283136253823 23
1739997939463 3.175452196541649 24
1739997939480 2.803188782422153 25
1739997939499 2.6438517589444865 26
1739997939516 2.7317206892170627 27
1739997939533 2.234369615403856 28
1739997939552 1.809913239514405 29
1739997939569 1.880007133241707 30
1739997939586 1.9794042154272637 31
1739997939603 1.6364286455615646 32
1739997939621 1.4960109601242828 33
1739997939641 1.3056479633447355 34
1739997939659 1.2161211796509224 35
1739997939677 1.2091548994715322 36
1739997939697 1.2239096173147748 37
1739997939717 1.1584258721541707 38
1739997939736 0.9389292374579744 39
1739997939755 1.013532653219643 40
1739997939773 0.8120608785531185 41
1739997939790 0.8576794193348164 42
1739997939809 0.7867135887412573 43
1739997939826 0.7609082534551725 44
1739997939845 0.8930566261072254 45
1739997939863 0.5993388619479996 46
1739997939884 0.7382802030528732 47
1739997939904 0.6312508067852035 48
1739997939925 0.6839632176422332 49
1739997939947 0.7565486138567429 50
1739997939967 0.768377447788618 51
1739997940009 0.5767513999017259 52
1739997940028 0.7543840956673094 53
1739997940047 0.5585435580427401 54
1739997940065 0.790276626974088 55
1739997940083 0.5531204166523253 56
1739997940101 0.5922765469376069 57
1739997940119 0.6349347968859805 58
1739997940138 0.6265449952027199 59
1739997940156 0.5848279625081633 60
1739997940173 0.6548930541594542 61
1739997940193 0.5854332669966329 62
1739997940214 0.594901527182943 63
1739997940250 0.6056706482603726 64
1739997940268 0.6169877994583224 65
1739997940286 0.5507961066398279 66
1739997940303 0.45727414413400347 67
1739997940320 0.5597205410352915 68
1739997940339 0.6145237107002258 69
1739997940357 0.6158080893918031 70
1739997940375 0.6337574604685208 71
1739997940391 0.602536025060804 72
1739997940408 0.6163250634601206 73
1739997940426 0.5233364075654093 74
1739997940449 0.5170382621172396 75
1739997940467 0.6754597427069129 76
1739997940484 0.6182810732646905 77
1739997940504 0.5664963781535702 78
1739997940521 0.4953664970499349 79
1739997940540 0.5235767912280531 80
1739997940558 0.5263115718525632 81
1739997940575 0.5430489532755339 82
1739997940592 0.6553958701190404 83
1739997940610 0.582437532786162 84
1739997940628 0.5517542853064232 85
1739997940648 0.7300276622876649 86
1739997940666 0.48962054195260185 87
1739997940684 0.4690431509234658 88
1739997940701 0.6448315916734373 89
1739997940720 0.5846661131331542 90
1739997940740 0.5750379280378033 91
1739997940758 0.5665985662074217 92
1739997940776 0.46967607197203165 93
1739997940795 0.5551526950989575 94
1739997940813 0.6615005628258582 95
1739997940830 0.562896807399386 96
1739997940848 0.525813178821528 97
1739997940866 0.680540628689513 98
1739997940884 0.506351350252951 99
1739997940901 0.4837039540675846 100
1739997940918 0.5160092517467189 101
1739997940938 0.5350595674791327 102
1739997940959 0.5587848729312537 103
1739997940978 0.5388753164915663 104
1739997940995 0.5476572425026563 105
1739997941013 0.5540115747301679 106
1739997941030 0.44582306576219277 107
1739997941049 0.5919482712294254 108
1739997941066 0.5069165511770589 109
1739997941084 0.48340006339623387 110
1739997941101 0.528687031698978 111
1739997941118 0.5760074206342911 112
1739997941136 0.6028258391914547 113
1739997941155 0.48134054112464997 114
1739997941173 0.6752673459486841 115
1739997941190 0.5561479061338894 116
