1739996789500 0.06050699489433751 0
1739996790766 0.3176691357825576 1
1739996791518 0.006419595859600272 2
1739996792159 0.19932360743720143 3
1739996792486 0.01044385398661593 4
1739996792658 0.026662534748583756 5
1739996792791 0.03571251432823916 6
1739996792931 0.005098384818363606 7
1739996793133 0.07308688740136757 8
1739996793313 0.006745668272157328 9
1739996793425 0.03340816642412076 10
1739996793532 0.30678077530332865 11
1739996793678 0.12724402184085729 12
1739996793786 0.0015155670023388947 13
1739996793935 0.09035345206734134 14
1739996794058 0.06642869925449464 15
1739996794211 0.06737949424708649 16
1739996794332 0.04488191034777407 17
1739996794546 0.4810626241601117 18
1739996794661 0.15516802134055774 19
1739996794747 0.07480919974392702 20
1739996794852 0.313294879165635 21
1739996794972 0.14674122145019433 22
1739996795109 0.12322387477458062 23
1739996795213 0.00119704918241867 24
1739996795314 1.2714507990043597e-05 25
1739996795432 0.053925964310406645 26
1739996795521 0.023780935309374602 27
1739996795619 0.06168562482778225 28
1739996795726 0.0958251743467646 29
1739996795814 0.08189588449185195 30
1739996795904 0.0005754528401206769 31
1739996795992 0.064796559140563 32
1739996796099 1.0031498328131252 33
1739996796195 0.43551189609780283 34
1739996796296 0.07424380176861028 35
1739996796386 0.3024435089417709 36
1739996796472 0.008364698650163076 37
1739996796565 0.012961819369997032 38
1739996796648 0.005158727545197384 39
1739996796739 0.0002744036031249899 40
1739996796826 0.0005147306237602367 41
1739996796911 0.04181383921336461 42
1739996796995 0.01846153594252028 43
1739996797084 6.788056254230433e-06 44
1739996797166 0.05971616079844067 45
1739996797248 0.0028150780072401104 46
1739996797331 0.016387943490794546 47
1739996797417 0.01906304815943403 48
1739996797508 0.037921468746301604 49
1739996797593 0.05192783746610613 50
1739996797677 0.006525329611259043 51
1739996797762 0.01230954279251512 52
1739996797845 0.00670834951345266 53
1739996797933 0.4320812132118013 54
1739996798027 0.45685583000950886 55
1739996798108 0.24440237362070136 56
1739996798193 0.05681180785681276 57
1739996798280 0.05811236661033012 58
1739996798366 0.0009032892052096609 59
1739996798449 0.09871994126914042 60
1739996798535 0.06084580299930104 61
1739996798620 0.015873081623285844 62
1739996798703 0.008457752189093724 63
1739996798792 0.04250901073948394 64
1739996798878 0.04628115968277009 65
1739996798967 0.17879117751912676 66
1739996799055 2.0017174832111663e-05 67
1739996799145 0.17804388340602306 68
1739996799227 0.055216339293347676 69
1739996799312 0.04753028540477965 70
1739996799396 0.04150973217123081 71
1739996799484 0.15609137154252556 72
1739996799573 0.1289637127143013 73
1739996799661 0.07100797827678908 74
1739996799745 0.014649719993891716 75
1739996799827 0.04572769209421312 76
1739996799913 0.1917737037345453 77
1739996799998 0.031783148099351295 78
1739996800087 0.062356260824512705 79
1739996800168 0.175775371890113 80
1739996800254 0.09042882527987334 81
1739996800340 0.37833064698902247 82
1739996800424 0.31802292322274006 83
1739996800510 0.2518580259461882 84
1739996800606 0.03268223958557095 85
1739996800699 0.06821264747250749 86
1739996800783 0.0004114666906928912 87
1739996800869 0.09963141012142407 88
1739996800956 0.1901002994372522 89
1739996801046 0.10303241180590396 90
1739996801132 0.006704190639270763 91
1739996801216 9.574848361077238e-06 92
1739996801298 0.032625178738090656 93
1739996801371 0.024133010098420928 94
1739996801447 0.024180932905697523 95
1739996801524 0.007236571505384554 96
1739996801599 0.1691540958481725 97
1739996801674 0.07388582364870797 98
1739996801755 0.029413552574010075 99
1739996801836 0.0005760515400862268 100
1739996801913 0.017772784566167033 101
1739996801988 0.06478737148828578 102
1739996802072 0.009038271275253041 103
1739996802154 0.09600211014876282 104
1739996802248 0.0411273488706064 105
1739996802329 0.01115200375103092 106
1739996802404 0.0018361836150324448 107
1739996802481 0.04185339386052798 108
1739996802557 0.04634337864284717 109
1739996802709 0.04401411206560693 110
1739996802782 0.009750468535991819 111
1739996802857 0.0014142387610337139 112
1739996802933 0.09089353723250898 113
1739996803009 0.03742528115791734 114
1739996803097 0.2953837760361857 115
1739996803174 0.13652095019876492 116
1739996803250 0.3903549171717063 117
1739996803324 0.16908416109720809 118
1739997121438 0.079252310289647 119
1739997122055 0.0458908575928838 120
1739997122211 0.00012025245287912243 121
1739997122302 0.17369469233335616 122
1739997122415 0.005325018545718848 123
1739997122503 0.0011427517682135457 124
1739997122586 0.15144113376746027 125
1739997122673 0.20731570144383626 126
1739997122759 0.008921648061693769 127
1739997122840 0.05969643406324807 128
1739997122978 0.9000645907431949 129
1739997123078 0.002995726890133488 130
1739997123162 0.09056774995056263 131
1739997123242 0.0061305963709821845 132
1739997123321 0.5090288554775404 133
1739997123460 0.09026129384087374 134
1739997123541 0.09316021745608312 135
1739997123626 0.00019071795713499368 136
1739997123720 0.016324473240255988 137
1739997123801 0.0005853985827158688 138
1739997123885 0.49897754149480844 139
1739997123968 5.9943694733994256e-05 140
1739997124062 0.3098190384330679 141
1739997124177 0.2543930332899657 142
1739997124281 0.005274063717195236 143
1739997124365 0.0017559008618560543 144
1739997124446 0.1593690748810492 145
1739997124525 0.017919093002877022 146
1739997124607 0.8583715123405808 147
1739997124689 0.0019711328945433257 148
1739997124768 0.07148303009540341 149
1739997124849 0.20308379469251678 150
1739997124929 0.11661131222504255 151
1739997125008 0.10311766678649698 152
1739997125106 0.021646307674837433 153
1739997125201 2.8384766900516214e-05 154
1739997125280 0.049093277762883615 155
1739997125361 0.13175320555716874 156
1739997125443 0.08283561668710183 157
1739997125524 0.08120953951552048 158
1739997125605 0.4011122156521043 159
1739997125683 0.43956623583699633 160
1739997125758 0.07032517512754537 161
1739997125834 0.13294780344918797 162
1739997125917 0.4221155419352304 163
1739997125995 0.1515670733593287 164
1739997126087 0.00680437598024343 165
1739997126164 0.18666416708431777 166
1739997126244 0.00046128395709966904 167
1739997126329 0.00023802260293296222 168
1739997126411 0.02182606889725412 169
1739997126488 0.06374795242701317 170
1739997126565 0.1061840189561916 171
1739997126644 0.13762902218141157 172
1739997126725 0.12783110387547358 173
1739997126804 0.00010298535583500699 174
1739997126883 0.09262897362859436 175
1739997126959 0.015959934775069403 176
1739997127035 0.013273336111480002 177
1739997127127 0.033530816824448646 178
1739997127204 0.050390402757148595 179
1739997127286 0.6317943283919737 180
1739997127362 0.0562375254305377 181
1739997127439 0.04326182130353555 182
1739997127518 0.010094913052084462 183
1739997127601 0.2256920895125415 184
1739997127678 0.07278187393262663 185
1739997127758 0.010884387721661686 186
1739997127836 0.008721230625395308 187
1739997127911 0.007752884978366653 188
1739997127998 0.23361325451722476 189
1739997128080 0.0005053661809453722 190
1739997128166 0.3745103403254247 191
1739997128303 0.09313978825633075 192
1739997128386 0.4153547280731776 193
1739997128464 0.025000802898833635 194
1739997128595 0.016611524191463625 195
1739997128698 0.0023540943957025195 196
1739997128791 0.10053931250710799 197
1739997128901 0.06173232463196506 198
1739997128987 0.020960871044323526 199
1739997129110 0.2541413798467819 200
1739997129208 0.23924903731343852 201
1739997129299 0.018752274236276435 202
1739997129381 0.02661134828571592 203
1739997129469 0.020917946920444564 204
1739997129551 0.012547454510505936 205
1739997129626 0.34816138966083787 206
1739997129702 0.004026124965293545 207
1739997129778 0.0296417869313289 208
1739997129859 0.008907641878138655 209
1739997129935 0.009822813890013233 210
1739997130017 0.2954747281654165 211
1739997130102 0.12101855756449749 212
1739997130179 0.06692491671591913 213
1739997130256 0.007468231683530216 214
1739997130331 0.011126414198564147 215
1739997130408 0.05294446883603074 216
1739997130484 0.024781983323705847 217
1739997130562 0.004234381494362782 218
1739997130637 0.04566400700027762 219
1739997130714 0.016582783882811064 220
1739997130789 0.005224308945462839 221
1739997130869 0.4626384855660059 222
1739997130945 0.010284229153054629 223
1739997131023 0.0011739108228810682 224
1739997131099 0.04619356979359599 225
1739997131175 0.09958330908396187 226
1739997131252 0.051891836752486056 227
1739997131327 0.04885757924398129 228
1739997131402 0.043739628097832974 229
1739997131479 0.017448961906420583 230
1739997131553 0.023748994404024365 231
1739997131773 0.011327385345527314 232
1739997132207 0.2593061686592073 233
1739997132602 0.016721591544680354 234
1739997132983 0.01847424803507674 235
1739997133420 0.2856480831969947 236
1739997133810 0.18972133742917166 237
1739997134227 0.0606577143865777 238
1739997134644 0.061906218661199365 239
1739997135022 0.05992228287646823 240
1739997135435 0.027673204608533904 241
1739997135821 0.10687622431044691 242
1739997222834 0.010596710933558452 243
1739997223521 0.00862948710756163 244
1739997223698 0.0002655371217490957 245
1739997223810 0.35807336265590195 246
1739997223903 0.05241145791467491 247
1739997224024 0.0018887334598432777 248
1739997224328 0.002536168351152174 249
1739997224574 0.01144321980074561 250
1739997224701 0.10430247787367229 251
1739997224854 0.042433462893867 252
1739997225045 0.00018809532365681765 253
1739997225164 0.07418191928706792 254
1739997225285 0.007516802293356027 255
1739997225400 0.17886102197864584 256
1739997225560 1.0279893879226412 257
1739997225733 0.12331750425959931 258
1739997225980 0.02346286192926975 259
1739997226166 0.06224060971030638 260
1739997226334 0.0034618868141365272 261
1739997226440 0.00043209553175282923 262
1739997226538 0.03517761411195542 263
1739997226626 0.008905650122785838 264
1739997226720 0.2834751194018197 265
1739997226834 0.0012991865831343129 266
1739997226934 0.01618280212429888 267
1739997227013 0.01812230653471574 268
1739997227109 0.03848173029774048 269
1739997227196 0.012642037268577707 270
1739997227282 0.008471679609343152 271
1739997227360 0.1283420815899812 272
1739997227438 0.008783170550189838 273
1739997227555 0.2772097689414098 274
1739997227678 0.00019633541761358237 275
1739997227888 0.013371113018611398 276
1739997227983 0.0009145856832177946 277
1739997228077 0.0017560686156778197 278
1739997228162 0.10259144016242264 279
1739997228245 0.08254209960239407 280
1739997228329 0.024681019832349306 281
1739997228411 0.0742665432008249 282
1739997228521 0.03846385005450777 283
1739997228613 0.005237171390501526 284
1739997228698 0.03817272777534675 285
1739997228786 0.015217163328518262 286
1739997228886 0.04861162237424273 287
1739997228970 0.01933909437857709 288
1739997229060 0.46203560356603357 289
1739997229142 0.20378235028187977 290
1739997229224 0.009832335516902012 291
1739997229311 0.02341186675544089 292
1739997229389 0.001371363543585167 293
1739997229470 0.00982679642261927 294
1739997229552 0.07342483739901502 295
1739997229634 0.141719647699922 296
1739997229718 0.0008952204356746372 297
1739997229809 0.03007737691466791 298
1739997229893 0.06126841580340925 299
1739997229977 0.003497275655170907 300
1739997230072 0.005155801587317958 301
1739997230157 0.002915767691066535 302
1739997230250 0.0025902712319807474 303
1739997230336 0.5261960157937459 304
1739997230422 0.011873587196416043 305
1739997230508 0.08243115108573877 306
1739997230593 0.1595184816408641 307
1739997230674 0.026849786109957575 308
1739997230770 0.04524640158600857 309
1739997230868 0.007178897340826023 310
1739997230968 0.16763865865940697 311
1739997231056 0.12713416924915943 312
1739997231137 0.01693706256393405 313
1739997231221 0.3585350283504704 314
1739997231324 0.0006451621585833365 315
1739997231411 0.005481689605272631 316
1739997231492 0.22155700266140987 317
1739997231585 0.004283648526156838 318
1739997231670 0.6086427820605728 319
1739997231748 0.0007008158739890509 320
1739997231852 0.06279064969316357 321
1739997231939 0.15799429317866145 322
1739997232015 0.3676609380961029 323
1739997232101 0.13081696745078833 324
1739997232195 0.02472848795616266 325
1739997232284 0.029167912029959837 326
1739997232379 0.07135147562270695 327
1739997232460 0.004068692480679946 328
1739997232549 0.025218634697772455 329
1739997232636 0.02902227773786688 330
1739997232716 0.016116140790229994 331
1739997232859 0.034368766402829536 332
1739997232973 0.47220529019832536 333
1739997233064 0.000566955201083049 334
1739997233152 0.18923919494105143 335
1739997233247 0.021348539766372687 336
1739997233374 0.1931392760540412 337
1739997233458 0.03135376106239363 338
1739997233543 0.1828744215390329 339
1739997233623 0.055695007028627896 340
1739997233703 0.12184459036894908 341
1739997233802 0.010866868288851058 342
1739997233884 0.09900017617465376 343
1739997233969 0.038228969231806055 344
1739997234054 0.014557023608403143 345
1739997234144 0.23248887259700138 346
1739997234224 0.03552485291645943 347
1739997234304 0.04606901329012369 348
1739997234395 0.06045757107598894 349
1739997234483 0.05550958457180768 350
1739997234569 0.09879988933752695 351
1739997234653 0.0019459713193284436 352
1739997234740 0.07439168066264279 353
1739997234828 0.01963221598325594 354
1739997234911 0.01397152679894992 355
1739997234996 0.24495415596363046 356
1739997235081 0.2545240217452091 357
1739997235171 0.07958439223926454 358
1739997235254 0.039916070769748985 359
1739997235332 0.02510694615626984 360
1739997235414 0.035279533472172345 361
1739997235498 0.03179169365466629 362
1739997235583 0.25018652023494004 363
1739997235657 0.018366704363823205 364
1739997235731 0.34827618083139117 365
1739997235815 0.03725537607460309 366
1739997235900 0.0002449078012580195 367
1739997235985 0.00026442494089512963 368
1739997236071 0.05085163937220156 369
1739997236154 0.005598633921365616 370
1739997236230 0.0002890088341765803 371
1739997236309 0.03002750271473769 372
1739997236397 0.00029659668816543814 373
1739997236525 0.010696684789200587 374
1739997236606 0.5430679961563154 375
1739997236699 0.1250811665906392 376
1739997236779 0.10142208126000639 377
1739997236877 0.13006875299144313 378
1739997236965 0.1592005216646758 379
1739997237050 0.05406634630155409 380
1739997237134 0.0045720484553944726 381
1739997237223 0.04123519714302469 382
1739997237303 0.1384523442272007 383
1739997237386 0.0017373841619899148 384
1739997237470 0.0520977103309845 385
1739997237563 0.12040373414765461 386
1739997237651 0.2884287016887595 387
1739997238231 0.035144414969658866 388
1739997238587 0.01061193600821806 389
1739997238865 0.06360509816130762 390
1739997239118 0.010185467171881901 391
1739997239301 0.020110260910814356 392
1739997239549 0.019544957172926963 393
1739997239873 0.018143675252883382 394
1739997240118 0.29145008592153215 395
1739997240693 0.0008586584905798639 396
1739997241035 0.00037811784501102174 397
1739997241252 0.054047595417390015 398
1739997241508 0.18480935600168538 399
1739997241848 0.137307454251275 400
1739997242264 0.05932165237534689 401
1739997242559 0.0074515968220348625 402
1739997242814 0.019901190043869196 403
1739997243041 0.0031075600215802936 404
1739997243958 0.24390020972730952 405
1739997244443 0.0035107395888117113 406
1739997245178 0.03338830735084058 407
1739997245504 0.00022619578786146023 408
1739997245879 0.17235747283486536 409
1739997246384 0.46307707494154804 410
1739997246600 0.03851564893023574 411
1739997247112 0.04179280629407637 412
1739997247593 0.17137632515570478 413
1739997248010 0.1337571095426751 414
1739997248235 0.03592752281821323 415
1739997248604 0.09747237354412315 416
1739997248807 0.06034215405042746 417
1739997249044 0.00020231886408081034 418
1739997249210 0.07896010254942011 419
1739997249504 0.014263198047521079 420
1739997249857 0.009107616451983422 421
1739997250182 0.012015325701374232 422
1739997250439 0.04183088177772433 423
1739997250594 0.4796217378410318 424
1739997251010 0.01862154693488092 425
1739997251140 0.15376086110351264 426
1739997251238 0.00819866304002174 427
1739997251330 0.0633422461670787 428
1739997251432 0.028056349825655524 429
1739997251537 0.0032390386865377417 430
1739997251645 0.0203277010737302 431
1739997251761 0.01706625484720688 432
1739997251911 0.0006132857226836986 433
1739997252135 0.2483933394654335 434
1739997252238 0.18069386882831148 435
1739997252386 0.026601447272869432 436
1739997252633 0.0014080784620963678 437
1739997252814 0.7321964694463617 438
1739997253025 0.029454673173271582 439
1739997253161 0.10468117378841547 440
1739997253490 0.1171818756227777 441
1739997253624 0.049020326740427646 442
1739997253734 0.004874164971532659 443
1739997253839 0.15156117908842828 444
1739997253951 0.20191404756866155 445
1739997254063 0.2711632237954141 446
1739997254238 0.06348192653009001 447
1739997254368 0.017383768021977768 448
1739997254479 0.007968116927656643 449
1739997254580 0.003977582087353301 450
1739997254803 0.1829337916561023 451
1739997255013 0.4973617725640858 452
1739997255134 0.08674606520942504 453
1739997255228 0.008802189417122143 454
1739997255326 7.362805655536633e-05 455
1739997255430 0.12744508732673562 456
1739997255559 0.027039276283029982 457
1739997255713 0.006360592169363618 458
1739997255839 0.06836009965984288 459
1739997255952 0.013616798030579514 460
1739997256071 0.007511045102573103 461
1739997256164 0.2584032429115131 462
1739997256252 0.003920391854677307 463
1739997256336 0.0009806892748062265 464
1739997256423 0.10527291943313034 465
1739997256509 0.0001237945461538854 466
1739997256600 0.029343141607626473 467
1739997256694 0.0061245175087370285 468
1739997256787 0.21786713539407757 469
1739997256874 0.11213206823722752 470
1739997256960 0.011099616334505593 471
1739997257046 0.029051130432753265 472
1739997257146 0.31630440715296926 473
1739997257261 0.04070969448854423 474
1739997257382 0.005569890401281526 475
1739997257544 0.01425019243160525 476
1739997257746 0.19653596477939883 477
1739997257878 9.913530693530736e-05 478
1739997257980 0.023372041614082458 479
1739997258083 0.8473228779933809 480
1739997258198 0.041598489642035615 481
1739997258300 0.10520535301844981 482
1739997258493 0.048135635629519224 483
1739997258593 0.2328024838349164 484
1739997258694 0.23407977630396767 485
1739997258790 0.35669774872862 486
1739997258887 0.003395660960946035 487
1739997258985 0.012595817346426529 488
1739997259083 0.017448163677984237 489
1739997259179 0.22178822982586036 490
1739997259279 0.010482622560329686 491
1739997259395 0.1290560293975491 492
1739997259494 0.04158275144200418 493
1739997259594 0.020215622930645244 494
1739997259693 0.00026347683032589583 495
1739997259953 0.006067503500559893 496
1739997260052 0.073326360992235 497
1739997260153 0.17055543389193864 498
1739997260256 4.026736179741516e-05 499
