1739976437832 6.651023673859747 0
1739976437908 4.265986569052944 1
1739976437980 7.131583577505504 2
1739976438048 9.011417182060482 3
1739976438118 7.290077959086319 4
1739976438186 5.95292148588508 5
1739976438259 7.360993553926491 6
1739976438324 6.126997050129923 7
1739976438390 8.639897609974666 8
1739976438456 2.190900100130842 9
1739976438523 5.76726240386628 10
1739976438589 4.660218062732234 11
1739976438655 6.647837431611938 12
1739976438722 7.489908942428639 13
1739976438792 11.581093675393443 14
1739976438860 6.614540678264919 15
1739976438927 3.713464764043531 16
1739976438993 6.332506276579209 17
1739976439061 7.300442374914026 18
1739976439127 7.721777155975409 19
1739976439194 5.696872901073415 20
1739976439261 3.7972369014819614 21
1739976439329 3.2108666829657535 22
1739976439395 5.828867201201223 23
1739976439466 6.8618599650265555 24
1739976439534 6.266759964785625 25
1739976439600 6.617944097667586 26
1739976439665 10.249678678281736 27
1739976439733 5.945603211343296 28
1739976439805 10.105279240369317 29
1739976439914 5.145008922906675 30
1739976439981 7.008306746137437 31
1739976440047 11.572304148181871 32
1739976440113 7.9993371418944985 33
1739976440180 9.114826637053548 34
1739976440246 6.6543131184674404 35
1739976440314 8.82183820334109 36
1739976440381 5.53307181566142 37
1739976440449 8.685640721558727 38
1739976440515 6.007634373141327 39
1739976440583 5.958962155299313 40
1739976440649 7.058987912822696 41
1739976440716 6.617940425003869 42
1739976440791 6.924146018705925 43
1739976440868 9.355225068266485 44
1739976440933 6.782547846746826 45
1739976441000 7.8662223430103415 46
1739976441065 6.8460846237650195 47
1739976441135 5.1412690656846305 48
1739976441204 14.954413831116435 49
1739976441271 5.557876425590723 50
1739976441338 9.156176512415085 51
1739976441404 7.1974982371372205 52
1739976441475 4.656778612574533 53
1739976441543 8.489114830183459 54
1739976441609 6.247350985643179 55
1739976441674 6.4636387408593805 56
1739976441741 6.837368559506084 57
1739976441810 5.845351842122454 58
1739976441876 10.608214066990842 59
1739976441941 4.5702254133419755 60
1739976442007 8.653991223400457 61
1739976442073 9.167202789835462 62
1739976442139 5.869530282054243 63
1739976442205 7.477994179358857 64
1739976442272 6.275068468527569 65
1739976442339 6.4244744947987344 66
1739976442405 6.004558250383959 67
1739976442487 3.9435591481152144 68
1739976442560 7.672243263137035 69
1739976442627 12.058409296081267 70
1739976442694 3.7819128286452193 71
1739976442763 5.185234174176681 72
1739976442832 6.783282951783686 73
1739976442901 8.126324891288958 74
1739976442968 7.305551342360939 75
1739976443038 7.920927747871556 76
1739976443105 4.462297838108222 77
1739976443171 10.794370329030398 78
1739976443238 8.147773389193548 79
1739976443305 7.647200208017595 80
1739976443371 15.473257127715431 81
1739976443437 4.468891633783462 82
1739976443508 7.6914772503160265 83
1739976443576 6.012901178818194 84
1739976443642 9.929834272777029 85
1739976443708 5.613601132909691 86
1739976443777 6.306630626627829 87
1739976443843 4.931124972846099 88
1739976443909 7.071275291366051 89
1739976443975 6.455856366016751 90
1739976444042 7.469461041893466 91
1739976444110 7.2885235740895675 92
1739976444175 6.1696489003676165 93
1739976444244 1.9957238157106802 94
1739976444311 7.408638863762614 95
1739976444378 7.3748501847032895 96
1739976444444 3.324847915078047 97
1739976444510 4.051800067596087 98
1739976444577 6.426352963230349 99
1739976444644 6.911448588405189 100
1739976444710 1.343675240376625 101
1739976444778 8.252649723251722 102
1739976444844 6.136535910437226 103
1739976444972 5.785026192756375 104
1739976445039 8.98916879399853 105
1739976445106 8.415451826608697 106
1739976445172 5.827328967626141 107
1739976445238 6.349195643849616 108
1739976445306 7.210770980749275 109
1739976445373 11.084662834660831 110
1739976445439 9.149719119580109 111
1739976445505 6.25568929909173 112
1739976445577 7.2666593558787795 113
1739976445643 7.484793721169173 114
1739976445710 4.075478565809707 115
1739976445778 2.2238208949781675 116
1739976445851 7.963749436578989 117
1739976445918 4.557441315382543 118
1739976445984 8.216684802733841 119
1739976446051 8.909543952041433 120
1739976446117 6.781727953258589 121
1739976446184 11.056267901782363 122
1739976446250 7.401721112128227 123
1739976446322 4.3955207419941384 124
1739976446388 8.424545592848762 125
1739976446453 4.2993146048067965 126
1739976446519 12.615398197971937 127
1739976446586 6.478603752675761 128
1739976446651 7.837217557853544 129
1739976446717 5.224654342993749 130
1739976446786 6.485821915213507 131
1739976446854 14.498804318800767 132
1739976446920 6.3270383296084445 133
1739976446986 7.016069744058119 134
1739976447054 6.034637172622631 135
1739976447121 3.677797007555831 136
1739976447186 6.005940349792193 137
1739976447254 3.444901965419106 138
1739976447321 5.482625187036383 139
1739976447387 3.904867571967147 140
1739976447457 5.659141916214998 141
1739976447524 5.449641923910491 142
1739976447599 9.942203573806399 143
1739976447667 4.983669442624261 144
1739976447733 9.110992166380758 145
1739976447803 7.830501711289861 146
1739976447869 5.906854276110149 147
1739976447936 4.581696972717977 148
1739976448002 7.181340493205549 149
1739976448069 3.1263082761672347 150
1739976448137 7.687935152388047 151
1739976448205 6.811601564636973 152
1739976448272 8.357898320159377 153
1739976448341 7.1393408414781225 154
1739976448408 7.2293784631691045 155
1739976448476 7.443237991706062 156
1739976448547 6.932299689992923 157
1739976448613 3.8177163013751696 158
1739976448678 4.0673152060414415 159
1739976448747 8.077782914224288 160
1739976448818 11.48588669258683 161
1739976448885 5.192005410615002 162
1739976448953 7.299203868604412 163
1739976449020 9.024823050807845 164
1739976449085 7.968199706289201 165
1739976449151 10.214915271082198 166
1739976449219 6.5454993447394125 167
1739976449288 5.4021842231573185 168
1739976449359 7.2990672907774545 169
1739976449425 5.876188815445098 170
1739976449554 3.7857511401032835 171
1739976449653 6.281941317888713 172
1739976449727 8.420506183816638 173
1739976449797 7.271598798695087 174
1739976449864 7.300085266100938 175
1739976449931 4.899235628565909 176
1739976449997 6.750841890270353 177
1739976450064 7.630315552586841 178
1739976450130 11.116365268497315 179
1739976450195 5.90724859257222 180
1739976450263 8.32640743568184 181
1739976450330 15.93105530367729 182
1739976450396 14.02868208137033 183
1739976450463 4.304333141876916 184
1739976450530 5.7727723406675375 185
1739976450596 5.332804931132106 186
1739976450664 5.568919609646254 187
1739976450730 5.841023757323175 188
1739976450801 6.946989250721954 189
1739976450867 9.47438380659587 190
1739976450933 6.277774578015283 191
1739976450999 5.371779498936609 192
1739976451065 3.621981598237976 193
1739976451132 8.699324030083108 194
1739976451198 7.446548253715242 195
1739976451263 9.686996050711098 196
1739976451333 8.63381744733972 197
1739976451400 10.869155892492529 198
1739976451466 3.4101570530331924 199
1739976451533 5.857815955850234 200
1739976451600 4.177409941286382 201
1739976451672 4.760944669240839 202
1739976451740 9.103193248559341 203
1739976451807 7.4826320005275955 204
1739976451874 6.59033051856204 205
1739976451940 8.115251191632659 206
1739976452007 8.305278252874277 207
1739976452073 8.70346323618448 208
1739976452139 5.467903673354738 209
1739976452205 8.772074427087794 210
1739976452272 6.9684349619299315 211
1739976452345 7.069206759401071 212
