1740002352221 4.8398405932771835 0
1740002352307 3.493957418140363 1
1740002352388 9.644874712800652 2
1740002352467 1.8195946250835036 3
1740002352559 3.5586957115368425 4
1740002352640 4.423618622311572 5
1740002352721 2.1949399020812734 6
1740002352805 4.414460225422474 7
1740002352889 3.4888643624308027 8
1740002352970 3.7200395995874898 9
1740002353051 5.885978461329455 10
1740002353131 4.870055978612791 11
1740002353215 3.0584915009686022 12
1740002353295 5.615125354683571 13
1740002353374 3.533336113098048 14
1740002353456 3.7819471081220053 15
1740002353534 3.7858880207824153 16
1740002353615 3.690289589030927 17
1740002353694 2.8473998708286166 18
1740002353773 3.6464710163709513 19
1740002353857 3.0037387676184464 20
1740002354012 5.754222534379923 21
1740002354091 2.709537217644608 22
1740002354170 4.164017536561392 23
1740002354250 5.556031526423302 24
1740002354329 6.765697151628146 25
1740002354415 7.740103707867599 26
1740002354496 4.54521220311073 27
1740002354583 6.163388494646675 28
1740002354662 5.514615358086569 29
1740002354742 3.6493955787745227 30
1740002354823 4.537204328392082 31
1740002354907 5.349281706931054 32
1740002354987 2.7629782583223266 33
1740002355067 3.8615354582654535 34
1740002355149 5.873577850257407 35
1740002355230 6.8325515546826265 36
1740002355313 4.858838986806493 37
1740002355393 6.32297711336309 38
1740002355473 6.513689342051271 39
1740002355553 3.59379741486519 40
1740002355633 4.995645971082413 41
1740002355718 6.8230180415972645 42
1740002355797 5.041978932486402 43
1740002355881 5.659606567955736 44
1740002355959 6.1515367363043865 45
1740002356038 1.41657348496531 46
1740002356119 5.848702155017089 47
1740002356200 9.673854884901443 48
1740002356282 9.166321614677509 49
1740002356361 3.1276114443482648 50
1740002356439 3.164566746539985 51
1740002356519 2.994291377126028 52
1740002356605 5.727190798331801 53
1740002356685 2.493544445091922 54
1740002356764 6.03000701097339 55
1740002356844 3.1100958881679976 56
1740002356923 4.7996708428136055 57
1740002357002 3.946209466358186 58
1740002357081 4.766367702503032 59
1740002357161 4.125105004481595 60
1740002357240 6.314579400161894 61
1740002357324 3.745992274198051 62
1740002357405 5.322084734158554 63
1740002357485 2.1491855677900116 64
1740002357566 5.576938382158438 65
1740002357647 3.382053791858515 66
1740002357726 2.005991120621891 67
1740002357805 4.157102037268852 68
1740002357890 3.09118752556611 69
1740002357970 3.645053579227794 70
1740002358053 13.09310164592471 71
1740002358135 3.3587251634077475 72
1740002358218 3.046343092635907 73
1740002358312 5.101606304349597 74
1740002358397 4.753015548308633 75
1740002358477 6.561054227276366 76
1740002358557 7.762796574191619 77
1740002358645 5.0181385731103925 78
1740002358725 5.916163211074543 79
1740002358805 6.639191651823909 80
1740002358888 5.0728938267189685 81
1740002358967 4.432126855963003 82
1740002359048 2.5056320765281033 83
1740002359128 1.59141779890298 84
1740002359207 7.156429100594095 85
1740002359286 6.483356595201848 86
1740002359368 7.167316693345542 87
1740002359447 5.744955035752379 88
1740002359525 3.5026495188059217 89
1740002359607 7.905837060488413 90
1740002359687 6.216164953918007 91
1740002359766 4.536439588043498 92
1740002359847 3.2576107470007543 93
1740002359929 3.089335117191058 94
1740002360009 4.910040211685974 95
1740002360091 7.867522002587693 96
1740002360170 4.443799346269418 97
1740002360248 4.501252225146647 98
1740002360327 6.463172413401431 99
1740002360408 4.187741341485138 100
1740002360488 4.56574398073421 101
1740002360566 6.538144692626439 102
1740002360650 7.149588370227584 103
1740002360730 5.175204215705918 104
1740002360811 7.138155028453592 105
1740002360892 3.685303329310678 106
1740002360971 7.322345052077361 107
1740002361052 4.845721722458875 108
1740002361133 5.230953009594959 109
1740002361213 0.8204629021033587 110
1740002361292 3.0922275300523117 111
1740002361373 6.383973641108683 112
1740002361455 3.229150470136023 113
1740002361537 3.8290301245300618 114
1740002361619 4.707561093778753 115
1740002361700 4.7846914858411544 116
1740002361779 3.9350993525054223 117
1740002361866 5.5297019576430735 118
1740002361950 2.711622669658882 119
1740002362030 4.663630148105619 120
1740002362109 5.503705997907475 121
1740002362190 3.360094321041752 122
1740002362271 7.143876296733374 123
1740002362350 4.213930409075621 124
1740002362430 6.457422848085431 125
1740002362512 1.6023057347610807 126
1740002362589 4.955653421229816 127
1740002362673 3.7873657901711257 128
1740002362753 3.522268649032457 129
1740002362834 3.8418953765424755 130
1740002362913 5.439876814814331 131
1740002362992 7.484279679149348 132
1740002363071 2.3074485486015224 133
1740002363150 5.822584172822402 134
1740002363231 6.8026373313303745 135
1740002363311 6.559633954240048 136
1740002363391 5.262632043277367 137
1740002363470 3.7082173651915937 138
1740002363551 5.541970644077502 139
1740002363631 6.08104638422599 140
1740002363712 4.62459126655217 141
1740002363793 5.04703820823769 142
1740002363872 5.139589893411095 143
1740002363952 4.68765480594565 144
1740002364031 4.297049874701211 145
1740002364111 3.4901716077136826 146
1740002364193 7.851271121682792 147
1740002364273 6.700879187658188 148
1740002364353 5.536476883429663 149
1740002364432 4.639849027105597 150
1740002364514 7.1750148584614335 151
1740002364595 2.2998128584959767 152
1740002364675 4.913362957082711 153
1740002364760 7.913607673941114 154
1740002364843 3.075769994953278 155
1740002364924 4.684951030016852 156
1740002365002 4.74152968176159 157
1740002365082 4.33720946396846 158
1740002365163 5.332933680527919 159
1740002365243 4.37596453139494 160
1740002365323 4.395097931547858 161
1740002365404 4.121011743074239 162
1740002365482 4.254821765952177 163
1740002365561 5.549660695354479 164
1740002365643 4.785970892039938 165
1740002365722 5.1163926681454965 166
1740002365800 3.8312840706042643 167
1740002365879 4.150230180616634 168
1740002365958 3.14341412127988 169
1740002366036 4.2273112313947445 170
1740002366116 4.274600904549066 171
1740002366194 4.092399665760919 172
1740002366273 5.156916381377304 173
1740002366353 5.776835019329911 174
1740002366433 5.395478044080347 175
1740002366514 5.759888834800549 176
1740002366593 4.232425301498802 177
1740002366676 4.099067482421792 178
1740002366760 4.753103138154939 179
1740002366844 2.974175474032811 180
1740002366924 3.842523013641017 181
1740002367003 4.355881679906189 182
1740002367084 3.507327664860591 183
1740002367166 5.702345528123824 184
1740002367246 5.064733545459426 185
1740002367328 3.9934966985045492 186
1740002367473 5.057606634274873 187
1740002367553 4.139046752329823 188
1740002367632 3.039852533105056 189
1740002367715 5.445528206415156 190
1740002367798 7.013747042929023 191
1740002367882 10.612996845326865 192
1740002367962 4.8386341047015184 193
1740002368042 2.867742749151989 194
1740002368122 1.825034125353381 195
1740002368201 3.87944461141309 196
1740002368282 5.258435024918476 197
1740002368381 5.7327019095877025 198
1740002368462 3.209731347514623 199
1740002368544 1.1486827263289163 200
1740002368624 7.112070788765961 201
1740002368706 7.996740707325941 202
1740002368793 4.646140827939635 203
1740002368877 5.441271983446075 204
1740002368956 4.7212698649808384 205
1740002369035 3.084456077070271 206
1740002369116 3.6969930380495386 207
1740002369196 4.852161455974898 208
1740002369274 6.334946577115375 209
1740002369353 2.512483947146518 210
1740002369433 2.8387326484259066 211
1740002369512 7.669457078310169 212
1740002369592 4.224963235579359 213
1740002369672 4.552515693200158 214
1740002369750 5.270351617127927 215
1740002369832 4.554567058459463 216
1740002369912 3.816371393769112 217
1740002369991 7.9245204669875395 218
1740002370072 7.516081346273732 219
1740002370153 3.0427108314205515 220
1740002370233 1.372557286581607 221
1740002370315 5.153270573323636 222
1740002370397 4.314543166739642 223
1740002370477 4.293059814283486 224
1740002370558 6.218723226941746 225
1740002370639 3.5840392797377443 226
1740002370721 5.113603192282566 227
1740002370808 3.5127980916686625 228
1740002370894 6.42096890673589 229
1740002370975 4.083935673556262 230
1740002371055 3.284854249336165 231
1740002371133 6.158402079204488 232
1740002371214 6.5014379552607995 233
1740002371294 6.666061046298056 234
1740002371373 3.8377906969608118 235
1740002371458 5.988737636290971 236
1740002371541 4.5991993086769565 237
1740002371621 2.4519557524522733 238
1740002371701 4.38810586485053 239
1740002371780 7.030072862281486 240
1740002371863 4.76357845308566 241
1740002371944 1.7019669976720346 242
1740002372023 6.7656223686053965 243
1740002372103 4.381746588455654 244
1740002372183 5.2725634787627325 245
1740002372263 5.419652191883 246
1740002372344 7.371763128118964 247
1740002372424 4.594185569905532 248
1740002372507 3.915434947694819 249
1740002372586 2.8474299988844476 250
1740002372667 3.771949961350552 251
1740002372749 6.957054489635588 252
1740002372833 3.0518569456625424 253
1740002372924 4.832844416385879 254
1740002373005 3.078948454362299 255
1740002373084 3.076050415997285 256
1740002373166 8.974720624094475 257
1740002373246 5.388881699636621 258
1740002373386 4.325057926848901 259
1740002373467 2.3215102770894016 260
1740002373548 4.562049687174896 261
1740002373629 4.237452377266081 262
1740002373711 5.191637643904677 263
1740002373790 5.786611333547797 264
1740002373874 1.8144322593428712 265
1740002373955 4.607163525734708 266
1740002374077 4.3937336580905315 267
1740002374159 5.140536024001657 268
1740002374241 5.382590884168585 269
1740002374323 2.4325666707725437 270
1740002374405 7.640958845562517 271
1740002374485 6.053536629726063 272
1740002374565 3.116000011990678 273
1740002374647 4.929924314224894 274
1740002374728 4.231560849286653 275
1740002374810 2.6601775426628453 276
1740002374901 4.464623064329938 277
1740002374985 4.766761630067687 278
1740002375065 3.744576578370136 279
1740002375144 2.353001835442357 280
1740002375224 5.466741465802766 281
1740002375307 3.5341289529131648 282
1740002375387 3.9742581809893154 283
1740002375466 3.4761215249499506 284
1740002375545 5.191313785008146 285
1740002375623 3.345513418787199 286
1740002375704 5.696481156598835 287
1740002375785 3.8276139341853543 288
1740002375866 6.680028563257466 289
1740002375944 3.5811227097291267 290
1740002376025 2.647513325714336 291
1740002376104 3.948847590613735 292
1740002376182 5.412827792254265 293
1740002376261 5.302157310939949 294
1740002376339 6.514776472038491 295
1740002376421 8.360656490048134 296
1740002376501 3.645147110814641 297
1740002376579 3.017314675799102 298
1740002376664 5.165452157148149 299
1740002376747 4.658618667776227 300
1740002376827 4.615828360151478 301
1740002376918 4.413363944348774 302
1740002377001 4.5607198125384825 303
1740002377083 3.1522433507413052 304
1740002377164 3.0522106231429444 305
1740002377243 4.303906626253662 306
1740002377328 4.150095445069074 307
1740002377408 4.921621026314032 308
1740002377487 5.649994298200042 309
1740002377566 3.8101273376993694 310
1740002377647 4.389524568020022 311
1740002377730 6.1504488616786865 312
1740002377811 5.8710594577230015 313
1740002377896 4.015430266125849 314
1740002377978 4.4180513569052025 315
1740002378061 5.78460028871649 316
1740002378143 5.645976043070978 317
1740002378222 4.516790616882853 318
1740002378303 6.046591797290486 319
1740002378384 3.46776603001562 320
1740002378480 5.5102593011938295 321
1740002378564 8.118355946952803 322
1740002378646 5.305920696409555 323
1740002378731 3.999895460761038 324
1740002378813 6.55604201602829 325
1740002378897 7.735422771963601 326
1740002378983 4.140367867748038 327
1740002379066 7.709889186994364 328
1740002379149 4.601252045394471 329
1740002379229 3.067397731436597 330
1740002379316 10.176664672849038 331
1740002379399 4.365412252205528 332
1740002379478 1.1768375757389995 333
1740002379560 5.247603285960736 334
1740002379641 7.242053075618965 335
1740002379724 8.505161368655191 336
1740002379806 1.774903576088989 337
1740002379896 4.961140858484864 338
1740002379997 2.8152969565080377 339
1740002380084 3.4920763793911096 340
1740002380167 1.5655694492108643 341
1740002380245 3.6573012461220062 342
1740002380326 3.3983447304691783 343
1740002380408 5.392877274645483 344
1740002380489 5.322224264730069 345
1740002380571 4.065210456253369 346
1740002380652 5.623046570203501 347
1740002380733 4.080680485820186 348
1740002380848 3.13884648537072 349
1740002380934 6.866777797856089 350
1740002381020 7.664940145829341 351
1740002381103 3.77372808010581 352
1740002381183 4.986023774082221 353
1740002381263 3.353823643853535 354
1740002381352 4.403703073146528 355
1740002381436 3.5667146372386136 356
1740002381516 3.4836220242953377 357
1740002381596 4.270602148365385 358
1740002381677 4.934865918051637 359
1740002381758 7.311913505427891 360
1740002381839 4.684330192074419 361
1740002381918 7.05285469603009 362
1740002381996 3.5193785950425287 363
1740002382075 4.345704463412064 364
1740002382156 3.4408709443387937 365
1740002382236 6.454994159130844 366
1740002382318 5.744338325321707 367
1740002382398 5.151897680104102 368
1740002382476 4.313237210494883 369
1740002382557 5.268480638641042 370
1740002382636 4.351778553246978 371
1740002382718 5.122969580494167 372
1740002382803 4.8961745763466755 373
1740002382903 5.3091466532412825 374
1740002382993 3.45225367674854 375
1740002383081 6.424393712960097 376
1740002383161 4.189454728517744 377
1740002383242 2.553893275333642 378
1740002383330 5.641057190290762 379
1740002383412 3.6447377558231113 380
1740002383492 6.793516697772152 381
1740002383571 5.953403344896472 382
1740002383653 6.5775196887525444 383
1740002383740 3.652428227412837 384
1740002383820 6.989740597044706 385
1740002383907 6.554979074855863 386
1740002383986 7.286600034316665 387
1740002384066 2.541895150015718 388
1740002384151 7.025350935272635 389
1740002384232 4.488074227343767 390
1740002384315 5.228808323412538 391
1740002384395 4.717237484748128 392
1740002384474 6.4710985989640015 393
1740002384553 3.23476387205735 394
1740002384633 3.7784045196334466 395
1740002384713 3.405588010105755 396
1740002384793 6.338576766828269 397
1740002384882 3.935374349719663 398
1740002384985 4.232149442769824 399
1740002385077 7.83285503218567 400
1740002385164 2.6543061467487954 401
1740002385245 7.555542740976091 402
1740002385328 5.352158549153917 403
1740002385416 4.610136974539986 404
1740002385498 2.820074104148174 405
1740002385577 3.638507756950356 406
1740002385655 3.607568651451647 407
1740002385735 6.507083749309148 408
1740002385813 8.521166365822 409
1740002385904 2.418650580015548 410
1740002385984 3.100087838610623 411
1740002386064 4.989348556547096 412
1740002386144 5.7292482287502065 413
1740002386226 2.53490408281352 414
1740002386306 6.902218050507938 415
1740002386387 3.937714989751666 416
1740002386469 6.896342388609699 417
1740002386548 4.714692344841057 418
1740002386627 4.251026177636288 419
1740002386709 5.619610373378604 420
1740002386789 7.680029446779094 421
1740002386872 4.782806414048363 422
1740002386951 11.393721965676141 423
1740002387031 8.053383953881013 424
1740002387117 5.353114193119643 425
1740002387196 3.927756973027373 426
1740002387275 8.413397395149449 427
1740002387358 6.533670651343532 428
1740002387438 3.106527995953128 429
1740002387516 10.24893027678455 430
1740002387595 4.792896659099043 431
1740002387676 5.488966519465353 432
1740002387756 5.394684378432418 433
1740002387839 6.6573403486291625 434
1740002387920 6.902493349275975 435
1740002388002 5.437647743130415 436
1740002388090 3.5107760168607216 437
1740002388173 2.1770125872050468 438
1740002388256 6.694080640097777 439
1740002388337 2.3314792151087738 440
1740002388420 5.423046118440176 441
1740002388508 5.427912943355622 442
1740002388598 4.425304080759301 443
1740002388682 5.806220681346244 444
1740002388763 3.8010946432066306 445
1740002388847 2.0452201903696237 446
1740002388926 4.097499257042632 447
1740002389007 4.698948337016502 448
1740002389087 6.137927582800215 449
1740002389172 5.791122145933036 450
1740002389252 1.23059530386016 451
1740002389335 4.473727479638902 452
1740002389414 4.390057500012038 453
1740002389495 8.349984085786229 454
1740002389575 4.204803286284181 455
1740002389655 6.008824944471688 456
1740002389738 3.410347649619407 457
1740002389818 6.669479779386507 458
1740002389946 8.434304592092895 459
1740002390026 4.800702484116469 460
1740002390104 4.4079452366514555 461
1740002390184 7.964225488343443 462
1740002390264 3.460477894718784 463
1740002390343 4.780119663436406 464
1740002390423 5.075073289273226 465
1740002390502 0.9578859555122777 466
1740002390582 3.5721059893226763 467
1740002390662 3.0110812498206565 468
1740002390741 4.26842268830182 469
1740002390822 5.139164327277141 470
1740002390906 5.369618283713208 471
1740002390986 4.250030596090926 472
1740002391065 3.5358038081596437 473
1740002391150 4.561299356823238 474
1740002391235 5.743354831652791 475
1740002391317 4.133822532093124 476
1740002391397 3.3108362795968893 477
1740002391479 6.8806358334584425 478
1740002391558 5.032322667851376 479
1740002391641 4.78125462656743 480
1740002391720 0.29451047793283086 481
1740002391799 4.276208340908598 482
1740002391882 4.365314411754333 483
1740002391962 4.468841629583753 484
1740002392044 5.972633435498738 485
1740002392123 5.342392381359299 486
1740002392203 7.296756770031138 487
1740002392289 2.8976941936566125 488
1740002392370 4.155181304615894 489
1740002392449 2.1978216056779316 490
1740002392530 5.158283170830521 491
1740002392610 7.905058010563401 492
1740002392692 6.481727910572918 493
1740002392772 9.749156002640285 494
1740002392853 3.967789110116975 495
1740002392933 6.869434056170584 496
1740002393012 4.467162235552049 497
1740002393093 3.4042951816053058 498
1740002393173 6.387123321199983 499
