1739971793966 6.624481820639689 0
1739971793994 5.391221584509745 1
1739971794023 5.019123720844428 2
1739971794057 4.64819725829751 3
1739971794081 4.346005211004112 4
1739971794105 4.093380711374308 5
1739971794128 3.8792587442803894 6
1739971794150 3.6989486106449583 7
1739971794174 3.5424832011340706 8
1739971794195 3.405939010961975 9
1739971794216 3.2859912264126305 10
1739971794242 3.1792452359835743 11
1739971794265 3.0835823706225214 12
1739971794291 2.9972658368663603 13
1739971794312 2.918527788349365 14
1739971794336 2.8470054270109113 15
1739971794359 2.7807885927852256 16
1739971794382 2.720168633175653 17
1739971794408 2.663386499539609 18
1739971794432 2.610081119944695 19
1739971794459 2.5610860472025854 20
1739971794485 2.5146843606605973 21
1739971794510 2.4711738567286874 22
1739971794533 2.4301471005170248 23
1739971794561 2.3909990929808256 24
1739971794586 2.3539425409805395 25
1739971794617 2.3189742390685106 26
1739971794644 2.285147104584642 27
1739971794668 2.2532323856735346 28
1739971794694 2.2228410185270953 29
1739971794716 2.1933621151365377 30
1739971794741 2.1660310880572964 31
1739971794763 2.1395755968897925 32
1739971794786 2.11414027177448 33
1739971794808 2.0895065897798366 34
1739971794830 2.0658984995851526 35
1739971794854 2.042837254907657 36
1739971794881 2.0206832333851117 37
1739971794905 1.9995735998152266 38
1739971794927 1.978313642139589 39
1739971794949 1.958462232241208 40
1739971794971 1.939150913433589 41
1739971794996 1.9199613967675482 42
1739971795019 1.9018950859876247 43
1739971795043 1.8837686510762217 44
1739971795070 1.8665347877923593 45
1739971795117 1.8497271350743731 46
1739971795142 1.8334351686395671 47
1739971795164 1.8174437478706051 48
1739971795189 1.801745016911371 49
1739971795211 1.7861117965466362 50
1739971795235 1.7712062558631316 51
1739971795257 1.7569827516716359 52
1739971795281 1.7419896661338032 53
1739971795303 1.728319855540075 54
1739971795324 1.7146158580954236 55
1739971795346 1.7010683022717008 56
1739971795367 1.68779619161461 57
1739971795393 1.6747587707518392 58
1739971795415 1.6620282797087578 59
1739971795437 1.6495226829466347 60
1739971795459 1.637386049670898 61
1739971795482 1.6254644316174984 62
1739971795504 1.6133581744468886 63
1739971795525 1.6016117602839004 64
1739971795547 1.5898384596218087 65
1739971795568 1.5787124415697793 66
1739971795589 1.5677317229070808 67
1739971795613 1.556938009073376 68
1739971795634 1.5463247668680593 69
1739971795657 1.535189203941824 70
1739971795680 1.5247400229739343 71
1739971795701 1.514727498076624 72
1739971795722 1.5045455241142447 73
1739971795745 1.4942087837299372 74
1739971795766 1.4844815271441676 75
1739971795788 1.4747854976769417 76
1739971795810 1.4645213896905314 77
1739971795836 1.455463755206963 78
1739971795860 1.4460611421402318 79
1739971795885 1.4370951959340914 80
1739971795905 1.4280455451119602 81
1739971795926 1.4191783760517809 82
1739971795948 1.4105516955748578 83
1739971795970 1.4009970187908194 84
1739971795993 1.3929461158484988 85
1739971796014 1.3849089744710275 86
1739971796036 1.3766037722049396 87
1739971796058 1.3683449125241556 88
1739971796095 1.3607369741555633 89
1739971796138 1.351685933211783 90
1739971796167 1.3447223362332137 91
1739971796197 1.3364821121359665 92
1739971796221 1.3286527522795504 93
1739971796245 1.3215267270897026 94
1739971796268 1.3142002783462772 95
1739971796292 1.306274926398437 96
1739971796316 1.299130570720895 97
1739971796342 1.2916091737385793 98
1739971796367 1.2847025171319033 99
1739971796397 1.2772362678478135 100
1739971796423 1.2705197682110263 101
1739971796449 1.2632463013982238 102
1739971796475 1.2562375635840515 103
1739971796503 1.2495719408664547 104
1739971796528 1.2430491611878103 105
1739971796555 1.2367319370271892 106
1739971796580 1.2291063597974927 107
1739971796608 1.2229759431743237 108
1739971796632 1.2159426861896283 109
1739971796658 1.2098409550639695 110
1739971796682 1.2035236660490782 111
1739971796707 1.1970839736231804 112
1739971796732 1.1907951935119443 113
1739971796758 1.1848488214882862 114
1739971796783 1.1786154704455654 115
1739971796807 1.1724819332096483 116
1739971796830 1.1662380810670405 117
1739971796853 1.1600940884371558 118
1739971796878 1.1541570253876718 119
1739971796902 1.1485170403541904 120
1739971796924 1.1429444917324405 121
1739971796946 1.1365807832340766 122
1739971796967 1.1309088151341782 123
1739971796989 1.125376355681403 124
1739971797011 1.1199512794119184 125
1739971797032 1.1138468729480309 126
1739971797054 1.108464849862979 127
1739971797076 1.1031941861156846 128
1739971797099 1.0977575070039356 129
1739971797126 1.09224564350261 130
1739971797151 1.0869771887659831 131
1739971797182 1.0818480012452623 132
1739971797215 1.0762366917598623 133
1739971797241 1.0712997639884787 134
1739971797266 1.0656650698172372 135
1739971797300 1.0606217838694239 136
1739971797328 1.055909233341504 137
1739971797353 1.050494737715456 138
1739971797380 1.0461118143380363 139
1739971797404 1.0411714605460927 140
1739971797427 1.035154554544603 141
1739971797448 1.0309608638227303 142
1739971797469 1.025854067150382 143
1739971797491 1.0212075142059853 144
1739971797513 1.0164742698490314 145
1739971797534 1.0114679002454205 146
1739971797557 1.0071996053539083 147
1739971797584 1.0021519687487392 148
1739971797613 0.9977553249884309 149
1739971797637 0.9932851646305225 150
1739971797662 0.9883412602563375 151
1739971797688 0.9839033764625763 152
1739971797713 0.9792823920419983 153
1739971797738 0.975324016926007 154
1739971797763 0.9704742280267353 155
1739971797788 0.96630078169497 156
1739971797811 0.9614500666485712 157
1739971797834 0.9575242842665856 158
1739971797858 0.953042353128711 159
1739971797882 0.9491675972922989 160
1739971797906 0.9451438739995706 161
1739971797928 0.9399007757985373 162
1739971797950 0.9362723426344067 163
1739971797971 0.9321118082768403 164
1739971797994 0.9281650868056375 165
1739971798016 0.9239899566592722 166
1739971798039 0.9201832481288937 167
1739971798060 0.9154843072908613 168
1739971798081 0.9118016258002263 169
1739971798104 0.9077196640933457 170
1739971798128 0.9040017889941161 171
1739971798152 0.9002709556868937 172
1739971798175 0.8958043249911398 173
1739971798198 0.8918596802822294 174
1739971798221 0.888336316922065 175
1739971798244 0.8845363972105341 176
1739971798267 0.8806799461462731 177
1739971798319 0.8770680550485058 178
1739971798345 0.8733395945435456 179
1739971798369 0.8690320667812115 180
1739971798396 0.8657524547062183 181
1739971798421 0.8619580336347371 182
1739971798446 0.8583494036267546 183
1739971798470 0.8551276285357451 184
1739971798494 0.8510861144936699 185
1739971798517 0.8473634574267821 186
1739971798542 0.843934364911396 187
1739971798565 0.840204969438992 188
1739971798589 0.837064879582563 189
1739971798615 0.8336313798026206 190
1739971798640 0.830163384165834 191
1739971798664 0.826315311775348 192
1739971798689 0.822688787575176 193
1739971798715 0.8195477725379055 194
1739971798741 0.8165055384419591 195
1739971798765 0.8126628314840046 196
1739971798790 0.809381901438103 197
1739971798815 0.8061054171936423 198
1739971798839 0.8023638238061881 199
1739971798864 0.7995257098665353 200
1739971798887 0.7963037622885409 201
1739971798911 0.7926850021146827 202
1739971798934 0.7896204445575433 203
1739971798957 0.7858824269978322 204
1739971798980 0.7833027103949066 205
1739971799001 0.7799945673044074 206
1739971799024 0.7765987011654804 207
1739971799048 0.7737215592793389 208
1739971799071 0.770236152777909 209
1739971799095 0.7673945564001726 210
1739971799120 0.7642683987012623 211
1739971799144 0.7613243544795149 212
1739971799168 0.7578455438380836 213
1739971799192 0.7552123603028564 214
1739971799215 0.7516973387982933 215
1739971799238 0.7490563584123036 216
1739971799259 0.7460891608274915 217
1739971799283 0.7432614751206755 218
1739971799305 0.7399868934008935 219
1739971799329 0.7367066613933402 220
1739971799351 0.7341862070292376 221
1739971799377 0.7315440595500581 222
1739971799402 0.7285984423924816 223
1739971799426 0.7251283757859488 224
1739971799452 0.7226113860518832 225
1739971799476 0.7196369365175329 226
1739971799500 0.7169340834509494 227
1739971799524 0.714350507213602 228
1739971799547 0.7111682700716137 229
1739971799570 0.7082665844517181 230
1739971799595 0.7054508899341664 231
1739971799620 0.702884455385994 232
1739971799643 0.7000565304941319 233
1739971799667 0.6974011230753734 234
1739971799691 0.694528362590922 235
1739971799714 0.6919757260714513 236
1739971799737 0.689393579580343 237
1739971799761 0.6865304378331948 238
1739971799786 0.6840795962435919 239
1739971799811 0.6813311654931075 240
1739971799834 0.6785307025707026 241
1739971799857 0.6759796954263652 242
1739971799881 0.6735638593337882 243
1739971799908 0.6713267102075111 244
1739971799931 0.6678754590460777 245
1739971799955 0.6656248018925539 246
1739971799979 0.6631954448911129 247
1739971800003 0.6607715129059633 248
1739971800028 0.65851302219847 249
1739971800052 0.6558524089289012 250
1739971800075 0.6528694019507749 251
1739971800098 0.6507765029572221 252
1739971800122 0.6485813657192864 253
1739971800146 0.646087397918088 254
1739971800169 0.6431852755437296 255
1739971800192 0.6409969218116802 256
1739971800214 0.6387021029819168 257
1739971800237 0.6364983659212757 258
1739971800259 0.6337663394676144 259
1739971800280 0.6312438048013228 260
1739971800301 0.6290184917808631 261
1739971800324 0.6270113723661648 262
1739971800345 0.6243582629349682 263
1739971800366 0.6221086157200857 264
1739971800391 0.6192133374104045 265
1739971800415 0.6175855891207088 266
1739971800439 0.6153261746926364 267
1739971800462 0.6128437427333219 268
1739971800486 0.6106487487614584 269
1739971800510 0.6081828095679381 270
1739971800534 0.606303583668114 271
1739971800557 0.6039703693696423 272
1739971800581 0.601607641910505 273
1739971800606 0.5995778464617088 274
1739971800632 0.5970809898507564 275
1739971800657 0.5949598619258398 276
1739971800681 0.5926399654923982 277
1739971800706 0.5911022505686105 278
1739971800731 0.5877482665667466 279
1739971800755 0.5862803237262323 280
1739971800779 0.5841212861424775 281
1739971800803 0.5823052491714124 282
1739971800828 0.5801125834862986 283
1739971800853 0.5774732415510848 284
1739971800878 0.5754817305381411 285
1739971800902 0.5734828172498265 286
1739971800927 0.5717124710695526 287
1739971800951 0.5694772903002342 288
1739971800976 0.5675097028814289 289
1739971801001 0.5654237016968612 290
1739971801026 0.5635232135645972 291
1739971801051 0.5614890922222677 292
1739971801077 0.5589674967488804 293
1739971801103 0.5571717486252914 294
1739971801134 0.5555025329108906 295
1739971801164 0.5534303475684738 296
1739971801192 0.5516271442686552 297
1739971801216 0.5491803177545299 298
1739971801241 0.5477292322390424 299
1739971801266 0.5454113653887801 300
1739971801289 0.5440056577895255 301
1739971801313 0.5415458482586432 302
1739971801337 0.5398071283143576 303
1739971801361 0.537421029160388 304
1739971801385 0.5360903513528028 305
1739971801409 0.5342882705759922 306
1739971801432 0.5320955002479568 307
1739971801456 0.5302908669987392 308
1739971801480 0.5286757723672405 309
1739971801503 0.5264996249933859 310
1739971801527 0.5244488389140969 311
1739971801550 0.5225358615725441 312
1739971801574 0.5212611619494358 313
1739971801597 0.5189712065435822 314
1739971801623 0.5174126753476197 315
1739971801648 0.5152885115303897 316
1739971801671 0.5136650156777552 317
1739971801694 0.5119816250542246 318
1739971801717 0.5100001151081618 319
1739971801740 0.5084270013540588 320
1739971801763 0.506351083704059 321
1739971801784 0.5045874190338417 322
1739971801806 0.5031009098129997 323
1739971801827 0.501515877163925 324
1739971801850 0.4996904041477332 325
1739971801872 0.4978368441796801 326
1739971801893 0.4962013831532237 327
1739971801916 0.4941833305956908 328
1739971801941 0.4928218935253251 329
1739971801964 0.4908369769262628 330
1739971801986 0.48964078148010176 331
1739971802007 0.4877906411367899 332
1739971802029 0.4861974645313437 333
1739971802051 0.48387393485504815 334
1739971802072 0.4827010019690364 335
1739971802093 0.48105710707644705 336
1739971802116 0.4796274989799832 337
1739971802140 0.47755023460499074 338
1739971802163 0.47613737169756576 339
1739971802186 0.4742720635322275 340
1739971802209 0.4732881395788388 341
1739971802233 0.47136244588140125 342
1739971802256 0.4693620426379439 343
1739971802282 0.4680497025076766 344
1739971802305 0.46667407726337756 345
1739971802329 0.4648849974396405 346
1739971802353 0.46301157345793714 347
1739971802377 0.4620218414377897 348
1739971802400 0.46015363351869254 349
1739971802424 0.45885848305528315 350
1739971802447 0.4567959797990749 351
1739971802470 0.45559278954115345 352
1739971802492 0.4542112487078776 353
1739971802513 0.4524976008261529 354
1739971802536 0.4511812142697294 355
1739971802560 0.44967139215935403 356
1739971802582 0.44799247399289865 357
1739971802606 0.4464387517001149 358
1739971802628 0.44545210742400243 359
1739971802653 0.4437628003464257 360
1739971802677 0.44188853670701833 361
1739971802701 0.44087657759824206 362
1739971802725 0.4392843200298873 363
1739971802749 0.4376045265705184 364
1739971802773 0.4365906922216686 365
1739971802796 0.43507691113836094 366
1739971802822 0.43388693358849967 367
1739971802850 0.4319323475933886 368
1739971802878 0.43065583850053213 369
1739971802905 0.42950881248049516 370
1739971802931 0.4280942174702918 371
1739971802967 0.4263630659482164 372
1739971803001 0.42530669743789534 373
1739971803035 0.42400859596054635 374
1739971803066 0.4220491299211542 375
1739971803092 0.42131437476025707 376
1739971803118 0.4200157295528878 377
1739971803149 0.4184121519513301 378
1739971803176 0.4169681473827448 379
1739971803200 0.4158407683140329 380
1739971803225 0.41457390648067216 381
1739971803251 0.4131760233120736 382
1739971803274 0.4118766082763887 383
1739971803297 0.4100970891351916 384
1739971803320 0.40944433135148145 385
1739971803341 0.4077896502271879 386
1739971803364 0.40673685402771714 387
1739971803387 0.405251072069579 388
1739971803409 0.403700418176157 389
1739971803431 0.4029868575996058 390
1739971803455 0.40177069954234845 391
1739971803479 0.3999165516504257 392
1739971803502 0.3992961433592171 393
1739971803526 0.39749139126769717 394
1739971803550 0.39676636539641447 395
1739971803574 0.39504376018790943 396
1739971803598 0.39403007709872134 397
1739971803687 0.3930563384928458 398
1739971803714 0.3914141618686755 399
1739971803738 0.3901518093646433 400
1739971803761 0.3890616259348395 401
1739971803784 0.3880363196217528 402
1739971803805 0.3871152447325428 403
1739971803825 0.3855798199474465 404
1739971803847 0.38395404982493003 405
1739971803869 0.3833361507790914 406
1739971803892 0.38195284314050937 407
1739971803914 0.3810900720814669 408
1739971803937 0.3796046633421785 409
1739971803961 0.378175795360038 410
1739971803984 0.37759013643878747 411
1739971804008 0.3760617354696138 412
1739971804031 0.37505926847049287 413
1739971804055 0.37405286889582323 414
1739971804079 0.3724451251820265 415
1739971804103 0.37165003937996166 416
1739971804127 0.37022675411615336 417
1739971804151 0.3695039334566284 418
1739971804175 0.36835327835091386 419
1739971804199 0.36689823587628 420
1739971804223 0.36604283206413585 421
1739971804247 0.36473586707991945 422
1739971804271 0.3637590123946043 423
1739971804294 0.36290530128422416 424
1739971804317 0.3617184537004237 425
1739971804340 0.36007626691450123 426
1739971804364 0.35908103156747834 427
1739971804388 0.35844332760473674 428
1739971804411 0.35735173157741024 429
1739971804434 0.35624920190320075 430
1739971804458 0.3547300273413947 431
1739971804482 0.3536045609285691 432
1739971804507 0.3532069324484305 433
1739971804531 0.3514547396261173 434
1739971804558 0.35069721146579796 435
1739971804584 0.3499500094745288 436
1739971804609 0.348158524442184 437
1739971804633 0.34728123637964914 438
1739971804659 0.34684794936793084 439
1739971804684 0.34546999329593836 440
1739971804708 0.3444009387394538 441
1739971804731 0.34298310153842565 442
1739971804754 0.34220318635922753 443
1739971804778 0.34142442329717343 444
1739971804801 0.3403065796781211 445
1739971804824 0.3393421329508667 446
1739971804847 0.3375763883880927 447
1739971804871 0.337271840848818 448
1739971804894 0.33607154659902494 449
1739971804917 0.3349596473068536 450
1739971804940 0.33435734180582494 451
1739971804964 0.3326292365818277 452
1739971804988 0.3317163482482121 453
1739971805011 0.33116081820934645 454
1739971805035 0.3296993934729752 455
1739971805059 0.32875622628433276 456
1739971805082 0.3280812014701137 457
1739971805106 0.326971298758826 458
1739971805132 0.3254586677400718 459
1739971805155 0.32506686016338426 460
1739971805178 0.32398463617573897 461
1739971805201 0.3226837155196916 462
1739971805223 0.32191942574977656 463
1739971805244 0.32115163617851583 464
1739971805265 0.3198594572698844 465
1739971805287 0.31920842115721243 466
1739971805309 0.3178284436017232 467
1739971805329 0.31699681455291356 468
1739971805350 0.31640710777990994 469
1739971805373 0.31511882047509515 470
1739971805398 0.3144089128425907 471
1739971805421 0.31293290959723497 472
1739971805444 0.3124359450879007 473
1739971805467 0.3115087807948032 474
1739971805490 0.31062639249056373 475
1739971805514 0.30978350620546136 476
1739971805537 0.3085952745462856 477
1739971805561 0.3079305404984427 478
1739971805585 0.30685401756383296 479
1739971805609 0.3061510386481307 480
1739971805633 0.3045689922172343 481
1739971805657 0.30424948574982985 482
1739971805680 0.3035782633779034 483
1739971805703 0.30240960563718655 484
1739971805727 0.30154932142266916 485
1739971805750 0.30044352233124694 486
1739971805774 0.299832835855146 487
1739971805797 0.2986512647621665 488
1739971805820 0.2982532687744033 489
1739971805844 0.2969674716953245 490
1739971805867 0.29630617232938306 491
1739971805891 0.2953500790213589 492
1739971805915 0.2946268342204536 493
1739971805938 0.29370125980017914 494
1739971805961 0.2927289053033961 495
1739971805986 0.29232968870276366 496
1739971806012 0.29091608868508617 497
1739971806035 0.29068799942654605 498
1739971806059 0.28972118857641205 499
