1740002674329 4.950448414761377 0
1740002674477 7.090574812112743 1
1740002674558 3.890565262880708 2
1740002674640 3.857061136122417 3
1740002674720 5.185889635091963 4
1740002674798 6.825320426628352 5
1740002674880 3.9186543012822828 6
1740002674960 2.955034162854072 7
1740002675040 4.847306349499657 8
1740002675119 4.411602379480675 9
1740002675198 3.7577625066252303 10
1740002675276 6.617753443484709 11
1740002675356 4.442356728896955 12
1740002675436 5.766241215017904 13
1740002675519 5.919275305571156 14
1740002675599 5.477032766313398 15
1740002675678 4.040991417203172 16
1740002675758 5.57810779833105 17
1740002675837 6.979667155448412 18
1740002675967 2.047644953072063 19
1740002676047 4.190647367650794 20
1740002676127 3.3339187208096583 21
1740002676208 4.47604936910702 22
1740002676286 5.695677789297632 23
1740002676365 5.684056417544275 24
1740002676444 3.7625610903791746 25
1740002676525 4.031193058956219 26
1740002676610 5.80818429131556 27
1740002676690 3.240352467123351 28
1740002676768 2.2846485605043325 29
1740002676850 4.645296818725223 30
1740002676933 4.273234979330864 31
1740002677013 6.445381987340341 32
1740002677090 5.954101927105704 33
1740002677168 4.675242333569065 34
1740002677246 6.39269364913453 35
1740002677326 3.853318565392123 36
1740002677408 6.514234082664719 37
1740002677486 6.642677623927664 38
1740002677565 4.780726891312395 39
1740002677645 5.352231637045764 40
1740002677725 2.639320101583809 41
1740002677803 4.078496234275732 42
1740002677884 5.677134078157088 43
1740002677963 2.2945360701830406 44
1740002678044 8.832742688381913 45
1740002678123 5.384934873578756 46
1740002678209 3.88558800257838 47
1740002678289 5.25177603928346 48
1740002678373 3.5310665752093526 49
1740002678453 4.6312541833927625 50
1740002678531 1.118217007076573 51
1740002678611 4.081478662645931 52
1740002678692 5.107362198094207 53
1740002678769 2.0994995180739413 54
1740002678851 7.424653637825325 55
1740002678930 5.39528203215769 56
1740002679010 4.508599648827517 57
1740002679089 4.928301011751409 58
1740002679167 5.826158237395744 59
1740002679245 3.989420606674168 60
1740002679325 3.0157228514139294 61
1740002679406 3.8379544508816257 62
1740002679484 2.8568547361410954 63
1740002679564 1.5229080442881655 64
1740002679646 3.902329550875916 65
1740002679731 4.845607633356047 66
1740002679816 4.341590906052639 67
1740002679898 4.19670492757783 68
1740002679977 4.431421987921177 69
1740002680067 2.382079841642637 70
1740002680152 4.4102315425311165 71
1740002680237 5.515005108326906 72
1740002680314 5.111063397242022 73
1740002680394 7.2095076526847945 74
1740002680473 5.994583025839206 75
1740002680554 3.4209656491688354 76
1740002680632 3.228637559369972 77
1740002680712 5.754857365779136 78
1740002680793 5.44212128988549 79
1740002680872 3.4655904607003643 80
1740002680950 5.490400962659089 81
1740002681033 3.8781088692927685 82
1740002681111 4.769057046437144 83
1740002681188 3.431234635358663 84
1740002681275 8.342288425714548 85
1740002681367 3.513331377142844 86
1740002681446 3.882889820788474 87
1740002681524 2.4719843669628254 88
1740002681602 3.629664342775794 89
1740002681680 5.414322851340194 90
1740002681760 5.007128707182886 91
1740002681842 4.861770052598695 92
1740002681924 3.493804315345092 93
1740002682001 4.791696268675895 94
1740002682080 3.4238697871856565 95
1740002682157 6.159297441867614 96
1740002682242 6.0579749206819145 97
1740002682320 5.966661838641765 98
1740002682399 3.510745011508033 99
1740002682476 5.638447283643018 100
1740002682554 3.8552265004937847 101
1740002682685 3.6716447126070775 102
1740002682763 6.632188645236646 103
1740002682855 4.2670611997165055 104
1740002682951 6.227215566690288 105
1740002683037 2.910436105256587 106
1740002683119 4.558725600320886 107
1740002683196 5.077144348585668 108
1740002683275 5.183776773688248 109
1740002683355 3.8435586339805052 110
1740002683436 5.997140885553614 111
1740002683518 3.4183651805258197 112
1740002683596 3.3355858736688764 113
1740002683680 3.7935751123513985 114
1740002683758 7.127887374218536 115
1740002683841 7.212069305975959 116
1740002683923 1.2542409390627374 117
1740002684002 4.060064008599813 118
1740002684080 8.36232506521655 119
1740002684159 5.845640989666929 120
1740002684240 5.877809687999767 121
1740002684327 6.078510692853223 122
1740002684405 4.1890225349657655 123
1740002684486 2.8003309127481546 124
1740002684564 5.62932014160372 125
1740002684642 5.287977971222648 126
1740002684721 4.844489357108601 127
1740002684801 6.00428770320529 128
1740002684894 4.706721558449802 129
1740002684996 4.245490185949038 130
1740002685085 4.257544260413316 131
1740002685172 6.3432626998520965 132
1740002685251 4.80448403998197 133
1740002685332 4.746485163676524 134
1740002685411 4.832005651624134 135
1740002685488 2.455251413120655 136
1740002685567 3.4096829039863943 137
1740002685645 4.446116278269059 138
1740002685724 4.11319591665891 139
1740002685802 2.467526992657469 140
1740002685884 5.427165033023599 141
1740002685963 4.50293914051704 142
1740002686042 5.499659018590088 143
1740002686120 7.36262592185222 144
1740002686200 5.476280283743932 145
1740002686279 5.647159112172346 146
1740002686365 3.5760519046431467 147
1740002686442 0.5378269279090937 148
1740002686521 5.43708364166546 149
1740002686601 4.3766192817641 150
1740002686680 9.07613515376796 151
1740002686756 3.7230568448279664 152
1740002686837 5.8269964154375735 153
1740002686916 4.063272635810439 154
1740002686996 2.5859255102664167 155
1740002687077 7.8229132894950935 156
1740002687156 4.712346804188693 157
1740002687233 3.6549186986782125 158
1740002687312 3.9937692412680867 159
1740002687392 3.3748471394870188 160
1740002687470 7.0052945751746885 161
1740002687550 3.4521514207702637 162
1740002687627 3.4264491076493098 163
1740002687706 5.023401273277989 164
1740002687785 4.779565017948279 165
1740002687866 5.169800462058188 166
1740002687943 4.1185190439025945 167
1740002688026 2.8601141315768004 168
1740002688105 5.888177772636544 169
1740002688183 2.322162909397588 170
1740002688261 4.602675338434016 171
1740002688342 6.647182913238209 172
1740002688426 5.068302237804235 173
1740002688502 4.4095459951161216 174
1740002688582 6.116496210978309 175
1740002688664 4.322493830846214 176
1740002688742 7.758261101568995 177
1740002688820 4.177891725107985 178
1740002688913 5.17565417440669 179
1740002689002 2.4578600747178623 180
1740002689089 4.9106368535435525 181
1740002689175 2.418256728886193 182
1740002689260 4.870688267367865 183
1740002689350 8.377658115577697 184
1740002689439 4.369330705583406 185
1740002689529 2.944567236122278 186
1740002689635 2.4445482044852644 187
1740002689715 1.928517294639327 188
1740002689793 3.9949691912939005 189
1740002689875 4.5284468591919484 190
1740002689957 3.575270014715452 191
1740002690036 7.37031569319159 192
1740002690115 5.161042077293498 193
1740002690192 5.60142181479011 194
1740002690270 5.25272844994037 195
1740002690349 3.937912068052496 196
1740002690433 4.92460192393934 197
1740002690510 5.9150809485165645 198
1740002690588 4.77920677876133 199
1740002690665 4.856388562060946 200
1740002690743 4.315688208021976 201
1740002690822 7.805523051599825 202
1740002690904 4.459581877688783 203
1740002690980 4.489778930196507 204
1740002691062 4.946703892734633 205
1740002691144 4.736804002162398 206
1740002691222 5.879995848601265 207
1740002691302 5.102228589056206 208
1740002691392 6.1842899495584405 209
1740002691476 4.597592720139738 210
1740002691556 6.674687848834038 211
1740002691636 4.093536308363438 212
1740002691714 2.926478971441507 213
1740002691793 5.736855895619015 214
1740002691875 6.827025759678869 215
1740002691952 7.424770944996606 216
1740002692031 3.1953283930876415 217
1740002692107 2.9919444052891593 218
1740002692188 2.745786779803609 219
1740002692270 3.2717499652354785 220
1740002692349 4.914530774750335 221
1740002692431 3.826371626561393 222
1740002692510 5.369965224986681 223
1740002692588 4.838512770463562 224
1740002692666 6.366913436673799 225
1740002692748 5.273132004794262 226
1740002692828 2.837077092625766 227
1740002692913 3.867465179205825 228
1740002692995 4.096780504486651 229
1740002693073 4.151323736443995 230
1740002693154 1.6634661823910475 231
1740002693233 9.461513909531757 232
1740002693314 2.5082269378895177 233
1740002693429 6.5498774335311305 234
1740002693507 6.2996037260519175 235
1740002693585 4.015413727887551 236
1740002693665 4.622720176103032 237
1740002693744 5.4384798163419275 238
1740002693823 5.915481046608858 239
1740002693908 3.3631575239033564 240
1740002693988 2.607306646382239 241
1740002694068 6.98869250705584 242
1740002694146 3.7989659931662834 243
1740002694230 1.219653733878116 244
1740002694310 8.091816784975942 245
1740002694391 4.639700273459755 246
1740002694476 5.156293071293287 247
1740002694554 4.062733581708663 248
1740002694634 3.877995908263595 249
1740002694713 6.131582373758815 250
1740002694793 4.868917457958639 251
1740002694875 4.266003250724276 252
1740002694954 5.2527861543421235 253
1740002695033 3.209691374857921 254
1740002695112 3.785587451416163 255
1740002695191 2.6227048847251715 256
1740002695272 6.427821081843932 257
1740002695350 5.570817811473583 258
1740002695429 6.9973985939164205 259
1740002695508 5.93787121583073 260
1740002695588 8.522095242718663 261
1740002695666 5.789640835715033 262
1740002695744 5.801219555571727 263
1740002695824 4.750426498302216 264
1740002695914 9.22265876550856 265
1740002695992 3.1291333076708585 266
1740002696073 5.062761920102573 267
1740002696151 3.8959774052227525 268
1740002696228 2.929092304154867 269
1740002696307 4.537974499385134 270
1740002696385 3.980652958656789 271
1740002696466 3.5021298142913215 272
1740002696550 8.489537852770512 273
1740002696629 3.059068883801736 274
1740002696708 1.4502714742730436 275
1740002696787 7.023874443800148 276
1740002696870 7.709382677522104 277
1740002696955 4.750977944169938 278
1740002697036 6.2074819580200815 279
1740002697115 3.120612078957246 280
1740002697192 3.428639320235292 281
1740002697273 2.3626931054698277 282
1740002697356 4.919879172749009 283
1740002697435 3.371649882462483 284
1740002697516 4.077831145642325 285
1740002697594 4.490278753721067 286
1740002697675 4.619521463465829 287
1740002697755 5.113916972289524 288
1740002697841 4.993760813434565 289
1740002697925 4.576629435864935 290
1740002698009 4.684076322075493 291
1740002698092 4.116253130579502 292
1740002698175 4.157987453107151 293
1740002698255 3.660339061714 294
1740002698333 3.7525441680170593 295
1740002698415 5.5116831490072595 296
1740002698493 6.628911226478724 297
1740002698577 4.4810281298531836 298
1740002698655 5.40568926746143 299
1740002698732 4.552749406538595 300
1740002698813 5.362931141147457 301
1740002698902 8.682424947873878 302
1740002698981 4.274919697694106 303
1740002699114 2.3788713037103495 304
1740002699196 6.721182166256398 305
1740002699276 6.7408366591026825 306
1740002699359 5.05157356036865 307
1740002699441 4.621286713893275 308
1740002699520 4.920713746814589 309
1740002699598 4.057295093970055 310
1740002699677 8.603338310467583 311
1740002699755 3.8007175764607126 312
1740002699836 7.066143445290703 313
1740002699916 2.9336080154721587 314
1740002699995 7.133605612319878 315
1740002700076 4.78375826225395 316
1740002700153 5.932542219263428 317
1740002700231 5.083067632586511 318
1740002700309 2.6620708554281816 319
1740002700389 4.132779220461924 320
1740002700470 4.122052268902646 321
1740002700550 5.1863680782704185 322
1740002700636 3.5608015804331488 323
1740002700714 4.947003670813069 324
1740002700794 6.769771788624622 325
1740002700874 3.4911043455151596 326
1740002700954 5.275264892195522 327
1740002701033 5.466069723131299 328
1740002701111 1.975627709849952 329
1740002701190 6.919361780970655 330
1740002701269 4.883607534951932 331
1740002701348 5.076084957317696 332
1740002701428 5.771864714449393 333
1740002701521 6.421806682798365 334
1740002701602 2.0802484059127067 335
1740002701681 2.8971743275754087 336
1740002701758 3.8275108467168595 337
1740002701839 4.152632359776222 338
1740002701920 3.7626588967624293 339
1740002702000 4.104161429974263 340
1740002702078 7.084944033027207 341
1740002702156 6.7944278861375835 342
1740002702235 3.3402411196091784 343
1740002702314 4.339791367423925 344
1740002702391 8.626243117163865 345
1740002702470 6.022786343068932 346
1740002702551 3.7293453970880908 347
1740002702634 5.41925078603103 348
1740002702712 4.21811025261725 349
1740002702790 6.29313121355136 350
1740002702873 4.555329424630084 351
1740002702951 3.218283949787707 352
1740002703030 4.865429877152338 353
1740002703109 10.028864892372777 354
1740002703186 6.481232152915408 355
1740002703266 6.997987338152951 356
1740002703347 4.7475277116104735 357
1740002703425 11.925745723527736 358
1740002703505 4.482083283104216 359
1740002703586 5.39524547602282 360
1740002703665 2.104875505752383 361
1740002703743 7.260871727977346 362
1740002703821 2.088677582404129 363
1740002703904 4.406433741686499 364
1740002703983 7.2004985373331065 365
1740002704061 3.6892709742298266 366
1740002704140 6.0792018012861435 367
1740002704218 3.4723614791337036 368
1740002704297 4.7866980213852335 369
1740002704377 2.8566903018311045 370
1740002704456 5.4711402405563065 371
1740002704535 5.665885082807808 372
1740002704614 2.9432039100489793 373
1740002704698 5.792296948473739 374
1740002704775 3.1270988658282817 375
1740002704857 5.96948776545214 376
1740002704937 6.2312225414279805 377
1740002705017 3.0120114115428085 378
1740002705095 4.938973892100125 379
1740002705173 4.335638119186208 380
1740002705252 4.168336514574826 381
1740002705331 5.002505021805353 382
1740002705471 5.552243871537335 383
1740002705549 4.489269530964722 384
1740002705631 5.600702457135541 385
1740002705710 6.836287897320724 386
1740002705788 8.285502903356752 387
1740002705869 2.5405812341962872 388
1740002705947 2.8860270866645052 389
1740002706028 2.6052141087225635 390
1740002706107 4.244733083906413 391
1740002706184 6.110949549588204 392
1740002706262 4.486291456664785 393
1740002706341 5.2600406868486065 394
1740002706419 5.444981198788642 395
1740002706498 5.612998712340286 396
1740002706576 3.4319981781250433 397
1740002706655 6.977763694050054 398
1740002706742 4.852225731457895 399
1740002706822 1.9988614242575033 400
1740002706943 4.802826630295872 401
1740002707034 4.604665835050388 402
1740002707123 8.95227562799589 403
1740002707211 4.45739341335683 404
1740002707297 4.418311024039543 405
1740002707383 0.9869487375489522 406
1740002707470 6.443517084805601 407
1740002707555 4.309496083824288 408
1740002707642 4.351525193086214 409
1740002707728 4.4875424553775725 410
1740002707815 4.64508412810948 411
1740002707903 2.871766665816559 412
1740002707987 6.216280515218603 413
1740002708073 4.777761750342731 414
1740002708160 3.007031514246262 415
1740002708245 4.445706274167637 416
1740002708333 1.7006534134556455 417
1740002708418 3.986506892775987 418
1740002708502 4.314544494774746 419
1740002708591 3.7550443918373917 420
1740002708682 4.595187830498092 421
1740002708770 3.801259956091257 422
1740002708857 7.360854466964855 423
1740002708941 4.868839471499074 424
1740002709030 3.043105980670578 425
1740002709120 8.841835465770586 426
1740002709206 5.919160520383737 427
1740002709291 5.396435589698596 428
1740002709379 4.7306112842921815 429
1740002709466 7.6550988446768855 430
1740002709553 4.324738318148394 431
1740002709640 2.3265080087584664 432
1740002709726 5.643254188016502 433
1740002709815 5.295298947828974 434
1740002709904 6.0088019656513305 435
1740002709990 6.9442351652623415 436
1740002710083 4.367210092777215 437
1740002710170 7.357523915875524 438
1740002710253 4.732548855470784 439
1740002710342 6.416317773216671 440
1740002710432 6.571393253276235 441
1740002710521 5.53750526132031 442
1740002710609 3.8970265594911484 443
1740002710700 7.875336043405306 444
1740002710791 4.840004716614156 445
1740002710880 3.0976902798613866 446
1740002710970 3.890588266678618 447
1740002711059 5.025067042383936 448
1740002711145 4.4680390726015355 449
1740002711231 4.651330736521604 450
1740002711318 5.421561793296371 451
1740002711404 7.3148397331709525 452
1740002711492 3.3090029597981063 453
1740002711591 3.109991177824614 454
1740002711676 5.458703514043483 455
1740002711755 4.94888876523702 456
1740002711844 4.895079359331235 457
1740002711941 3.9268202413372544 458
1740002712028 4.194088297614819 459
1740002712114 5.3775940112490925 460
1740002712198 5.900551425721595 461
1740002712278 3.6301008557999284 462
1740002712357 4.162030527260627 463
1740002712434 6.804451965580224 464
1740002712513 4.66275521595684 465
1740002712592 6.135148977998114 466
1740002712672 5.60191390420805 467
1740002712750 5.900602851069322 468
1740002712837 4.5047108070951625 469
1740002712995 3.011976630023653 470
1740002713077 7.3987627829022955 471
1740002713156 5.524004619237389 472
1740002713234 5.292434459538389 473
1740002713315 4.613112147448838 474
1740002713397 5.988819031493534 475
1740002713476 3.947675325982552 476
1740002713555 4.603669965431243 477
1740002713636 4.114984750226394 478
1740002713718 3.517881102648279 479
1740002713799 4.736501121075003 480
1740002713881 5.511238194752987 481
1740002713959 6.775304101709069 482
1740002714043 2.822795993424777 483
1740002714122 6.030487376535442 484
1740002714203 3.830703439347556 485
1740002714285 4.081887362600328 486
1740002714365 5.178904838432669 487
1740002714444 8.024657762938546 488
1740002714522 3.3574216055441113 489
1740002714605 2.7012798322106146 490
1740002714688 4.75761705043744 491
1740002714766 5.43334649954981 492
1740002714858 6.39886014252535 493
1740002714938 4.215708755442299 494
1740002715025 4.0317035233732845 495
1740002715107 9.557510225484165 496
1740002715187 3.2841662329321513 497
1740002715265 4.787512576028517 498
1740002715345 8.520953941041695 499
