1739967959190 6.573469630191719 0
1739967959283 8.085724469056764 1
1739967959366 6.5272553483915505 2
1739967959441 6.593621734812474 3
1739967959517 6.688038472852721 4
1739967959594 6.531587406366567 5
1739967959667 6.76187584572681 6
1739967959743 5.912524427996884 7
1739967959816 6.0083993013352375 8
1739967959890 6.572247848638182 9
1739967959964 6.584853949005536 10
1739967960043 6.69002696534737 11
1739967960118 6.198274035305418 12
1739967960191 6.717130135257523 13
1739967960268 6.666467351619889 14
1739967960385 6.791715096205243 15
1739967960458 6.547865413282836 16
1739967960531 6.773398515384541 17
1739967960608 6.595795074468045 18
1739967960681 6.6281896499528745 19
1739967960754 6.758287405796259 20
1739967960833 6.271385919428848 21
1739967960910 5.877497190776223 22
1739967960982 5.931968553584639 23
1739967961057 6.987291239266002 24
1739967961131 6.5224526901822255 25
1739967961205 6.741839746399938 26
1739967961278 6.3035905856532874 27
1739967961354 5.991922266073292 28
1739967961428 6.471022041449476 29
1739967961505 6.785374549204904 30
1739967961583 6.2204099484852335 31
1739967961661 5.75551407103583 32
1739967961734 6.117594912237984 33
1739967961807 6.658915350000238 34
1739967961879 7.244407777839144 35
1739967961956 7.305711383900993 36
1739967962031 6.667466034601179 37
1739967962105 7.988165393217829 38
1739967962180 6.787694501169288 39
1739967962257 6.758181925173297 40
