1739965018736 6.947881805146938 0
1739965018808 6.257824171805662 1
1739965018878 7.220535333980552 2
1739965019021 7.476541095314511 3
1739965019094 6.408002815795856 4
1739965019166 8.83909677305599 5
1739965019242 6.502800903621876 6
1739965019309 7.433389379289762 7
1739965019375 4.595282252475763 8
1739965019445 6.772377229712671 9
1739965019515 6.416580950153673 10
1739965019582 6.766039331671511 11
1739965019650 4.905678344897021 12
1739965019716 8.48924053997464 13
1739965019783 5.014754052387181 14
1739965019851 5.905204246796748 15
1739965019927 7.983865939531056 16
1739965020056 6.725483586529638 17
1739965020127 5.8152024271031415 18
1739965020196 12.610394407720683 19
1739965020264 4.416400218142916 20
1739965020332 6.2808637683471416 21
1739965020398 3.5518204475378745 22
1739965020467 6.44622709099234 23
1739965020538 8.535238195063442 24
1739965020604 6.4205478872368005 25
1739965020671 6.910606199749658 26
1739965020738 5.569191872818368 27
1739965020807 6.519340398563293 28
1739965020877 8.620967570212523 29
1739965020947 9.239749275028776 30
1739965021015 4.568193693435332 31
1739965021082 3.416224144001631 32
1739965021150 4.433919563658726 33
1739965021217 4.917476004440532 34
1739965021286 4.892990053654483 35
1739965021355 8.236674570284851 36
1739965021422 6.320708663806167 37
1739965021492 5.3532071244847375 38
1739965021559 5.809079424234301 39
1739965021625 6.474084727300302 40
1739965021692 6.245282549632289 41
1739965021759 6.328280492288415 42
1739965021826 4.395524523496416 43
1739965021892 8.088663524376676 44
1739965021959 5.61446703156589 45
1739965022028 5.689523446268976 46
1739965022097 7.33468555750576 47
1739965022170 9.48364303006336 48
1739965022240 9.32674133054107 49
1739965022308 7.152539163342603 50
1739965022375 4.779547846887674 51
1739965022443 5.924556581404009 52
1739965022515 8.611496718110665 53
1739965022582 8.058021036279937 54
1739965022656 15.89838637034345 55
1739965022723 7.544268463946653 56
1739965022793 6.231834997547974 57
1739965022860 5.935758104159216 58
1739965022929 9.51075937426328 59
1739965022997 7.224938493787467 60
1739965023063 6.061474803177609 61
1739965023130 5.599543799959805 62
1739965023198 6.5209521195945594 63
1739965023265 6.504527775250146 64
1739965023333 7.000110427416969 65
1739965023401 8.048281755935742 66
1739965023469 4.899193325131764 67
1739965023541 9.151001345234551 68
1739965023607 7.708440491095126 69
1739965023675 10.898429291077512 70
1739965023741 5.472760861035448 71
1739965023808 4.799691136872747 72
1739965023876 6.3019883751399295 73
1739965023945 6.868012111223861 74
1739965024020 6.938923709780159 75
1739965024097 8.707530082313506 76
1739965024172 6.636971158777468 77
1739965024243 6.7111290894296465 78
1739965024310 3.210381741453079 79
1739965024378 4.761053566415043 80
1739965024446 6.368401839810627 81
1739965024514 4.601471029849141 82
1739965024581 6.795518428727519 83
1739965024647 6.330198708335379 84
1739965024715 6.137918668913408 85
1739965024786 6.929943121081178 86
1739965024852 8.569666421436136 87
1739965024920 7.857525502718022 88
1739965024994 7.221741471011133 89
1739965025061 8.740922175928127 90
1739965025128 4.363445206263957 91
1739965025195 2.9910452382687303 92
1739965025263 3.2997331150641154 93
1739965025333 6.539800642396736 94
1739965025401 8.323503817370632 95
1739965025469 6.824293107913191 96
1739965025539 9.06010273198672 97
1739965025608 7.58379425421453 98
1739965025675 6.52708055423403 99
1739965025741 4.097739200906349 100
1739965025811 4.7951007037687905 101
1739965025880 3.5458781255146103 102
1739965025950 9.391749568864046 103
1739965026020 7.171250199734014 104
1739965026087 6.603613353856222 105
1739965026154 5.866407161909717 106
1739965026227 6.576747288306477 107
1739965026295 5.150370818642174 108
1739965026362 6.521315016668822 109
1739965026429 6.1239831424001325 110
1739965026501 6.9587850569467005 111
1739965026569 6.31408507069287 112
1739965026636 6.58084913921981 113
1739965026703 10.547405808237832 114
1739965026770 6.296680934094611 115
1739965026838 10.174582429972803 116
1739965026904 8.086135601328271 117
1739965026972 6.129221671038089 118
1739965027040 5.711100993177143 119
1739965027106 5.306577264877082 120
1739965027174 6.004884077667028 121
1739965027242 5.984651564748498 122
1739965027309 7.819490914148679 123
1739965027376 7.345572604520196 124
1739965027448 5.731737947590623 125
1739965027522 5.251004526702067 126
1739965027587 5.379405155314938 127
1739965027656 8.080730083855492 128
1739965027732 2.9718132300070463 129
1739965027808 5.559685569221054 130
1739965027875 9.205549080509167 131
1739965027945 3.359922568621704 132
1739965028018 6.9087198683532645 133
1739965028088 7.232572549713056 134
1739965028159 1.979063841829771 135
1739965028232 7.841987470290911 136
1739965028305 5.221321903174617 137
1739965028373 6.306264277331932 138
1739965028441 9.762239295803433 139
1739965028510 6.258156037459755 140
1739965028577 2.4770274243897945 141
1739965028644 8.446679666594767 142
1739965028710 7.109452367651418 143
1739965028777 6.8524914093155385 144
1739965028846 3.055864113453591 145
1739965028918 5.692831304382681 146
1739965028987 6.3622897326782715 147
1739965029054 9.771827534692202 148
1739965029120 6.538086116993692 149
1739965029187 6.248033442073804 150
1739965029256 7.397487310804009 151
1739965029324 4.006347179009306 152
1739965029391 7.801340913772629 153
1739965029461 11.080910754834086 154
1739965029541 4.056198032897588 155
1739965029616 6.925809220724204 156
1739965029695 5.3277504951285435 157
1739965029768 5.1422925380367905 158
1739965029843 5.649680067226557 159
1739965029914 12.138540510615671 160
1739965029983 8.512303206687609 161
1739965030050 11.179718323532128 162
1739965030126 6.807170871766846 163
1739965030194 4.598697917749818 164
1739965030267 6.769495131957354 165
1739965030334 9.461501018626238 166
1739965030402 4.64308239196165 167
1739965030471 5.959536907131198 168
1739965030539 7.468901281180247 169
1739965030605 1.2361746198193926 170
1739965030671 7.3387011859555304 171
1739965030737 5.940233852342682 172
1739965030806 8.219704351296423 173
1739965030873 7.186778620436472 174
1739965030941 5.0068991447534 175
1739965031010 6.314685821462069 176
1739965031077 7.0194222191819415 177
1739965031144 5.6761925660723715 178
1739965031212 5.128314304743449 179
1739965031279 7.658713188104818 180
1739965031347 4.216595040645154 181
1739965031416 3.283127097019586 182
1739965031488 6.938725180511244 183
1739965031555 7.524425311596334 184
1739965031625 7.030173300445342 185
1739965031695 8.379751903594087 186
1739965031762 11.365824258495497 187
1739965031829 6.945401978742088 188
1739965031900 6.777032719955393 189
1739965031972 6.693183220984062 190
1739965032040 6.254868685842588 191
1739965032108 3.9312495904358626 192
1739965032176 9.089594378640019 193
1739965032244 6.108027850975314 194
1739965032315 5.45831180718724 195
1739965032381 5.053337178968955 196
1739965032449 5.852892357006347 197
1739965032519 7.9860358605310795 198
1739965032586 8.266740798762836 199
1739965032653 6.861535111096509 200
1739965032720 5.8109710864054005 201
1739965032787 5.379613477522584 202
1739965032855 6.017252740464941 203
1739965032922 7.584805910323587 204
1739965032991 6.6397557982656625 205
1739965033058 6.02239772242798 206
1739965033124 4.326078797387108 207
1739965033192 4.337724378162171 208
1739965033261 10.313948770697532 209
1739965033327 6.088704532427259 210
1739965033395 9.79625861938126 211
1739965033466 5.511824180319886 212
1739965033538 7.375056450198985 213
1739965033604 7.242109920334702 214
1739965033670 4.271089532634719 215
1739965033737 6.464555502698363 216
1739965033805 6.06818547247118 217
1739965033872 4.708260013493029 218
1739965033942 6.385178046043867 219
1739965034038 5.633236126835572 220
1739965034105 7.356980632533242 221
1739965034173 6.59808353380258 222
1739965034240 4.585048256686152 223
1739965034311 5.479196125405291 224
1739965034380 6.411131802940662 225
1739965034448 7.145624531890767 226
1739965034518 6.78449116031397 227
1739965034585 6.3770105420793435 228
1739965034651 3.815349707502603 229
1739965034718 2.5244218652005346 230
1739965034786 5.516570347778017 231
1739965034853 5.815059846714516 232
1739965034924 7.994803318173156 233
1739965034998 8.946032258257823 234
1739965035067 5.221477948516196 235
1739965035139 9.78216770237903 236
1739965035205 6.7565288019362795 237
1739965035275 4.209927408101831 238
1739965035341 8.768291271330222 239
1739965035410 7.778961707353565 240
1739965035480 7.1797338304037375 241
1739965035547 8.339302146143684 242
1739965035615 7.898124047974133 243
1739965035682 8.04330704510722 244
1739965035749 4.718819431038675 245
1739965035818 13.775147009747487 246
1739965035888 4.417150022616595 247
1739965035957 5.47786454196654 248
1739965036024 5.430703142117765 249
1739965036090 7.327384015468059 250
1739965036158 6.424725545792465 251
1739965036224 8.022240884412337 252
1739965036293 7.68503321491073 253
1739965036364 4.874414084030227 254
1739965036435 10.949650338958186 255
1739965036506 10.389674331429548 256
1739965036575 6.664820676558618 257
1739965036641 7.6356356133862855 258
1739965036708 7.0094213556168 259
1739965036775 7.031494254940093 260
1739965036842 2.193710437160798 261
1739965036910 7.885496873201199 262
1739965036982 7.317803375066316 263
1739965037048 7.636702004358135 264
1739965037115 4.279710121340584 265
1739965037182 7.553006893022598 266
1739965037250 5.566830353669522 267
1739965037318 5.364550606495977 268
1739965037385 3.901801039243637 269
1739965037455 7.731723569631568 270
1739965037524 7.648900349661047 271
1739965037592 5.137970941359074 272
1739965037661 6.757972976759805 273
1739965037729 7.48241846806082 274
1739965037799 7.457498825834241 275
1739965037876 6.70353873435336 276
1739965037947 6.997967505070455 277
1739965038017 9.798382984981112 278
1739965038085 6.194968341384195 279
1739965038157 9.919696399530743 280
1739965038225 4.923966989944645 281
1739965038294 8.227044335979455 282
1739965038361 5.491062299194786 283
1739965038433 8.058406013847069 284
1739965038508 6.728473210063093 285
1739965038578 10.201870172196408 286
1739965038648 5.856754512970504 287
1739965038716 6.426220480790512 288
1739965038785 6.542823328855465 289
1739965038853 7.03257778294199 290
1739965038923 6.940373245228348 291
1739965038992 10.772984352634634 292
1739965039092 4.950881764153836 293
1739965039161 7.957007889114888 294
1739965039228 4.665378617396411 295
1739965039295 5.17121393206954 296
1739965039362 5.066253356233221 297
1739965039433 8.701797096124443 298
1739965039508 6.857502726447659 299
1739965039574 9.118078005041973 300
1739965039642 6.3074494806000025 301
1739965039710 5.480958374457199 302
1739965039778 6.770694584162987 303
1739965039845 18.9397757949221 304
1739965039911 6.820640495630912 305
1739965039981 4.830597000828194 306
1739965040048 7.073190681344262 307
1739965040114 5.699547100690229 308
1739965040182 6.991316413260468 309
1739965040249 6.242223497481929 310
1739965040318 6.981701188439876 311
1739965040384 7.657510626844658 312
1739965040461 6.597494096351622 313
1739965040528 5.879689285938825 314
1739965040595 6.403755925582935 315
1739965040673 5.961637348996317 316
1739965040751 7.033328725599159 317
1739965040817 5.982689128766186 318
1739965040889 0.5604279961379303 319
1739965040957 6.61010434181832 320
1739965041026 3.953698719020782 321
1739965041092 4.984580829168824 322
1739965041160 4.983034415190508 323
1739965041227 6.999234696554511 324
1739965041294 4.133761121934198 325
1739965041362 8.72973637097259 326
1739965041430 4.55722465264593 327
1739965041503 8.915618332337685 328
1739965041570 6.950375588888205 329
1739965041637 6.778051233280074 330
1739965041704 6.835018149557641 331
1739965041771 3.84011774641168 332
1739965041837 5.612053324696812 333
1739965041905 6.674969813519452 334
1739965041975 8.07794355501002 335
1739965042043 7.076780876824469 336
1739965042111 7.632023728258462 337
1739965042179 7.903922996762958 338
1739965042250 4.748737119186457 339
1739965042317 8.198276474857634 340
1739965042385 4.183182588743374 341
1739965042456 6.92394716008108 342
1739965042527 6.838419761518673 343
1739965042593 8.000195056117265 344
1739965042661 9.669700993930093 345
1739965042728 9.117399723663645 346
1739965042794 5.360879687958467 347
1739965042862 6.137643077240516 348
1739965042933 6.71394057070763 349
1739965043003 5.07223937335394 350
1739965043070 5.834304643616879 351
1739965043137 5.6800978267574225 352
1739965043203 6.3823939970387995 353
1739965043270 2.3997662970158578 354
1739965043342 3.795414072383775 355
1739965043410 9.595891897237793 356
1739965043480 12.936203582216308 357
1739965043548 7.7173497503545665 358
1739965043615 2.749586204790655 359
1739965043682 4.098861846698925 360
1739965043748 9.144660907312359 361
1739965043815 4.811458364073712 362
1739965043884 11.016616857241738 363
1739965043951 6.5007913259760555 364
1739965044022 6.860319904794175 365
1739965044089 11.995609150177915 366
1739965044158 7.458943605523258 367
1739965044225 6.279570280761164 368
1739965044292 6.274751746849602 369
1739965044358 7.877226620329577 370
1739965044425 4.758583045862062 371
1739965044499 6.543692915025706 372
1739965044568 7.283101194705238 373
1739965044633 7.123767698817392 374
1739965044700 6.449327844116659 375
1739965044767 4.659047361592862 376
1739965044834 6.751204194315177 377
1739965044901 7.387169585161413 378
1739965044970 7.056274833506491 379
1739965045037 7.320741931861239 380
1739965045104 4.060396014702472 381
1739965045173 6.904413411917705 382
1739965045240 6.580231580970931 383
1739965045307 7.285174769441 384
1739965045374 5.980281988302863 385
1739965045441 5.5378509853193485 386
1739965045512 6.734801532219707 387
1739965045578 3.901846216968362 388
1739965045645 5.573021682508609 389
1739965045713 7.3361466442726595 390
1739965045780 5.790142033239379 391
1739965045846 7.188196570505239 392
1739965045915 6.496639713400961 393
1739965045985 7.22695586916859 394
1739965046051 6.464556070477231 395
1739965046117 5.790746136634731 396
1739965046186 7.240209355228876 397
1739965046253 5.237327748113618 398
1739965046322 8.523012300707972 399
1739965046388 4.930618661447202 400
1739965046456 4.483892418071863 401
1739965046528 7.9555772042607815 402
1739965046595 5.326891049360903 403
1739965046662 8.15867856036149 404
1739965046729 7.201587623007633 405
1739965046794 3.127009478356223 406
1739965046861 8.445519481204407 407
1739965046929 5.090765750629743 408
1739965046999 7.512048363701385 409
1739965047066 7.022805812885383 410
1739965047133 7.581706655673191 411
1739965047200 5.26504429993819 412
1739965047268 6.607240505224006 413
1739965047334 5.267195416776046 414
1739965047401 3.4232035646979653 415
1739965047474 8.386459245371297 416
1739965047544 6.3302268261848145 417
1739965047611 8.932931574124263 418
1739965047679 6.140659114348012 419
1739965047747 5.7912888466903825 420
1739965047815 10.194577052125801 421
1739965047884 8.380073583881577 422
1739965047962 9.464354715951869 423
1739965048033 6.870753145448066 424
1739965048101 8.252909786783983 425
1739965048169 7.466101991060666 426
1739965048236 6.464711708009074 427
1739965048303 6.203759523384458 428
1739965048371 5.545938796491522 429
1739965048438 5.3678606342611115 430
1739965048513 8.188024701922892 431
1739965048584 11.074131005478677 432
1739965048651 5.89689830997619 433
1739965048718 5.903682859873337 434
1739965048785 5.27278978573447 435
1739965048852 7.3609193873185 436
1739965048921 5.54615548438565 437
1739965048992 4.947509278440726 438
1739965049117 5.890048530895174 439
1739965049185 6.024321976785587 440
1739965049252 9.30671454597875 441
1739965049320 9.607168292601044 442
1739965049387 5.4627869922903365 443
1739965049453 4.806395663904963 444
1739965049523 9.17367830025266 445
1739965049589 9.434038651508471 446
1739965049656 6.038597195124477 447
1739965049725 6.22249009945697 448
1739965049793 6.10432661143476 449
1739965049859 4.505208760516183 450
1739965049927 8.337113800228202 451
1739965049996 7.269917154262651 452
1739965050063 4.4653701305384885 453
1739965050129 3.887826637580041 454
1739965050199 8.370472846182803 455
1739965050266 7.207834474377394 456
1739965050334 7.518490896761226 457
1739965050402 7.091266188318076 458
1739965050476 8.44532364207167 459
1739965050543 7.766745696835128 460
1739965050613 4.971911309842403 461
1739965050680 7.185102952552251 462
1739965050746 6.803073157667501 463
1739965050814 4.14879713953244 464
1739965050881 5.342469609814008 465
1739965050952 9.366337643988102 466
1739965051020 7.0092703814744715 467
1739965051086 7.1334515646189525 468
1739965051153 3.46057161852213 469
1739965051220 6.184798136614074 470
1739965051288 7.030260982204643 471
1739965051353 5.2511663818012995 472
1739965051420 7.187301808447337 473
1739965051491 8.186651878885044 474
1739965051557 11.283737394930025 475
1739965051624 6.498318999538503 476
1739965051691 7.360996547216543 477
1739965051759 7.479551049553582 478
1739965051826 5.847703715289774 479
1739965051892 7.102109460767115 480
1739965051959 5.347726541478493 481
1739965052032 5.65585813895153 482
1739965052100 10.680655720823827 483
1739965052168 3.4269451988469215 484
1739965052235 6.569954768418366 485
1739965052304 8.398928034053585 486
1739965052370 7.281892177633071 487
1739965052437 7.956516075459842 488
1739965052510 4.022453386819782 489
1739965052577 3.9221048985904643 490
1739965052649 6.510770699864532 491
1739965052715 8.8273785507263 492
1739965052782 5.63009784222176 493
1739965052849 7.553173048209194 494
1739965052916 9.335421860818991 495
1739965052985 6.573855287149172 496
1739965053054 6.61524444404286 497
1739965053120 8.236934284794721 498
1739965053187 9.387455326992713 499
