1739990290447 6.537628732702717 0
1739990290499 6.55708851319464 1
1739990290547 6.53918013904103 2
1739990290596 6.565883218664242 3
1739990290643 6.56494593734007 4
1739990290691 6.5795367264908355 5
1739990290741 6.6203156328318356 6
1739990290790 6.518928650728663 7
1739990290838 6.544749118336786 8
1739990290885 6.500064953791439 9
1739990290933 6.51219488020278 10
1739990290982 6.634743469176904 11
1739990291031 6.547536164352182 12
1739990291079 6.5744086927393255 13
1739990291128 6.59089662827436 14
1739990291176 6.5840871235727905 15
1739990291281 6.57072914589146 16
1739990291329 6.432269195267575 17
1739990291378 6.609542606980572 18
1739990291426 6.654162671549742 19
1739990291474 6.549330909489861 20
1739990291522 6.58075430997118 21
1739990291570 6.581039346687122 22
1739990291618 6.590479983137647 23
1739990291666 6.559321326503544 24
1739990291715 6.517547654017547 25
1739990291782 6.558410100450624 26
