1740006674430 148.84261295917455 0
1740006674454 128.269744196441 1
1740006674483 106.20396729854806 2
1740006674506 88.19193089069468 3
1740006674530 69.8360681063094 4
1740006674552 68.7446819091724 5
1740006674581 52.04998643144972 6
1740006674605 41.21865127886815 7
1740006674628 36.35944932816039 8
1740006674652 26.715660334560464 9
1740006674679 24.951215915050344 10
1740006674702 22.126526921353832 11
1740006674723 19.46823707635401 12
1740006674745 13.773941541447911 13
1740006674773 11.592513690416409 14
1740006674806 9.697473588803609 15
1740006674833 8.374520533457348 16
1740006674860 7.1521291855319 17
1740006674883 5.577532701738411 18
1740006674912 4.66761912067148 19
1740006674935 4.247597258432861 20
1740006674962 3.799948606968524 21
1740006674988 2.8602840779704652 22
1740006675010 2.511617431857134 23
1740006675031 2.039093040444545 24
1740006675052 1.997853000032902 25
1740006675074 1.3843925815704854 26
1740006675096 1.4044915448234332 27
1740006675119 1.08806648722678 28
1740006675141 1.0607040186809797 29
1740006675163 0.6990365145188955 30
1740006675184 0.7308626371941834 31
1740006675204 0.5876086846173191 32
1740006675226 0.4994415685591698 33
1740006675247 0.4541952891137903 34
1740006675268 0.4053902460810971 35
1740006675290 0.3088722253561309 36
1740006675313 0.29231807679430505 37
1740006675337 0.24409365652010973 38
1740006675358 0.19733079101221787 39
1740006675379 0.1646034479732664 40
1740006675403 0.2390957838508552 41
1740006675425 0.1603385909383181 42
1740006675447 0.17086811095324783 43
1740006675473 0.1630867415275381 44
1740006675495 0.11971035745652137 45
1740006675517 0.1351271364977603 46
1740006675539 0.11701058063734726 47
1740006675560 0.12134393425845419 48
1740006675583 0.1495794475209278 49
1740006675605 0.12688774523836432 50
1740006675627 0.13875954774116697 51
1740006675648 0.170426703069665 52
1740006675674 0.12897650939021202 53
1740006675699 0.05151553496948133 54
1740006675721 0.1666169455848438 55
1740006675742 0.16859309799066569 56
1740006675763 0.09141165061288717 57
1740006675785 0.10685906161007157 58
1740006675806 0.12247079304751267 59
1740006675871 0.1393379874701011 60
1740006675901 0.11321173619135505 61
1740006675942 0.19394935379258857 62
1740006675966 0.13827820013922523 63
1740006675991 0.0723472950867075 64
1740006676018 0.1281597482871156 65
1740006676042 0.11254308149649835 66
1740006676068 0.1202408556131207 67
1740006676091 0.09988919890155003 68
1740006676116 0.11610039269047796 69
1740006676142 0.07593973518513275 70
1740006676168 0.09790009202917484 71
1740006676191 0.11422841212625333 72
1740006676217 0.16070850413414672 73
1740006676241 0.13140876057045664 74
1740006676263 0.10570252172405883 75
1740006676284 0.1001061101380637 76
1740006676308 0.10737357064922999 77
1740006676330 0.10692729259726806 78
1740006676353 0.09019861902083301 79
1740006676375 0.13433962884568407 80
1740006676397 0.13207063351878345 81
1740006676421 0.08956419393034913 82
1740006676443 0.1602793008479913 83
1740006676464 0.12740602944626883 84
1740006676485 0.1733762001202025 85
1740006676511 0.08719323438745805 86
1740006676533 0.09533034300480182 87
1740006676558 0.10468065401382527 88
1740006676584 0.12553142898855632 89
1740006676612 0.09122233777217115 90
1740006676633 0.08682719627380747 91
1740006676654 0.17242635484378602 92
1740006676676 0.1482587309220937 93
1740006676698 0.07941253083054434 94
1740006676719 0.10993804167193479 95
1740006676742 0.10104096826626803 96
1740006676763 0.10659366738152863 97
1740006676784 0.10910452780228894 98
1740006676806 0.11014590909260642 99
1740006676827 0.12649132108635 100
1740006676850 0.12453526459190403 101
1740006676874 0.07575712908892832 102
1740006676895 0.13120327526033893 103
1740006676917 0.09504817562643096 104
1740006676939 0.10371867980786446 105
1740006676963 0.08599904495768683 106
1740006676984 0.13065669130006322 107
1740006677006 0.11224905300514991 108
1740006677028 0.14675452754001886 109
1740006677049 0.1036162378406124 110
1740006677070 0.13274491164863947 111
1740006677091 0.09550357418721385 112
1740006677112 0.12825359325639998 113
1740006677135 0.09298652676696269 114
1740006677157 0.10772356698454803 115
1740006677178 0.09416195376847497 116
1740006677198 0.07625624525570802 117
