1739966058345 6.601275917373781 0
1739966058364 6.581071275945994 1
1739966058384 6.628622098690975 2
1739966058404 6.590404220436151 3
1739966058423 6.588471119955253 4
1739966058443 6.556772799635743 5
1739966058464 6.581256127073357 6
1739966058484 6.49233568092198 7
1739966058506 6.6571724828984875 8
1739966058528 6.538761554161767 9
1739966058549 6.601998505745256 10
1739966058571 6.545369823668397 11
1739966058590 6.587639907220265 12
1739966058610 6.580943416626 13
1739966058630 6.574982015441274 14
1739966058650 6.644026568066385 15
1739966058669 6.5209858994927865 16
1739966058691 6.511249471938262 17
1739966058710 6.6017010382757215 18
1739966058729 6.559932700257134 19
1739966058750 6.538980703287321 20
1739966058769 6.6239423239796 21
1739966058788 6.564113013658925 22
1739966058807 6.639223114691703 23
