1740002627532 114.73437528684002 0
1740002627616 79.06891481636036 1
1740002627713 38.764873946620135 2
1740002627793 43.79900332494951 3
1740002627883 19.231972596728443 4
1740002627968 17.641339298127154 5
1740002628048 17.427287258629118 6
1740002628126 11.42041208667634 7
1740002628202 10.430315484273065 8
1740002628280 7.463073040199525 9
1740002628424 8.820459853810247 10
1740002628503 7.474316642901634 11
1740002628583 5.238511304362513 12
1740002628664 9.438615490947102 13
1740002628747 6.897374681285804 14
1740002628824 8.219606788382778 15
1740002628958 5.4292761438148105 16
1740002629037 2.9264533663130345 17
1740002629119 4.91970337315802 18
1740002629196 2.656998468335802 19
1740002629274 5.211593192976373 20
1740002629357 4.910030940730055 21
1740002629437 6.785007052901525 22
1740002629513 4.0381896543611155 23
1740002629591 2.257865148793538 24
1740002629669 3.182422170694423 25
1740002629747 7.141161918712792 26
1740002629825 6.944620799599169 27
1740002629906 5.1863564347227715 28
1740002629985 4.109311341906861 29
1740002630062 3.6019680953523765 30
1740002630140 5.01445603568471 31
1740002630218 5.656990870004153 32
1740002630296 3.0975516390101476 33
1740002630373 3.8611102298684497 34
1740002630452 5.243857253007309 35
1740002630529 6.673519434023397 36
1740002630607 4.112198867017326 37
1740002630684 4.670318248412196 38
1740002630766 5.230458690802464 39
1740002630862 7.566532350506141 40
1740002630941 6.841360360321022 41
1740002631018 5.550798434596636 42
1740002631095 4.999529246539652 43
1740002631172 3.701548685788929 44
1740002631250 5.0692112960883176 45
1740002631329 3.379645077726881 46
1740002631413 4.657042643942532 47
1740002631491 3.3073750683591983 48
1740002631568 2.8748299229006293 49
1740002631646 4.917749716172173 50
1740002631723 4.235528815149165 51
1740002631803 3.581061340204363 52
1740002631885 3.1446574922892365 53
1740002631962 4.015847815483469 54
1740002632039 3.0339315559631914 55
1740002632118 3.353797346049646 56
1740002632193 5.196645876105187 57
1740002632272 5.0468177771781315 58
1740002632350 4.627445063893536 59
1740002632430 5.645911747113984 60
1740002632511 4.93330009294213 61
1740002632589 4.853065290589687 62
1740002632667 4.829269954282465 63
1740002632747 6.149291209777614 64
1740002632826 5.126773872737004 65
1740002632909 4.6303048815084304 66
1740002632990 1.7895392927204934 67
1740002633069 4.748614616085969 68
