1739983730578 6.60138949414444 0
1739983730628 6.572513731268301 1
1739983730678 6.555778208036995 2
1739983730724 6.645821448680723 3
1739983730780 6.644257333903363 4
1739983730834 6.620661817275709 5
1739983730887 6.577984211359654 6
1739983730939 6.670168321298055 7
1739983730987 6.635743822638412 8
1739983731035 6.500248762444931 9
1739983731084 6.551359455580521 10
1739983731134 6.614956733786162 11
1739983731185 6.574858417173206 12
1739983731236 6.58089171887386 13
1739983731286 6.562500250912724 14
1739983731335 6.604535234503026 15
1739983731384 6.502553961742248 16
