1740007010958 0.2466746860773639 0
1740007011044 0.005803732789050881 1
1740007011174 0.030673642939167 2
1740007011260 0.03301456977212881 3
1740007011346 0.25412173265557214 4
1740007011430 0.022613401476273196 5
1740007011517 0.1080562554671108 6
1740007011602 0.05265404255358748 7
1740007011688 0.00013092877248563125 8
1740007011772 0.022730451974748034 9
1740007011860 0.5868631176347149 10
1740007011948 0.02809618785817827 11
1740007012032 0.036951266559172156 12
1740007012119 0.07995551096714953 13
1740007012207 0.015399768462244216 14
1740007012289 0.2800099778549865 15
1740007012372 0.0010059826235731871 16
1740007012458 0.0521414408655566 17
1740007012542 0.1574634041460207 18
1740007012627 0.002181756402301343 19
1740007012714 0.11642851407806781 20
1740007012798 0.009227534167291145 21
1740007012882 0.9943575946416886 22
1740007012971 0.026198572773854976 23
1740007013056 0.07414540134594963 24
1740007013139 0.01833406599123312 25
1740007013225 0.0025045643417870834 26
1740007013311 0.0003792708405221293 27
1740007013413 0.0019487120010655314 28
1740007013503 0.03108514133028444 29
1740007013588 0.03599060037291399 30
1740007013673 0.13058157806131945 31
1740007013756 0.13642955904980988 32
1740007013839 0.29741907539808976 33
1740007013923 0.27918389123989074 34
1740007014011 0.10393857703398716 35
1740007014094 0.0034852232057210678 36
1740007014177 0.14983179815768366 37
1740007014262 0.014284895601570159 38
1740007014350 0.2382547959169523 39
1740007014435 0.0007514497094047464 40
1740007014518 0.0068481807850360905 41
1740007014600 0.1623795135437861 42
1740007014686 0.0282764328189406 43
1740007014770 0.0029215302878606592 44
1740007014854 0.022047392441289615 45
1740007014940 0.045976241436084836 46
1740007015026 0.12976863153919876 47
1740007015109 0.02413968157886619 48
1740007015191 0.03958119950457035 49
1740007015275 0.09816616725368127 50
1740007015358 0.14496381275205864 51
1740007015443 0.2543062094735418 52
1740007015526 0.00604163908568426 53
1740007015613 0.03274023009133149 54
1740007015699 0.0006288033020786958 55
1740007015784 0.018800400434753457 56
1740007015870 0.04499839613677051 57
1740007015956 0.0040917199330083144 58
1740007016044 0.3338820172464101 59
1740007016127 0.0017215872332596585 60
1740007016211 0.0857529107098694 61
1740007016296 0.17515519843291116 62
1740007016383 0.07228803410201139 63
1740007016467 0.15893163648250022 64
1740007016552 0.2712453308999368 65
1740007016636 0.056289741314470156 66
1740007016722 0.14218127503918895 67
1740007016804 0.34620995091562184 68
1740007016888 0.015524517678705744 69
1740007016971 0.018393235050359318 70
1740007017056 0.5790073330665193 71
1740007017141 0.0073493880706907025 72
1740007017223 0.056545039109264825 73
1740007017307 0.004581451153009902 74
1740007017391 0.02385432542001563 75
1740007017474 0.050155798725758954 76
1740007017557 0.011145111954092625 77
1740007017647 0.024093069058208846 78
1740007017731 0.4602299505822141 79
1740007017813 0.0030952740540641276 80
1740007017898 0.005819240497909676 81
1740007017986 0.005693498848963099 82
1740007018068 0.0014422978507265068 83
1740007018151 0.07226555169013224 84
1740007018234 0.11001872205463266 85
1740007018317 0.039990522298662165 86
1740007018401 0.0045736215096835835 87
1740007018486 0.024427285217591653 88
1740007018568 0.041117220575262056 89
1740007018651 0.0017749500382003977 90
1740007018735 0.4451527637188916 91
1740007018818 0.0007998535177529598 92
1740007018901 0.2358980968606707 93
1740007018993 0.10990870813967277 94
1740007019079 0.43118440612192804 95
1740007019165 0.05367555990666047 96
1740007019249 0.0005299353292918986 97
1740007019336 0.012951365583633412 98
1740007019420 0.09791249708957817 99
1740007019507 0.0016507159311830455 100
1740007019593 0.037504916486716465 101
1740007019682 0.01975839695685967 102
1740007019765 0.01556398226761659 103
1740007019848 0.1275836039013341 104
1740007019942 0.11101618367671565 105
1740007020029 0.15165686145668483 106
1740007020112 0.4490336380183524 107
1740007020196 0.02927641884373023 108
1740007020280 0.00017793454266208403 109
1740007020361 0.00011389053090135908 110
1740007020446 0.0012213825204460316 111
1740007020531 0.06654651960944392 112
1740007020615 0.007104682164154501 113
1740007020700 0.33517697729088325 114
1740007020784 0.04688424328833519 115
1740007020868 0.06041154328772074 116
1740007020954 0.012454539781379554 117
1740007021037 0.1393336351499175 118
1740007021119 0.6998156335787233 119
1740007021202 0.018378086436801187 120
1740007021287 0.0002682218806003986 121
1740007021370 0.00421419343298402 122
1740007021453 0.2553602045037258 123
1740007021537 0.00248435376280475 124
1740007021620 0.005247955109905964 125
1740007021708 0.025179519950576518 126
1740007021791 0.2830472587539826 127
1740007021875 0.055259372605196734 128
1740007021960 0.25512128574014153 129
1740007022043 0.1369250473465854 130
1740007022124 0.01288100886392206 131
1740007022211 0.19525724420197832 132
1740007022297 0.20195324965378167 133
1740007022379 0.1947392091217716 134
1740007022464 0.08566020854833198 135
1740007022552 0.03637316189788158 136
1740007022640 0.036039380487204745 137
1740007022728 0.049574155783650736 138
1740007022814 0.00025424691614068406 139
1740007022900 0.028764286919615318 140
1740007022990 0.2432820143660813 141
1740007023075 0.02491867762075241 142
1740007023159 0.16423388206633907 143
1740007023242 0.0007503428636165269 144
1740007023328 0.13456886641700463 145
1740007023414 0.1492941380087757 146
1740007023513 0.018053617050784565 147
1740007023598 0.0042417169967555995 148
1740007023684 0.2075796402891047 149
1740007023768 0.5580032325643787 150
1740007023852 0.20967412782382305 151
1740007023940 0.011214226745230923 152
1740007024025 0.02682233504346206 153
1740007024108 0.0002072631335189325 154
1740007024190 0.01995709595684372 155
1740007024274 0.08610275681840224 156
1740007024360 0.07699974664793173 157
1740007024445 0.2546034011794832 158
1740007024527 0.22617552457850912 159
1740007024611 0.032092497096121754 160
1740007024696 0.17272897831215286 161
1740007024781 0.0021178380883356404 162
1740007024864 0.18571251404025144 163
1740007024948 0.40942539584478305 164
1740007025033 0.20834465325758927 165
1740007025117 0.09093207086814227 166
1740007025199 0.09681838461573304 167
1740007025285 4.733552115694844e-05 168
1740007025370 0.07858684248108605 169
1740007025456 0.02557903469210059 170
1740007025541 0.00039605008116418866 171
1740007025624 0.044018244765275744 172
1740007025710 0.009803429009266578 173
1740007025798 0.04725931545252827 174
1740007025887 0.010878501791380188 175
1740007025972 0.0008064496918388194 176
1740007026053 0.042403495721378276 177
1740007026138 0.00014509514093315846 178
1740007026223 0.01994348840153719 179
1740007026308 0.0457121365662867 180
1740007026397 0.2290876865862026 181
1740007026483 0.06462702377053114 182
1740007026565 0.019660993102547483 183
1740007026650 0.0369462172601051 184
1740007026736 0.00012522881685095362 185
1740007026818 0.42564626720951515 186
1740007026901 0.08427792162376968 187
1740007027029 0.0008841819559908032 188
1740007027124 1.2997100734901663 189
1740007027218 0.3721540206185442 190
1740007027312 0.15450994504147153 191
1740007027403 0.217470786132954 192
1740007027496 0.007366762317310309 193
1740007027588 0.06572461258175041 194
1740007027680 0.00020504844709029818 195
1740007027773 0.01861630904795956 196
1740007027864 0.18084370809985562 197
1740007027957 0.00021441382515204 198
1740007028049 0.0005897102927869814 199
1740007028138 0.004157506271193335 200
1740007028229 0.0011348573806201675 201
1740007028322 0.020121718461889957 202
1740007028416 0.04821225655604079 203
1740007028511 0.01250701586850719 204
1740007028600 2.647281319241794 205
1740007028693 0.0034993176392298293 206
1740007028787 0.008897738473300361 207
1740007028878 0.004846702988194077 208
1740007028975 0.037179288226016044 209
1740007029066 0.02289319537310845 210
1740007029158 0.0697504796708142 211
1740007029253 0.007369770001773598 212
1740007029344 0.020665517034496553 213
1740007029438 8.831689849996844e-05 214
1740007029532 0.9519806887079957 215
1740007029626 0.043851733193902336 216
1740007029719 0.12296250472023065 217
1740007029816 0.049474779420107105 218
1740007029914 0.21332225006064612 219
1740007030007 1.72959331025459e-06 220
1740007030101 0.15071417100571322 221
1740007030196 0.0022928468837228795 222
1740007030285 0.08298272686076631 223
1740007030376 0.059009564087510326 224
1740007030469 0.17851188048306044 225
1740007030561 0.018796055159222287 226
1740007030654 0.301354043041455 227
1740007030746 0.009084146886392227 228
1740007030838 0.25088873510327653 229
1740007030931 0.08582312343122389 230
1740007031021 0.007768634557345177 231
1740007031112 0.09062869258152005 232
1740007031206 0.244339920734527 233
1740007031300 0.05121540492510709 234
1740007031394 0.014896518404084694 235
1740007031486 0.03675550193737045 236
1740007031578 0.0009244419201873991 237
1740007031673 0.00032025290974046686 238
1740007031768 0.24357062511735564 239
1740007031866 0.0026925510268653767 240
1740007031961 0.038645776262294776 241
1740007032052 0.09164664181958718 242
1740007032146 0.0010337724293044313 243
1740007032238 0.002549360085476376 244
1740007032331 0.00023780316071452068 245
1740007032427 0.0005587544071177117 246
1740007032518 0.09760477206906852 247
1740007032610 0.040276854501300766 248
1740007032709 0.057946740103298144 249
1740007032802 0.0016946512802493113 250
1740007032895 0.042679670211847015 251
1740007032995 0.0017125812260111672 252
1740007033086 0.0877325582556693 253
1740007033178 0.01747548643359919 254
1740007033269 0.31354392130120956 255
1740007033363 0.01228792417467888 256
1740007033455 0.17515050890952036 257
1740007033553 0.019656741747759787 258
1740007033661 0.06573081219961867 259
1740007033754 0.2878591529499697 260
1740007033846 0.003777615611636544 261
1740007033943 0.001302100380419998 262
1740007034043 0.01503842270480561 263
1740007034166 0.2881725454267019 264
1740007034273 0.47691950158363294 265
1740007034370 0.003243972153351255 266
1740007034462 0.010313257664234264 267
1740007034553 0.029847616742547833 268
1740007034644 0.05154733979194051 269
1740007034730 0.0007584512048714959 270
1740007034814 0.026066290584424327 271
1740007034897 0.0025375413007105146 272
1740007034987 0.2177714262941926 273
1740007035078 0.00033259400625116335 274
1740007035161 0.012712630696422405 275
1740007035250 0.029087374701206283 276
1740007035334 0.022323392736054645 277
1740007035422 0.010608253541395714 278
1740007035508 7.069735100589839e-07 279
1740007035594 1.905085957269876e-07 280
1740007035679 0.034296549089365205 281
1740007035764 0.08128595054562064 282
1740007035854 0.2611318001553696 283
1740007035945 0.0022161342908942985 284
1740007036031 0.850629787390476 285
1740007036116 0.0021143736963739634 286
1740007036237 0.021150870993336266 287
1740007036322 0.0016632995453619273 288
1740007036408 1.009014759542403 289
1740007036555 0.08468127968856454 290
1740007036638 0.530499314971256 291
1740007036726 0.32347339157323163 292
1740007036809 0.07853613361330224 293
1740007036903 0.1363686003222278 294
1740007036990 0.0020626970855449453 295
1740007037076 0.13655987910704465 296
1740007037162 0.3255311050666783 297
1740007037247 0.06693982590533615 298
1740007037332 0.013965165828334127 299
1740007037418 0.004647644916952905 300
1740007037502 0.22929766086999892 301
1740007037587 0.001859122367090778 302
1740007037672 0.023133940937887683 303
1740007037758 0.03003793631043981 304
1740007037843 0.09531687124327898 305
1740007037933 0.027739297484422727 306
1740007038022 0.0033563093567127206 307
1740007038109 0.0301676041982214 308
1740007038193 0.07003451778330255 309
1740007038277 0.0016727606548211905 310
1740007038362 0.15857347415918238 311
1740007038447 0.0026242289899921886 312
1740007038532 0.2335641959247396 313
1740007038641 0.28290322635178083 314
1740007038728 0.7491880852641701 315
1740007038812 5.737648568198624e-06 316
1740007038900 0.0008021934503698305 317
1740007038990 0.6341358507398864 318
1740007039074 0.0003858714878550791 319
1740007039158 0.11717698001368158 320
1740007039243 0.0009706189292231013 321
1740007039326 0.1854701519870704 322
1740007039410 0.06723418310148357 323
1740007039492 0.1660284591547251 324
1740007039576 0.01376421373600817 325
1740007039660 0.08446009050219595 326
1740007039746 0.0639307461321954 327
1740007039827 0.26394687952950446 328
1740007039913 0.029523973396332292 329
1740007040009 0.08238918089632065 330
1740007040096 0.11505345560927797 331
1740007040179 0.027618440728083105 332
1740007040262 0.1606390779639821 333
1740007040346 0.059286830818287374 334
1740007040432 0.2516037342311427 335
1740007040515 0.003986729880687516 336
1740007040597 0.04395216264884673 337
1740007040680 0.015607055732204684 338
1740007040764 0.026804397984325993 339
1740007040845 0.546426044853778 340
1740007040932 0.01448364401867949 341
1740007041017 0.14731592206887217 342
1740007041100 0.08886942107966789 343
1740007041186 0.03836409048553154 344
1740007041268 0.09242377410607903 345
1740007041352 4.4716118782611016e-05 346
1740007041440 0.08607408866070076 347
1740007041525 0.009696441216009733 348
1740007041610 0.010016102408297426 349
1740007041702 0.02858072008257953 350
1740007041787 0.01693507894014894 351
1740007041870 0.06690080099215555 352
1740007041958 0.20732266972069993 353
1740007042046 0.015221452104162203 354
1740007042129 0.017865826062901564 355
1740007042211 0.003944521700137894 356
1740007042292 0.24845503392745522 357
1740007042375 0.24500059625002282 358
1740007042459 0.006319528112755097 359
1740007042543 5.565229597614572e-05 360
1740007042626 0.9623357390484926 361
1740007042712 0.14483194312509098 362
1740007042796 0.018905495758495146 363
1740007042879 0.006501906514585747 364
1740007042966 0.1785609296723618 365
1740007043050 0.004249344893280001 366
1740007043135 0.05613181322098208 367
1740007043266 0.05439219307106769 368
1740007043351 0.07443007152364704 369
1740007043434 0.0006683836866719167 370
1740007043519 0.0031708860210302664 371
1740007043602 0.0309171441252495 372
1740007043700 0.020057677269094 373
1740007043787 0.046855945030055586 374
1740007043871 0.06701646750874102 375
1740007043956 0.07913775502430166 376
1740007044046 0.21735603683549384 377
1740007044135 0.1917021791709641 378
1740007044219 0.05979421544263767 379
1740007044303 0.08477495142935959 380
1740007044390 0.19773408332452067 381
1740007044477 0.24523107962094334 382
1740007044559 0.020247124868295056 383
1740007044643 0.3161750716981098 384
1740007044730 0.25144305540238915 385
1740007044814 0.3583203612285813 386
1740007044899 0.5690842183530478 387
1740007044983 0.012739499792945683 388
1740007045066 0.15813304080305166 389
1740007045150 0.4497227565425289 390
1740007045237 0.008362547796392344 391
1740007045319 0.06648241146077082 392
1740007045404 0.054831616367058696 393
1740007045487 0.020701330677124243 394
1740007045569 0.0008357330596098353 395
1740007045651 0.0800806283327909 396
1740007045736 0.03177682522356789 397
1740007045820 0.10513956858695757 398
1740007045905 0.010406420373371148 399
1740007045993 0.008280053188417845 400
1740007046080 0.0849596873001117 401
1740007046163 0.09218235331989875 402
1740007046246 0.029051345432915546 403
1740007046328 0.08805827661968146 404
1740007046411 0.27027556279225984 405
1740007046495 0.03660533956004286 406
1740007046578 0.05312249511959548 407
1740007046661 0.052109326989807116 408
1740007046749 0.05554910944478799 409
1740007046831 0.06621010136826765 410
1740007046915 0.030954981590373156 411
1740007047003 0.0029299087718399003 412
1740007047091 0.006586826739059959 413
1740007047177 0.002117420631776968 414
1740007047264 0.020626220129036345 415
1740007047347 0.2822364730363807 416
1740007047436 0.06720870865738866 417
1740007047521 0.0018570007805517826 418
1740007047604 0.029958500316996543 419
1740007047690 0.1192840679593966 420
1740007047778 0.09388242665315424 421
1740007047861 0.04721431543514275 422
1740007047948 0.07192253419501267 423
1740007048031 0.056576464001900535 424
1740007048120 0.009291879703120993 425
1740007048205 0.003865745331005133 426
1740007048290 0.11221184644550655 427
1740007048375 0.0005726606106994787 428
1740007048457 0.07431195909041965 429
1740007048542 0.13861185835151696 430
1740007048625 0.008781633638618095 431
1740007048713 0.10615754043301913 432
1740007048802 0.0008057005441783613 433
1740007048893 0.07065152382370209 434
1740007048980 0.20277682728138224 435
1740007049064 0.0015317749803168607 436
1740007049150 0.02392729055489791 437
1740007049237 0.013086620092848248 438
1740007049321 0.5418280352331488 439
1740007049405 0.06873465917746674 440
1740007049489 0.0025818550410032235 441
1740007049573 0.09894707223444793 442
1740007049656 0.00012348795521029636 443
1740007049742 0.005513400625346209 444
1740007049828 0.05743630677952598 445
1740007049915 0.09343334319362241 446
1740007050001 0.04899677601695509 447
1740007050090 0.12224860323583192 448
1740007050181 0.04212270337702147 449
1740007050265 1.8701417971996509e-07 450
1740007050352 0.0038944511087372685 451
1740007050437 0.037544841569540084 452
1740007050519 0.002433463479497784 453
1740007050602 0.027849639213602735 454
1740007050687 0.4718746759551944 455
1740007050770 0.6701689825527334 456
1740007050854 0.028249694157319472 457
1740007050943 0.2240362283880579 458
1740007051091 0.0007107841093678578 459
1740007051176 0.0021977779804740463 460
1740007051258 0.0260273221458052 461
1740007051341 0.09671530406883767 462
1740007051427 0.008757344802872671 463
1740007051510 0.5754654373612825 464
1740007051597 0.031164565602581126 465
1740007051684 0.05498692263877968 466
1740007051770 3.7448666499068526e-05 467
1740007051856 0.00021274054608443966 468
1740007051943 0.0005751281704812826 469
1740007052030 0.0021171226291440523 470
1740007052115 9.127137057117058e-05 471
1740007052204 3.376144801460892e-06 472
1740007052289 0.35777555104284003 473
1740007052373 0.5206703135055989 474
1740007052459 0.029532906849089147 475
1740007052544 0.045220996702761154 476
1740007052629 0.012892790498077643 477
1740007052715 0.024242245729326675 478
1740007052797 4.9033985192668897e-05 479
1740007052881 0.03978836769045171 480
1740007052965 0.00756120847929527 481
1740007053047 0.0316744842891485 482
1740007053130 0.7840411353887285 483
1740007053212 0.12401559618780868 484
1740007053295 0.02322896725537374 485
1740007053380 0.05153600457159503 486
1740007053464 0.0041296435542514465 487
1740007053548 0.010138787561215622 488
1740007053631 0.0064070263058461484 489
1740007053715 0.056608466470348964 490
1740007053808 0.0005474714864305667 491
1740007053895 0.0025654389232287454 492
1740007053980 0.1258056065911095 493
1740007054063 0.0002378086663228624 494
1740007054146 0.09058890095400617 495
1740007054235 1.1317941693068647 496
1740007054317 0.009107422049255395 497
1740007054401 0.0007339453851148394 498
1740007054485 0.012581649078685917 499
