1740018063597 1.2878542378990523 0
1740018063694 0.2939245138005066 1
1740018063782 0.035255190845926154 2
1740018063877 0.23759489830139324 3
1740018063971 0.0003769008999290754 4
1740018064058 0.11333491753573005 5
1740018064147 0.17600531369290506 6
1740018064247 0.11924184476294318 7
1740018064339 0.006419665341125669 8
1740018064434 0.3953281328054701 9
1740018064523 0.31462726241862726 10
1740018064612 0.07777735732727713 11
1740018064703 0.10430596679090698 12
1740018064796 0.036774163704428146 13
1740018064890 0.015580048622210905 14
1740018064983 0.06277812948815843 15
1740018065074 0.1505875656995283 16
1740018065163 0.030250391918128658 17
1740018065302 0.0441783419808502 18
1740018065400 0.26383245182215487 19
1740018065490 0.16683212327053204 20
1740018065581 0.005700767110720344 21
1740018065673 0.03353421340972249 22
1740018065767 0.000992514641259092 23
1740018065856 0.09238747482211124 24
1740018065947 0.35030737617051144 25
1740018066035 0.15167829340247932 26
1740018066126 0.00010292966551251987 27
1740018066224 0.11179919714757389 28
1740018066315 0.0578285219894367 29
1740018066405 0.1966999398783106 30
1740018066495 0.21584060134326027 31
1740018066586 0.12438583296313421 32
1740018066678 0.001135664965778347 33
1740018066768 0.01820355631612943 34
1740018066858 0.18360214153434146 35
1740018066948 0.015759623419876998 36
1740018067039 0.6374955947847689 37
1740018067127 0.10920746144310679 38
1740018067237 0.5321354350245361 39
1740018067335 0.1016390005293162 40
1740018067428 0.035557130709794015 41
1740018067525 0.32666387945234626 42
1740018067615 0.36624478699914637 43
1740018067705 0.14024873425133902 44
1740018067794 0.2992389049819453 45
1740018067883 0.012638310846579901 46
1740018067977 0.0164104316461863 47
1740018068066 0.5344595348775932 48
1740018068157 0.032242992899228884 49
1740018068261 0.006981197722307309 50
1740018068354 0.005997337385128767 51
1740018068444 0.027122521541321963 52
1740018068536 0.07651489876240986 53
1740018068631 0.019699644944302958 54
1740018068722 0.08668041332797237 55
1740018068812 0.4265264372535268 56
1740018068901 0.009977276973621852 57
1740018068993 0.024597915479709014 58
1740018069086 0.006404582440961257 59
1740018069175 0.018200094234625593 60
1740018069266 0.018547029534641917 61
1740018069355 0.19583903211304368 62
1740018069449 0.09559905250060452 63
1740018069540 0.11443705680552613 64
1740018069631 0.9179030119133097 65
1740018069722 0.3088488414329608 66
1740018069820 0.27293840315999907 67
1740018069914 0.014160489365830501 68
1740018070004 0.20604588503189572 69
1740018070101 0.004636912722502373 70
1740018070197 0.4190846924863069 71
1740018070297 0.22413068851971357 72
1740018070389 0.07137057011383544 73
1740018070483 0.060448741330938346 74
1740018070576 0.07372517108520485 75
1740018070668 0.04079467882138313 76
1740018070770 0.002237142201867245 77
1740018070861 0.550364740434537 78
1740018070952 0.39978268118085714 79
1740018071043 0.12438868049640155 80
1740018071138 0.00026917685396797596 81
1740018071262 0.3002765731187609 82
1740018071354 0.020197455738591982 83
1740018071445 0.6488003280457489 84
1740018071538 0.026738007758913246 85
1740018071633 0.013110732256549709 86
1740018071727 0.028148737689071734 87
1740018071820 0.03919980517553416 88
1740018071909 0.012284884657305662 89
1740018072003 0.10089431217997598 90
1740018072097 0.008584841853573185 91
1740018072194 0.03432327697476301 92
1740018072287 0.12806775199795464 93
1740018072383 0.1906068435285189 94
1740018072477 0.04188583254358696 95
1740018072568 0.014183118918459435 96
1740018072662 0.29037213814559526 97
1740018072833 0.028582795356220606 98
1740018072931 0.34810513968377976 99
1740018073027 0.3473358010761765 100
1740018073116 0.015793184427428962 101
1740018073209 0.25633579680519175 102
1740018073304 0.01629231757901707 103
1740018073394 0.040540312199196606 104
1740018073489 0.1116850941032761 105
1740018073595 0.05189549248136069 106
1740018073687 0.25741506517319157 107
1740018073776 0.0019157735531680677 108
1740018073866 0.27655089558125173 109
1740018073957 0.0470494469277541 110
1740018074050 0.037964159211379925 111
1740018074139 0.5405979262578319 112
1740018074236 0.014945967012603546 113
1740018074328 0.3047445478942024 114
1740018074423 0.005158971035822741 115
1740018074514 0.42873673050999067 116
1740018074603 0.11929356876008954 117
1740018074695 0.007434159870065278 118
1740018074786 0.006224105659754252 119
1740018074889 0.014455805275294564 120
1740018074990 0.005524350966430674 121
1740018075086 0.5788318230331628 122
1740018075177 0.005232211666687519 123
1740018075273 0.006678856132003809 124
1740018075364 0.07843408487489938 125
1740018075455 0.01715989203947326 126
1740018075549 0.08722561625602629 127
1740018075639 0.09482580901096364 128
1740018075730 0.0014303635741259914 129
1740018075820 0.017102847243512062 130
1740018075911 0.004590151634026197 131
1740018076005 0.07291154423689075 132
1740018076106 0.032007321173805454 133
1740018076223 0.02337385487102681 134
1740018076324 0.019038352914995917 135
1740018076424 0.3250615558696555 136
1740018076521 0.001278889310760384 137
1740018076613 0.17205197865003505 138
1740018076704 0.0030368811357031843 139
1740018076799 0.18735355742151888 140
1740018076894 0.09004776364066946 141
1740018076992 0.007257513636939823 142
1740018077094 0.12063412742730441 143
1740018077195 0.06703709004822447 144
1740018077290 0.15934063945216145 145
1740018077394 0.31304789677915834 146
1740018077495 0.004756442384445169 147
1740018077619 0.04763552767579324 148
1740018077722 0.08330668387385076 149
1740018077816 0.26843216922806173 150
1740018077907 0.0001443281010882687 151
1740018078001 0.03787959775074579 152
1740018078095 8.793259604863932e-05 153
1740018078191 0.0218423454117244 154
1740018078283 0.5302248553529786 155
1740018078375 0.09720513384971158 156
1740018078475 0.0595090949613472 157
1740018078566 0.0038886667811393488 158
1740018078660 0.05737605158172424 159
1740018078784 0.025538564055472245 160
1740018078878 0.02962086302644554 161
1740018078974 1.3495383807035101e-05 162
1740018079065 0.061219032304862156 163
1740018079155 0.06905120741187513 164
1740018079250 0.00047137194183697755 165
1740018079342 0.006053461003356084 166
1740018079439 0.03613860168060291 167
1740018079532 0.03494483320676199 168
1740018079624 0.6022886082901275 169
1740018079714 0.01264389264308257 170
1740018079804 0.4270997181255659 171
1740018079896 0.7505797889377583 172
1740018079989 0.022286017133469907 173
1740018080080 0.4276634947139283 174
1740018080171 0.016306700131112413 175
1740018080265 0.015101992301628333 176
1740018080355 0.00013752193031483853 177
1740018080454 0.05350566461946309 178
1740018080550 0.34230659147372855 179
1740018080641 0.03456399991870087 180
1740018080731 0.09374377105767023 181
1740018080822 0.07050668859047274 182
1740018080911 0.03283247750125166 183
1740018081002 2.219642065964071e-05 184
1740018081092 9.76512823623401e-05 185
1740018081184 0.000389519692228956 186
1740018081275 0.6017470525990934 187
1740018081365 0.5808629014783615 188
1740018081457 0.002569276237778756 189
1740018081549 0.0752819176594743 190
1740018081639 0.36461679855941903 191
1740018081731 0.0008803183208992681 192
1740018081823 0.07543835201911901 193
1740018081912 0.20614738582904546 194
1740018082005 0.02032949745249513 195
1740018082097 0.09977492281578948 196
1740018082190 0.0785286517368668 197
1740018082285 8.949432697107149e-06 198
1740018082375 1.6791813329535654e-07 199
1740018082471 0.13700728423789446 200
1740018082573 0.28249232680746633 201
1740018082667 5.668382997665732e-05 202
1740018082757 0.34701419610750306 203
1740018082857 0.08364770423812504 204
1740018082955 0.001275015588074982 205
1740018083047 0.42305025618705083 206
1740018083136 0.19078102696197646 207
1740018083235 0.8222162368707726 208
1740018083329 0.6014482075863379 209
1740018083420 0.18441872667628612 210
1740018083514 0.007771979046588347 211
1740018083619 0.03224003013098477 212
1740018083725 0.5982272972780693 213
1740018083815 0.14633415170617786 214
1740018083905 0.027983837051452277 215
1740018084000 0.011430020245514167 216
1740018084095 0.006969260045739327 217
1740018084185 0.2520534765315721 218
1740018084279 0.08916461941348998 219
1740018084371 0.024895938651462893 220
1740018084466 0.04059315562926461 221
1740018084562 0.01444817176119035 222
1740018084655 0.0005060598470413749 223
1740018084748 0.02900647006899212 224
1740018084838 0.16845079897858778 225
1740018084929 0.02622756874640449 226
1740018085021 0.3012949678224478 227
1740018085112 0.28011696273918996 228
1740018085207 0.013527054949088164 229
1740018085298 0.3065286320134231 230
1740018085388 0.09719674731650048 231
1740018085479 0.15699352761679383 232
1740018085569 0.050529765730489444 233
1740018085662 0.1522686014004249 234
1740018085758 0.00950838394961197 235
1740018085850 0.24488258110515196 236
1740018085941 9.571891334237215e-05 237
1740018086032 0.01495006535389135 238
1740018086124 0.2092371673935221 239
1740018086218 0.003312321706947407 240
1740018086309 0.18712084875237855 241
1740018086403 0.002898268149675613 242
1740018086499 0.17832204570230217 243
1740018086594 0.11965957071950598 244
1740018086688 0.19157873345496998 245
1740018086784 0.014622816880941091 246
1740018086882 0.24766466931006284 247
1740018086975 6.663792302071033e-05 248
1740018087071 0.14254690890105792 249
1740018087166 0.012775577820543602 250
1740018087261 0.3890475595147321 251
1740018087356 0.018487544526283168 252
1740018087448 0.07298808248301922 253
1740018087573 0.07222996557083941 254
1740018087668 0.03802617354111827 255
1740018087761 0.03469278742440137 256
1740018087854 0.001864608281399557 257
1740018087947 0.0011120353060400264 258
1740018088043 0.8831735954540346 259
1740018088136 0.03261126390169103 260
1740018088231 0.027390233391831026 261
1740018088324 0.022604658660838533 262
1740018088416 0.002597926110316675 263
1740018088510 0.07351438483232321 264
1740018088609 0.009981708804239469 265
1740018088702 0.26676778595301637 266
1740018088799 0.03930114813393663 267
1740018088888 0.3600079206453982 268
1740018088984 0.0031395061243030538 269
1740018089075 0.3663701838065246 270
1740018089167 0.01627563129019966 271
1740018089262 0.11769147150863547 272
1740018089352 0.012111897081880518 273
1740018089440 0.05015191326704754 274
1740018089531 0.31536478135736834 275
1740018089620 0.04205379223088449 276
1740018089710 0.14441375316377125 277
1740018089800 0.2845441087942498 278
1740018089892 0.008807142923575822 279
1740018089983 0.13048527879032096 280
1740018090072 0.6904720790373373 281
1740018090161 0.44205962257811093 282
1740018090251 0.022778106307649256 283
1740018090340 0.0005031941156631234 284
1740018090429 0.008954714476331612 285
1740018090518 0.28178911851585303 286
1740018090607 0.8888120601790639 287
1740018090701 0.00012862170224214281 288
1740018090790 0.04112110624397435 289
1740018090881 0.20103795959959436 290
1740018090971 0.03660033201686699 291
1740018091062 0.06770012158077275 292
1740018091153 0.1406427062145751 293
1740018091247 0.028323106620091926 294
1740018091338 0.0001646576155204129 295
1740018091428 0.009604767193890777 296
1740018091518 0.015544100753858882 297
1740018091609 0.08745433634987315 298
1740018091697 0.18282695181238198 299
1740018091796 0.04581768931890921 300
1740018091895 1.0510248729577572 301
1740018091985 0.18498927569157417 302
1740018092077 0.0015340134600063144 303
1740018092171 0.11043958557318222 304
1740018092277 0.35253162307207125 305
1740018092371 0.21237000880419943 306
1740018092463 0.00041349140658984376 307
1740018092555 0.06119925243903163 308
1740018092649 0.3173212277738507 309
1740018092744 0.2047491037747937 310
1740018092839 0.52790466946119 311
1740018092935 0.00969877975003105 312
1740018093027 0.12072065291576872 313
1740018093118 0.5462794529470426 314
1740018093210 0.021644966140973075 315
1740018093299 0.26472175896350675 316
1740018093386 0.0031187837861601955 317
1740018093476 0.5214448763666707 318
1740018093566 0.039923588911118184 319
1740018093657 0.41811972666168223 320
1740018093764 0.04450109771979902 321
1740018093856 0.13069370013602 322
1740018093946 0.16637947264825073 323
1740018094037 0.018334607984451867 324
1740018094126 0.17422994261237504 325
1740018094217 0.01582718752228959 326
1740018094305 0.0060216308550454884 327
1740018094394 0.0016633119389057995 328
1740018094484 5.791593178551959e-07 329
1740018094574 0.3745071287396314 330
1740018094663 0.06292682105642065 331
1740018094759 0.24853042176704557 332
1740018094847 0.01996504031314201 333
1740018094938 0.03662416614510977 334
1740018095029 0.5597454437338466 335
1740018095116 1.569457401538651 336
1740018095209 0.01997402504280477 337
1740018095297 0.35785023992654597 338
1740018095386 0.04976596185191504 339
1740018095479 0.21819164688519357 340
1740018095568 0.2090670695518567 341
1740018095656 0.06822742973387055 342
1740018095747 0.3584912594149142 343
1740018095838 0.1122841863714278 344
1740018095929 0.04297001573564375 345
1740018096021 0.0008332354126247769 346
1740018096114 0.09481991254127131 347
1740018096204 0.08568018301317208 348
1740018096292 0.04639226625881425 349
1740018096386 0.002062881024393044 350
1740018096478 0.03838811187581447 351
1740018096568 0.00879656418641914 352
1740018096660 0.4644920137791686 353
1740018096758 0.10481406118082776 354
1740018096847 0.01699188840380734 355
1740018096967 0.054829828655273874 356
1740018097064 0.02004572238462004 357
1740018097157 0.0009454365541632505 358
1740018097252 0.07014311713151569 359
1740018097351 0.007279424818404549 360
1740018097445 0.8098066228135814 361
1740018097578 0.01977443457285429 362
1740018097673 0.02112601741102389 363
