1739987967616 6.603788537599245 0
1739987967646 6.635348959710739 1
1739987967674 6.5906591516347275 2
1739987967702 6.50869924481235 3
1739987967732 6.5171767196356925 4
1739987967766 6.56860696458797 5
1739987967795 6.5184307785753575 6
1739987967825 6.497289396489774 7
1739987967851 6.497305542706253 8
1739987967877 6.5269961600553374 9
1739987967904 6.511475652430591 10
1739987967933 6.49367138181931 11
1739987967959 6.5023882951216825 12
1739987967986 6.580242693862789 13
1739987968012 6.568961929960372 14
1739987968038 6.614155526033396 15
1739987968069 6.614180938254019 16
1739987968095 6.496584301611527 17
1739987968120 6.589464129177979 18
1739987968146 6.572704916088039 19
1739987968171 6.57621424016726 20
1739987968196 6.64532287802838 21
1739987968222 6.539082543842512 22
