1740013392310 169.25480595599964 0
1740013392340 168.9159640796469 1
1740013392367 168.74707773430842 2
1740013392401 168.57827547326994 3
1740013392437 168.4096592203735 4
1740013392460 168.24122870075874 5
1740013392485 168.07298370130945 6
1740013392513 167.90492400912282 7
1740013392537 167.73704941154588 8
1740013392561 167.56935969617552 9
1740013392586 167.4018546508581 10
1740013392614 167.23453406368893 11
1740013392644 167.06739772301233 12
1740013392668 166.9004454174211 13
1740013392694 166.73367693575625 14
1740013392719 166.56709206710673 15
1740013392744 166.40069060080916 16
1740013392767 166.23447232644753 17
1740013392794 166.06843703385294 18
1740013392818 165.90258451310314 19
1740013392844 165.73691455452243 20
1740013392868 165.57142694868128 21
1740013392895 165.40612148639605 22
1740013392921 165.2409979587287 23
1740013392945 165.07605615698648 24
1740013392968 164.9112958727217 25
1740013392995 164.7467168977313 26
1740013393019 164.58231902405674 27
1740013393044 164.4181020439836 28
1740013393073 164.25406575004126 29
1740013393097 164.09020993500272 30
1740013393121 163.92653439188422 31
1740013393145 163.76303891394502 32
1740013393171 163.59972329468698 33
1740013393200 163.43658732785448 34
1740013393224 163.27363080743402 35
1740013393251 163.11085352765372 36
1740013393276 162.9482552829835 37
1740013393301 162.7858358681344 38
1740013393327 162.6235950780584 39
1740013393354 162.46153270794832 40
1740013393380 162.29964855323718 41
1740013393404 162.1379424095982 42
1740013393428 161.97641407294444 43
1740013393452 161.8150633394285 44
1740013393476 161.65389000544215 45
1740013393502 161.4928938676162 46
1740013393526 161.33207472282015 47
1740013393555 161.17143236816187 48
1740013393582 161.01096660098733 49
1740013393607 160.8506772188804 50
1740013393631 160.69056401966247 51
1740013393701 160.53062680139215 52
1740013393743 160.37086536236515 53
1740013393766 160.21127950111372 54
1740013393790 160.0518690164067 55
1740013393816 159.892633707249 56
1740013393840 159.73357337288132 57
1740013393865 159.57468781278007 58
1740013393888 159.41597682665696 59
1740013393913 159.25744021445857 60
1740013393938 159.09907777636639 61
1740013393960 158.9408893127963 62
1740013393984 158.7828746243983 63
1740013394014 158.6250335120565 64
1740013394038 158.46736577688836 65
1740013394061 158.30987122024496 66
1740013394090 158.15254964371024 67
1740013394120 157.99540084910115 68
1740013394202 157.8384246384669 69
1740013394226 157.68162081408917 70
1740013394250 157.5249891784815 71
1740013394274 157.36852953438913 72
1740013394298 157.21224168478875 73
1740013394322 157.05612543288814 74
1740013394346 156.90018058212598 75
1740013394370 156.7444069361716 76
1740013394394 156.5888042989245 77
1740013394420 156.4333724745144 78
1740013394447 156.27811126730063 79
1740013394471 156.12302048187215 80
1740013394494 155.96809992304705 81
1740013394520 155.81334939587242 82
1740013394545 155.65876870562403 83
1740013394569 155.50435765780605 84
1740013394593 155.35011605815077 85
1740013394621 155.19604371261843 86
1740013394647 155.0421404273967 87
1740013394670 154.88840600890077 88
1740013394695 154.73484026377275 89
1740013394725 154.58144299888158 90
1740013394748 154.4282140213227 91
1740013394773 154.27515313841786 92
1740013394796 154.1222601577147 93
1740013394823 153.96953488698662 94
1740013394847 153.81697713423245 95
1740013394870 153.66458670767614 96
1740013394893 153.51236341576674 97
1740013394917 153.36030706717764 98
1740013394942 153.20841747080684 99
1740013394965 153.05669443577636 100
1740013394990 152.90513777143204 101
1740013395019 152.75374728734334 102
1740013395042 152.60252279330302 103
1740013395071 152.4514640993268 104
1740013395102 152.3005710156533 105
1740013395128 152.14984335274357 106
1740013395152 151.9992809212809 107
1740013395175 151.84888353217067 108
1740013395201 151.69865099653987 109
1740013395226 151.54858312573697 110
1740013395250 151.39867973133164 111
1740013395274 151.2489406251145 112
1740013395301 151.0993656190968 113
1740013395325 150.94995452551026 114
1740013395349 150.8007071568067 115
1740013395373 150.65162332565777 116
1740013395401 150.50270284495488 117
1740013395426 150.35394552780863 118
1740013395451 150.2053511875489 119
1740013395475 150.0569196377242 120
1740013395500 149.9086506921019 121
1740013395527 149.76054416466738 122
1740013395552 149.61259986962426 123
1740013395578 149.46481762139396 124
1740013395604 149.3171972346154 125
1740013395627 149.1697385241448 126
1740013395651 149.0224413050554 127
1740013395676 148.87530539263716 128
1740013395701 148.72833060239668 129
1740013395726 148.58151675005666 130
1740013395752 148.434863651556 131
1740013395781 148.288371123049 132
1740013395806 148.14203898090582 133
1740013395829 147.99586704171168 134
1740013395853 147.84985512226663 135
1740013395877 147.70400303958576 136
1740013395902 147.55831061089833 137
1740013395925 147.41277765364794 138
1740013395949 147.2674039854922 139
1740013395979 147.1221894243022 140
1740013396003 146.97713378816272 141
1740013396026 146.83223689537158 142
1740013396051 146.68749856443964 143
1740013396081 146.54291861409035 144
1740013396104 146.39849686325965 145
1740013396128 146.2542331310956 146
1740013396153 146.11012723695828 147
1740013396181 145.96617900041932 148
1740013396204 145.822388241262 149
1740013396228 145.67875477948047 150
1740013396253 145.53527843528002 151
1740013396277 145.3919590290766 152
1740013396301 145.24879638149645 153
1740013396325 145.1057903133761 154
1740013396353 144.96294064576202 155
1740013396379 144.82024719991017 156
1740013396402 144.6777097972862 157
1740013396425 144.53532825956475 158
1740013396449 144.39310240862943 159
1740013396473 144.25103206657255 160
1740013396496 144.10911705569484 161
1740013396520 143.96735719850523 162
1740013396551 143.82575231772051 163
1740013396575 143.68430223626527 164
1740013396599 143.5430067772715 165
1740013396623 143.40186576407837 166
1740013396648 143.26087902023198 167
1740013396671 143.1200463694852 168
1740013396694 142.97936763579733 169
1740013396718 142.8388426433338 170
1740013396747 142.6984712164662 171
1740013396771 142.55825317977167 172
1740013396798 142.41818835803292 173
1740013396823 142.2782765762378 174
1740013396848 142.1385176595793 175
1740013396871 141.99891143345508 176
1740013396895 141.85945772346724 177
1740013396921 141.7201563554223 178
1740013396947 141.5810071553306 179
1740013396970 141.44200994940647 180
1740013396994 141.30316456406766 181
1740013397023 141.16447082593518 182
1740013397051 141.02592856183318 183
1740013397081 140.88753759878864 184
1740013397105 140.74929776403096 185
1740013397146 140.611208884992 186
1740013397176 140.47327078930573 187
1740013397203 140.3354833048079 188
1740013397230 140.19784625953585 189
1740013397257 140.0603594817284 190
1740013397281 139.92302279982542 191
1740013397305 139.78583604246765 192
1740013397329 139.64879903849658 193
1740013397353 139.51191161695402 194
1740013397378 139.37517360708208 195
1740013397402 139.23858483832265 196
1740013397429 139.10214514031745 197
1740013397454 138.96585434290765 198
1740013397477 138.82971227613356 199
1740013397500 138.69371877023463 200
1740013397525 138.55787365564896 201
1740013397550 138.4221767630132 202
1740013397574 138.28662792316226 203
1740013397599 138.1512269671292 204
1740013397627 138.01597372614475 205
1740013397651 137.88086803163736 206
1740013397674 137.74590971523267 207
1740013397697 137.6110986087536 208
1740013397725 137.47643454421987 209
1740013397751 137.34191735384783 210
1740013397775 137.20754687005024 211
1740013397800 137.0733229254361 212
1740013397828 136.93924535281022 213
1740013397855 136.80531398517326 214
1740013397878 136.67152865572135 215
1740013397903 136.5378891978458 216
1740013397927 136.40439544513296 217
1740013397952 136.27104723136392 218
1740013397975 136.13784439051446 219
1740013398001 136.00478675675458 220
1740013398026 135.87187416444831 221
1740013398050 135.73910644815368 222
1740013398077 135.60648344262228 223
1740013398162 135.4740049827991 224
1740013398187 135.34167090382232 225
1740013398212 135.20948104102308 226
1740013398236 135.07743522992516 227
1740013398265 134.94553330624493 228
1740013398289 134.8137751058909 229
1740013398316 134.68216046496372 230
1740013398340 134.55068921975572 231
1740013398365 134.41936120675098 232
1740013398389 134.28817626262475 233
1740013398412 134.15713422424344 234
1740013398437 134.02623492866445 235
1740013398463 133.8954782131357 236
1740013398487 133.76486391509565 237
1740013398512 133.63439187217298 238
1740013398537 133.50406192218628 239
1740013398563 133.37387390314396 240
1740013398588 133.24382765324393 241
1740013398613 133.11392301087338 242
1740013398645 132.98415981460874 243
1740013398672 132.85453790321517 244
1740013398696 132.72505711564645 245
1740013398723 132.59571729104488 246
1740013398752 132.46651826874086 247
1740013398776 132.33745988825274 248
1740013398804 132.20854198928674 249
1740013398831 132.0797644117365 250
1740013398863 131.951126995683 251
1740013398888 131.82262958139427 252
1740013398912 131.69427200932515 253
1740013398936 131.5660541201173 254
1740013398960 131.43797575459854 255
1740013398983 131.310036753783 256
1740013399007 131.1822369588709 257
1740013399035 131.05457621124793 258
1740013399060 130.9270543524856 259
1740013399087 130.79967122434053 260
1740013399111 130.6724266687545 261
1740013399136 130.5453205278542 262
1740013399162 130.41835264395087 263
1740013399190 130.29152285954024 264
1740013399214 130.16483101730225 265
1740013399242 130.03827696010086 266
1740013399266 129.91186053098372 267
1740013399290 129.78558157318213 268
1740013399314 129.65943993011064 269
1740013399340 129.53343544536705 270
1740013399364 129.40756796273192 271
1740013399387 129.28183732616858 272
1740013399412 129.15624337982285 273
1740013399437 129.03078596802268 274
1740013399461 128.90546493527825 275
1740013399484 128.78028012628133 276
1740013399509 128.65523138590552 277
1740013399534 128.53031855920568 278
1740013399559 128.4055414914179 279
1740013399583 128.28090002795912 280
1740013399612 128.15639401442724 281
1740013399655 128.0320232966005 282
1740013399726 127.90778772043753 283
1740013399749 127.78368713207705 284
1740013399773 127.65972137783767 285
1740013399796 127.5358903042177 286
1740013399825 127.41219375789491 287
1740013399851 127.28863158572625 288
1740013399875 127.16520363474783 289
1740013399900 127.04190975217445 290
1740013399927 126.91874978539961 291
1740013399950 126.79572358199528 292
1740013399974 126.67283098971141 293
1740013400000 126.55007185647611 294
1740013400030 126.4274460303952 295
1740013400054 126.30495335975205 296
1740013400082 126.1825936930074 297
1740013400107 126.06036687879906 298
1740013400131 125.93827276594183 299
1740013400155 125.81631120342722 300
1740013400178 125.69448204042322 301
1740013400205 125.57278512627414 302
1740013400231 125.45122031050036 303
1740013400255 125.32978744279816 304
1740013400279 125.20848637303942 305
1740013400308 125.08731695127163 306
1740013400332 124.96627902771736 307
1740013400356 124.84537245277437 308
1740013400379 124.72459707701513 309
1740013400406 124.60395275118685 310
1740013400431 124.48343932621111 311
1740013400455 124.3630566531837 312
1740013400479 124.24280458337444 313
1740013400504 124.12268296822697 314
1740013400527 124.00269165935852 315
1740013400550 123.88283050855962 316
1740013400575 123.76309936779415 317
1740013400601 123.64349808919889 318
1740013400624 123.5240265250833 319
1740013400648 123.40468452792958 320
1740013400674 123.28547195039224 321
1740013400701 123.16638864529784 322
1740013400726 123.0474344656451 323
1740013400749 122.92860926460426 324
1740013400773 122.80991289551733 325
1740013400798 122.69134521189756 326
1740013400823 122.57290606742929 327
1740013400846 122.45459531596792 328
1740013400873 122.33641281153953 329
1740013400898 122.21835840834068 330
1740013400921 122.10043196073838 331
1740013400947 121.98263332326967 332
1740013400973 121.86496235064158 333
1740013400997 121.74741889773088 334
1740013401020 121.63000281958378 335
1740013401044 121.5127139714159 336
1740013401070 121.39555220861196 337
1740013401095 121.2785173867256 338
1740013401119 121.16160936147915 339
1740013401142 121.04482798876354 340
1740013401169 120.92817312463798 341
1740013401195 120.81164462532976 342
1740013401226 120.69524234723423 343
1740013401253 120.57896614691431 344
1740013401281 120.46281588110054 345
1740013401304 120.34679140669073 346
1740013401328 120.23089258074994 347
1740013401351 120.11511926050997 348
1740013401376 119.99947130336956 349
1740013401399 119.88394856689384 350
1740013401422 119.7685509088143 351
1740013401450 119.65327818702869 352
1740013401475 119.53813025960059 353
1740013401499 119.42310698475929 354
1740013401523 119.30820822089976 355
1740013401549 119.19343382658225 356
1740013401574 119.0787836605322 357
1740013401598 118.96425758163994 358
1740013401622 118.8498554489607 359
1740013401649 118.73557712171414 360
1740013401673 118.62142245928442 361
1740013401696 118.50739132121981 362
1740013401721 118.3934835672326 363
1740013401748 118.27969905719885 364
1740013401772 118.16603765115818 365
1740013401796 118.05249920931378 366
1740013401819 117.93908359203188 367
1740013401845 117.82579065984176 368
1740013401869 117.7126202734356 369
1740013401894 117.59957229366816 370
1740013401920 117.48664658155667 371
1740013401948 117.37384299828054 372
1740013401973 117.26116140518131 373
1740013401999 117.14860166376236 374
1740013402023 117.0361636356887 375
1740013402049 116.92384718278691 376
1740013402076 116.81165216704476 377
1740013402100 116.69957845061116 378
1740013402128 116.58762589579597 379
1740013402154 116.47579436506967 380
1740013402177 116.36408372106335 381
1740013402201 116.25249382656841 382
1740013402227 116.14102454453635 383
1740013402251 116.0296757380787 384
1740013402275 115.91844727046667 385
1740013402298 115.80733900513115 386
1740013402326 115.69635080566232 387
1740013402351 115.5854825358096 388
1740013402375 115.47473405948146 389
1740013402400 115.36410524074509 390
1740013402424 115.25359594382638 391
1740013402448 115.1432060331097 392
1740013402471 115.0329353731376 393
1740013402495 114.92278382861072 394
1740013402522 114.81275126438761 395
1740013402546 114.70283754548453 396
1740013402569 114.59304253707516 397
1740013402594 114.4833661044906 398
1740013402621 114.37380811321903 399
1740013402645 114.2643684289056 400
1740013402669 114.15504691735222 401
1740013402693 114.04584344451736 402
1740013402718 113.9367578765159 403
1740013402743 113.82779007961891 404
1740013402766 113.71893992025353 405
1740013402794 113.61020726500267 406
1740013402819 113.50159198060491 407
1740013402843 113.39309393395435 408
1740013402867 113.28471299210028 409
1740013402892 113.17644902224717 410
1740013402916 113.0683018917544 411
1740013402940 112.96027146813603 412
1740013402963 112.85235761906068 413
1740013402993 112.7445602123514 414
1740013403019 112.63687911598534 415
1740013403044 112.52931419809367 416
1740013403068 112.42186532696142 417
1740013403095 112.31453237102725 418
1740013403119 112.20731519888322 419
1740013403144 112.1002136792747 420
1740013403170 111.99322768110012 421
1740013403196 111.88635707341088 422
1740013403220 111.77960172541104 423
1740013403248 111.67296150645726 424
1740013403277 111.5664362860585 425
1740013403303 111.460025933876 426
1740013403327 111.35373031972293 427
1740013403350 111.24754931356426 428
1740013403377 111.14148278551671 429
1740013403402 111.03553060584838 430
1740013403425 110.92969264497869 431
1740013403448 110.82396877347814 432
1740013403472 110.71835886206821 433
1740013403496 110.61286278162106 434
1740013403520 110.50748040315949 435
1740013403544 110.40221159785662 436
1740013403575 110.29705623703587 437
1740013403600 110.1920141921706 438
1740013403624 110.08708533488411 439
1740013403649 109.98226953694932 440
1740013403674 109.87756667028873 441
1740013403697 109.77297660697407 442
1740013403721 109.66849921922628 443
1740013403747 109.56413437941526 444
1740013403773 109.45988196005969 445
1740013403797 109.35574183382694 446
1740013403821 109.25171387353271 447
1740013403846 109.14779795214108 448
1740013403872 109.0439939427641 449
1740013403896 108.9403017186619 450
1740013403920 108.83672115324224 451
1740013403945 108.73325212006041 452
1740013403969 108.6298944928192 453
1740013403992 108.52664814536857 454
1740013404015 108.42351295170553 455
1740013404042 108.32048878597394 456
1740013404072 108.21757552246436 457
1740013404100 108.11477303561388 458
1740013404125 108.01208120000595 459
1740013404155 107.90949989037018 460
1740013404179 107.8070289815822 461
1740013404202 107.70466834866345 462
1740013404226 107.60241786678101 463
1740013404250 107.50027741124748 464
1740013404277 107.39824685752076 465
1740013404302 107.29632608120387 466
1740013404328 107.19451495804485 467
1740013404356 107.09281336393647 468
1740013404379 106.99122117491615 469
1740013404404 106.88973826716581 470
1740013404428 106.78836451701154 471
1740013404452 106.6870998009237 472
1740013404476 106.58594399551642 473
1740013404499 106.48489697754772 474
1740013404525 106.38395862391918 475
1740013404551 106.28312881167582 476
1740013404576 106.18240741800591 477
1740013404600 106.0817943202408 478
1740013404626 105.98128939585483 479
1740013404651 105.88089252246495 480
1740013404674 105.78060357783083 481
1740013404698 105.68042243985452 482
1740013404726 105.58034898658026 483
1740013404750 105.48038309619444 484
1740013404773 105.38052464702531 485
1740013404797 105.2807735175429 486
1740013404824 105.18112958635875 487
1740013404849 105.08159273222591 488
1740013404872 104.98216283403853 489
1740013404896 104.88283977083192 490
1740013404922 104.78362342178234 491
1740013404945 104.68451366620668 492
1740013404968 104.58551038356245 493
1740013404993 104.48661345344757 494
1740013405021 104.38782275560018 495
1740013405046 104.28913816989851 496
1740013405072 104.19055957636067 497
1740013405098 104.09208685514456 498
1740013405124 103.99371988654761 499
