1739969332878 2.3221893906851947 0
1739969332961 0.938871129379415 1
1739969333035 0.007734616062631327 2
1739969333111 1.2372224959500147 3
1739969333189 1.2642605007237382 4
1739969333259 0.6378612073410248 5
1739969333334 1.4074115310328819 6
1739969333415 0.033715557676367865 7
1739969333498 0.0940587379451045 8
1739969333572 0.0007242980512857142 9
1739969333649 0.0008892365341157161 10
1739969333723 0.005567303558455269 11
1739969333796 0.012936968603292916 12
1739969333868 0.26676877674674376 13
1739969333949 0.2742697311628425 14
1739969334069 0.006571123452853796 15
1739969334151 0.05896306328260389 16
1739969334234 0.08913431837011637 17
1739969334310 0.11077850033141978 18
1739969334389 0.027911315275059346 19
1739969334466 1.3096092723846815 20
1739969334539 0.7514804120010551 21
1739969334620 0.39359190464115185 22
1739969334692 0.0010717365847773288 23
1739969334764 0.16266087787047523 24
1739969334838 0.3055967228553045 25
1739969334914 0.2022781144384848 26
1739969334986 0.2551482616892838 27
1739969335067 0.13720000525270018 28
1739969335148 0.06030142907971214 29
1739969335226 0.16780254390933919 30
1739969335298 0.257302359704539 31
1739969335379 0.0028383598537308043 32
1739969335454 0.2956596763233377 33
1739969335529 0.2749020712404895 34
1739969335617 0.04069768852331296 35
1739969335692 0.007574817773363433 36
1739969335767 0.548371249754847 37
1739969335838 0.033604328153642456 38
1739969335911 0.16561396760167438 39
1739969335990 0.1738751637515308 40
1739969336066 0.030767760825361333 41
1739969336141 0.39051477782951677 42
1739969336222 0.6191837937749738 43
1739969336305 0.5577689536671225 44
1739969336383 0.03029681465990484 45
1739969336461 0.20192125882966033 46
1739969336539 0.2004391084363581 47
1739969336621 0.6070058321423114 48
1739969336695 0.11106959182313707 49
1739969336767 0.0038862741332827046 50
1739969336845 0.012145025167267447 51
1739969336918 0.13044040882142025 52
1739969336991 0.0016474256506346806 53
1739969337067 0.1013159257321829 54
1739969337148 0.01900653229351332 55
1739969337221 0.48981615648890825 56
1739969337296 1.6429160355196366 57
1739969337371 0.08262029903738514 58
1739969337444 0.23767669323842824 59
1739969337517 0.08485402769639575 60
1739969337590 0.017287442337465486 61
1739969337663 0.4931781776380532 62
1739969337736 0.5207192458716684 63
1739969337808 0.4528625714363691 64
1739969337882 0.11383882939397823 65
1739969337955 0.33060350216838474 66
1739969338028 0.03665430187288325 67
1739969338105 0.11844686708401489 68
1739969338180 0.00200235503602389 69
1739969338256 0.14614069778658673 70
1739969338330 0.0026718516363390924 71
1739969338402 0.03457520718508718 72
1739969338474 0.010231359330188185 73
1739969338557 0.7501252208264307 74
1739969338635 0.11433521472182963 75
1739969338778 0.25243117404378723 76
1739969338855 0.09832720385012467 77
1739969338928 0.006693840521150122 78
1739969339002 0.002511655753617898 79
1739969339130 0.016300366049042187 80
1739969339205 0.00463536020156548 81
1739969339278 0.16589035534695337 82
1739969339361 0.41348269020552275 83
1739969339446 0.24751140340371866 84
1739969339527 0.01840018037512822 85
1739969339605 0.0002051193464326301 86
1739969339679 0.2178923710977174 87
1739969339752 0.00013421173542975206 88
1739969339831 0.2997779268319256 89
1739969339914 0.3871194620679256 90
1739969339988 0.6595734886398484 91
1739969340064 0.641405821844838 92
1739969340145 0.28505703132670673 93
1739969340228 0.06352566250699787 94
1739969340310 0.15854250433567582 95
1739969340387 0.3720956476881189 96
1739969340461 0.07689407134460895 97
1739969340534 0.438930473875856 98
1739969340608 0.052235735811805024 99
1739969340680 0.4980919936403876 100
1739969340752 0.002838237836373094 101
1739969340824 0.10572221799364574 102
1739969340900 0.31426889685634685 103
1739969340972 0.15217390847642112 104
1739969341046 0.06776425915402723 105
1739969341122 0.5032961855297466 106
1739969341196 0.00873456710634653 107
1739969341268 0.18712906776981209 108
1739969341343 0.007306799128260751 109
1739969341417 0.02339076283873161 110
1739969341491 0.044402431309806256 111
1739969341566 0.1834736136222726 112
1739969341641 0.33347279795607854 113
1739969341713 0.16403030009391645 114
1739969341784 0.5517774371122003 115
1739969341859 0.008891108078482967 116
1739969341933 0.29174607146350184 117
1739969342006 0.21409590447120153 118
1739969342092 0.5971136356353878 119
1739969342172 0.2963195679103435 120
1739969342245 0.16549367279762842 121
1739969342329 0.11756905047392963 122
1739969342405 0.23032477899184434 123
1739969342485 0.08302831086066155 124
1739969342559 0.4664908993118656 125
1739969342632 0.2739644215630898 126
1739969342707 0.41149466743932356 127
1739969342785 0.15131317905581484 128
1739969342857 0.5512673491911892 129
1739969342928 0.18021259991264535 130
1739969343007 0.1297090553835908 131
1739969343084 0.06011786640926794 132
1739969343155 4.426827963829143e-05 133
1739969343227 0.005781588389923834 134
1739969343302 0.44217010867997164 135
1739969343375 0.06243244506701617 136
1739969343448 0.2238487088734686 137
1739969343530 0.5117425945203034 138
1739969343608 0.033324500823022844 139
1739969343679 0.4611005693838824 140
1739969343768 0.2150996724633894 141
1739969343848 0.4469777067443298 142
1739969343923 0.039715042681745936 143
1739969344122 0.05638043549917063 144
1739969344249 0.20011702800969125 145
1739969344356 0.4624152308088485 146
1739969344441 0.27509283398918444 147
1739969344525 0.15819846940443105 148
1739969344608 0.3653838526641749 149
1739969344690 0.00018201298681444746 150
1739969344773 0.0013662748864933408 151
1739969344855 0.11919180022863313 152
1739969344939 0.3994922976449102 153
1739969345026 0.17292216763336368 154
1739969345115 0.20548326129293806 155
1739969345202 0.7045692764460423 156
1739969345278 0.15243613851065135 157
1739969345367 0.00014636773889762573 158
1739969345443 0.042440691462728025 159
1739969345525 0.2960711849991159 160
1739969345601 0.0298021055476761 161
1739969345688 0.001549944042124009 162
1739969345760 0.6159132013020526 163
1739969345839 0.0058311754260010696 164
1739969345928 0.6138529511882886 165
1739969346003 3.955930669690474e-05 166
1739969346078 0.12333871095508407 167
1739969346152 0.0004189450938239645 168
1739969346232 0.5723022100595291 169
1739969346305 0.32231162479814024 170
1739969346380 0.24161337539914735 171
1739969346455 0.626841192868706 172
1739969346526 0.33557619791790244 173
1739969346600 0.17672106025383763 174
1739969346671 0.24990468969803836 175
1739969346743 0.15093284380560104 176
1739969346818 0.5871144946692953 177
1739969346888 0.022983047076411897 178
1739969346962 0.1578504238161653 179
1739969347044 0.0011607337721872158 180
1739969347123 0.0006090363936935243 181
1739969347196 0.2717444633183475 182
1739969347267 0.07018055068576828 183
1739969347341 0.009789689938029943 184
1739969347415 0.03004433467915551 185
1739969347494 0.028039302637275606 186
1739969347577 0.11095655295609426 187
1739969347655 0.05709413368968979 188
1739969347731 0.0025707188115681604 189
1739969347812 0.045282860816637995 190
1739969347888 0.16486667643027522 191
1739969347964 0.0003085346011798369 192
1739969348043 0.10983875052912327 193
1739969348127 0.08372443673015814 194
1739969348201 0.001413170473394342 195
1739969348272 0.14803347693145757 196
1739969348349 0.003960850782250829 197
1739969348427 0.6067137793818576 198
1739969348511 0.2080648612645635 199
1739969348588 0.2635806845718213 200
1739969348668 0.033021909085633794 201
1739969348745 0.001349487829888393 202
1739969348816 0.021912380731164197 203
1739969348890 0.2804776402545924 204
1739969348973 0.016234030114575995 205
1739969349049 0.24508608638495083 206
1739969349125 0.0008570859753209463 207
1739969349197 0.5190535524320543 208
1739969349268 0.0980242391241677 209
1739969349342 0.002551806282250242 210
1739969349420 0.08869161554988197 211
1739969349504 0.2828735377168319 212
1739969349591 0.008211511216381725 213
1739969349668 0.5730444032237478 214
1739969349745 0.42558293481605697 215
1739969349820 0.14173561028727366 216
1739969349898 0.0039828192417705015 217
1739969349974 0.48554976743016137 218
1739969350050 0.10420720909038907 219
1739969350132 0.28127342105376324 220
1739969350205 0.19144709613044228 221
1739969350280 0.44058098449605115 222
1739969350365 0.15650661656321246 223
1739969350443 0.04900963170866945 224
1739969350520 0.4897823802701045 225
1739969350601 0.11291407642165553 226
1739969350679 0.008707908611074658 227
1739969350751 0.18214953550111992 228
1739969350822 0.31528423933226174 229
1739969350900 0.028704401071777064 230
1739969350977 0.17612951174251038 231
1739969351048 0.045012305331727544 232
1739969351129 0.5291804411732116 233
1739969351207 0.25400246317037295 234
1739969351279 0.3888317182327019 235
1739969351351 0.660185681245981 236
1739969351424 0.3406849172294836 237
1739969351497 0.3146939892578453 238
1739969351571 0.21608672201176898 239
1739969351646 0.09066639469861239 240
1739969351718 0.08591482335723588 241
1739969351790 0.04189189305751445 242
1739969351862 0.07721350732531071 243
1739969351944 0.2041081856097488 244
1739969352018 0.09191128600363242 245
1739969352098 0.36302652758172727 246
1739969352175 0.07451582228944549 247
1739969352249 0.45198783884171856 248
1739969352324 0.007422537591176548 249
1739969352397 0.3150761176603096 250
1739969352484 0.2646657392543765 251
1739969352561 0.23146208615844993 252
1739969352633 0.8141715719373227 253
1739969352709 0.396236705849652 254
1739969352783 0.3548800053612729 255
1739969352857 0.012666269843551172 256
1739969352932 0.28016649195528676 257
1739969353005 0.27197066898324973 258
1739969353082 0.45403488523818436 259
1739969353159 0.4931775001161223 260
1739969353232 0.5123070368943978 261
1739969353304 0.45333644431746006 262
1739969353379 0.26244073998756223 263
1739969353451 0.007992917525988316 264
1739969353523 0.005750859618974954 265
1739969353598 0.22088355005373048 266
1739969353670 0.04417793988339924 267
1739969353745 0.17912935070706507 268
1739969353818 0.0007453474201545963 269
1739969353891 0.2728450410965477 270
1739969353963 0.2760102597549722 271
1739969354037 0.0498489387954775 272
1739969354111 0.4093414661382196 273
1739969354183 0.04854774127857636 274
1739969354257 0.4564793025695285 275
1739969354338 0.6663861554701187 276
1739969354423 0.07590698688027767 277
1739969354530 0.6428587684429501 278
1739969354615 0.051947943671262646 279
1739969354698 0.8630233540901844 280
1739969354781 0.2722404122964385 281
1739969354862 0.361373054679626 282
1739969354946 0.5320946033237984 283
1739969355028 0.3787542967628929 284
1739969355111 0.2016325525131525 285
1739969355192 0.1324017581282655 286
1739969355272 0.13093776029331397 287
1739969355348 0.2456689081015201 288
1739969355424 0.051878688330212426 289
1739969355505 0.2544143489362531 290
1739969355587 0.09374079730118151 291
1739969355669 0.05407518948256461 292
1739969355747 0.33855234833802417 293
1739969355830 0.44643048477786573 294
1739969355912 0.00472060286379316 295
1739969355989 0.7059610371551366 296
1739969356066 0.8162447234268357 297
1739969356150 0.17362299522650357 298
1739969356233 0.07653528359479293 299
1739969356317 0.33963903345100604 300
1739969356400 0.2423440533373655 301
1739969356480 0.06563731249384226 302
1739969356565 0.2916106015986903 303
1739969356646 0.5099025820717357 304
1739969356730 0.40476760101306725 305
1739969356809 0.052613836815051766 306
1739969356889 0.0017846877344239148 307
1739969356963 0.18800022789630536 308
1739969357039 0.14022908088806282 309
1739969357138 0.44329971360866 310
1739969357219 0.15805240765686027 311
1739969357301 0.19482135458987054 312
1739969357387 0.5745195368835536 313
1739969357469 0.22422387264011828 314
1739969357608 0.01127458108976806 315
1739969357691 0.042968604669984554 316
1739969357773 0.5606139375962199 317
1739969357856 0.19571087132768944 318
1739969357936 0.25164372791787115 319
1739969358016 0.4527255994758434 320
1739969358091 0.002681135374373872 321
1739969358170 0.23622116989924505 322
1739969358254 0.2554669885771819 323
1739969358333 0.21512735611244513 324
1739969358404 0.07537282252992429 325
1739969358481 0.23364363754063114 326
1739969358557 0.06609770339255384 327
1739969358634 0.35720664512379685 328
1739969358705 0.5527024270633765 329
1739969358780 0.6124559498599677 330
1739969358854 0.44519761487019804 331
1739969358937 0.2184143855612108 332
1739969359010 0.10914882826951121 333
1739969359085 0.014477321635543192 334
1739969359157 0.15224954411198283 335
1739969359229 0.2606351656197717 336
1739969359301 0.23381660134216747 337
1739969359377 0.2788778666650325 338
1739969359448 0.06991134455558884 339
1739969359523 0.5211102630693866 340
1739969359598 0.0011608023845722788 341
1739969359671 0.04922727395491587 342
1739969359741 0.33354781465064426 343
1739969359812 0.14501243949727888 344
1739969359884 0.024874122892591253 345
1739969359954 0.06505459185290843 346
1739969360027 0.10081778763623252 347
1739969360104 0.34787647468917243 348
1739969360175 0.0006147831224034416 349
1739969360258 0.19173725541404374 350
1739969360346 0.2791803131620129 351
1739969360432 0.2556432604928985 352
1739969360516 0.00275462953445381 353
1739969360599 0.04463986905521226 354
1739969360682 0.0567016120795826 355
1739969360785 0.15774551602735837 356
1739969360865 0.5408408429207682 357
1739969360947 0.8720605138664694 358
1739969361033 0.7487999782625617 359
1739969361117 0.14408795839538552 360
1739969361198 0.06358124899464643 361
1739969361281 0.03396445856138953 362
1739969361362 0.013274331524937519 363
1739969361444 0.002942077511077621 364
1739969361527 0.03809173796906844 365
1739969361609 0.25506824300965003 366
1739969361690 1.911763275497856 367
1739969361771 0.19981458007534336 368
1739969361855 0.4238124487540813 369
1739969361936 0.1966614718290375 370
1739969362023 0.044352517140050694 371
1739969362107 0.13309135638484387 372
1739969362190 0.02598935094667342 373
1739969362273 0.1899081905968958 374
1739969362357 0.0550669468000108 375
1739969362439 0.012004993003668377 376
1739969362521 0.010816261616188438 377
1739969362605 0.9082733228187716 378
1739969362752 0.048272887383970696 379
1739969362832 0.4099473986104326 380
1739969362913 0.5615741439181883 381
1739969362999 0.06852270940006669 382
1739969363084 0.19431390716507202 383
1739969363169 0.030173370396955987 384
1739969363251 0.01984492884837258 385
1739969363337 0.24782815130420557 386
1739969363422 0.06114953722810605 387
1739969363505 0.08898174654706005 388
1739969363588 0.5173329855055556 389
1739969363670 0.2612142008817101 390
1739969363751 0.6737744845250847 391
1739969363841 0.501470355077198 392
1739969363927 0.0034148408803796383 393
1739969364010 0.2692416027623201 394
1739969364094 0.365562174076466 395
1739969364217 0.1283992759300587 396
1739969364300 0.0806246874454837 397
1739969364383 0.20812311124104715 398
1739969364464 0.006253423145149936 399
1739969364546 0.6659245541688107 400
1739969364630 0.026490130066541172 401
1739969364713 0.017597221791923023 402
1739969364795 0.04806220009511424 403
1739969364877 0.018724041627645283 404
1739969364957 0.0020080766867869725 405
1739969365038 0.00022925185901683908 406
1739969365120 0.19201934368913215 407
1739969365202 0.07265673520910162 408
1739969365284 0.07655191235181949 409
1739969365367 0.17059877091497516 410
1739969365451 0.03373082206011551 411
1739969365534 0.3827323888313211 412
1739969365617 0.012324522251482103 413
1739969365699 0.12561243116560408 414
1739969365781 0.4145643891664533 415
1739969365861 0.19871235364236314 416
1739969365943 0.11251240915415905 417
1739969366026 0.09696645710689435 418
1739969366108 0.002671817802133828 419
1739969366190 0.26203923186121436 420
1739969366271 0.023167903934823743 421
1739969366353 0.39158190751331723 422
1739969366435 0.05607253688502221 423
1739969366518 0.0010011845976284474 424
1739969366602 0.023028444614745232 425
1739969366683 0.03660710760596892 426
1739969366767 0.3260459395649094 427
1739969366851 0.016890946710483218 428
1739969366934 0.4873195891766922 429
1739969367016 0.20888835292500688 430
1739969367098 0.32336271081916734 431
1739969367179 0.016659711869030817 432
1739969367261 0.2116616868291972 433
1739969367345 0.5656842143577785 434
1739969367427 0.29592758697999894 435
1739969367509 0.23389286763389416 436
1739969367591 0.49030959362710475 437
1739969367671 5.305616324728018e-05 438
1739969367752 0.04011240426193636 439
1739969367834 0.2569273877330332 440
1739969367917 0.0033536376520267525 441
1739969367999 0.3293715516756281 442
1739969368083 0.2369783824882227 443
1739969368165 0.60321279621744 444
1739969368245 0.4072511971661549 445
1739969368329 0.10365546342977704 446
1739969368410 0.2637673590783474 447
1739969368493 0.3187755359269554 448
1739969368576 0.72423937638505 449
1739969368678 0.01169842036978865 450
1739969368761 0.1907207051509917 451
1739969368843 0.022462057399099487 452
1739969368924 0.07065728110509147 453
1739969369006 0.43862259092508904 454
1739969369089 0.004893441058200129 455
1739969369197 0.0222858066628318 456
1739969369279 0.36805987358962544 457
1739969369361 0.20965341263717735 458
1739969369444 0.6478137104469205 459
1739969369527 0.03826848773155217 460
1739969369611 0.15901008731823157 461
1739969369692 0.05248568167563154 462
1739969369773 0.15183768439230524 463
1739969369858 0.22683594976203186 464
1739969369946 0.010644405268485887 465
1739969370032 0.01190133725757404 466
1739969370119 0.20907536017105538 467
1739969370202 0.24997659798901503 468
1739969370285 0.23562745528116513 469
1739969370369 0.01174684629980893 470
1739969370451 0.266441678754307 471
1739969370538 0.0032000123419411008 472
1739969370620 0.0664090698950292 473
1739969370717 0.21597804925170905 474
1739969370801 0.00044132333884591533 475
1739969370882 6.347076587679597e-06 476
1739969370964 0.27579013753077486 477
1739969371045 0.17228187615952867 478
1739969371130 0.23219974685627404 479
1739969371213 0.36519176706720397 480
1739969371294 0.8271266070002018 481
1739969371396 0.302828945762184 482
1739969371478 0.003930810236367747 483
1739969371560 0.3218430093274364 484
1739969371642 0.22566619658188694 485
1739969371723 0.19167587330197505 486
1739969371805 0.02270872224387944 487
1739969371886 0.06436681656319154 488
1739969371968 0.48555293841266894 489
1739969372050 0.00022404041878832542 490
1739969372133 0.1348169597557373 491
1739969372214 0.014103574928608831 492
1739969372296 0.1620053072254784 493
1739969372377 0.14588401711467092 494
1739969372459 0.03965749499562983 495
1739969372540 0.3305728979587989 496
1739969372623 0.20507012657973658 497
1739969372705 0.030259983086337778 498
1739969372787 0.5654583577066294 499
