1739987842685 8.28589638643171 0
1739987842773 5.893534654214619 1
1739987842858 8.092186693450047 2
1739987842941 5.707233804443949 3
1739987843024 7.445180436140949 4
1739987843108 6.925687191028517 5
1739987843191 5.44354392541093 6
1739987843270 5.111314692772177 7
1739987843351 6.4576826758554855 8
1739987843444 4.496908978317996 9
1739987843529 6.218234057217618 10
1739987843611 6.545248735301849 11
1739987843694 5.6503709702142935 12
1739987843779 5.735915334325314 13
1739987843866 6.747960156511569 14
1739987843954 7.469427708954096 15
1739987844041 6.510970346386425 16
1739987844122 7.202202064714831 17
1739987844237 6.156723136500669 18
1739987844317 6.405789094903834 19
1739987844398 6.048050303588352 20
1739987844478 6.617727622869829 21
1739987844557 5.719883523801904 22
1739987844635 6.400880048383253 23
1739987844715 7.04100697699978 24
1739987844806 6.0969388023280935 25
1739987844886 6.76136680414209 26
1739987844966 6.007876058023455 27
1739987845045 5.097613135135611 28
1739987845122 9.552963722538534 29
1739987845209 5.936806469990672 30
1739987845289 7.027997800998543 31
1739987845368 6.1699521653010585 32
1739987845450 6.591178252963041 33
1739987845532 5.236366309516156 34
1739987845617 6.585527491236064 35
1739987845699 5.409232429731865 36
1739987845783 7.664110619340537 37
1739987845863 6.377129662458614 38
1739987845953 7.57973464399756 39
1739987846034 7.514366832779294 40
1739987846116 7.358371328950284 41
1739987846195 6.584336878614475 42
1739987846275 5.5196072078983605 43
1739987846354 6.972653184113944 44
1739987846433 8.129181435572843 45
1739987846512 7.519176150837878 46
1739987846590 6.314418419316113 47
1739987846669 6.7940456759072365 48
1739987846751 7.345686559219512 49
1739987846886 6.461677743582885 50
1739987846976 8.240587724808448 51
1739987847053 9.987478312441791 52
1739987847131 6.3391369954145595 53
1739987847211 7.447212703818256 54
1739987847289 6.208195751763098 55
1739987847366 5.951219004374076 56
1739987847447 6.703480068356026 57
1739987847525 6.998614457532631 58
1739987847604 5.8266111852616795 59
1739987847682 5.575549616550225 60
1739987847762 5.722934837546697 61
1739987847840 5.613608632139764 62
1739987847918 7.448840379166055 63
1739987847996 6.612734684705196 64
1739987848079 6.620119945639228 65
1739987848158 9.058070885080536 66
1739987848240 7.535129732355838 67
1739987848329 7.989322685609519 68
1739987848409 6.547420054156226 69
1739987848495 6.436546621379854 70
1739987848574 6.879545715397633 71
1739987848652 6.185547535101022 72
1739987848732 8.318641141167666 73
1739987848816 6.979526967718576 74
1739987848893 8.15949432112715 75
1739987848972 8.707527118053688 76
1739987849051 5.277899808730164 77
1739987849128 6.750121617948093 78
1739987849206 7.0211701145882754 79
1739987849284 8.829266647613856 80
1739987849361 6.54912525761401 81
1739987849442 6.324717955320334 82
1739987849519 6.882006960078483 83
1739987849597 8.976442589341216 84
1739987849675 11.107603277219072 85
1739987849758 7.5458420273111315 86
1739987849837 6.735743748407142 87
1739987849915 6.0027803722223885 88
1739987849992 4.999620232915555 89
1739987850068 7.4680310076043686 90
1739987850153 6.683389774898004 91
1739987850231 7.106462143129538 92
1739987850307 6.633700913711159 93
1739987850385 6.58906558706803 94
1739987850463 6.585819869540928 95
1739987850541 6.037439325939115 96
1739987850619 7.721043895457927 97
1739987850697 7.708400863133443 98
1739987850780 5.999150352437983 99
1739987850858 5.447258442667035 100
1739987850935 6.4785546564188525 101
1739987851014 3.1766435478550936 102
1739987851090 6.593587004743866 103
1739987851166 4.824650701139699 104
1739987851245 8.987343697160798 105
1739987851322 4.425421386987681 106
1739987851401 7.628081135524494 107
1739987851479 6.231066937997483 108
1739987851556 6.7047050865599305 109
1739987851632 5.415008683492027 110
1739987851709 6.638718363944349 111
1739987851792 5.836729903368364 112
1739987851870 5.635149896544067 113
1739987851952 6.3169215568551795 114
1739987852031 8.265771058039526 115
1739987852111 6.52751765978312 116
1739987852192 6.860672967021672 117
1739987852270 7.785325867178268 118
1739987852347 6.881438097291445 119
1739987852424 6.301629595002202 120
1739987852500 6.87768444658401 121
1739987852579 7.197244140358122 122
1739987852656 6.190563941954492 123
1739987852732 5.2621289283335235 124
1739987852820 5.407140579443695 125
1739987852900 5.827875618063456 126
1739987852977 8.292372952624763 127
1739987853053 6.662116498320551 128
1739987853130 6.9620068199949126 129
1739987853210 6.9421929133237805 130
1739987853287 7.384526457436502 131
1739987853363 6.600482231955352 132
1739987853441 5.7784255467295385 133
1739987853517 6.646834350458398 134
1739987853597 4.5868025213365655 135
1739987853672 6.6424700799356895 136
1739987853752 6.681480466106625 137
1739987853830 6.9910294469563645 138
1739987853908 6.782822749037938 139
1739987853987 6.297873285504378 140
1739987854061 6.010847207351394 141
1739987854138 6.668609501990135 142
1739987854222 6.323262082780647 143
1739987854299 7.5916340278755685 144
1739987854375 6.969610533058696 145
1739987854454 5.340486264695339 146
1739987854533 6.507841134428455 147
1739987854610 3.5957211019436293 148
1739987854686 7.9860279800328815 149
1739987854765 6.355043895913417 150
1739987854840 6.282937401634376 151
1739987854917 8.537074937404954 152
1739987854995 5.44016399851532 153
1739987855074 6.328505357405961 154
1739987855151 4.572936583637583 155
1739987855228 4.971766997412041 156
1739987855305 4.0893082384443025 157
1739987855383 9.627557319175297 158
1739987855462 5.938986885840249 159
1739987855539 7.04395463312795 160
1739987855616 7.283070498522807 161
1739987855696 6.3381880152057 162
1739987855776 7.3804255580470475 163
1739987855852 5.630257494885735 164
1739987855928 6.8832043038703015 165
1739987856005 4.627815385861485 166
1739987856083 7.8868135234283 167
1739987856162 8.084581953974908 168
1739987856249 6.043387354688053 169
1739987856328 6.328501801562452 170
1739987856410 6.02344866741939 171
1739987856489 6.461985764464215 172
1739987856569 4.982085933136526 173
1739987856647 7.355405352285882 174
1739987856727 6.857183482041053 175
1739987856810 4.649098157833701 176
1739987856889 6.356996439842976 177
1739987856969 6.9199984178978795 178
1739987857047 6.517619537053007 179
1739987857127 6.488305235081115 180
1739987857207 6.558486934512617 181
1739987857289 6.276001210033464 182
1739987857368 5.09752775455497 183
1739987857450 6.30152894225111 184
1739987857531 6.374858398483625 185
1739987857611 6.5795756618512256 186
1739987857693 6.222404421603722 187
1739987857774 8.53984881309919 188
1739987857852 7.97994564761326 189
1739987857937 6.417430005863779 190
1739987858016 6.383320729473728 191
1739987858097 12.840244580782475 192
1739987858177 6.682143919598471 193
1739987858265 6.860301396338018 194
1739987858350 6.594379012287562 195
1739987858441 5.965979256077119 196
1739987858523 6.69551894783656 197
1739987858606 6.778880811574932 198
1739987858686 7.055292516718127 199
1739987858771 9.413435479324177 200
1739987858851 6.479372831754617 201
1739987858930 6.888579428192712 202
1739987859009 7.090005562138907 203
1739987859090 6.37197570785843 204
1739987859168 7.437603066219638 205
1739987859254 5.151069021330992 206
1739987859334 6.652894281325359 207
1739987859417 6.32015514937143 208
1739987859497 6.329151923596657 209
1739987859580 5.023677074629748 210
1739987859658 6.124589397358552 211
1739987859741 6.35677803554329 212
1739987859820 5.645943506057894 213
1739987859904 6.88606767138002 214
1739987859984 5.041085567614677 215
1739987860064 5.77767814333347 216
1739987860146 5.522357741645168 217
1739987860228 6.617359088261553 218
1739987860314 6.4222298481324485 219
1739987860391 7.292657447285879 220
1739987860473 6.699277166571039 221
1739987860555 6.825603924841806 222
1739987860634 7.658757618681503 223
1739987860713 5.728486128077853 224
1739987860799 6.775739671458904 225
1739987860876 6.418888484466229 226
1739987860954 4.929519280286386 227
1739987861029 7.788668279641062 228
1739987861106 6.973160223884711 229
1739987861183 5.337745281513733 230
1739987861261 7.507189475303201 231
1739987861337 9.009358156963925 232
1739987861416 6.315920029131521 233
1739987861495 7.289908384112082 234
1739987861573 6.607364092622972 235
1739987861651 8.05084440170371 236
1739987861732 4.702344080152263 237
1739987861814 6.384585752755073 238
1739987861892 7.628013647573468 239
1739987861970 6.880958924629138 240
1739987862046 7.235524380165533 241
1739987862124 6.644118430058713 242
1739987862201 8.254175022154548 243
1739987862281 7.522782800433582 244
1739987862363 7.094286771087737 245
1739987862442 6.672064963996157 246
1739987862518 6.374702165359193 247
1739987862597 6.582382346229455 248
1739987862677 5.926332885746554 249
1739987862756 6.575994141818611 250
1739987862834 5.344465603887458 251
1739987862910 8.008795044942335 252
1739987862989 4.774346705886799 253
1739987863070 5.293429367788368 254
1739987863148 6.8319700975869075 255
1739987863227 6.943730746145316 256
1739987863307 7.265073566359158 257
1739987863387 6.811575168908634 258
1739987863467 6.233276033477898 259
1739987863545 6.329293689344913 260
1739987863621 5.468862693252459 261
1739987863697 6.222215388595208 262
1739987863780 6.250123602638676 263
1739987863857 5.694213890696211 264
1739987863935 4.238346684710046 265
1739987864010 6.895062431221107 266
1739987864088 5.868928987704279 267
1739987864169 6.327549724178012 268
1739987864245 7.072183540585583 269
1739987864322 7.060064497226078 270
1739987864406 7.088139950125563 271
1739987864482 5.656857927004165 272
1739987864559 7.710906845400236 273
1739987864634 6.42877984723297 274
1739987864722 7.092057464910396 275
1739987864808 6.63374240693687 276
1739987864891 6.358730222814563 277
1739987864969 6.849061995407338 278
1739987865046 6.814435039682233 279
1739987865121 6.556554694319882 280
1739987865274 6.12090853877609 281
1739987865368 6.98690004706265 282
1739987865451 6.68637416458366 283
1739987865531 7.591664125821553 284
1739987865616 6.891068432183826 285
1739987865703 6.854628128164398 286
1739987865786 6.428983778412538 287
1739987865908 6.185583765642594 288
1739987865990 7.128319910685587 289
1739987866074 7.539633939284992 290
1739987866151 6.743247008946083 291
1739987866237 6.617701182194104 292
1739987866319 7.6212233859140275 293
1739987866405 6.4861475753071725 294
1739987866492 6.41605824864559 295
1739987866571 6.381527201774823 296
1739987866656 6.064385898357688 297
1739987866747 5.781509941704285 298
1739987866831 6.582955594699556 299
1739987866911 5.945601360255455 300
1739987866991 6.699065187504195 301
1739987867070 7.921821248894967 302
1739987867155 7.06791342802422 303
1739987867242 6.767621040495896 304
1739987867326 5.949306777533197 305
1739987867409 6.634028724532168 306
1739987867495 5.719141931943564 307
1739987867581 6.307746625929545 308
1739987867667 6.164823926918586 309
1739987867757 6.98398980267913 310
1739987867844 6.176742215053781 311
1739987867929 6.782837523513392 312
1739987868014 6.0189081050066155 313
1739987868099 8.2540604060988 314
1739987868182 6.696491167491645 315
1739987868270 6.9060763396301565 316
1739987868356 6.319064962430619 317
1739987868449 6.356069157318079 318
1739987868536 7.897686842700314 319
1739987868618 6.552758516593111 320
1739987868707 6.346261625054986 321
1739987868794 7.2867778400081225 322
1739987868878 6.547436194041137 323
1739987868964 6.355540980889121 324
1739987869051 6.885298899779923 325
1739987869137 8.337219565541439 326
1739987869217 8.0540106732265 327
1739987869297 6.674673925347637 328
1739987869375 8.501120811963649 329
1739987869452 6.697300715772024 330
1739987869534 6.421413486216374 331
1739987869613 7.22044805177827 332
1739987869695 6.706661004538941 333
1739987869784 6.73544686014864 334
1739987869866 6.964781979845117 335
1739987869945 6.257023146083377 336
1739987870030 5.8382661217539376 337
1739987870113 7.237418068009572 338
1739987870204 4.388039939115302 339
1739987870286 6.3565191700045185 340
1739987870368 5.3559872438216685 341
1739987870448 7.1427628943152515 342
1739987870524 7.862996663007808 343
1739987870603 7.156189282136705 344
1739987870681 6.6046771486483395 345
1739987870760 7.696866839075393 346
1739987870838 6.912045138413527 347
1739987870919 7.084683692376417 348
1739987871000 7.438326498652182 349
1739987871086 4.9447197321806495 350
1739987871174 5.298851431115313 351
1739987871259 6.972689663992306 352
1739987871337 7.0837633179668185 353
1739987871414 5.696787250877378 354
1739987871494 6.70565263980987 355
1739987871575 6.331162703918326 356
1739987871661 6.474985625713501 357
1739987871750 5.967442591348049 358
1739987871837 6.667499319802911 359
1739987871923 6.229493996294381 360
1739987872008 6.258368759448182 361
1739987872095 6.305877978318805 362
1739987872184 6.380531427584126 363
1739987872267 6.191417695105433 364
1739987872355 6.097070289641354 365
1739987872440 5.5416373977175155 366
1739987872534 5.870095437811161 367
1739987872617 6.377241388940458 368
1739987872695 6.532165240427677 369
1739987872780 7.570904529464706 370
1739987872858 4.598126019467515 371
1739987872936 6.280513004699317 372
1739987873017 6.41834812899074 373
1739987873098 6.688946446554614 374
1739987873178 6.167201211823118 375
1739987873260 7.53311628840807 376
1739987873341 5.340031147267428 377
1739987873422 4.021421636825241 378
1739987873504 5.631802873755009 379
1739987873583 4.658968534103519 380
1739987873670 6.383009361810672 381
1739987873817 6.694032088897157 382
1739987874317 6.423115619997335 383
1739987874415 6.670238582361692 384
1739987874508 5.988403170146309 385
1739987874607 6.174493164231202 386
1739987874700 6.86590153390018 387
1739987874791 5.71058117852755 388
1739987874883 8.212895186802868 389
1739987874980 6.568426936927779 390
1739987875073 6.299200268447994 391
1739987875171 6.310647607816712 392
1739987875271 7.441138646736422 393
1739987875367 6.164962479960134 394
1739987875464 6.8492287013780295 395
1739987875561 6.675726164375118 396
1739987875657 6.498604074089352 397
1739987875763 6.942835593358631 398
1739987875859 7.080435777277441 399
1739987875952 7.887895776427935 400
1739987876043 7.3638142393338395 401
1739987876140 6.996521253652589 402
1739987876232 7.173694019338665 403
1739987876326 9.402565410473185 404
1739987876415 7.040168343571027 405
1739987876501 6.2090122531071845 406
1739987876590 5.422510129039188 407
1739987876674 4.901062119042095 408
1739987876761 7.367081981337973 409
1739987876852 6.052539335588924 410
1739987876991 5.644517780104025 411
1739987877072 6.78892582426531 412
1739987877153 7.813597532640867 413
1739987877239 6.047745541646437 414
1739987877331 6.464849264149592 415
1739987877415 7.91324945647995 416
1739987877499 5.894713305088183 417
1739987877584 6.338409417239899 418
1739987877665 6.542180217512563 419
1739987877754 6.743598823730879 420
1739987877848 7.3171065278282565 421
1739987877939 7.119851425476077 422
1739987878029 5.618463933651174 423
1739987878114 6.735512329158411 424
1739987878213 6.045539460096287 425
1739987878322 5.964042218393269 426
1739987878405 9.712142216456613 427
1739987878491 5.736504429747469 428
1739987878597 6.320790304196453 429
1739987878678 6.08247860356458 430
1739987878769 6.556852303595773 431
1739987878852 5.852071261827535 432
1739987878946 5.32234743704239 433
1739987879049 6.651677096604571 434
1739987879142 6.898437912933998 435
1739987879232 6.379301877674203 436
1739987879321 7.181599809899086 437
1739987879404 5.534143075345855 438
1739987879481 7.6832118624835415 439
1739987879564 6.289645906157215 440
1739987879645 6.229059619571054 441
1739987879725 6.105691226598083 442
1739987879847 7.3357110459812125 443
1739987879937 7.077347550893483 444
1739987880031 6.341506277396668 445
1739987880117 9.300839291611114 446
1739987880205 5.788583161619412 447
1739987880295 6.061757115209461 448
1739987880377 6.560968455418713 449
1739987880456 7.705404568185667 450
1739987880537 6.1158084223745215 451
1739987880621 6.041810198937398 452
1739987880700 6.329285248472828 453
1739987880782 7.656704728077377 454
1739987880859 7.266804315563665 455
1739987880935 6.491894718477095 456
1739987881012 8.099417000747794 457
1739987881101 6.262314413113994 458
1739987881182 4.687025193893083 459
1739987881257 7.215147912898274 460
1739987881335 6.791990098850028 461
1739987881413 5.8037652582127714 462
1739987881492 6.7471065053154735 463
1739987881579 6.815614180828122 464
1739987881664 6.394362641841475 465
1739987881755 6.936973576537346 466
1739987881841 6.828079497328719 467
1739987881919 7.065452656974558 468
1739987881997 6.617784079354867 469
1739987882078 6.991976768965036 470
1739987882156 5.716692202035877 471
1739987882232 6.193520486217839 472
1739987882309 5.887881345516287 473
1739987882386 5.748271061512202 474
1739987882461 6.612189262367261 475
1739987882538 6.5109421925458735 476
1739987882619 5.162944977958365 477
1739987882699 5.8554331886386874 478
1739987882779 5.4003775067782405 479
1739987882858 7.310299109883141 480
1739987882935 5.619246033572685 481
1739987883016 7.0339045768766075 482
1739987883103 6.361570071919044 483
1739987883190 6.7491716438485145 484
1739987883273 7.500341758515553 485
1739987883354 5.695297110583089 486
1739987883439 8.583873574466981 487
1739987883520 6.756299114911305 488
1739987883608 7.634992759185468 489
1739987883685 5.715725162406135 490
1739987883761 5.397423194443086 491
1739987883839 5.175168700649853 492
1739987883918 5.638231098798735 493
1739987883996 6.588409130314343 494
1739987884076 5.782655710992547 495
1739987884154 6.869263658648597 496
1739987884231 8.968343210572034 497
1739987884307 6.848370670021987 498
1739987884386 6.676541162581407 499
