1740004698725 168.8178824738289 0
1740004698749 168.80048653106857 1
1740004698769 168.78390014430346 2
1740004698796 168.7671743921814 3
1740004698818 168.75045031301133 4
1740004698844 168.73372789944187 5
1740004698934 168.71700715130726 6
1740004698958 168.7002849534847 7
1740004698981 168.68356909415388 8
1740004699003 168.66685334145038 9
1740004699025 168.65013925374996 10
1740004699051 168.6334268306532 11
1740004699073 168.61671607199398 12
1740004699096 168.60000697760617 13
1740004699118 168.5832995473237 14
1740004699140 168.5665937809804 15
1740004699162 168.54988656610016 16
1740004699183 168.53318568424595 17
1740004699204 168.51648490884781 18
1740004699226 168.49978579695758 19
1740004699248 168.4830883481762 20
1740004699271 168.4663925623377 21
1740004699292 168.44969843927603 22
1740004699313 168.43300597882532 23
1740004699335 168.41631518081957 24
1740004699357 168.39962293542627 25
1740004699379 168.38293701759906 26
1740004699400 168.36625120605646 27
1740004699421 168.34956705652803 28
1740004699442 168.33288456861493 29
1740004699464 168.31620374215137 30
1740004699485 168.29952457697146 31
1740004699506 168.28284707290948 32
1740004699528 168.26617122979957 33
1740004699548 168.2494939404499 34
1740004699570 168.2328229732121 35
1740004699591 168.2161521120874 36
1740004699613 168.19948291148438 37
1740004699634 168.1828153710046 38
1740004699656 168.16614949048235 39
1740004699677 168.14948526975192 40
1740004699699 168.13282270864764 41
1740004699720 168.11616180700392 42
1740004699742 168.09949946026674 43
1740004699763 168.08284343019287 44
1740004699784 168.06618750606052 45
1740004699805 168.04953324095865 46
1740004699830 168.03288063448923 47
1740004699855 168.01622968648672 48
1740004699876 167.99958039678552 49
1740004699900 167.98293276522014 50
1740004699923 167.96628679162507 51
1740004699949 167.94963937408127 52
1740004699974 167.9329982677579 53
1740004699998 167.9163572672043 54
1740004700020 167.89971792419144 55
1740004700042 167.88308023832158 56
1740004700063 167.86644420942926 57
1740004700087 167.84980983734914 58
1740004700112 167.83317712191578 59
1740004700134 167.8165460629639 60
1740004700155 167.7999135612064 61
1740004700177 167.78328736523218 62
1740004700198 167.7666612748559 63
1740004700220 167.75003684053195 64
1740004700241 167.73341406186282 65
1740004700264 167.71679293868328 66
1740004700285 167.70017347082816 67
1740004700306 167.68355565813206 68
1740004700328 167.66693950042995 69
1740004700350 167.6503219010638 70
1740004700371 167.63371060204943 71
1740004700392 167.61709940846103 72
1740004700413 167.60048986943792 73
1740004700434 167.5838819845828 74
1740004700455 167.56727575373066 75
1740004700476 167.55067117671635 76
1740004700497 167.5340682533749 77
1740004700520 167.5174669835411 78
1740004700541 167.50086427318337 79
1740004700563 167.4842678577516 80
1740004700584 167.4676715475737 81
1740004700607 167.45107689047538 82
1740004700628 167.4344838860596 83
1740004700650 167.41789253416147 84
1740004700672 167.40130283461605 85
1740004700694 167.38471478725845 86
1740004700715 167.3681253004342 87
1740004700737 167.3515421036498 88
1740004700758 167.33495901198887 89
1740004700779 167.3183775720879 90
1740004700801 167.30179778355026 91
1740004700823 167.2852196462111 92
1740004700851 167.26864315990562 93
1740004700896 167.25206832446904 94
1740004700921 167.23549513973663 95
1740004700947 167.2189205166746 96
1740004700970 167.20235217823736 97
1740004700992 167.18578394475136 98
1740004701014 167.16921736154202 99
1740004701035 167.15265242821312 100
1740004701056 167.13608914459994 101
1740004701078 167.11952751053778 102
1740004701099 167.10296752586206 103
1740004701121 167.08640919040812 104
1740004701143 167.06984941776017 105
1740004701165 167.05329592432756 106
1740004701186 167.0367425356738 107
1740004701206 167.0201907958148 108
1740004701227 167.00364070435467 109
1740004701249 166.98709226112877 110
1740004701271 166.97054546597266 111
1740004701292 166.95400031872182 112
1740004701314 166.93745681921175 113
1740004701335 166.92091188364162 114
1740004701357 166.90437322188316 115
1740004701378 166.88783466473097 116
1740004701400 166.87129775489302 117
1740004701421 166.8547624919736 118
1740004701442 166.8382288758084 119
1740004701463 166.82169690623297 120
1740004701484 166.805166583083 121
1740004701506 166.78863482492497 122
1740004701528 166.77210933571195 123
1740004701549 166.7555839509745 124
1740004701571 166.73906021223635 125
1740004701592 166.72253811910207 126
1740004701614 166.70601767140738 127
1740004701636 166.68949886898812 128
1740004701659 166.67298171168 129
1740004701681 166.65646619931886 130
1740004701701 166.63994925308066 131
1740004701722 166.62343857039446 132
1740004701744 166.60692799201115 133
1740004701766 166.590419058149 134
1740004701787 166.573911768413 135
1740004701808 166.55740612263904 136
1740004701832 166.54090212066302 137
1740004701923 166.52439976232085 138
1740004701948 166.50789904744846 139
1740004701969 166.49139689982857 140
1740004701991 166.47490101037323 141
1740004702011 166.45840522504795 142
1740004702034 166.44191108276718 143
1740004702055 166.42541858313606 144
1740004702077 166.40892772599076 145
1740004702098 166.39243851116723 146
1740004702121 166.3759509385016 147
1740004702148 166.35946193413636 148
1740004702170 166.34297918308374 149
1740004702191 166.32649653603005 150
1740004702211 166.3100155307093 151
1740004702233 166.29353616672702 152
1740004702255 166.27705844391934 153
1740004702276 166.26058236212248 154
1740004702298 166.24410792117263 155
1740004702320 166.22763512090606 156
1740004702341 166.2111608900664 157
1740004702364 166.19469290716265 158
1740004702385 166.17822502808477 159
1740004702407 166.16175878926566 160
1740004702428 166.14529419031106 161
1740004702449 166.12883123105732 162
1740004702471 166.11236991134075 163
1740004702493 166.09591023099776 164
1740004702515 166.07945218986467 165
1740004702537 166.06299271928353 166
1740004702559 166.04653949126723 167
1740004702580 166.03008636690365 168
1740004702622 166.01363488132588 169
1740004702696 165.99718503414007 170
1740004702720 165.98073682518267 171
1740004702742 165.96429025429023 172
1740004702764 165.94784532129916 173
1740004702785 165.93139895990402 174
1740004702806 165.91495883623614 175
1740004702827 165.89851881608965 176
1740004702852 165.8820804334209 177
1740004702874 165.86564368783618 178
1740004702902 165.84920857917217 179
1740004702929 165.83277510726546 180
1740004702953 165.8163432719527 181
1740004702976 165.7999130730705 182
1740004702998 165.7834814469063 183
1740004703020 165.76705605310903 184
1740004703041 165.75063076265965 185
1740004703062 165.73420710821765 186
1740004703083 165.71778508938962 187
1740004703105 165.70136470601236 188
1740004703129 165.6849459579226 189
1740004703152 165.6685288449571 190
1740004703173 165.65211030575102 191
1740004703195 165.63569799408376 192
1740004703217 165.61928578563288 193
1740004703238 165.60287521188343 194
1740004703260 165.58646627244232 195
1740004703283 165.57005896714645 196
1740004703305 165.55365329583273 197
1740004703327 165.53724925833805 198
1740004703349 165.5208468544993 199
1740004703371 165.50444302553905 200
1740004703394 165.48804541876788 201
1740004703415 165.47164791503954 202
1740004703437 165.4552520445447 203
1740004703459 165.4388578068906 204
1740004703480 165.42246520191432 205
1740004703501 165.40607422945286 206
1740004703523 165.3896848893433 207
1740004703545 165.373294125151 208
1740004703566 165.35690957832915 209
1740004703588 165.34052513441836 210
1740004703610 165.3241423224374 211
1740004703631 165.30776114199375 212
1740004703652 165.2913815929246 213
1740004703673 165.27500367506715 214
1740004703695 165.25862738825856 215
1740004703716 165.24225273233606 216
1740004703737 165.22587665344693 217
1740004703758 165.20950678658915 218
1740004703780 165.19313702246862 219
1740004703800 165.17676888881252 220
1740004703821 165.16040238522862 221
1740004703847 165.14403751155427 222
1740004703869 165.12767426762684 223
1740004703891 165.11131265328356 224
1740004703912 165.09494961700992 225
1740004703934 165.07859278795843 226
1740004703955 165.0622360615122 227
1740004703976 165.04588096422896 228
1740004704000 165.02952749571668 229
1740004704024 165.01317565581292 230
1740004704045 164.99682544435507 231
1740004704066 164.9804768611806 232
1740004704088 164.96412990612697 233
1740004704109 164.9477815302562 234
1740004704132 164.9314393562791 235
1740004704157 164.9150972847332 236
1740004704183 164.8987568408874 237
1740004704204 164.88241802434996 238
1740004704225 164.8660808349585 239
1740004704247 164.84974527255068 240
1740004704268 164.83341133696408 241
1740004704290 164.8170759815939 242
1740004704312 164.80074682331758 243
1740004704333 164.78441776734041 244
1740004704355 164.76809033776397 245
1740004704377 164.75176453419695 246
1740004704398 164.73544035647703 247
1740004704419 164.719117804442 248
1740004704441 164.70279687792953 249
1740004704463 164.68647453266593 250
1740004704484 164.67015837970087 251
1740004704505 164.6538423289026 252
1740004704527 164.63752790320694 253
1740004704549 164.62121510222266 254
1740004704570 164.60490392578774 255
1740004704591 164.58859437373994 256
1740004704613 164.57228644591717 257
1740004704635 164.5559801421573 258
1740004704657 164.53967242075515 259
1740004704679 164.52337088633868 260
1740004704700 164.50706945391468 261
1740004704721 164.49076964513398 262
1740004704742 164.4744714596057 263
1740004704764 164.45817489716796 264
1740004704785 164.44187995765867 265
1740004704807 164.42558664091592 266
1740004704830 164.40929190756066 267
1740004704853 164.3930033564051 268
1740004704874 164.37671490710963 269
1740004704896 164.3604280801613 270
1740004704918 164.3441428751698 271
1740004704939 164.3278592919731 272
1740004704961 164.31157733040942 273
1740004704983 164.29529699031687 274
1740004705005 164.27901523464035 275
1740004705029 164.26273965638205 276
1740004705054 164.2464641798513 277
1740004705075 164.23019032437278 278
1740004705096 164.21391808955624 279
1740004705118 164.19764747523996 280
1740004705140 164.18137848126221 281
1740004705161 164.16511110746126 282
1740004705183 164.1488453536754 283
1740004705205 164.1325781854102 284
1740004705226 164.1163171892659 285
1740004705247 164.10005629467443 286
1740004705269 164.08379701967957 287
1740004705290 164.06753936389134 288
1740004705313 164.05128332714827 289
1740004705334 164.03502890928866 290
1740004705356 164.01877611015095 291
1740004705377 164.00252189755986 292
1740004705398 163.98627385231762 293
1740004705420 163.97002590849542 294
1740004705441 163.953779582977 295
1740004705462 163.9375348753728 296
1740004705483 163.92129178552125 297
1740004705505 163.90505031326094 298
1740004705527 163.8888104584304 299
1740004705549 163.8725691911712 300
1740004705570 163.85633408649315 301
1740004705591 163.84009908310233 302
1740004705614 163.82386569672354 303
1740004705635 163.80763392696747 304
1740004705656 163.7914037736727 305
1740004705679 163.77517523667794 306
1740004705700 163.75894831582178 307
1740004705721 163.74272301094305 308
1740004705743 163.726496294736 309
1740004705764 163.7102757358282 310
1740004705785 163.69405527803264 311
1740004705806 163.67783643579716 312
1740004705828 163.66161920873265 313
1740004705851 163.64540359667794 314
1740004705872 163.6291895994718 315
1740004705894 163.61297721695306 316
1740004705916 163.59676342412817 317
1740004705937 163.58055578384423 318
1740004705958 163.56434824453953 319
1740004705979 163.54814231950533 320
1740004706000 163.53193800835274 321
1740004706021 163.51573531092083 322
1740004706043 163.49953422704846 323
1740004706066 163.48333475657458 324
1740004706092 163.46713387681544 325
1740004706114 163.45093914484335 326
1740004706135 163.43474451371736 327
1740004706157 163.41855149557333 328
1740004706180 163.40236009002265 329
1740004706207 163.38617029690454 330
1740004706229 163.3699821160579 331
1740004706250 163.35379554732194 332
1740004706271 163.33760757032033 333
1740004706293 163.32142573635636 334
1740004706316 163.30524400310526 335
1740004706338 163.28906388154857 336
1740004706359 163.27288537129806 337
1740004706381 163.25670847219294 338
1740004706403 163.24053318407238 339
1740004706424 163.2243595067755 340
1740004706445 163.2081844222316 341
1740004706466 163.19201547598013 342
1740004706488 163.17584663030823 343
1740004706509 163.15967939504435 344
1740004706530 163.14351376980036 345
1740004706551 163.1273497544157 346
1740004706573 163.11118734872966 347
1740004706595 163.09502655258154 348
1740004706617 163.0788643502035 349
1740004706639 163.0627082813773 350
1740004706661 163.0465523129973 351
1740004706682 163.03039795373977 352
1740004706704 163.014245203217 353
1740004706725 162.99809406126852 354
1740004706747 162.98194452773367 355
1740004706768 162.965796602452 356
1740004706790 162.94965028526295 357
1740004706813 162.93350256293593 358
1740004706837 162.91736096890926 359
1740004706858 162.90121947515303 360
1740004706880 162.88507958907448 361
1740004706902 162.86894131028606 362
1740004706923 162.85280463862745 363
1740004706944 162.8366695739382 364
1740004706965 162.82053611605792 365
1740004706990 162.80440125405434 366
1740004707013 162.78827251561984 367
1740004707035 162.7721438773221 368
1740004707058 162.75601684541874 369
1740004707080 162.73989141952256 370
1740004707105 162.7237675994733 371
1740004707130 162.70764538511065 372
1740004707155 162.6915247762744 373
1740004707177 162.67540276432828 374
1740004707199 162.6592868712242 375
1740004707220 162.6431710781233 376
1740004707242 162.62705689013447 377
1740004707263 162.61094430687083 378
1740004707285 162.59483332817229 379
1740004707308 162.57872395387867 380
1740004707331 162.5626161838298 381
1740004707352 162.5465070116833 382
1740004707375 162.53040395365628 383
1740004707398 162.51430099549862 384
1740004707420 162.49819964117185 385
1740004707441 162.4820998902893 386
1740004707462 162.46600174269105 387
1740004707484 162.44990519821695 388
1740004707505 162.43381025670712 389
1740004707526 162.41771391411064 390
1740004707548 162.40162368091546 391
1740004707571 162.38553354745576 392
1740004707593 162.36944501654673 393
1740004707615 162.353358087802 394
1740004707636 162.33727276106174 395
1740004707657 162.32118903616603 396
1740004707679 162.30510691295498 397
1740004707701 162.28902338966708 398
1740004707722 162.27294597106672 399
1740004707743 162.2568686520678 400
1740004707764 162.2407929343404 401
1740004707786 162.22471881749843 402
1740004707807 162.20864630138212 403
1740004707832 162.1925753858317 404
1740004707855 162.17650607068745 405
1740004707876 162.1604353564749 406
1740004707897 162.14437074224045 407
1740004707919 162.12830622747342 408
1740004707940 162.11224331269972 409
1740004707961 162.0961819975336 410
1740004707981 162.08012228181536 411
1740004708005 162.0640641653854 412
1740004708027 162.04800764808408 413
1740004708046 162.03194973272178 414
1740004708067 162.01589791263268 415
1740004708091 161.9998461918767 416
1740004708115 161.98379606983696 417
1740004708140 161.9677475461279 418
1740004708168 161.95170062059003 419
1740004708193 161.93565529306383 420
1740004708215 161.9196115633898 421
1740004708242 161.90356643666098 422
1740004708266 161.8875274005046 423
1740004708290 161.8714884635471 424
1740004708311 161.85545112402977 425
1740004708333 161.83941538156722 426
1740004708354 161.8233812360002 427
1740004708377 161.8073486871692 428
1740004708404 161.79131773491494 429
1740004708426 161.77528538661076 430
1740004708451 161.75925912418288 431
1740004708473 161.7432329608194 432
1740004708495 161.727208393621 433
1740004708517 161.71118542220262 434
1740004708538 161.69516404640498 435
1740004708560 161.6791442660689 436
1740004708582 161.66312608103507 437
1740004708603 161.64710650095506 438
1740004708622 161.6310930020594 439
1740004708642 161.61507960209366 440
1740004708662 161.59906779701893 441
1740004708683 161.58305758645045 442
1740004708703 161.56704897022902 443
1740004708723 161.5510419481956 444
1740004708743 161.53503652019106 445
1740004708762 161.5190296981428 446
1740004708781 161.5030289525913 447
1740004708800 161.4870283058352 448
1740004708820 161.47102925269704 449
1740004708844 161.4550317927923 450
1740004708863 161.43903592596203 451
1740004708884 161.42304165204723 452
1740004708903 161.40704897088884 453
1740004708922 161.39105489668805 454
1740004708941 161.37506689430091 455
1740004708960 161.35907899057443 456
1740004708979 161.34309267919386 457
1740004708998 161.32710795977496 458
1740004709019 161.31112483215887 459
1740004709038 161.29514329618675 460
1740004709058 161.27916036809827 461
1740004709077 161.26318350765274 462
1740004709098 161.2472067457755 463
1740004709117 161.2312315751319 464
1740004709137 161.21525799533802 465
1740004709156 161.19928600623513 466
1740004709177 161.1833156076644 467
1740004709199 161.1673467994671 468
1740004709220 161.15137660015247 469
1740004709240 161.13541246380584 470
1740004709260 161.11944842589253 471
1740004709280 161.10348597794282 472
1740004709301 161.08752511957297 473
1740004709321 161.07156585062435 474
1740004709343 161.0556081709383 475
1740004709364 161.03965208035623 476
1740004709384 161.0236945996546 477
1740004709404 161.0077431772503 478
1740004709424 160.99179185314438 479
1740004709444 160.97584211773295 480
1740004709464 160.95989397063255 481
1740004709483 160.9439474116846 482
1740004709504 160.9280024407307 483
1740004709524 160.91205905761225 484
1740004709544 160.8961142853708 485
1740004709563 160.8801755667605 486
1740004709582 160.8642369463135 487
1740004709602 160.84829991329286 488
1740004709622 160.8323644673154 489
1740004709642 160.81643060822273 490
1740004709661 160.80049833585647 491
1740004709680 160.7845676500583 492
1740004709700 160.76863557613243 493
1740004709719 160.7527095511758 494
1740004709739 160.7367836242473 495
1740004709758 160.7208592834781 496
1740004709777 160.70493652848523 497
1740004709797 160.68901535911053 498
1740004709816 160.6730957751956 499
