1739996670625 0.024636305072154068 0
1739996670708 0.025262444471560164 1
1739996670792 0.3440437956628088 2
1739996670875 0.2664236580586008 3
1739996670959 0.06326057694252765 4
1739996671045 0.0527867319287956 5
1739996671129 0.00021255302309247342 6
1739996671215 0.007420617470861582 7
1739996671339 0.10712456929555099 8
1739996671434 0.06497410957251754 9
1739996671521 0.1133200115841965 10
1739996671609 0.31249943230909294 11
1739996671696 0.031790194248824524 12
1739996671784 1.4997891051025918 13
1739996671880 0.0015690878288030763 14
1739996672094 0.002870663624465028 15
1739996672184 0.010154119830250411 16
1739996672280 0.055246116123865666 17
1739996672372 7.071678145719245e-05 18
1739996672463 0.18323661546936554 19
1739996672562 9.234676017840155e-05 20
1739996672659 0.08145830108806264 21
1739996672752 0.13885679960330338 22
1739996672852 0.003765680234361354 23
1739996672981 0.2624793213172863 24
1739996673146 0.09298833016528349 25
1739996673286 0.21525151664902245 26
1739996673431 0.38368727617278064 27
1739996673582 0.17529101782378192 28
1739996673718 0.18108717650870443 29
1739996673837 0.035112970648122646 30
1739996673958 0.24892270122912025 31
1739996674060 0.31979027048621633 32
1739996674162 0.0033194045139671377 33
1739996674264 0.11945392127427763 34
1739996674363 0.000111630205466261 35
1739996674465 0.2284688622542041 36
1739996674555 0.01078036199797229 37
1739996674646 0.04095100004019213 38
1739996674744 0.012654112624006106 39
1739996674831 0.1180384896194643 40
1739996674919 0.05094631022186477 41
1739996675008 0.05288451703264273 42
1739996675096 0.20920304138762155 43
1739996675184 0.012067747651635864 44
1739996675271 0.130891847499833 45
1739996675420 0.015699868421588103 46
1739996675509 0.03925392732795364 47
1739996675597 0.0019701085510548458 48
1739996769886 0.0004595325351266195 49
1739996770574 0.005205903193546344 50
1739996770714 0.09411907221237209 51
1739996770912 0.004334444854679305 52
1739996771018 0.06107989466942704 53
1739996771113 0.026212517637690145 54
1739996771204 0.03261442098909541 55
1739996771311 0.025802579535745652 56
1739996771464 0.004166713591272245 57
1739996771554 0.038410700604891906 58
1739996771646 0.07209318752989669 59
1739996771727 0.019954214504185455 60
1739996771810 0.09206236318467063 61
1739996771897 0.03186884638139228 62
1739996771992 0.009257292662283466 63
1739996772078 0.22748529152679642 64
1739996772159 0.0002741919187000286 65
1739996772242 0.12751476717821192 66
1739996772354 0.00012781831530332937 67
1739996772471 0.01045274105261614 68
1739996772613 0.0103139553638369 69
1739996772693 0.023995700210111482 70
1739996772775 0.016109606716355963 71
1739996772855 0.10198458704223382 72
1739996772938 0.3656991479935044 73
1739996773029 0.008182789204869402 74
1739996773123 0.11457133135834603 75
1739996773208 0.0696625334261241 76
1739996773287 0.011270568594593425 77
1739996773371 0.05221254113934801 78
1739996773460 0.002026797980194361 79
1739996773544 0.1545925101889081 80
1739996773623 0.023626407706497324 81
1739996773701 0.6457689178368168 82
1739996773780 0.23153807020813788 83
1739996773858 0.021580073280257205 84
1739996773939 0.04081199091772131 85
1739996774017 0.1912029069173863 86
1739996774101 0.6275325825549115 87
1739996774183 0.16234068791314743 88
1739996774273 0.016014795962507277 89
1739996774360 0.14140902907374223 90
1739996774445 0.00015997049132981792 91
1739996774541 0.004798835567765852 92
1739996774635 0.01656163127917605 93
1739996774729 0.15419127083889014 94
1739996774808 0.02377629822072184 95
1739996774894 0.08227382214077557 96
1739996774978 0.04149219557096453 97
1739996775070 0.14208320304867375 98
1739996775171 0.06291078059051063 99
1739996775257 0.06774355591287658 100
1739996775351 0.012150636526773726 101
1739996775434 0.09898498628284273 102
1739996775515 0.024737653977982936 103
1739996775593 0.009293307945838485 104
1739996775671 1.0335827158303537 105
1739996775749 0.002775270319221904 106
1739996775830 0.31273276569088077 107
1739996775913 0.024280915543393063 108
1739996775991 0.014932522291769411 109
1739996776077 0.1358075686322251 110
1739996776165 0.5536676553149416 111
1739996776250 0.015052319317147454 112
1739996776329 0.00033026161386151873 113
1739996776415 0.008720131732691965 114
1739996776498 0.02458792318473305 115
1739996776582 0.011026043617744384 116
1739996776662 0.029865810386709227 117
1739996776742 0.0009341286264173839 118
1739996776821 0.0023629371899686574 119
1739996776903 0.05478249128640532 120
1739996776982 0.05996401879784175 121
1739996777065 0.0002606342630712082 122
1739996777149 0.39592398762981146 123
1739996777232 0.022733548688165378 124
1739996777339 0.0013299433995176487 125
1739996777427 0.15212683882912925 126
1739996777537 0.03200007969293868 127
1739996777625 0.07559935075774218 128
1739996777705 0.022884570884108696 129
1739996777829 0.014715697312220988 130
1739996777914 0.13091040649047078 131
1739996777996 0.0434183629449778 132
1739996778082 0.005282229512490094 133
1739996778175 0.007419269475100621 134
1739996778269 0.03888458022841468 135
1739996778367 0.03831766166333096 136
1739996778462 0.07453660284037596 137
1739996778558 0.06641143835121942 138
1739996778653 0.0024016915647335534 139
1739996778748 0.33736756625088526 140
1739996778845 3.682077020020295e-06 141
1739996778940 0.05583651540499651 142
1739996779042 0.03503900694809564 143
1739996779143 0.08615384054473668 144
1739996779249 0.002604745089960111 145
1739996779350 0.0032796850943443406 146
1739996779728 0.06038257181322833 147
1739996781335 0.02155743616134918 148
1739996783422 0.024482649926786147 149
1739996784729 0.000471242738039218 150
1739996785631 0.10807586287333035 151
1739996787338 0.12625172764093215 152
1739996788918 0.0004419109359329703 153
1739996790457 0.020458578887826182 154
1739996791531 0.02645243473038597 155
1739996792182 0.09415414824305783 156
1739996792493 0.14098959802769195 157
1739996792665 0.0810215159375448 158
1739996792805 0.05823402255908794 159
1739996792957 0.007021047826207799 160
1739996793165 0.21192291339262448 161
1739996793335 0.08100082081912788 162
1739996793453 0.013377716575852414 163
1739996793558 0.07587897032225867 164
1739996793708 0.9366350040531316 165
1739996793828 0.6132573659015226 166
1739996793967 0.0015428664276216331 167
1739996794122 0.06722492471081815 168
1739996794250 0.15951359184430736 169
1739996794404 0.010319407517896215 170
1739996794606 0.005114360590142174 171
1739996794695 0.02740376034797519 172
1739996794788 0.06538358945962908 173
1739996794931 0.012878115790201735 174
1739996795051 0.12959291759606315 175
1739996795167 0.019955860204654556 176
1739996795280 0.009529325720252531 177
1739996795379 0.019783152087920485 178
1739996795488 0.05234471185922733 179
1739996795586 0.3078325984127197 180
1739996795690 0.06992029314150947 181
1739996795783 0.00015986961718882404 182
1739996795875 0.006921063768526101 183
1739996795967 0.028760274901234933 184
1739996796069 0.0425540836445612 185
1739996796177 0.014907066860428997 186
1739996796282 0.12611551217741793 187
1739996796377 0.003509341274130254 188
1739996796467 0.008126439140905153 189
1739996796564 0.14761738019195736 190
1739996796650 0.03746393116165674 191
1739996796742 0.00019589427241260417 192
1739996796831 0.05684277213961508 193
1739996796918 0.00880784630479152 194
1739996797002 0.00509160363791737 195
1739996797094 0.1964772400722342 196
1739996797179 0.1754590743427171 197
1739996797264 0.20948839894568677 198
1739996797349 0.033786955972752615 199
1739996797438 0.0003731643198358263 200
1739996797527 0.00011913536539505844 201
1739996797614 0.003650060853189033 202
1739996797702 0.008244997338758164 203
1739996797791 9.112078412206434e-05 204
1739996797877 0.00033166519323628735 205
1739996797969 0.20783119834790487 206
1739996798060 0.03419007578581283 207
1739996798142 0.034886783932220604 208
1739996798230 0.05531109626610799 209
1739996798318 0.13491105405872508 210
1739996798406 0.04956036901724421 211
1739996798494 0.23885978225324164 212
1739996798583 0.13025597389831398 213
1739996798669 0.02049138407489486 214
1739996798757 0.18984909460073437 215
1739996798847 0.03886080467378331 216
1739996798942 0.03543749224800684 217
1739996799031 0.0033262690644239707 218
1739996799123 0.09279627214479992 219
1739996799209 0.07979730297672523 220
1739996799295 0.0006833773326137824 221
1739996799383 0.2692766677750985 222
1739996799470 0.0015481059500654984 223
1739996799564 0.6854119913472088 224
1739996799654 0.14304829850189082 225
1739996799741 0.017413520826111216 226
1739996799828 0.012458608687239438 227
1739996799916 0.003008262589530329 228
1739996800004 0.2840888772868961 229
1739996800096 0.04965858278343478 230
1739996800179 0.0020120088323126364 231
1739996800269 1.0220965052292763 232
1739996800359 0.0002466178367959167 233
1739996800445 0.00736872238812507 234
1739996800535 0.133605535108351 235
1739996800635 0.08778960884482326 236
1739996800732 0.45048657449554674 237
1739996800817 1.0066681381638098 238
1739996800907 0.1445429227488436 239
1739996800991 0.06155444408190392 240
1739996801088 0.21536047718602588 241
1739996801175 0.07150819435118365 242
1739996801262 0.5608917938774913 243
1739996801340 0.024023634953658522 244
1739996801418 0.00014815999477761432 245
1739996801498 0.06188718743766805 246
1739996801577 0.013812658537986614 247
1739996801654 0.023229052215517788 248
1739996801735 0.0057865652857289635 249
1739996801821 4.408045036278482e-06 250
1739996801898 0.10854285069941282 251
1739996801976 0.1760640329139488 252
1739996802061 0.0971452392848602 253
1739996802145 0.0885057016547626 254
1739996802251 0.053228064811191335 255
1739996802334 0.3845613793612524 256
1739996802411 0.04233668477182359 257
1739996802490 0.13120521907325505 258
1739996802570 0.012788734135747834 259
1739996802713 0.0008284518320967636 260
1739996802789 0.10351896484595156 261
1739996802867 0.10712421178357588 262
1739996802945 0.14532974431227505 263
1739996803032 0.12641347402555 264
1739996803114 0.034101593086850325 265
1739996803192 0.10649668885191661 266
1739996803270 0.09697205575004335 267
1739996803348 0.016809499379895176 268
1739997121977 0.07074442786654422 269
1739997122181 0.008548380976774149 270
1739997122278 0.05677710776098805 271
1739997122398 0.20988660336673948 272
1739997122484 0.0017368850963962053 273
1739997122574 0.0052924959996431846 274
1739997122663 0.17827068736842983 275
1739997122752 1.512561351080192e-05 276
1739997122836 5.3491980308816235e-06 277
1739997122975 0.02509987394057871 278
1739997123078 0.03217858614157693 279
1739997123164 0.07851833731475265 280
1739997123248 0.0003995881352487949 281
1739997123328 1.0178901290324784e-05 282
1739997123463 0.702236411564929 283
1739997123547 0.1458940652636161 284
1739997123638 0.012749574129641183 285
1739997123731 0.07463260490596992 286
1739997123816 0.055155293647122176 287
1739997123901 0.2579291976511563 288
1739997123987 0.07438421116157005 289
1739997124080 0.003028289764824975 290
1739997124204 0.009478818200565613 291
1739997124305 0.012947387143021183 292
1739997124388 0.0666679011577322 293
1739997124473 0.0060648160222716374 294
1739997124557 0.2120844968382931 295
1739997124644 0.16957662187964742 296
1739997124726 0.0006914045564681735 297
1739997124808 0.024147514597122572 298
1739997124891 0.00929026263160648 299
1739997124973 0.05100448205531645 300
1739997125064 0.1333831695063789 301
1739997125169 0.03756224803235544 302
1739997125254 0.08488583511935185 303
1739997125337 0.09014247481955102 304
1739997125423 0.008360694569785564 305
1739997125506 0.004259518077813028 306
1739997125591 0.19566303899696566 307
1739997125673 0.06533572451484462 308
1739997125752 0.029330644015283614 309
1739997125832 0.024539849893206494 310
1739997125918 0.00196456223758089 311
1739997126000 0.02327284342724805 312
1739997126092 0.0054070339575594435 313
1739997126171 1.8550487003404115 314
1739997126257 0.0011785985602671214 315
1739997126343 0.1004128944535474 316
1739997126428 0.1492456054627779 317
1739997126507 0.21758136125466013 318
1739997126586 0.06461640680900815 319
1739997126668 0.017302528729618828 320
1739997126748 0.0015076474503646006 321
1739997126829 0.2877495994617834 322
1739997126912 0.07252538634988379 323
1739997126990 0.08632382096997179 324
1739997127079 0.041465632983643266 325
1739997127161 0.000496786791314228 326
1739997127239 0.0005428370980610329 327
1739997127324 0.0040699738218177685 328
1739997127405 0.004908359619211829 329
1739997127483 0.0009138461904324357 330
1739997127563 0.03467520668893157 331
1739997127647 0.0020690121101606443 332
1739997127729 0.020898299892411612 333
1739997127807 0.037457154511520346 334
1739997127886 0.3840546129137436 335
1739997127972 0.0235053698754035 336
1739997128060 0.012535365429644367 337
1739997128146 1.1492284262689358 338
1739997128274 1.3314155467388689 339
1739997128372 0.0008816770085458014 340
1739997128452 0.23894956427413255 341
1739997128579 0.00015075802804056517 342
1739997128692 0.07555042320192742 343
1739997128788 0.04329943585804704 344
1739997128899 0.0164344837319476 345
1739997128986 0.6063334298063011 346
1739997129112 0.0028964835044758383 347
1739997129213 0.22858781539440165 348
1739997129307 0.08715666476719733 349
1739997129393 0.20033578742059716 350
1739997129485 0.13800136460596227 351
1739997129566 0.14642180518566383 352
1739997129644 0.20070650473100965 353
1739997129723 0.003817875316646858 354
1739997129803 0.0048825405645976806 355
1739997129883 0.0010261200040324772 356
1739997129961 0.0010841040138354417 357
1739997130048 0.1701162406035129 358
1739997130132 0.24030420049651402 359
1739997130211 0.19047217976984077 360
1739997130291 0.15544498844020013 361
1739997130368 0.0397399434785883 362
1739997130448 0.0013716665667955642 363
1739997130527 0.05032518333346745 364
1739997130607 0.03386360834635118 365
1739997130685 0.290631885099867 366
1739997130762 0.055744695600883666 367
1739997130844 0.2396477637382466 368
1739997130922 0.02312611512448311 369
1739997131001 0.020299984260435777 370
1739997131080 0.3148105307126776 371
1739997131158 0.008705713334477635 372
1739997131236 0.0004903251071973819 373
1739997131313 0.04711780506340092 374
1739997131391 0.01793836611309371 375
1739997131472 0.0009612097897557192 376
1739997131550 0.1596915872223823 377
1739997131769 0.012598138991184542 378
1739997132215 0.0031350001733062636 379
1739997132622 0.004801048461180746 380
1739997133023 0.03128787387507859 381
1739997133463 0.004161859363239379 382
1739997133860 0.2789652408440083 383
1739997134310 0.014328725084222057 384
1739997134717 0.029749294149029982 385
1739997135142 0.011995214856783119 386
1739997135537 0.031946070518754026 387
1739997135937 0.04488592174148666 388
1739997223496 0.004273779044509297 389
1739997223685 0.012298280292166468 390
1739997223802 0.05272929994056764 391
1739997223899 0.006505855644968539 392
1739997224023 0.06980764659424292 393
1739997224341 0.19920605382749154 394
1739997224584 0.08051543164095643 395
1739997224710 0.16444897979828596 396
1739997224886 0.01067831768574352 397
1739997225061 0.03330201142029929 398
1739997225187 0.3696468766961216 399
1739997225310 0.15158262358629207 400
1739997225429 0.00014535958183340311 401
1739997225621 1.0754159292539829e-05 402
1739997225778 0.08320186016440428 403
1739997226026 0.01066958157799398 404
1739997226227 0.494332230700198 405
1739997226382 0.00011708124513788433 406
1739997226481 0.24474346586706738 407
1739997226577 0.062366532786832365 408
1739997226674 0.07870503443511506 409
1739997226774 0.008254626791481168 410
1739997226888 0.017521861820204754 411
1739997226971 0.01956741570656333 412
1739997227059 0.006656898236049252 413
1739997227159 0.05410898173560876 414
1739997227248 0.08868975538731168 415
1739997227332 0.0004023642771674793 416
1739997227414 0.0003084092734717883 417
1739997227512 4.073514220873079e-05 418
1739997227646 0.049473177032741185 419
1739997227870 0.010978873341535826 420
1739997227968 0.018397198076953176 421
1739997228068 0.27340009874592586 422
1739997228157 0.052107953461661534 423
1739997228245 0.11018387276193765 424
1739997228330 0.23644460035918685 425
1739997228415 0.007750845467795231 426
1739997228530 0.44347498142815805 427
1739997228624 0.0020233577351408947 428
1739997228708 0.03410160300532334 429
1739997228803 0.04620698099820195 430
1739997228903 0.0012837586976059015 431
1739997228988 2.1679689153777724 432
1739997229078 0.09460609101059626 433
1739997229159 0.1461532515750191 434
1739997229244 0.04649235332049217 435
1739997229332 0.0006152093660315843 436
1739997229413 0.04619221166465183 437
1739997229498 0.06404805214794487 438
1739997229582 0.011920146289549878 439
1739997229666 0.03142192263427112 440
1739997229756 0.06476004116488057 441
1739997229845 0.031933899347008576 442
1739997229932 0.03832193533946521 443
1739997230027 0.20372239694021488 444
1739997230119 0.2819098055442272 445
1739997230215 0.1291017600258977 446
1739997230303 0.008775622356291554 447
1739997230391 0.04526522937398726 448
1739997230479 0.3826177991530352 449
1739997230568 0.10841077507454762 450
1739997230652 0.7803216858878954 451
1739997230745 0.11063780034173344 452
1739997230849 0.06852469962521894 453
1739997230952 0.009710231404809715 454
1739997231046 0.14083632651081912 455
1739997231129 0.22092608929066612 456
1739997231212 0.005660497216721627 457
1739997231321 0.06976470228884683 458
1739997231411 0.09468826122611583 459
1739997231495 0.00101310589768508 460
1739997231591 1.3039811780079018e-06 461
1739997231677 1.1511629399968437 462
1739997231754 0.020528751682727584 463
1739997231863 0.06626733002679647 464
1739997231949 0.0006203530122090563 465
1739997232028 0.24799450289692246 466
1739997232118 0.16373500854983508 467
1739997232212 0.14740106244792214 468
1739997232306 0.04060080763252405 469
1739997232402 0.05285018063698377 470
1739997232487 0.04330835827709659 471
1739997232583 0.01484890185463361 472
1739997232667 0.020592799127584088 473
1739997232779 0.07649974697368102 474
1739997232913 0.02302777678387291 475
1739997233021 0.1700719381346443 476
1739997233107 0.19927664043464152 477
1739997233206 0.15266062364980473 478
1739997233369 0.11989499448497358 479
1739997233455 0.003753528577393886 480
1739997233543 0.1032095030684985 481
1739997233625 0.07288505870635659 482
1739997233708 0.09119849221305171 483
1739997233807 0.020861946742803245 484
1739997233893 0.0711677934278047 485
1739997233980 0.05102719883547423 486
1739997234067 0.006868217584899931 487
1739997234158 0.05194989061213148 488
1739997234238 0.6922144326912376 489
1739997234324 0.029240505596492435 490
1739997234417 0.07129101711818576 491
1739997234504 0.048825789983200286 492
1739997234591 0.0645345315350516 493
1739997234678 0.4367191476395024 494
1739997234767 0.0005572840381151407 495
1739997234856 0.8072898544171515 496
1739997234940 0.001966491789061739 497
1739997235028 0.09658829822062362 498
1739997235119 0.9097465418891495 499
