1739994875262 32.344222568639815 0
1739994875277 5.290017499199175 1
1739994875294 1.0977205868385418 2
1739994875309 0.2550205928769456 3
1739994875325 0.15101986492390715 4
1739994875341 0.14980588051826588 5
1739994875356 0.16496576965535306 6
1739994875372 0.077748924449559 7
1739994875387 0.13409986756660794 8
1739994875402 0.11132878902131473 9
1739994875417 0.09747193933716726 10
1739994875433 0.09683327503777024 11
1739994875450 0.0697996567434271 12
1739994875466 0.07932953920130174 13
1739994875482 0.08692595191033661 14
1739994875498 0.1599861810497752 15
1739994875514 0.13053311093873068 16
1739994875530 0.0628205602350003 17
1739994875547 0.11961325585448886 18
1739994875563 0.15485803616950022 19
1739994875579 0.09673282374673843 20
1739994875598 0.1055055862847897 21
1739994875614 0.13850569865535078 22
1739994875629 0.10491555995235786 23
1739994875645 0.09582179393186492 24
1739994875660 0.14284482324828976 25
1739994875675 0.0850062524009882 26
1739994875691 0.10405906007268258 27
1739994875706 0.138004817483446 28
1739994875721 0.109819274241491 29
1739994875737 0.10347537838031258 30
1739994875754 0.08559035715764426 31
1739994875769 0.09841747720421212 32
1739994875784 0.07973932497464709 33
1739994875800 0.09421120342325842 34
1739994875817 0.11490932466414908 35
1739994875833 0.08586993718570672 36
1739994875850 0.0782811925273219 37
1739994875867 0.09792866618500469 38
1739994875883 0.06887198357288205 39
1739994875899 0.1440013313992682 40
1739994875915 0.1807391452274418 41
1739994875931 0.07921170020041028 42
1739994875948 0.11440628682843702 43
1739994875964 0.07509519189180401 44
1739994875981 0.10023064583322075 45
1739994875997 0.09912075985966616 46
1739994876013 0.12002097873766612 47
1739994876028 0.07845902059023216 48
1739994876044 0.1741107534337824 49
1739994876059 0.1034065654496218 50
1739994876074 0.13978722568181973 51
1739994876090 0.11640484691147382 52
1739994876105 0.07307355982585031 53
1739994876121 0.10230492629767793 54
1739994876137 0.10005083730539245 55
1739994876152 0.10693298758310564 56
1739994876167 0.08631466551878092 57
1739994876183 0.11011791894086388 58
1739994876198 0.10674738283414238 59
1739994876214 0.0995437355841858 60
1739994876229 0.10816399643774208 61
1739994876245 0.07629325164305426 62
1739994876261 0.11883741432227307 63
1739994876276 0.0979339171493289 64
1739994876292 0.12707765882328353 65
1739994876307 0.1293556876454923 66
1739994876322 0.1322225594940335 67
1739994876337 0.09283376890054415 68
1739994876352 0.11419512891787993 69
1739994876367 0.0845490348271399 70
1739994876382 0.07523805482392801 71
1739994876397 0.14969828433901985 72
1739994876412 0.09485106074070936 73
1739994876427 0.14410826754403436 74
1739994876443 0.07879434079760414 75
1739994876461 0.13614368091207604 76
1739994876538 0.10945348753017795 77
1739994876559 0.0857851359137617 78
1739994876577 0.09574225023396407 79
1739994876594 0.09848419092552244 80
1739994876610 0.09390742581309232 81
1739994876627 0.14957098551839468 82
1739994876644 0.07939833776170435 83
1739994876660 0.09767361228827397 84
1739994876676 0.12338608318003416 85
1739994876692 0.12897390923230279 86
1739994876709 0.1374610052374349 87
1739994876725 0.10207782690094941 88
1739994876742 0.0977678120725735 89
1739994876758 0.13276330399895517 90
1739994876774 0.07854613459775027 91
1739994876790 0.10325498360282034 92
1739994876807 0.08129232352759497 93
1739994876824 0.10742829849829821 94
1739994876844 0.09214201223550397 95
1739994876860 0.12012119655548234 96
1739994876877 0.1604043695248783 97
1739994876893 0.09202062166453183 98
1739994876909 0.1170798945965557 99
1739994876926 0.08744665526378062 100
1739994876942 0.084154381868519 101
1739994876959 0.1433884957000539 102
1739994876976 0.05958882947703937 103
1739994876993 0.16736860997954794 104
1739994877009 0.06111721801168519 105
1739994877026 0.14046155782500927 106
1739994877042 0.10730257697025186 107
1739994877058 0.12641178719647123 108
1739994877074 0.10198192831493547 109
1739994877090 0.10317471072549175 110
1739994877106 0.10166649435353926 111
1739994877123 0.13292161339981606 112
1739994877140 0.06561546776385577 113
1739994877157 0.10767614422468366 114
1739994877174 0.0903340816408975 115
1739994877191 0.10003346628433442 116
1739994877207 0.10404795993921558 117
1739994877222 0.17718293777208566 118
1739994877238 0.09623400576022183 119
1739994877254 0.19485252546763487 120
1739994877271 0.10784842957856533 121
1739994877288 0.13172942233263155 122
1739994877304 0.12321662979987354 123
1739994877320 0.11348502782687929 124
1739994877337 0.11744866177404405 125
1739994877353 0.1077231650575177 126
1739994877369 0.12347808482949749 127
1739994877386 0.104013742611356 128
1739994877402 0.1319200035993999 129
1739994877417 0.13349816221722718 130
1739994877433 0.10043475735026601 131
1739994877452 0.09114634916198149 132
1739994877469 0.10329233021063296 133
1739994877486 0.09233014392946871 134
1739994877502 0.08552398945594165 135
1739994877518 0.11436821769729093 136
1739994877535 0.05935356146018893 137
1739994877551 0.10150649329728893 138
1739994877568 0.07102245737603922 139
1739994877585 0.09762724689384432 140
1739994877601 0.22798474886681006 141
1739994877617 0.1703591096258492 142
1739994877633 0.06536882749270229 143
1739994877650 0.14610917030123563 144
1739994877665 0.1257701733467906 145
1739994877681 0.06547974097711165 146
1739994877697 0.13170058881718558 147
1739994877713 0.13136939496984956 148
1739994877730 0.1852365704077135 149
1739994877746 0.20121287108557084 150
1739994877762 0.10004072405689377 151
1739994877778 0.08425390181501645 152
1739994877794 0.07646527808814946 153
1739994877810 0.1343283512388083 154
1739994877827 0.1689266555077701 155
1739994877844 0.09602457355391683 156
1739994877860 0.1413601254510094 157
1739994877876 0.1157219384983821 158
1739994877893 0.0749258119707998 159
1739994877909 0.10800271133962033 160
1739994877926 0.1252021145250113 161
1739994877942 0.15253622226055477 162
1739994877959 0.11205916386950256 163
1739994877975 0.1266054718114771 164
1739994877991 0.058457201688147456 165
1739994878008 0.10203302535596516 166
1739994878023 0.12191637212440386 167
1739994878040 0.11744337984172751 168
1739994878056 0.11009998162403786 169
1739994878072 0.1261944515966016 170
1739994878088 0.08044192594082715 171
1739994878105 0.11049780703875724 172
1739994878122 0.10402893976141127 173
1739994878138 0.18347859033313058 174
1739994878154 0.07818685491210109 175
1739994878171 0.16489186918300766 176
1739994878187 0.09720761851145854 177
1739994878202 0.09549385481138249 178
1739994878218 0.11797926551984805 179
1739994878234 0.14940626971657672 180
1739994878249 0.11505774434758993 181
1739994878265 0.11079443185144644 182
1739994878281 0.09926201931388175 183
1739994878297 0.13408076446737766 184
1739994878313 0.11458588739227862 185
1739994878330 0.08950270631726266 186
1739994878346 0.15128491077474965 187
1739994878362 0.1265685085082224 188
1739994878378 0.1120143379438935 189
1739994878395 0.10867842697712134 190
1739994878411 0.13596604104099524 191
1739994878427 0.11844932313708081 192
1739994878444 0.09426882955733706 193
1739994878462 0.10110034645791731 194
1739994878478 0.08737156252699008 195
1739994878495 0.06826654139140743 196
1739994878511 0.10873024314314891 197
1739994878527 0.11775175661819585 198
1739994878543 0.07385375565354202 199
1739994878559 0.1300016744235867 200
1739994878576 0.08446610325547095 201
1739994878592 0.10666985585766556 202
1739994878609 0.11105896106768547 203
1739994878625 0.11379439462618565 204
1739994878641 0.061679262403345064 205
1739994878657 0.1219387501104348 206
1739994878674 0.15927211374156625 207
1739994878690 0.09860575887676878 208
1739994878706 0.131950035001105 209
1739994878722 0.1306116311760497 210
1739994878739 0.22581752218406878 211
1739994878756 0.08160835417526696 212
1739994878772 0.16313252139482093 213
1739994878788 0.0923425996095376 214
1739994878805 0.12156915373357485 215
1739994878822 0.15574820548235851 216
1739994878842 0.10447647228331672 217
1739994878859 0.15507739524277225 218
1739994878876 0.14913174539166318 219
1739994878892 0.08202942574997865 220
1739994878908 0.13252828844332415 221
1739994878924 0.10042780750348976 222
1739994878940 0.1345153353200624 223
1739994878957 0.11350991518790055 224
1739994878973 0.12325588500978274 225
1739994878990 0.21576602741421966 226
1739994879007 0.14321050648927153 227
1739994879023 0.09753092716770065 228
1739994879039 0.06774061199342003 229
1739994879056 0.09636342154332234 230
1739994879072 0.13709520780262854 231
1739994879088 0.10385752263183942 232
1739994879105 0.11487514397445951 233
1739994879122 0.11241435446223572 234
1739994879139 0.19092565497805242 235
1739994879157 0.10051457368993302 236
1739994879175 0.09189142918425913 237
1739994879193 0.1099151310585368 238
1739994879212 0.12657518370197748 239
1739994879229 0.12384355972786817 240
1739994879248 0.11834621519110528 241
1739994879267 0.09222102026148601 242
1739994879285 0.1333893332612447 243
1739994879304 0.1282609365302505 244
1739994879323 0.07672023517792617 245
1739994879341 0.06540374205361625 246
1739994879359 0.10314923941535406 247
1739994879380 0.14101698795966752 248
1739994879401 0.14711592579319827 249
1739994879419 0.1147821823549706 250
1739994879437 0.11838754742022935 251
1739994879458 0.08629294913160765 252
1739994879477 0.1042639476797241 253
1739994879496 0.12795586336471726 254
1739994879515 0.10756193319808469 255
1739994879532 0.14183737591585557 256
1739994879550 0.17069077553764647 257
1739994879568 0.12616804079966273 258
1739994879586 0.11657051262877696 259
1739994879603 0.10044951288383488 260
1739994879622 0.0801867868745089 261
1739994879639 0.0838314786728183 262
1739994879656 0.0866462149625017 263
1739994879674 0.1003729405065576 264
1739994879692 0.08845184528301223 265
1739994879709 0.0926917056789267 266
1739994879727 0.1027476855801578 267
1739994879743 0.09236428686517108 268
1739994879760 0.08840590541627105 269
1739994879777 0.12994551864966808 270
1739994879797 0.05382056184758047 271
1739994879813 0.14180677258609362 272
1739994879831 0.12446517037804489 273
1739994879849 0.12381934445286602 274
1739994879866 0.11578313825954664 275
1739994879883 0.09995698100404606 276
1739994879900 0.11423940763170715 277
1739994879918 0.11457146445416264 278
1739994879936 0.10639152400820998 279
1739994879952 0.06455478219847038 280
1739994879970 0.10448178071103471 281
1739994879988 0.1321848814331304 282
1739994880005 0.1433829699657268 283
1739994880022 0.11100628880801919 284
1739994880040 0.10990740927978003 285
1739994880057 0.12839976013997773 286
1739994880074 0.09617835384384366 287
1739994880091 0.11075362044203942 288
1739994880107 0.09902456475026956 289
1739994880125 0.09139475594343852 290
1739994880141 0.1333905891428257 291
1739994880158 0.15644128708756783 292
1739994880176 0.12909168588234474 293
1739994880193 0.12547077973296963 294
1739994880209 0.09795988492861893 295
1739994880226 0.1360051033151109 296
1739994880243 0.1056593207517855 297
1739994880259 0.1199650728777625 298
1739994880275 0.20168178237556783 299
1739994880291 0.10723501322836591 300
1739994880306 0.13682773098187329 301
1739994880321 0.11674341302808654 302
1739994880336 0.12058218082984658 303
1739994880352 0.08956173032124816 304
1739994880367 0.06384616765573 305
1739994880383 0.09944498178716386 306
1739994880398 0.12605564282293638 307
1739994880413 0.13350968121050363 308
1739994880429 0.10896133902204759 309
1739994880444 0.10411654609140507 310
1739994880463 0.07340205517741474 311
1739994880480 0.08349205006060739 312
1739994880496 0.11573855870590007 313
1739994880512 0.09498034337571952 314
1739994880527 0.10871139750304173 315
1739994880543 0.13195216588016875 316
1739994880559 0.12330255686525653 317
1739994880579 0.12256176690450227 318
1739994880599 0.10582436016393808 319
1739994880622 0.11433984084307186 320
1739994880646 0.07765807306999348 321
1739994880673 0.10866469349484235 322
1739994880705 0.10355706069559517 323
1739994880735 0.13713892608583514 324
1739994880763 0.10766757643785388 325
1739994880792 0.11268041892881488 326
1739994880821 0.086427712642207 327
1739994880851 0.1431792596415201 328
1739994880873 0.1352939137860074 329
1739994880894 0.1141462230678783 330
1739994880911 0.09680324047234769 331
1739994880928 0.10820516005925195 332
1739994880945 0.12242060723368393 333
1739994880962 0.11471176668643808 334
1739994880981 0.09761812796882799 335
1739994881006 0.08140664970003665 336
1739994881031 0.09191288162785512 337
1739994881058 0.13332246174296247 338
1739994881080 0.09548643382624468 339
1739994881101 0.1474224528247669 340
1739994881122 0.08643801581265595 341
1739994881144 0.06057954825767315 342
1739994881163 0.11523831326656486 343
1739994881181 0.15000162735564898 344
1739994881197 0.1220920995430058 345
1739994881216 0.13713529844060526 346
1739994881234 0.08754499041986546 347
1739994881252 0.12880820048174152 348
1739994881268 0.16169314853908207 349
1739994881286 0.13255410661624034 350
1739994881307 0.11082687126590383 351
1739994881323 0.10120513178736709 352
1739994881340 0.09589663976880444 353
1739994881357 0.13608414391206364 354
1739994881372 0.07695996655300798 355
1739994881387 0.10492520844662358 356
1739994881402 0.09808424200568455 357
1739994881417 0.11593737585550329 358
1739994881433 0.11699397899098024 359
1739994881448 0.10099438318026556 360
1739994881467 0.11390600409606647 361
1739994881484 0.10144553090200902 362
1739994881501 0.09813342948840752 363
1739994881518 0.09038248436665056 364
1739994881534 0.10965036537868833 365
1739994881549 0.05577210369238828 366
1739994881565 0.128601430148521 367
1739994881582 0.08854516678860966 368
1739994881601 0.09460015258605277 369
1739994881620 0.13552093863313522 370
1739994881640 0.05730193065879245 371
1739994881663 0.13628606409434707 372
1739994881688 0.10702239652616456 373
1739994881713 0.08293867206727332 374
1739994881738 0.06939679598089554 375
1739994881764 0.13414749952428287 376
1739994881791 0.10470949151276868 377
1739994881820 0.1096319092922653 378
1739994881843 0.08999189288202446 379
1739994881864 0.10848327440160921 380
1739994881882 0.1383808296190371 381
1739994881898 0.14988753336089433 382
1739994881914 0.07338636989338833 383
1739994881929 0.10010755936275453 384
1739994881945 0.09334405236817397 385
1739994881961 0.19157573489374471 386
1739994881977 0.07582920268640238 387
1739994881994 0.1442575247194626 388
1739994882011 0.10735894929803244 389
1739994882027 0.12360685393900939 390
1739994882043 0.1121501428607041 391
1739994882060 0.13784499425925584 392
1739994882077 0.13821327960204038 393
1739994882094 0.12269492397605433 394
1739994882111 0.10852199946808672 395
1739994882129 0.07413033592409803 396
1739994882147 0.09438432884598308 397
1739994882166 0.13725525716227782 398
1739994882243 0.10799349254927218 399
1739994882281 0.07159994813707984 400
1739994882301 0.12423613622249477 401
1739994882317 0.06303972345758951 402
1739994882334 0.11329685425169166 403
1739994882349 0.07566576375779242 404
1739994882364 0.12452148647626618 405
1739994882380 0.1813855525649992 406
1739994882395 0.08671680908737732 407
1739994882411 0.11854665769943547 408
1739994882428 0.1270841168540755 409
1739994882445 0.0596301704656415 410
1739994882466 0.18652457708171336 411
1739994882485 0.11141279995203361 412
1739994882502 0.09732346556469683 413
1739994882518 0.107060858961335 414
1739994882535 0.16529140559100222 415
1739994882553 0.12675890946022675 416
1739994882571 0.09296701667331532 417
1739994882588 0.19600429389109272 418
1739994882606 0.10348961763044516 419
1739994882626 0.12777629552836947 420
1739994882644 0.10303285492142042 421
1739994882663 0.09080835439899448 422
1739994882680 0.08603971382271544 423
1739994882700 0.1017392208064517 424
1739994882720 0.13245463539830868 425
1739994882737 0.10292662284625617 426
1739994882754 0.07803810099035186 427
1739994882770 0.1170829104320341 428
1739994882786 0.10927953613164644 429
1739994882803 0.12900745204134847 430
1739994882820 0.1185144313203341 431
1739994882840 0.1667748412369871 432
1739994882857 0.14478172556664132 433
1739994882874 0.08600468519714682 434
1739994882891 0.08673163504666133 435
1739994882907 0.11666582545731434 436
1739994882924 0.09680779294016878 437
1739994882941 0.08098213244753724 438
1739994882957 0.1896417502204446 439
1739994882974 0.1351636955346188 440
1739994882992 0.09854465153123367 441
1739994883009 0.10425397934788455 442
1739994883025 0.08203267313715132 443
1739994883042 0.1325731731539826 444
1739994883058 0.11964960704514344 445
1739994883075 0.11302515060828933 446
1739994883092 0.12310136140100568 447
1739994883109 0.07072865370931865 448
1739994883125 0.1218746382737607 449
1739994883142 0.0965997436962355 450
1739994883159 0.10331921622606291 451
1739994883175 0.15715677685123958 452
1739994883192 0.145806785965727 453
1739994883208 0.1423902486289223 454
1739994883225 0.09519726689135881 455
1739994883241 0.10380415193011175 456
1739994883258 0.11287938853361475 457
1739994883275 0.17531163580000156 458
1739994883292 0.10708847936861506 459
1739994883308 0.11014072693198168 460
1739994883324 0.09077888533211294 461
1739994883340 0.17429598991235393 462
1739994883356 0.13888114373925653 463
1739994883371 0.09303855034346982 464
1739994883386 0.11046369619452891 465
1739994883401 0.1709787705765745 466
1739994883416 0.06538939117935039 467
1739994883431 0.09784994613425828 468
1739994883446 0.11848634932527478 469
1739994883461 0.11931867021792746 470
1739994883479 0.12933033431168453 471
1739994883494 0.0929682515600995 472
1739994883510 0.09100454598516604 473
1739994883525 0.09271094852535243 474
1739994883541 0.08049386591017615 475
1739994883556 0.07558224230954413 476
1739994883572 0.1098686400916257 477
1739994883587 0.10699144435319448 478
1739994883603 0.08568166833652366 479
1739994883618 0.08998140884872487 480
1739994883634 0.12055701019771832 481
1739994883650 0.06690044504685251 482
1739994883668 0.11423036831664328 483
1739994883687 0.09942208024934214 484
1739994883704 0.15113274416348402 485
1739994883724 0.11928222305489715 486
1739994883741 0.11310817628302235 487
1739994883757 0.18143501506649146 488
