1740010884558 192.99577327751578 0
1740010884585 189.26338964944955 1
1740010884618 187.3832755877559 2
1740010884645 185.51285426571755 3
1740010884670 183.6615887677136 4
1740010884694 181.82923088287467 5
1740010884717 180.01558556460034 6
1740010884742 178.2224210682716 7
1740010884767 176.44655556737465 8
1740010884794 174.68881594487124 9
1740010884819 172.9490080043831 10
1740010884845 171.22694672264277 11
1740010884870 169.522448951299 12
1740010884900 167.86110972271598 13
1740010884927 166.2036239132407 14
1740010884952 164.56304223411618 15
1740010884975 162.9391218989482 16
1740010884998 161.33169171147273 17
1740010885023 159.74058188889185 18
1740010885051 158.16562441173673 19
1740010885076 156.6066530035762 20
1740010885099 155.06350311286297 21
1740010885124 153.5360118949594 22
1740010885150 152.02401819435107 23
1740010885176 150.5273625270466 24
1740010885199 149.04588706316093 25
1740010885222 147.57943560968118 26
1740010885245 146.12785359341225 27
1740010885271 144.69098804410075 28
1740010885299 143.2686875777354 29
1740010885323 141.86080238002182 30
1740010885351 140.46718419003017 31
1740010885375 139.08768628401344 32
1740010885404 137.72216345939506 33
1740010885428 136.37047201892386 34
1740010885454 135.03246975499422 35
1740010885478 133.70801593413054 36
1740010885502 132.3969712816335 37
1740010885528 131.09919796638698 38
1740010885554 129.81455958582333 39
1740010885580 128.5429211510463 40
1740010885605 127.28414907210886 41
1740010885629 126.03811114344514 42
1740010885653 124.80467652945434 43
1740010885682 123.58371575023556 44
1740010885711 122.3751006674713 45
1740010885736 121.17870447045867 46
1740010885761 119.9944016622862 47
1740010885786 118.82206804615574 48
1740010885816 117.66158071184613 49
1740010885843 116.51281802231938 50
1740010885872 115.37565960046604 51
1740010885897 114.2499863159891 52
1740010885922 113.13568027242529 53
1740010885947 112.03262479430121 54
1740010885974 110.94070441442442 55
1740010886002 109.85980486130654 56
1740010886029 108.7898130467181 57
1740010886057 107.73061705337325 58
1740010886085 106.68210612274298 59
1740010886173 105.64417064299576 60
1740010886201 104.61670213706397 61
1740010886224 103.59959325083501 62
1740010886253 102.59273774146558 63
1740010886279 101.59603046581817 64
1740010886305 100.60936736901816 65
1740010886330 99.63264547313035 66
1740010886354 98.66576286595387 67
1740010886377 97.70861868993374 68
1740010886401 96.76111313118872 69
1740010886427 95.82314740865316 70
1740010886454 94.89462376333246 71
1740010886478 93.97544544767075 72
1740010886502 93.06551671502936 73
1740010886525 92.16474280927528 74
1740010886550 91.27302995447812 75
1740010886577 90.39028534471491 76
1740010886602 89.51641713398085 77
1740010886625 88.65133442620595 78
1740010886648 87.79494726537514 79
1740010886673 86.94716662575226 80
1740010886700 86.10790440220545 81
1740010886727 85.27707340063388 82
1740010886752 84.45458732849418 83
1740010886775 83.64036078542587 84
1740010886799 82.83430925397444 85
1740010886825 82.03634909041146 86
1740010886851 81.24639751565023 87
1740010886873 80.46437260625645 88
1740010886897 79.69019328555244 89
1740010886920 78.92377931481444 90
1740010886946 78.16505128456144 91
1740010886973 77.41393060593529 92
1740010886998 76.6703395021703 93
1740010887022 75.93420100015211 94
1740010887046 75.20543892206463 95
1740010887071 74.48397787712396 96
1740010887099 73.7697432533986 97
1740010887124 73.062661209715 98
1740010887147 72.36265866764765 99
1740010887170 71.66966330359242 100
1740010887195 70.98360354092293 101
1740010887220 70.30440854222847 102
1740010887246 69.63200820163298 103
1740010887269 68.96633313719417 104
1740010887293 68.3073146833818 105
1740010887317 67.65488488363452 106
1740010887344 67.00897648299426 107
1740010887369 66.3695229208174 108
1740010887393 65.73645832356209 109
1740010887419 65.10971749765064 110
1740010887442 64.48923592240637 111
1740010887466 63.87494974306407 112
1740010887493 63.266795763853516 113
1740010887519 62.6647114411549 114
1740010887543 62.06863487672565 115
1740010887567 61.47850481099796 116
1740010887590 60.89426061644613 117
1740010887616 60.3158422910231 118
1740010887643 59.74319045166533 119
1740010887668 59.176246327865435 120
1740010887691 58.61495175531183 121
1740010887714 58.05924916959474 122
1740010887741 57.50908159997759 123
1740010887771 56.964392663233596 124
1740010887796 56.425126557546434 125
1740010887820 55.89122805647448 126
1740010887842 55.36264250297807 127
1740010887866 54.83931580350887 128
1740010887893 54.32119442216093 129
1740010887918 53.80822537488272 130
1740010887942 53.30035622374936 131
1740010887965 52.79753507129468 132
1740010887988 52.299710554902276 133
1740010888014 51.806831841255 134
1740010888043 51.31884862084226 135
1740010888069 50.83571110252472 136
1740010888092 50.35737000815538 137
1740010888115 49.8837765672569 138
1740010888142 49.41488251175434 139
1740010888164 48.95064007076264 140
1740010888187 48.491001965428644 141
1740010888210 48.03592140382662 142
1740010888236 47.585352075907124 143
1740010888264 47.1392481484984 144
1740010888294 46.6975642603599 145
1740010888318 46.26025551728727 146
1740010888341 45.82727748726836 147
1740010888364 45.398586195689745 148
1740010888389 44.974138120593025 149
1740010888416 44.5538901879807 150
1740010888440 44.1377997671708 151
1740010888464 43.72582466620001 152
1740010888487 43.3179231272746 153
1740010888514 42.91405382226868 154
1740010888540 42.51417584826945 155
1740010888563 42.11824872316884 156
1740010888587 41.72623238130087 157
1740010888611 41.338087169124705 158
1740010888635 40.95377384095245 159
1740010888661 40.57325355472152 160
1740010888686 40.196487867811 161
1740010888710 39.82343873290161 162
1740010888734 39.45406849387871 163
1740010888758 39.08833988177802 164
1740010888785 38.72621601077343 165
1740010888814 38.36766037420679 166
1740010888840 38.01263684065881 167
1740010888865 37.66110965006096 168
1740010888888 37.313043409847886 169
1740010888910 36.96840309114979 170
1740010888936 36.62715402502448 171
1740010888965 36.28926189872864 172
1740010888989 35.954692752027945 173
1740010889012 35.62341297354545 174
1740010889037 35.295389297148155 175
1740010889061 34.97058879837106 176
1740010889087 34.64897889087846 177
1740010889112 34.330527322962105 178
1740010889137 34.01520217407569 179
1740010889160 33.70297185140559 180
1740010889184 33.393805086477094 181
1740010889209 33.087670931796055 182
1740010889234 32.78453875752547 183
1740010889257 32.48437824819657 184
1740010889280 32.187159399454245 185
1740010889304 31.892852514836257 186
1740010889329 31.601428202585918 187
1740010889357 31.312857372498023 188
1740010889382 31.027111232797544 189
1740010889405 30.74416128705078 190
1740010889428 30.46397933110867 191
1740010889452 30.186537450081904 192
1740010889479 29.91180801534738 193
1740010889504 29.639763681586032 194
1740010889528 29.370377383851245 195
1740010889551 29.103622334667854 196
1740010889575 28.83947202116131 197
1740010889601 28.577900202216682 198
1740010889626 28.31888090566726 199
1740010889649 28.062388425512275 200
1740010889672 27.808397319163692 201
1740010889695 27.556882404721527 202
1740010889721 27.307818758277552 203
1740010889746 27.061181711246977 204
1740010889770 26.81694684772796 205
1740010889794 26.57509000188849 206
1740010889821 26.33558725538049 207
1740010889849 26.098414934780756 208
1740010889875 25.863549609058555 209
1740010889899 25.630968087069505 210
1740010889923 25.400647415075515 211
1740010889946 25.172564874290497 212
1740010889971 24.94669797845165 213
1740010889997 24.72302447141587 214
1740010890021 24.501522324781277 215
1740010890047 24.282169735533337 216
1740010890070 24.064945123715564 217
1740010890092 23.849827130124325 218
1740010890119 23.63679461402764 219
1740010890144 23.425826650907734 220
1740010890168 23.216902530226992 221
1740010890190 23.01000175321715 222
1740010890215 22.805104030691425 223
1740010890241 22.6021892808794 224
1740010890267 22.401237627284463 225
1740010890293 22.202229396563403 226
1740010890323 22.00514511642806 227
1740010890347 21.809965513568883 228
1740010890371 21.616671511599876 229
1740010890397 21.425244229025058 230
1740010890423 21.235664977225934 231
1740010890447 21.04791525846994 232
1740010890470 20.861976763939538 233
1740010890493 20.677831371781792 234
1740010890521 20.495461145178183 235
1740010890552 20.31484833043452 236
1740010890578 20.135975355090633 237
1740010890602 19.958824826049735 238
1740010890625 19.783379527727178 239
1740010890654 19.60962242021843 240
1740010890681 19.437536637486147 241
1740010890706 19.267105485566017 242
1740010890729 19.098312440791116 243
1740010890753 18.931141148034953 244
1740010890777 18.766156096749686 245
1740010890804 18.602463206333837 246
1740010890829 18.440342322501074 247
1740010890853 18.279776637912274 248
1740010890878 18.12075064166519 249
1740010890902 17.963248976328487 250
1740010890928 17.807256441076618 251
1740010890954 17.65275799005416 252
1740010890978 17.4997387307769 253
1740010891001 17.34818392254948 254
1740010891025 17.19807897489944 255
1740010891052 17.049409446027507 256
1740010891077 16.902161041274077 257
1740010891101 16.756319611601533 258
1740010891126 16.61187115209234 259
1740010891149 16.468801800462764 260
1740010891173 16.327097835592 261
1740010891199 16.186745676066575 262
1740010891224 16.047731878739896 263
1740010891249 15.910043137306685 264
1740010891271 15.773666280892302 265
1740010891295 15.638588272656675 266
1740010891320 15.504796208412674 267
1740010891348 15.372277315258904 268
1740010891372 15.241018950226636 269
1740010891395 15.11100859894083 270
1740010891418 14.982233874295028 271
1740010891442 14.854682515139993 272
1740010891469 14.728342384985957 273
1740010891494 14.603201470718355 274
1740010891518 14.479247881326906 275
1740010891541 14.356469846647851 276
1740010891565 14.2348557161192 277
1740010891591 14.114393957549 278
1740010891617 13.995073155896268 279
1740010891642 13.876882012064716 280
1740010891665 13.759809341708811 281
1740010891687 13.643844074052387 282
1740010891713 13.528975250719382 283
1740010891741 13.415192024576829 284
1740010891764 13.302483658589699 285
1740010891788 13.190839524687776 286
1740010891813 13.08024910264418 287
1740010891838 12.970701978965566 288
1740010891866 12.862187845793828 289
1740010891894 12.75469649981915 290
1740010891920 12.648217841204403 291
1740010891943 12.54274187252064 292
1740010891968 12.438258697693648 293
1740010891995 12.334758520961419 294
1740010892024 12.232231645842425 295
1740010892087 12.13066847411463 296
1740010892149 12.030059504804996 297
1740010892176 11.930395333189562 298
1740010892203 11.831666649803818 299
1740010892228 11.73386423946338 300
1740010892252 11.636978980294804 301
1740010892275 11.541001842776426 302
1740010892302 11.445923888789139 303
1740010892330 11.351736270677094 304
1740010892361 11.258430230318 305
1740010892385 11.165997098203134 306
1740010892409 11.074428292526902 307
1740010892434 10.983715318285766 308
1740010892459 10.893849766386573 309
1740010892486 10.804823312764102 310
1740010892510 10.716627717507693 311
1740010892533 10.629254823997043 312
1740010892556 10.542696558046828 313
1740010892582 10.456944927060286 314
1740010892609 10.371992019191508 315
1740010892633 10.287830002516387 316
1740010892656 10.204451124212232 317
1740010892680 10.121847709745817 318
1740010892704 10.040012162069834 319
1740010892731 9.958936960827726 320
1740010892757 9.878614661566687 321
1740010892780 9.79903789495884 322
1740010892806 9.720199366030435 323
1740010892832 9.642091853399156 324
1740010892857 9.564708208519134 325
1740010892884 9.488041354933946 326
1740010892910 9.412084287537246 327
1740010892933 9.336830071841074 328
1740010892958 9.262271843251737 329
1740010892983 9.188402806353208 330
1740010893011 9.115216234197899 331
1740010893035 9.042705467604815 332
1740010893059 8.970863914464934 333
1740010893083 8.899685049053799 334
1740010893107 8.82916241135119 335
1740010893134 8.759289606367886 336
1740010893160 8.690060303479358 337
1740010893184 8.621468235766354 338
1740010893207 8.553507199362315 339
1740010893231 8.486171052807517 340
1740010893257 8.419453716409917 341
1740010893284 8.353349171612637 342
1740010893308 8.28785146036793 343
1740010893334 8.222954684517639 344
1740010893359 8.158653005180094 345
1740010893385 8.094940642143312 346
1740010893417 8.031811873264452 347
1740010893443 7.969261033875592 348
1740010893468 7.907282516195453 349
1740010893493 7.845870768747424 350
1740010893524 7.785020295783435 351
1740010893551 7.7247256567138605 352
1740010893577 7.664981465543304 353
1740010893602 7.605782390312208 354
1740010893625 7.547123152544227 355
1740010893651 7.488998526699349 356
1740010893678 7.431403339632614 357
1740010893708 7.37433247005847 358
1740010893732 7.317780848020622 359
1740010893755 7.261743454367395 360
1740010893778 7.206215320232497 361
1740010893804 7.151191526521158 362
1740010893833 7.09666720340156 363
1740010893858 7.042637529801535 364
1740010893881 6.989097732910464 365
1740010893904 6.936043087686284 366
1740010893928 6.883468916367641 367
1740010893954 6.831370587991021 368
1740010893982 6.779743517912947 369
1740010894008 6.728583167337013 370
1740010894031 6.677885042845867 371
1740010894058 6.627644695938014 372
1740010894084 6.577857722569375 373
1740010894112 6.528519762699618 374
1740010894137 6.479626499843117 375
1740010894162 6.431173660624617 376
1740010894184 6.383157014339414 377
1740010894207 6.335572372518129 378
1740010894231 6.288415588495918 379
1740010894258 6.241682556986191 380
1740010894284 6.195369213658667 381
1740010894307 6.149471534721833 382
1740010894331 6.103985536509678 383
1740010894357 6.058907275072685 384
1740010894389 6.014232845773091 385
1740010894413 5.969958382884244 386
1740010894436 5.926080059194176 387
1740010894459 5.882594085613179 388
1740010894483 5.839496710785515 389
1740010894509 5.796784220705056 390
1740010894534 5.754452938334924 391
1740010894562 5.712499223231038 392
1740010894585 5.670919471169568 393
1740010894611 5.629710113778178 394
1740010894634 5.588867618171131 395
1740010894660 5.548388486588117 396
1740010894686 5.508269256036785 397
1740010894710 5.468506497939031 398
1740010894733 5.429096817780841 399
1740010894756 5.390036854765808 400
1740010894780 5.351323281472205 401
1740010894808 5.31295280351355 402
1740010894836 5.274922159202724 403
1740010894859 5.237228119219514 404
1740010894882 5.199867486281592 405
1740010894906 5.162837094818898 406
1740010894931 5.126133810651333 407
1740010894957 5.0897545306698 408
1740010894982 5.05369618252054 409
1740010895007 5.017955724292703 410
1740010895032 4.982530144209125 411
1740010895061 4.947416460320305 412
1740010895149 4.912611720201541 413
1740010895180 4.878113000653141 414
1740010895204 4.843917407403764 415
1740010895228 4.810022074816815 416
1740010895253 4.776424165599811 417
1740010895280 4.743120870516778 418
1740010895306 4.7101094081036265 419
1740010895330 4.677387024386389 420
1740010895353 4.64495099260243 421
1740010895376 4.612798612924461 422
1740010895401 4.580927212187455 423
1740010895426 4.549334143618283 424
1740010895451 4.518016786568245 425
1740010895474 4.486972546248248 426
1740010895498 4.456198853466773 427
1740010895522 4.425693164370503 428
1740010895550 4.395452960187629 429
1740010895576 4.365475746973781 430
1740010895599 4.335759055360609 431
1740010895622 4.306300440306905 432
1740010895648 4.27709748085229 433
1740010895674 4.248147779873472 434
1740010895699 4.219448963842935 435
1740010895722 4.190998682590191 436
1740010895746 4.162794609065418 437
1740010895770 4.134834439105568 438
1740010895795 4.107115891202847 439
1740010895822 4.079636706275599 440
1740010895848 4.052394647441523 441
1740010895871 4.025387499793237 442
1740010895894 3.998613070176132 443
1740010895917 3.97206918696851 444
1740010895943 3.9457536998639826 445
1740010895968 3.9196644796561055 446
1740010895992 3.8937994180252256 447
1740010896015 3.8681564273274924 448
1740010896039 3.8427334403860525 449
1740010896066 3.8175284102844196 450
1740010896093 3.792539310161894 451
1740010896119 3.7677641330111413 452
1740010896143 3.743200891477814 453
1740010896167 3.7188476176622576 454
1740010896194 3.694702362923208 455
1740010896220 3.6707631976835495 456
1740010896246 3.647028211238031 457
1740010896268 3.6234955115629757 458
1740010896291 3.6001632251279196 459
1740010896314 3.5770294967092044 460
1740010896340 3.5540924892054715 461
1740010896366 3.5313503834550284 462
1740010896391 3.508801378055132 463
1740010896418 3.486443689183082 464
1740010896443 3.4642755504191602 465
1740010896467 3.4422952125713957 466
1740010896493 3.4205009435021134 467
1740010896518 3.3988910279562576 468
1740010896542 3.377463767391478 469
1740010896565 3.356217479809977 470
1740010896590 3.335150499592033 471
1740010896615 3.314261177331267 472
1740010896640 3.2935478796715847 473
1740010896663 3.2730089891457914 474
1740010896686 3.252642904015849 475
1740010896711 3.2324480381147636 476
1740010896739 3.2124228206901297 477
1740010896764 3.192565696249226 478
1740010896787 3.17287512440572 479
1740010896812 3.1533495797279376 480
1740010896836 3.13398755158871 481
1740010896863 3.1147875440167074 482
1740010896889 3.0957480755493347 483
1740010896915 3.0768676790871075 484
1740010896938 3.0581449017495332 485
1740010896961 3.039578304732456 486
1740010896985 3.021166463166866 487
1740010897013 3.00290796597915 488
1740010897040 2.984801415752771 489
1740010897066 2.966845428591358 490
1740010897091 2.9490386339832018 491
1740010897116 2.9313796746671335 492
1740010897143 2.9138672064997735 493
1740010897167 2.896499898324129 494
1740010897193 2.879276431839539 495
1740010897221 2.86219550147296 496
1740010897245 2.8452558142515505 497
1740010897269 2.8284560896765534 498
1740010897292 2.8117950595984906 499
