1740008127761 0.23641230673157992 0
1740008127858 0.02560595224365749 1
1740008127947 0.02457135016686423 2
1740008128039 0.0010767110666914847 3
1740008128122 0.007771160423869426 4
1740008128208 0.07411622665322304 5
1740008128291 0.10472574252273494 6
1740008128374 0.006761633871064434 7
1740008128458 9.523405775659636e-05 8
1740008128544 0.0626229735576067 9
1740008128628 0.22159524268675243 10
1740008128709 0.21002655819209873 11
1740008128792 0.02099366478964374 12
1740008128875 0.014425694757817412 13
1740008128968 0.004165912738438185 14
1740008129054 0.023082152841342043 15
1740008129157 0.05227601180968456 16
1740008129240 0.0549098781416441 17
1740008129325 0.0012827599648195678 18
1740008129414 0.29022251881826894 19
1740008129498 0.0011104783436763162 20
1740008129586 0.19391852805957654 21
1740008129675 0.244313848000832 22
1740008129759 0.042508463444425916 23
1740008129843 0.1410342593056173 24
1740008129981 0.2967616045665837 25
1740008130068 0.061539671685122685 26
1740008130152 0.11008345591175915 27
1740008130240 0.06891499653120783 28
1740008130324 0.03864250099344366 29
1740008130405 0.03726131262113088 30
1740008130488 0.10179965301378771 31
1740008130574 0.09891987558039382 32
1740008130661 0.17257479236136747 33
1740008130746 0.0004886688773521858 34
1740008130830 4.952714320051361e-05 35
1740008130911 0.019018529641503964 36
1740008130994 0.01954568529953831 37
1740008131083 0.23830706400833535 38
1740008131166 0.07664015283311595 39
1740008131247 0.32757903529907867 40
1740008131331 0.02691385281429842 41
1740008131414 0.05300552908733013 42
1740008131504 0.021930572627013315 43
1740008131588 0.01398697699081848 44
1740008131674 0.3926559657539613 45
1740008131755 4.7285667588834205e-06 46
1740008131840 0.00021555840324049327 47
1740008131921 0.3516641091368637 48
1740008132003 0.09682172752738805 49
1740008132090 0.0034729139591268693 50
1740008132172 0.13643487980643004 51
1740008132255 0.016113210548831625 52
1740008132339 0.3327106064254252 53
1740008132421 0.060048454945072244 54
1740008132505 0.05219021654217166 55
1740008132592 0.0002160867390611038 56
1740008132677 0.10234846820475915 57
1740008132761 0.1921976686943546 58
1740008132847 0.006000765008770789 59
1740008132928 0.1281399716152235 60
1740008133010 0.03645152727014774 61
1740008133098 0.002210603604309631 62
1740008133180 0.027826894504049137 63
1740008133264 0.27165080141250597 64
1740008133348 0.16427583889237277 65
1740008133431 0.2182194705492505 66
1740008133524 0.0677180408381468 67
1740008133610 0.22310402899547074 68
1740008133695 0.10193302773376324 69
1740008133782 0.01848090492495975 70
1740008133868 0.18034535080843986 71
1740008133952 0.008128533362020605 72
1740008134040 1.3955397962158655 73
1740008134130 0.23465669300560615 74
1740008134216 6.431614584554484e-05 75
1740008134301 0.2831227644027201 76
1740008134383 0.0016721872077178545 77
1740008134465 0.06923667011806273 78
1740008134549 0.02403908712707328 79
1740008134637 0.021665092725104154 80
1740008134737 0.4297866230963496 81
1740008134828 0.01838255803983219 82
1740008134913 0.3843017484863549 83
1740008134999 0.044943568932603394 84
1740008135086 0.009553098062437062 85
1740008135169 0.13886356880762504 86
1740008135251 0.13878360219109834 87
1740008135333 4.5961665975607234e-07 88
1740008135416 0.02663446028124184 89
1740008135502 2.2268159714753604e-08 90
1740008135589 0.0339183071755841 91
1740008135672 3.1197030045230883e-05 92
1740008135756 0.2813828547815496 93
1740008135842 0.10573491888707555 94
1740008135923 0.0059170394401568014 95
1740008136007 0.004414569457806449 96
1740008136093 0.0215679906221993 97
1740008136176 0.05440075582749991 98
1740008136259 0.2870943546753944 99
1740008136342 0.004488887032192427 100
1740008136424 6.88150693903536e-05 101
1740008136507 0.005045474860887333 102
1740008136592 0.2893255081136885 103
1740008136675 0.00758774059712746 104
1740008136758 0.07406232056866517 105
1740008136845 0.000273186050591173 106
1740008136926 0.041411257609337004 107
1740008137011 0.014210112871446821 108
1740008137099 0.0014298695818629238 109
1740008137183 0.053711721038567715 110
1740008137267 0.007993474270918881 111
1740008137351 0.0009139368360938287 112
1740008137437 0.7824311242588343 113
1740008137520 0.071451514910314 114
1740008137608 0.0011048006899148977 115
1740008137690 0.028676912420369925 116
1740008137773 0.19309212023131925 117
1740008137856 0.003692828284241354 118
1740008137941 1.8012855528361587e-05 119
1740008138026 0.09321754836504108 120
1740008138111 0.17569014426718546 121
1740008138195 0.1909487435812085 122
1740008138279 0.3661082233243362 123
1740008138363 0.3989161888203089 124
1740008138445 0.2887380366224355 125
1740008138528 0.19213446842410536 126
1740008138612 0.10265544759384546 127
1740008138700 0.00018571561424467716 128
1740008138783 0.13252692289469556 129
1740008138867 0.202697686471123 130
1740008138951 0.009819517480264012 131
1740008139037 0.01684846760991509 132
1740008139123 1.3512281530934065 133
1740008139208 0.07334047436064839 134
1740008139292 0.23153446162101074 135
1740008139375 0.0014907453857887147 136
1740008139462 0.46172848779569703 137
1740008139548 6.883808628993586e-05 138
1740008139638 0.0008931856706312094 139
1740008139721 0.08886530320278183 140
1740008139807 0.004366589245909132 141
1740008139890 0.32096527645547956 142
1740008139973 0.003246090315446707 143
1740008140060 0.0025601836597550385 144
1740008140143 0.050922826992986586 145
1740008140229 0.14391513917753665 146
1740008140324 0.07982300912525438 147
1740008140410 0.15963727239491288 148
1740008140492 0.1416107418975726 149
1740008140577 0.16133549753394225 150
1740008140659 0.03563516210728635 151
1740008140743 0.012278225810894623 152
1740008140826 0.16514325360502835 153
1740008140909 0.0035531176283762314 154
1740008140992 0.09593538079163934 155
1740008141078 0.033971130705991386 156
1740008141163 0.013324182668826576 157
1740008141245 0.04262403456565262 158
1740008141328 0.017404311564570972 159
1740008141412 0.008251360777636215 160
1740008141498 0.3905724740837701 161
1740008141581 0.2145693645901686 162
1740008141669 0.05727866558116244 163
1740008141751 0.20458478866357388 164
1740008141835 0.004410551646439275 165
1740008141917 0.1472279425396447 166
1740008141999 0.2512447606584415 167
1740008142090 0.11554617495207438 168
1740008142174 0.23751648865863603 169
1740008142256 0.1502042998401954 170
1740008142338 0.07271467285947614 171
1740008142420 0.03912507393485918 172
1740008142505 0.18126802896077535 173
1740008142590 0.06525075060951752 174
1740008142677 0.3648166544132563 175
1740008142762 0.0004021370088563015 176
1740008142849 0.03514856723005777 177
1740008142934 0.26727664773117027 178
1740008143021 0.01792398386265432 179
1740008143113 0.0009017895711773211 180
1740008143198 2.869935407053948e-06 181
1740008143282 0.37765935000733686 182
1740008143368 0.3729485930681782 183
1740008143452 0.022538026213986654 184
1740008143657 0.11727468118410891 185
1740008143745 0.410948029248916 186
1740008143827 0.012619457777119406 187
1740008143910 0.0030861412075180914 188
1740008143997 0.05413537857595476 189
1740008144087 0.00039871304938244873 190
1740008144184 0.0655917910823917 191
1740008144267 0.01736211516712026 192
1740008144352 0.0008931100327886646 193
1740008144438 0.14844201967291518 194
1740008144523 0.052612894513434136 195
1740008144608 0.13351822792895707 196
1740008144694 0.031090701959938506 197
1740008144783 0.06658413668644961 198
1740008144882 0.043878251031257566 199
1740008144969 8.408777300495135e-05 200
1740008145055 0.20537621543698595 201
1740008145140 0.027117302798179903 202
1740008145223 0.05418927204544938 203
1740008145308 0.011272454591711396 204
1740008145395 0.032634761736575695 205
1740008145478 0.023494831923778853 206
1740008145562 0.0009647485848901845 207
1740008145646 0.05394288125662928 208
1740008145734 0.23499242473107776 209
1740008145817 0.07386286719352396 210
1740008145901 0.04916808765190037 211
1740008145982 0.45965306938404077 212
1740008146068 0.018373187015805835 213
1740008146151 0.04772912946552634 214
1740008146234 0.034690451420795895 215
1740008146316 0.20190622474447995 216
1740008146399 0.5868073624420803 217
1740008146481 0.5090238205834811 218
1740008146571 0.04167438786013397 219
1740008146655 0.1523008990798613 220
1740008146739 0.28717308661720176 221
1740008146823 0.04215419767274976 222
1740008146911 0.045126551836575865 223
1740008147004 0.19405910259419887 224
1740008147091 0.023204176564916672 225
1740008147175 0.35377237056398864 226
1740008147261 0.003377687279920808 227
1740008147356 0.3560911734222355 228
1740008147443 0.20026091136896876 229
1740008147527 0.1201154032551289 230
1740008147614 0.02173839080562899 231
1740008147699 0.025890823911586855 232
1740008147790 0.0012205770715308227 233
1740008147879 0.20974468845048574 234
1740008147962 0.195828552650413 235
1740008148054 0.10851159973820855 236
1740008148221 0.5668351348278223 237
1740008148311 0.03717778575599239 238
1740008148394 0.0030029407530478428 239
1740008148478 0.27302066281912 240
1740008148565 0.031692179268290425 241
1740008148653 0.044933497298595304 242
1740008148736 0.000941339125552397 243
1740008148820 0.012050174503814348 244
1740008148901 0.19982628008207431 245
1740008148984 0.04218425203333965 246
1740008149069 0.06850564503799567 247
1740008149157 0.02170273026460985 248
1740008149249 0.020887146712162873 249
1740008149336 0.19026602582448682 250
1740008149419 0.004100646344274392 251
1740008149505 0.33174527257750797 252
1740008149590 0.09530081197062368 253
1740008149672 0.011074112160129615 254
1740008149755 0.0045821545767824445 255
1740008149842 0.06086383696272021 256
1740008149924 0.0006221873761956051 257
1740008150008 0.000172871870366664 258
1740008150095 0.1032370559938513 259
1740008150177 0.027969871650317838 260
1740008150260 0.09068388239075306 261
1740008150342 0.009984621000058968 262
1740008150430 0.1465946580033421 263
1740008150512 0.0031489583900795176 264
1740008150599 0.08189874622137554 265
1740008150684 0.22427585867507574 266
1740008150768 5.722830157519435e-06 267
1740008150851 0.5730330070638291 268
1740008150936 0.018772701774623153 269
1740008151020 0.288351743401274 270
1740008151113 0.22628029264116126 271
1740008151198 0.16276086690681926 272
1740008151283 0.04567900650851479 273
1740008151368 0.010823132280515999 274
1740008151451 0.9009727219498402 275
1740008151537 0.12247135027935865 276
1740008151622 4.9358891240777043e-08 277
1740008151708 0.024011232064422974 278
1740008151798 1.0532121670537315e-05 279
1740008151882 0.05162402479171751 280
1740008151964 0.08892809848630981 281
1740008152053 0.08019691631784719 282
1740008152140 0.01926438031872232 283
1740008152223 0.31309423465129416 284
1740008152306 0.0060696255442841095 285
1740008152393 0.009281727491950503 286
1740008152477 0.010595470421746642 287
1740008152560 0.061705424807543055 288
1740008152646 0.0394272480973822 289
1740008152731 0.00011439610670907595 290
1740008152815 0.019641986355085468 291
1740008152898 0.31292073190188685 292
1740008152982 0.005518567646076072 293
1740008153066 0.3849015147076581 294
1740008153149 0.7433868322343888 295
1740008153233 0.0007595726152362252 296
1740008153316 0.025087948654522144 297
1740008153398 0.018131547931900277 298
1740008153485 0.22565493358165845 299
1740008153568 0.0023784173256154923 300
1740008153655 0.04984203213339886 301
1740008153745 0.0077868230963906776 302
1740008153837 0.0011310939159104147 303
1740008153931 0.023265642568048788 304
1740008154017 0.004401169529705817 305
1740008154108 0.23611951668092673 306
1740008154192 0.001346731029541922 307
1740008154275 0.00024525258156937843 308
1740008154363 0.017439043760737405 309
1740008154447 0.3830475297195395 310
1740008154535 0.01454126842922106 311
1740008154622 0.7053045723113729 312
1740008154703 0.09114548858142522 313
1740008154786 0.5620930473740933 314
1740008154872 0.0037457634431394 315
1740008154970 8.993894006233462e-05 316
1740008155065 0.017711110416267103 317
1740008155174 0.019189862333006596 318
1740008155257 0.01822893152188319 319
1740008155340 0.06626591703603175 320
1740008155423 2.0233426407900967e-05 321
1740008155507 0.1268369021616489 322
1740008155591 0.03480709487518595 323
1740008155673 0.004372694986483721 324
1740008155756 0.042211141711020576 325
1740008155839 0.0020955290873289774 326
1740008155930 0.015334233584631485 327
1740008156011 0.03858360395012722 328
1740008156094 0.17047551453794937 329
1740008156175 0.0010715173020528564 330
1740008156257 1.0998799168281326 331
1740008156340 0.0004574841789733118 332
1740008156420 0.024623919809132953 333
1740008156505 0.0034687752855807963 334
1740008156589 0.00734115238669957 335
1740008156672 0.12006172954793921 336
1740008156754 0.030592662428103906 337
1740008156841 0.02246289544214405 338
1740008156924 0.003485402831922595 339
1740008157007 0.030112543454448863 340
1740008157094 0.2050425032534022 341
1740008157177 0.280486856099683 342
1740008157260 0.008822705282653477 343
1740008157342 0.12976255957287516 344
1740008157424 0.023455496903696693 345
1740008157509 0.12868428223134873 346
1740008157595 0.032665615043577026 347
1740008157678 0.4696622898477421 348
1740008157761 0.015230255463670751 349
1740008157845 0.29122623015911725 350
1740008157933 0.07114513801229196 351
1740008158018 0.010606716256123208 352
1740008158103 0.000333665297814005 353
1740008158189 0.01675131993123969 354
1740008158275 0.1542176869708373 355
1740008158357 0.002341176752160924 356
1740008158442 0.09970051079459111 357
1740008158573 0.0015166849025465092 358
1740008158666 0.04714127881767782 359
1740008158752 0.014858016257228433 360
1740008158835 0.03281676317740181 361
1740008158919 0.0005139910399503538 362
1740008159007 0.024887192084361614 363
1740008159090 0.16137461685535628 364
1740008159174 0.02790010861954346 365
1740008159258 0.012381678816225239 366
1740008159344 0.0016966848921968762 367
1740008159428 0.00032542777723247016 368
1740008159510 0.023086999018336853 369
1740008159596 0.027527247351506235 370
1740008159685 0.0006690810277753075 371
1740008159773 0.18966602675761213 372
1740008159861 0.03768686799802463 373
1740008159952 1.5131931346931593e-05 374
1740008160038 0.11493070134412978 375
1740008160120 0.053734075561296564 376
1740008160203 0.04058003284466791 377
1740008160287 0.004739135952496217 378
1740008160371 0.2120124168795064 379
1740008160453 0.06901828714955068 380
1740008160538 0.9760205492180453 381
1740008160622 0.017043206253672588 382
1740008160705 0.011378820568859381 383
1740008160788 0.3209527998500246 384
1740008160870 5.4197958334961575e-05 385
1740008160953 0.007394625430378469 386
1740008161037 0.11639722120686734 387
1740008161122 0.0495703634702637 388
1740008161206 0.023441984262523568 389
1740008161292 0.022269029761425724 390
1740008161376 0.08398164770100167 391
1740008161459 0.0038867562152980185 392
1740008161541 0.04487674362167854 393
1740008161628 0.0001473968798744293 394
1740008161710 0.023972584769353305 395
1740008161796 0.04418822002249001 396
1740008161879 0.0233554964614127 397
1740008161963 0.006704273604460705 398
1740008162050 0.09593076525092245 399
1740008162135 0.005377860415494431 400
1740008162218 0.03576179170415435 401
1740008162302 0.038812042894747295 402
1740008162389 0.07778125407533924 403
1740008162473 0.030521970446309693 404
1740008162558 0.38875950503696177 405
1740008162646 0.0016841172693622068 406
1740008162729 0.011247864091913161 407
1740008162813 0.06571025160395476 408
1740008162897 2.912789450783878e-06 409
1740008162980 0.24148012465583493 410
1740008163069 0.0005366016423854301 411
1740008163158 0.009583650705414276 412
1740008163242 0.04167336354740577 413
1740008163327 0.08309883939744875 414
1740008163413 0.02665063429213042 415
1740008163500 0.06100029080873687 416
1740008163585 0.021152597638260273 417
1740008163670 0.06887175431993796 418
1740008163754 0.00011223185910515566 419
1740008163838 0.06510620320329273 420
1740008163920 0.3382153057251309 421
1740008164007 0.18923988174406417 422
1740008164095 0.030376667335030336 423
1740008164178 0.0011015783340120112 424
1740008164261 0.12113027614890413 425
1740008164345 0.00024924808568493444 426
1740008164430 0.2731379668397254 427
1740008164513 0.22087147013751796 428
1740008164598 0.08041384282132275 429
1740008164683 0.012119363595255893 430
1740008164765 0.08418562199171058 431
1740008164849 0.004149051846824317 432
1740008164933 0.0038048660349185586 433
1740008165031 0.002445081747364167 434
1740008165115 0.0605356363240927 435
1740008165197 0.08114765310382138 436
1740008165279 0.27219003638222666 437
1740008165362 0.0011948304400865267 438
1740008165445 4.310093168532092 439
1740008165527 0.06698469170360694 440
1740008165611 0.024050700673958873 441
1740008165693 0.15073572792613965 442
1740008165776 0.03993394163066732 443
1740008165861 0.19740642184731994 444
1740008165945 0.03073316771069196 445
1740008166032 0.0020889273462099504 446
1740008166119 0.13557278168597192 447
1740008166204 0.09905605247873168 448
1740008166288 0.5392383540825676 449
1740008166371 0.03280862947666874 450
1740008166453 0.044934902715611416 451
1740008166536 0.042568473515357697 452
1740008166622 0.18654597269890014 453
1740008166706 0.2390192616910195 454
1740008166791 0.03272322041026719 455
1740008166876 0.041809170749019776 456
1740008166961 4.1353084319075426e-05 457
1740008167089 0.20282222325216323 458
1740008167195 0.06097850929971127 459
1740008167289 0.000838404863887307 460
1740008167385 0.00039772382190631834 461
1740008167484 0.03535627373292613 462
1740008167577 0.003922234697424623 463
1740008167680 0.0016809195700164044 464
1740008167774 0.2443113165245655 465
1740008167870 0.005261325906818816 466
1740008167972 0.0007593918186329673 467
1740008168072 0.06576555366290454 468
1740008168172 0.14117380705312488 469
1740008168281 0.2401265574170764 470
1740008168390 0.29017149122223784 471
1740008168496 0.00046271218663482787 472
1740008168588 0.02049700332489666 473
1740008168686 0.012901049272277499 474
1740008168781 0.01244001068004885 475
1740008168872 0.05068977751434718 476
1740008168959 0.07876929025998111 477
1740008169056 0.009178608483232922 478
1740008169145 1.8851434209749398 479
1740008169235 0.4036503264835512 480
1740008169323 0.06830085778489574 481
1740008169410 0.00798255900449831 482
1740008169505 0.11996317765341408 483
1740008169593 0.02696409448688486 484
1740008169680 0.0010377955843610708 485
1740008169769 0.16616250501346805 486
1740008169857 0.5965504567214345 487
1740008169944 0.01789141082212133 488
1740008170036 0.11123313631755456 489
1740008170136 0.033186594942347394 490
1740008170222 0.08036927814852048 491
1740008170314 0.010309316887402208 492
1740008170404 0.0010607695863007166 493
1740008170497 0.07506775852096549 494
1740008170587 0.0023453983042294063 495
1740008170678 0.05251254353574062 496
1740008170768 0.021552233916997912 497
1740008170862 7.355602691034979e-05 498
1740008170950 0.031960842334843025 499
