1739972722780 3.3718623302755035 0
1739972722808 2.9622394251970023 1
1739972722831 2.625069704956054 2
1739972722858 2.048660238119558 3
1739972722881 1.6280519359715342 4
1739972722902 1.9115266677347438 5
1739972722925 1.3327965024016708 6
1739972722953 1.5979154773397468 7
1739972722976 1.6851692610929778 8
1739972722998 1.33615073118724 9
1739972723020 2.1474467182582626 10
1739972723043 1.1998363445387479 11
1739972723068 0.7936883483936761 12
1739972723095 0.9029870786367901 13
1739972723122 1.0140249969468125 14
1739972723149 1.1177707556037637 15
1739972723176 0.8509750711799223 16
1739972723203 0.7479452979039884 17
1739972723230 0.9024622623929667 18
1739972723257 0.8723766259820809 19
1739972723283 0.6733951879845117 20
1739972723311 0.9011207682615007 21
1739972723337 0.5928083930740139 22
1739972723364 0.6301467370554491 23
1739972723391 0.5737092602069762 24
1739972723418 0.48986597325246334 25
1739972723445 0.5678991591582969 26
1739972723472 0.7275460773768998 27
1739972723499 0.7393446482270277 28
1739972723524 0.45151755591347176 29
1739972723549 0.5131519176303643 30
1739972723573 0.45231153493794585 31
1739972723599 0.5971067792181072 32
1739972723625 0.5226475964749575 33
1739972723649 0.4989844813186071 34
1739972723675 0.501438269123689 35
1739972723698 0.4397089153160757 36
1739972723721 0.5088673514623462 37
1739972723745 0.4696319744339193 38
1739972723768 0.40187522321312835 39
1739972723790 0.3550725970218078 40
1739972723812 0.3476261508718703 41
1739972723833 0.32013317093906385 42
1739972723858 0.37106464838081515 43
1739972723885 0.4253304698661475 44
1739972723930 0.3923304280110175 45
1739972723958 0.3045725422457329 46
1739972723984 0.29358667234425534 47
1739972724011 0.3454485253541328 48
1739972724039 0.2751566414990532 49
1739972724066 0.2968018943392589 50
1739972724094 0.4044807396163923 51
1739972724121 0.2759517028639361 52
1739972724148 0.2971308636894139 53
1739972724174 0.36330384940838967 54
1739972724202 0.25211713340051906 55
1739972724229 0.24490763713818636 56
1739972724255 0.23737075665201077 57
1739972724282 0.2833949913927063 58
1739972724309 0.24811707315325332 59
1739972724336 0.29104000282928477 60
1739972724364 0.24423822312499063 61
1739972724390 0.2071571508237281 62
1739972724415 0.2285030102338157 63
1739972724441 0.22851266991706362 64
1739972724466 0.2344631621300436 65
1739972724493 0.22952378275828159 66
1739972724518 0.19353623197973355 67
1739972724544 0.20433199007308386 68
1739972724571 0.1772017886490685 69
1739972724596 0.18096398231139155 70
1739972724622 0.19159160292003227 71
1739972724648 0.21865902011181812 72
1739972724675 0.1776036434779152 73
1739972724700 0.20835718971639092 74
1739972724724 0.18093737034952087 75
1739972724749 0.14151193905291193 76
1739972724776 0.2546378890182016 77
1739972724802 0.16784226982053227 78
1739972724828 0.17576452479371585 79
1739972724854 0.14977847727997004 80
1739972724882 0.1510483441535189 81
1739972724908 0.22192100164114087 82
1739972724934 0.12000597856985108 83
1739972724962 0.09732854613547307 84
1739972724988 0.10299454366071421 85
1739972725014 0.1304958330068805 86
1739972725039 0.13639407269539527 87
1739972725066 0.1062539987906936 88
1739972725093 0.11692702581336975 89
1739972725119 0.1261030102723259 90
1739972725145 0.10497684428928043 91
1739972725171 0.08526672579624779 92
1739972725198 0.12090219908251025 93
1739972725223 0.10794448680456882 94
1739972725248 0.1194391456221412 95
1739972725272 0.09758796096128222 96
1739972725297 0.11023352672745526 97
1739972725321 0.11378932605750741 98
1739972725347 0.10954691492984518 99
1739972725373 0.10439404565223982 100
1739972725398 0.10714439061903304 101
1739972725423 0.14012950493108922 102
1739972725448 0.08704927070413888 103
1739972725472 0.08837478979783424 104
1739972725497 0.09054617514184077 105
1739972725520 0.09864220814032013 106
1739972725542 0.08000177821820145 107
1739972725565 0.1198715798040997 108
1739972725590 0.11441226321369671 109
1739972725615 0.0599492557103364 110
1739972725642 0.11561776107985067 111
1739972725671 0.04357972262598952 112
1739972725698 0.10085991932238814 113
1739972725725 0.06447077006081829 114
1739972725752 0.05904950155709736 115
1739972725779 0.07552364242497495 116
1739972725806 0.07461197286153992 117
1739972725833 0.09067341245779677 118
1739972725861 0.07235882231380054 119
1739972725888 0.08311557021805717 120
1739972725914 0.06386775450826673 121
1739972725940 0.07820713793947998 122
1739972725967 0.03845695641966623 123
1739972725994 0.056914628194576516 124
1739972726022 0.0725129448606579 125
1739972726050 0.05433339939058385 126
1739972726078 0.0859713952418645 127
1739972726106 0.07057388606586644 128
1739972726134 0.05612619291091958 129
1739972726161 0.065101195713079 130
1739972726190 0.06731097669244335 131
1739972726218 0.05930643403568959 132
1739972726245 0.058311037728311046 133
1739972726273 0.06763825329640133 134
1739972726300 0.06432845423557251 135
1739972726327 0.04908331778357063 136
1739972726355 0.03504363840715048 137
1739972726385 0.030038303503064443 138
1739972726412 0.04305153841822677 139
1739972726439 0.04242915212166934 140
1739972726465 0.04758008427068819 141
1739972726492 0.04791585844903934 142
1739972726519 0.04725481000798538 143
1739972726545 0.04220347339520208 144
1739972726570 0.04454682312412889 145
1739972726596 0.038004801907819956 146
1739972726622 0.03511040016226968 147
1739972726650 0.038863909252307385 148
1739972726679 0.024133863243058783 149
1739972726707 0.028224813144857402 150
1739972726735 0.04100881274030365 151
1739972726762 0.04199943176974584 152
1739972726788 0.021212937917215836 153
1739972726814 0.03353315380581108 154
1739972726838 0.031240647003451257 155
1739972726862 0.02257697779911833 156
1739972726884 0.03193879323703989 157
1739972726909 0.043076561157604616 158
1739972726932 0.033369068734028194 159
1739972726960 0.018997685310828134 160
1739972726990 0.024544996884827495 161
1739972727019 0.017095910472201322 162
1739972727046 0.03957450022086674 163
1739972727071 0.0531823226612336 164
1739972727097 0.02642549415160795 165
1739972727122 0.019822873193536306 166
1739972727145 0.02826685042318891 167
1739972727168 0.03128892119335915 168
1739972727193 0.03376894294336721 169
1739972727218 0.016908596803757475 170
1739972727243 0.032146124943730946 171
1739972727266 0.024617979085908657 172
1739972727293 0.019671257535839003 173
1739972727319 0.03229660037054196 174
1739972727347 0.025779079504277352 175
1739972727373 0.029859083421036728 176
1739972727399 0.02379739458576937 177
1739972727427 0.019522836702837224 178
1739972727453 0.023317255638199207 179
1739972727478 0.029188958372657507 180
1739972727505 0.02540760788184304 181
1739972727531 0.020285820889976484 182
1739972727560 0.020025500662109487 183
1739972727587 0.011907033401823473 184
1739972727613 0.022983822603969063 185
1739972727640 0.021215868356200658 186
1739972727667 0.0180887413519578 187
1739972727693 0.02505131724116239 188
1739972727721 0.013589285065095128 189
1739972727748 0.02802263056173241 190
1739972727776 0.017292796680332963 191
1739972727803 0.012245958802463621 192
1739972727830 0.026597860225089188 193
1739972727858 0.025106154244164073 194
1739972727885 0.013808732189572633 195
1739972727912 0.03955574412721835 196
1739972727940 0.026020991573989138 197
1739972727967 0.019332217084531676 198
1739972727996 0.022120397285007948 199
1739972728023 0.01309396138465149 200
1739972728050 0.017371988916884618 201
1739972728078 0.01757067524784089 202
1739972728106 0.012370253313454125 203
1739972728133 0.017535714658671448 204
1739972728160 0.016476901131575402 205
1739972728190 0.02262780820191699 206
1739972728217 0.011934137559320601 207
1739972728244 0.01324033860618663 208
1739972728273 0.017315197987929 209
1739972728300 0.01657466504006234 210
1739972728327 0.017384456051094125 211
1739972728355 0.014359815713834144 212
1739972728382 0.012140083394628557 213
1739972728410 0.013178220519975591 214
1739972728435 0.018136190101023703 215
1739972728458 0.012108392928276233 216
1739972728480 0.01124239637287343 217
1739972728503 0.015588762086581305 218
1739972728525 0.014833545860746889 219
1739972728548 0.015394485868852958 220
1739972728570 0.00851077502199682 221
1739972728603 0.01070487210125912 222
1739972728632 0.0107610696829882 223
1739972728659 0.015235176599444084 224
1739972728685 0.009086534995327413 225
1739972728709 0.009875274064069555 226
1739972728734 0.014452152362642991 227
1739972728757 0.014741045435333106 228
1739972728780 0.010913364093304654 229
1739972728807 0.03234425981511022 230
1739972728836 0.011635722038515699 231
1739972728866 0.011621156938319466 232
1739972728900 0.00997249505985655 233
1739972728934 0.012331304330425372 234
1739972728964 0.01408936250374153 235
1739972728991 0.0114166074069912 236
1739972729018 0.017695069447155713 237
1739972729045 0.008691218595650512 238
1739972729069 0.008360722096913121 239
1739972729093 0.00898288010990968 240
1739972729118 0.010502087606522624 241
1739972729142 0.010925505497604886 242
1739972729165 0.00995589962063395 243
1739972729189 0.011909742376803678 244
1739972729215 0.006173513994152174 245
1739972729241 0.017614330673961932 246
1739972729269 0.01219999967215309 247
1739972729297 0.013401215274584512 248
1739972729325 0.0077116720413895334 249
1739972729353 0.00909679834843662 250
1739972729381 0.008323643409802106 251
1739972729408 0.010256569232886004 252
1739972729437 0.007346644509737506 253
1739972729464 0.0075186619975157526 254
1739972729492 0.010133446361314982 255
1739972729517 0.006988478755688575 256
1739972729543 0.005568542597733623 257
1739972729568 0.009700529040024894 258
1739972729590 0.010589073078335925 259
1739972729616 0.005524809986907834 260
1739972729644 0.008141839817391762 261
1739972729672 0.004988562706349719 262
1739972729699 0.005931210637671479 263
1739972729726 0.009064346304255969 264
1739972729752 0.00379690812182629 265
1739972729778 0.010484382564956398 266
1739972729806 0.006738728087444505 267
1739972729835 0.009510833955933282 268
1739972729861 0.007685530500160098 269
1739972729887 0.006253153764546638 270
1739972729913 0.008561463507096414 271
1739972729940 0.008058364479181354 272
1739972729967 0.006940721529724171 273
1739972729993 0.0073195199275878035 274
1739972730020 0.008243921194174926 275
1739972730046 0.00759146595708629 276
1739972730071 0.007728817813168837 277
1739972730094 0.00641375755957164 278
1739972730117 0.008251688591612027 279
1739972730140 0.008455085621800666 280
1739972730163 0.006429644588344846 281
1739972730188 0.005609556242438917 282
1739972730213 0.01259983418391647 283
1739972730240 0.002773072998007018 284
1739972730265 0.007726376494407073 285
1739972730291 0.007399945271592259 286
1739972730318 0.0038564277185129466 287
1739972730345 0.004580523520235425 288
1739972730372 0.006319860844184405 289
1739972730404 0.003989598587953876 290
1739972730433 0.004920947483023535 291
1739972730459 0.006536205039315706 292
1739972730485 0.009405814613248598 293
1739972730512 0.006758800540431176 294
1739972730539 0.006956638143509018 295
1739972730566 0.005515284968350222 296
1739972730593 0.006136942201114733 297
1739972730620 0.004072742768147783 298
1739972730648 0.002980825974412918 299
1739972730676 0.00961328481612116 300
1739972730701 0.005022950490905818 301
1739972730726 0.007664152334650229 302
1739972730752 0.005302706564061793 303
1739972730778 0.003781655294414421 304
1739972730804 0.0062796118750210825 305
1739972730830 0.006472556602559202 306
1739972730857 0.006437166268908646 307
1739972730881 0.004283631289269653 308
1739972730905 0.005092979114864656 309
1739972730927 0.013834577710142657 310
1739972730950 0.006163183391012417 311
1739972730972 0.005577922710611835 312
1739972730994 0.006946864041907807 313
1739972731020 0.0032201308268933475 314
1739972731043 0.0042496832229386924 315
1739972731067 0.002741995661462443 316
1739972731091 0.006230894750542616 317
1739972731116 0.003794298676197444 318
1739972731140 0.0067661100285787545 319
1739972731164 0.005224336895947277 320
1739972731191 0.0031557029804181627 321
1739972731218 0.0031213149894430982 322
1739972731244 0.005005060688335842 323
1739972731270 0.0035977131497697636 324
1739972731297 0.004925645873889684 325
1739972731324 0.004220581425511455 326
1739972731351 0.004694161666864652 327
1739972731376 0.0023098615165085754 328
1739972731403 0.006574040350060209 329
1739972731428 0.002610264329663547 330
1739972731452 0.002801165730733562 331
1739972731477 0.005323771815760771 332
1739972731503 0.003966111359016673 333
1739972731529 0.003334516798703283 334
1739972731556 0.004686060133488866 335
1739972731581 0.003257325267341618 336
1739972731605 0.0029790406264860536 337
1739972731628 0.003589327456679323 338
1739972731653 0.0029537021248977587 339
1739972731680 0.004131348281012471 340
1739972731703 0.004626235137925002 341
1739972731725 0.0029690496193048115 342
1739972731748 0.003538885465461362 343
1739972731770 0.0026159312360924257 344
1739972731794 0.0022135477485297995 345
1739972731819 0.003069841880873638 346
1739972731841 0.0021496636371033423 347
1739972731863 0.004621864124973286 348
1739972731884 0.004157367150259312 349
1739972731906 0.004708315665299143 350
1739972731927 0.004198895951305965 351
1739972731949 0.002544363427596768 352
1739972731970 0.0030026032985190814 353
1739972731992 0.003793080189470578 354
1739972732013 0.0016986442472312956 355
1739972732034 0.001963108843977077 356
1739972732055 0.004042554148574399 357
1739972732077 0.003954441626786093 358
1739972732100 0.005718879014742645 359
1739972732121 0.004406880395259314 360
1739972732144 0.003233767688385436 361
1739972732165 0.0019643270343913145 362
1739972732189 0.005885441027015194 363
1739972732210 0.003893271439870196 364
1739972732231 0.002427082898882465 365
1739972732253 0.0020237174998653765 366
1739972732274 0.0025911007618229236 367
1739972732295 0.004303735160714271 368
1739972732316 0.003802651639484846 369
1739972732339 0.0020150406770115424 370
1739972732362 0.0023345745957671043 371
1739972732387 0.00241224983690789 372
1739972732413 0.002920200777456529 373
1739972732439 0.003648953309619293 374
1739972732465 0.004448863226385371 375
1739972732492 0.0018714448874239777 376
1739972732519 0.0022586125203706772 377
1739972732546 0.0035211707178264356 378
1739972732573 0.002921263762775072 379
1739972732601 0.002504101471721202 380
1739972732628 0.002988884029206809 381
1739972732657 0.0028415786731616566 382
1739972732684 0.002298192997117317 383
1739972732711 0.0036021103499336883 384
1739972732738 0.0013704876887380855 385
1739972732765 0.0022702189371641883 386
1739972732791 0.002474421631639395 387
1739972732817 0.006141568414404944 388
1739972732843 0.002361616555949919 389
1739972732868 0.0022423120840070385 390
1739972732890 0.0017365860386802951 391
1739972732912 0.002071228061440639 392
1739972732934 0.002499882365546882 393
1739972732955 0.007334678733678711 394
1739972732976 0.002442309176205309 395
1739972732999 0.0024279233921048536 396
1739972733020 0.001342759507770056 397
1739972733043 0.0013727157761167538 398
1739972733065 0.0028051433076650804 399
1739972733088 0.001663635674103303 400
1739972733114 0.005235815475680896 401
1739972733140 0.0027114729751815773 402
1739972733166 0.0036107431558206234 403
1739972733193 0.003648999851254699 404
1739972733220 0.002457552764631635 405
1739972733247 0.0022299224895840917 406
1739972733274 0.00279513926488873 407
1739972733301 0.0017636842213753124 408
1739972733328 0.0030282706266837644 409
1739972733357 0.0014051822092019468 410
1739972733384 0.0029294695734918413 411
1739972733411 0.0021978732758500845 412
1739972733439 0.0014258344063582714 413
1739972733468 0.00221776629946628 414
1739972733496 0.001025994473737211 415
1739972733523 0.002728435178520314 416
1739972733551 0.002563724324336516 417
1739972733577 0.002469161120194063 418
1739972733604 0.0036056513356681223 419
1739972733631 0.0024760202651003286 420
1739972733660 0.0020737332794184852 421
1739972733687 0.0015665505200247278 422
1739972733714 0.0026789100719571512 423
1739972733741 0.0015105984187299393 424
1739972733769 0.002024734910538588 425
1739972733796 0.0016187880871173438 426
1739972733824 0.0021588302272125617 427
1739972733850 0.0017788389719743817 428
1739972733875 0.001979315279891418 429
1739972733902 0.0011539807870702113 430
1739972733929 0.0016800503453138532 431
1739972733955 0.0016132188491837607 432
1739972733981 0.0025697865627971055 433
1739972734009 0.001102774792559388 434
1739972734035 0.0021337234443066077 435
1739972734062 0.0013765506127879378 436
1739972734089 0.0010728882012986801 437
1739972734115 0.002753462920714719 438
1739972734143 0.001250774484657939 439
1739972734169 0.0015778111477221409 440
1739972734199 0.002433718185973583 441
1739972734227 0.0026762120225863675 442
1739972734253 0.00140565659363477 443
1739972734282 0.002849004769053386 444
1739972734309 0.001713730104259812 445
1739972734335 0.0022245022365202645 446
1739972734361 0.0021671104299167236 447
1739972734388 0.0013456837165166156 448
1739972734415 0.0013638959503020113 449
1739972734442 0.002100978050337953 450
1739972734469 0.0021765298770394636 451
1739972734495 0.002870067477518745 452
1739972734520 0.0016801325340576106 453
1739972734543 0.0009240959120727731 454
1739972734565 0.0021692801845589996 455
1739972734588 0.0021463892368254185 456
1739972734609 0.0018015839653332723 457
1739972734632 0.002252692809205295 458
1739972734654 0.001620205218232569 459
1739972734683 0.001781949664553862 460
1739972734707 0.0025038537017795064 461
1739972734729 0.001720825662497754 462
1739972734752 0.003309480024876118 463
1739972734777 0.0014686065954838973 464
1739972734803 0.0028554971340219544 465
1739972734826 0.002072484899243269 466
1739972734848 0.0012520484183168137 467
1739972734869 0.000725578920110712 468
1739972734892 0.0011151362940063551 469
1739972734914 0.0010444278091135805 470
1739972734936 0.0012154677646209074 471
1739972734957 0.0018660294673793494 472
1739972734979 0.0009494384425177698 473
1739972735001 0.002774525399914487 474
1739972735023 0.0026646709943347617 475
1739972735045 0.0012566177463747186 476
1739972735067 0.001348745928452218 477
1739972735089 0.0028216652673816517 478
1739972735111 0.004418073726856996 479
1739972735137 0.0010392851517343385 480
1739972735161 0.0016262157467320415 481
1739972735186 0.000848195368174093 482
1739972735210 0.0011942319322864683 483
1739972735232 0.0020342577243525205 484
1739972735253 0.0013738725279449193 485
1739972735276 0.0025532901852771033 486
1739972735298 0.002124911554751803 487
1739972735320 0.0007904707301871471 488
1739972735341 0.001999762470535628 489
1739972735363 0.0016969274385328743 490
1739972735385 0.001507850697787809 491
1739972735409 0.0020625713363645348 492
1739972735432 0.0017531745086131346 493
1739972735453 0.002409942236880756 494
1739972735474 0.002031849211078124 495
1739972735497 0.0023189755632880603 496
1739972735519 0.0011873987500896535 497
1739972735541 0.0031166341413583305 498
1739972735563 0.004688346571523687 499
