1740010790859 77.67082919482662 0
1740010790884 35.54232241764804 1
1740010790912 13.708106840425703 2
1740010790937 6.909840187390455 3
1740010790969 3.8916678541166276 4
1740010790997 2.1097861321545612 5
1740010791023 1.3238291820148025 6
1740010791052 1.2181376673814075 7
1740010791082 0.7061794763984106 8
1740010791175 0.8632204197706792 9
1740010791204 0.6926164364959935 10
1740010791232 0.6200019216429267 11
1740010791262 0.6388522142534241 12
1740010791290 0.5647970413545811 13
1740010791319 0.6166524426812471 14
1740010791345 0.4988503752597226 15
1740010791369 0.6559222003778967 16
1740010791394 0.6425374995922332 17
1740010791420 0.6724614060801343 18
1740010791448 0.5633439263412529 19
1740010791476 0.6179023753009668 20
1740010791501 0.513963862437761 21
1740010791526 0.5260578149436976 22
1740010791552 0.43795903474090025 23
1740010791580 0.6047660335819749 24
1740010791608 0.5869645853206967 25
1740010791633 0.6669460648660819 26
1740010791657 0.6643437093581377 27
1740010791682 0.621104050242109 28
1740010791709 0.5055095511983008 29
1740010791740 0.5703348055095314 30
1740010791765 0.6118880716266852 31
1740010791790 0.40347107994959786 32
1740010791814 0.5074325826737249 33
1740010791843 0.6044600473828312 34
1740010791873 0.6242356271437409 35
1740010791899 0.6891947157566742 36
1740010791924 0.6160789075651325 37
1740010791947 0.6215392607489426 38
1740010791974 0.4607665004096903 39
1740010792003 0.578879130249805 40
1740010792028 0.5821555632104711 41
1740010792058 0.6009966614061267 42
1740010792086 0.5620069642928059 43
1740010792130 0.5639148274415451 44
1740010792159 0.6098926411155516 45
1740010792189 0.5233713191849785 46
1740010792216 0.4704226541178626 47
1740010792240 0.6135617712100527 48
1740010792265 0.5170266447056833 49
1740010792291 0.5211253580970232 50
1740010792319 0.5151230544720948 51
1740010792345 0.5606775549360644 52
1740010792369 0.5973866021309981 53
1740010792393 0.44643561493140727 54
1740010792419 0.6020661078964313 55
1740010792447 0.6034273910743233 56
1740010792473 0.6851930059891133 57
1740010792498 0.46296756376135156 58
1740010792523 0.5015398044442768 59
1740010792555 0.6629145878157812 60
1740010792584 0.6302953433913449 61
1740010792609 0.6725225802273531 62
1740010792633 0.544852353284109 63
1740010792657 0.6219149294988082 64
1740010792684 0.5819018961461181 65
1740010792713 0.5853151019352717 66
1740010792741 0.49880932512928666 67
1740010792766 0.531861415878648 68
1740010792791 0.48793894025534246 69
1740010792818 0.6033814979327565 70
1740010792846 0.4972374618190359 71
1740010792875 0.5946722726739234 72
1740010792902 0.5012062911837528 73
1740010792927 0.5485792011223597 74
1740010792953 0.5416973750059549 75
1740010792981 0.5331242247405759 76
1740010793008 0.48803619793620917 77
1740010793034 0.6284876168441644 78
1740010793060 0.6715314725737238 79
1740010793084 0.5584412820599505 80
1740010793111 0.5172850838849281 81
1740010793139 0.6516789678645718 82
1740010793164 0.544195392621716 83
1740010793189 0.5622012268465872 84
1740010793214 0.5054176380130903 85
1740010793242 0.5826933789224833 86
1740010793269 0.5739046748732598 87
1740010793294 0.6782354977028748 88
1740010793318 0.6593815356912879 89
1740010793342 0.5481277572954187 90
1740010793368 0.6192819114626026 91
1740010793396 0.7104447488680291 92
1740010793421 0.5298768682073742 93
1740010793446 0.5586871662159165 94
1740010793525 0.5783228429396797 95
1740010793574 0.5009672855321977 96
1740010793601 0.6074046763938121 97
1740010793625 0.5804581597445468 98
1740010793649 0.4430808292361195 99
1740010793676 0.5926912068708645 100
1740010793705 0.6444694848055625 101
1740010793734 0.6731939674070814 102
1740010793758 0.6873265028545762 103
1740010793782 0.5189602954243198 104
1740010793810 0.5172139541301874 105
1740010793839 0.6618498370289304 106
1740010793866 0.6028152726950875 107
1740010793892 0.5605833899310001 108
1740010793918 0.5764095956919871 109
1740010793944 0.5163536985760772 110
1740010793971 0.5626547999280689 111
1740010794001 0.5839242402179944 112
1740010794027 0.4819424751448432 113
1740010794053 0.5847711605433011 114
1740010794078 0.5316726060888314 115
1740010794103 0.652108577390116 116
1740010794131 0.5562325558848779 117
1740010794159 0.5375756929961394 118
1740010794184 0.5045028267879184 119
1740010794209 0.5301822645969537 120
1740010794234 0.6007173782222611 121
1740010794263 0.4924504409319272 122
1740010794290 0.48780587276887805 123
1740010794315 0.5502343415558649 124
1740010794339 0.5345766842705058 125
1740010794364 0.5336068534726089 126
1740010794391 0.5248297319189454 127
1740010794419 0.5441686852301731 128
1740010794444 0.5755857277537894 129
1740010794468 0.5170552602358972 130
1740010794493 0.516880174810858 131
1740010794520 0.6276214939471688 132
1740010794549 0.6275272629449259 133
1740010794578 0.6000239510234618 134
1740010794604 0.6047395865746924 135
1740010794629 0.6800389016110534 136
1740010794657 0.4886513753478876 137
1740010794685 0.5918384342396691 138
1740010794710 0.5108691263023541 139
1740010794735 0.6187464528347434 140
1740010794761 0.5599696144587538 141
1740010794789 0.5224953004442816 142
1740010794817 0.5712558155267118 143
1740010794841 0.5061666128023959 144
1740010794868 0.44347054902960326 145
1740010794896 0.6302001673507807 146
1740010794924 0.7077903830320604 147
1740010794948 0.4972140057303059 148
1740010794975 0.43244281224043696 149
1740010795003 0.5312222494515215 150
1740010795031 0.5389633232327388 151
1740010795096 0.4418821560709405 152
1740010795121 0.42117746479525453 153
1740010795146 0.49618280928409053 154
1740010795173 0.41773290876682984 155
1740010795201 0.4710341903662215 156
1740010795227 0.49052793661601396 157
1740010795251 0.49970249895804947 158
1740010795276 0.5138709397797309 159
1740010795303 0.4442540225162299 160
1740010795330 0.6450232886212182 161
1740010795357 0.5815434055909744 162
1740010795381 0.652388470667821 163
1740010795405 0.5110968663407562 164
1740010795431 0.5490986243346018 165
1740010795461 0.5194073640015647 166
1740010795487 0.6229909514035238 167
1740010795511 0.582971909513807 168
1740010795537 0.40374263956224443 169
1740010795566 0.621694533752789 170
1740010795594 0.5536621271800414 171
1740010795618 0.6055708542532163 172
1740010795642 0.6480614048604713 173
1740010795667 0.5556085391949399 174
1740010795694 0.5381182525632585 175
1740010795722 0.6560630752875214 176
1740010795750 0.638135480188315 177
1740010795774 0.5413587342878927 178
1740010795799 0.44757885095790717 179
1740010795827 0.5711619157479436 180
1740010795855 0.4553508618368217 181
1740010795881 0.5405279256365962 182
1740010795907 0.7295705962269589 183
1740010795931 0.6137650963953974 184
1740010795957 0.49039996543714387 185
1740010795985 0.5087541226458706 186
1740010796014 0.4117469446369395 187
1740010796041 0.5208566058306012 188
1740010796066 0.5988229371467133 189
1740010796090 0.4943971357231184 190
1740010796116 0.6368624070743188 191
1740010796144 0.5870110132264205 192
1740010796171 0.5445649768458254 193
1740010796197 0.6599954069511648 194
1740010796221 0.5838774598322675 195
1740010796246 0.6812704869852871 196
1740010796272 0.5820261713964194 197
1740010796301 0.5470169322545804 198
1740010796326 0.5408753529086918 199
1740010796351 0.5220301772993571 200
1740010796376 0.6145501646854803 201
1740010796402 0.4730528366790788 202
1740010796430 0.5423242544840583 203
1740010796457 0.5175035874559701 204
1740010796481 0.6283344690189664 205
1740010796506 0.5428270513815309 206
1740010796533 0.5800863345138235 207
1740010796562 0.5467293899165055 208
1740010796589 0.602700066026029 209
1740010796619 0.4718731912438281 210
1740010796646 0.46758744534816693 211
1740010796673 0.5993453649839492 212
1740010796703 0.5461964935772183 213
1740010796730 0.616510962718723 214
1740010796755 0.654383325879867 215
1740010796779 0.5961477509468178 216
1740010796806 0.680290003779809 217
1740010796837 0.601956434088653 218
1740010796865 0.6135430020856355 219
1740010796891 0.4788249734452345 220
1740010796915 0.6925909002020247 221
1740010796940 0.5404023121812103 222
1740010796965 0.5759800615572139 223
1740010796992 0.5102063958722823 224
1740010797019 0.49371477883711035 225
1740010797046 0.5569641665155874 226
1740010797073 0.5136633531048 227
1740010797099 0.5308826680295606 228
1740010797126 0.5152384754824687 229
1740010797154 0.5353863330701775 230
1740010797180 0.44638799081884933 231
1740010797204 0.614965658464557 232
1740010797229 0.5715265803165576 233
1740010797258 0.6131399759653251 234
1740010797285 0.5989255029389958 235
1740010797310 0.6302989817814565 236
1740010797334 0.5715837245841815 237
1740010797359 0.6144083284915278 238
1740010797386 0.5066940892999887 239
1740010797414 0.5194239035204486 240
