1739982080322 6.546165858053649 0
1739982080364 6.573077169233389 1
1739982080404 6.586633810601383 2
1739982080435 6.5229067383482615 3
1739982080474 6.618296080248513 4
1739982080506 6.555911074783682 5
1739982080532 6.508843555707402 6
1739982080564 6.521442430899977 7
1739982080592 6.537421075933003 8
1739982080624 6.5791550454259085 9
1739982080654 6.550361322647473 10
1739982080683 6.627945768334626 11
1739982080714 6.578652964322278 12
1739982080742 6.589159570028033 13
1739982080773 6.556627037293491 14
1739982080810 6.551326108273736 15
1739982080848 6.591077372281464 16
1739982080890 6.540278717000795 17
1739982080929 6.582379939741954 18
1739982080966 6.548419864617749 19
1739982080995 6.594538798288616 20
1739982081022 6.650515641922298 21
1739982081054 6.608946255677642 22
1739982081082 6.605781506983394 23
1739982081116 6.602281473507655 24
1739982081147 6.566953767140486 25
