1740006665430 150.6258095263253 0
1740006665451 120.25977341457846 1
1740006665477 105.4454910842737 2
1740006665498 91.30724964328864 3
1740006665523 74.67360879225988 4
1740006665547 59.526601485960775 5
1740006665569 51.443553891283 6
1740006665592 43.600318301354726 7
1740006665613 33.865418691243796 8
1740006665634 29.264763615200263 9
1740006665657 25.482427936933423 10
1740006665678 21.19064558453728 11
1740006665699 18.146236061504712 12
1740006665723 15.352607246980988 13
1740006665749 12.423117374744614 14
1740006665773 10.343958075806125 15
1740006665795 8.05843352929858 16
1740006665818 7.517630583983436 17
1740006665843 5.753068090477866 18
1740006665866 4.9527678153561165 19
1740006665887 4.0814017879009805 20
1740006665908 3.4001860290556074 21
1740006665932 2.818673093635865 22
1740006665953 2.687765658336556 23
1740006665973 2.0615633565189886 24
1740006665994 1.8169435772476126 25
1740006666016 1.4449259107363635 26
1740006666037 1.269610353166808 27
1740006666057 1.1047210090587807 28
1740006666078 0.8326611444999357 29
1740006666101 0.9195263642135504 30
1740006666122 0.6456722233929449 31
1740006666142 0.6901996807781874 32
1740006666163 0.510010913534827 33
1740006666185 0.4480891070543686 34
1740006666207 0.40404648693308987 35
1740006666228 0.3179807439952822 36
1740006666248 0.2880772335457056 37
1740006666270 0.23926295358094782 38
1740006666292 0.24469407566225562 39
1740006666313 0.30017261609104745 40
1740006666334 0.1652002540022712 41
1740006666356 0.1311071405153178 42
1740006666377 0.2550476887967622 43
1740006666399 0.21621924391872385 44
1740006666419 0.13950262911928776 45
1740006666441 0.12860660590755496 46
1740006666464 0.1344230620178933 47
1740006666484 0.14596300066300505 48
1740006666505 0.12382273243770027 49
1740006666525 0.13247593761609086 50
1740006666547 0.08706533051442128 51
1740006666570 0.1729070866537548 52
1740006666591 0.13774319974969226 53
1740006666613 0.11249959669259929 54
1740006666635 0.10619251603843033 55
1740006666655 0.10050014734199626 56
1740006666680 0.1335496720945385 57
1740006666701 0.18248765909216624 58
1740006666724 0.12774611450512222 59
1740006666744 0.12854767606217787 60
1740006666765 0.1286389646911132 61
1740006666785 0.11812821167270522 62
1740006666808 0.11279280047615682 63
1740006666830 0.11726409247151921 64
1740006666850 0.05713640515315693 65
1740006666908 0.07736619628093364 66
1740006666962 0.11984490171713374 67
1740006666990 0.07041617741292239 68
1740006667015 0.09009444750547253 69
1740006667038 0.16308869418635477 70
1740006667067 0.0766606680282073 71
1740006667094 0.09792289020926766 72
1740006667121 0.10651688500292965 73
1740006667147 0.0746118778288578 74
1740006667179 0.15153509885381958 75
1740006667210 0.10330727215091837 76
1740006667237 0.07524090685283773 77
1740006667264 0.1204254879555288 78
1740006667297 0.11775884906799455 79
1740006667326 0.13145001519988056 80
1740006667355 0.07149239839777385 81
1740006667379 0.10464045941783355 82
1740006667410 0.09288507358676584 83
1740006667436 0.13003533876404086 84
1740006667465 0.13680674457882244 85
1740006667490 0.09514167967473386 86
