1739968602117 6.5723368497920145 0
1739968602144 6.668283821888192 1
1739968602166 6.57153710332125 2
1739968602190 6.613057336879074 3
1739968602214 6.578344185407056 4
1739968602238 6.601916014888745 5
1739968602261 6.635318459968882 6
1739968602282 6.544881931474246 7
1739968602305 6.627117894321994 8
1739968602327 6.636798253302424 9
1739968602349 6.533135800759165 10
1739968602371 6.5890341307722995 11
1739968602393 6.623785598520944 12
1739968602416 6.607613853376219 13
1739968602439 6.679406982314175 14
1739968602463 6.549958911048493 15
1739968602485 6.597223521581353 16
1739968602510 6.555794182822606 17
1739968602532 6.6154960164896925 18
1739968602554 6.543504770729911 19
1739968602577 6.504277489627169 20
1739968602600 6.538777721833858 21
1739968602623 6.53245981080145 22
1739968602645 6.616926917748862 23
1739968602723 6.564786795526396 24
1739968602767 6.549537100557245 25
1739968602789 6.580638203054129 26
1739968602812 6.543213471470068 27
1739968602836 6.544980931060062 28
1739968602861 6.534551436633798 29
1739968602888 6.612546552426788 30
1739968602914 6.581570250289721 31
1739968602938 6.641078608603641 32
1739968602960 6.547684241806253 33
1739968602982 6.574915616385564 34
1739968603003 6.545592662038236 35
1739968603026 6.552314631200596 36
1739968603049 6.552081397030305 37
1739968603070 6.561989064883457 38
1739968603094 6.603158125369882 39
1739968603115 6.594018892117974 40
1739968603139 6.581831086297828 41
1739968603161 6.57718075662777 42
1739968603183 6.551237318292519 43
1739968603207 6.504926335581158 44
1739968603232 6.525700384823861 45
1739968603273 6.530352773367651 46
1739968603332 6.5891400836879725 47
1739968603359 6.550600608959974 48
1739968603381 6.55448908776301 49
1739968603404 6.561903331863299 50
1739968603427 6.640533671408829 51
1739968603450 6.5861313564194806 52
1739968603471 6.611761350023352 53
1739968603493 6.59421333098552 54
1739968603514 6.533401340090184 55
1739968603537 6.578509329277738 56
1739968603560 6.570046536581597 57
1739968603584 6.576703688911251 58
1739968603606 6.623552403251571 59
1739968603631 6.602840617730408 60
1739968603655 6.557272923896165 61
1739968603676 6.546123498645821 62
1739968603698 6.6011500669848235 63
1739968603720 6.52960002518455 64
1739968603743 6.519089894736798 65
1739968603765 6.635730254281216 66
1739968603788 6.556826760992718 67
1739968603810 6.56922503501392 68
1739968603833 6.51654096397193 69
1739968603855 6.530484366111422 70
1739968603877 6.576889402894375 71
1739968603899 6.582965931467491 72
1739968603921 6.57807663789902 73
1739968603944 6.606946924721263 74
1739968603966 6.525781000333919 75
1739968603988 6.53037959521769 76
1739968604008 6.610981802992737 77
1739968604031 6.611737750942084 78
1739968604055 6.572859230510179 79
