1740000563809 169.25480595599964 0
1740000563833 165.88168404515736 1
1740000563850 162.58251270094556 2
1740000563868 159.355603463163 3
1740000563889 156.199307316978 4
1740000563906 153.11201375979505 5
1740000563924 150.0921498903479 6
1740000563942 147.13817951949022 7
1740000563960 144.24860230216242 8
1740000563978 141.42195289003004 9
1740000563995 138.65680010429853 10
1740000564012 135.95174612822183 11
1740000564029 133.30542571883487 12
1740000564045 130.71650543744892 13
1740000564061 128.18368289846288 14
1740000564079 125.70568603605122 15
1740000564097 123.28127238830218 16
1740000564114 120.90922839838889 17
1740000564134 118.58836873236628 18
1740000564151 116.31753561319633 19
1740000564168 114.09559817061422 20
1740000564187 111.9214518064567 21
1740000564204 109.79401757508303 22
1740000564222 107.71224157852822 23
1740000564241 105.67509437603641 24
1740000564259 103.68157040763118 25
1740000564275 101.7306874313871 26
1740000564292 99.82148597407542 27
1740000564309 97.95302879486484 28
1740000564326 96.12440036176501 29
1740000564342 94.33470634050899 30
1740000564359 92.58307309557719 31
1740000564379 90.86864720307346 32
1740000564398 89.19059497516986 33
1740000564417 87.54810199584432 34
1740000564439 85.94037266764124 35
1740000564456 84.36662976919254 36
1740000564476 82.82611402324173 37
1740000564493 81.31808367492047 38
1740000564512 79.8418140800336 39
1740000564531 78.39659730311283 40
1740000564552 76.9817417250068 41
1740000564570 75.59657165977974 42
1740000564588 74.24042698069663 43
1740000564606 72.91266275507807 44
1740000564625 71.6126488878137 45
1740000564643 70.33976977332712 46
1740000564661 69.09342395579105 47
1740000564682 67.87302379739633 48
1740000564701 66.67799515448183 49
1740000564718 65.50777706133911 50
1740000564744 64.36182142150753 51
1740000564763 63.23959270638252 52
1740000564783 62.14056766096168 53
1740000564802 61.06423501655934 54
1740000564820 60.010095210323044 55
1740000564838 58.977660111390115 56
1740000564855 57.96645275352609 57
1740000564873 56.976007074090546 58
1740000564891 56.00586765917953 59
1740000564908 55.05558949479761 60
1740000564925 54.12473772391588 61
1740000564942 53.21288740927569 62
1740000564960 52.31962330180146 63
1740000564978 51.44453961448868 64
1740000565035 50.587239801637246 65
1740000565095 49.74733634330233 66
1740000565114 48.9244505348391 67
1740000565134 48.11821228141971 68
1740000565153 47.328259897404216 69
1740000565172 46.554239910450384 70
1740000565189 45.79580687024887 71
1740000565207 45.052623161774534 72
1740000565226 44.32435882294575 73
1740000565246 43.610691366587446 74
1740000565263 42.911305606595086 75
1740000565281 42.225893488199944 76
1740000565300 41.55415392223804 77
1740000565316 40.8957926233276 78
1740000565334 40.25052195186211 79
1740000565352 39.61806075972817 80
1740000565370 38.998134239659855 81
1740000565389 38.3904737781428 82
1740000565406 37.79481681178415 83
1740000565423 37.21090668706545 84
1740000565441 36.638492523398625 85
1740000565459 36.07732907940624 86
1740000565477 35.527176622349664 87
1740000565494 34.98780080063023 88
1740000565512 34.458972519290576 89
1740000565531 33.940467818444795 90
1740000565550 33.43206775456788 91
1740000565569 32.93355828457679 92
1740000565589 32.44473015263657 93
1740000565607 31.965378779627045 94
1740000565626 31.495304155207023 95
1740000565643 31.034310732414138 96
1740000565661 30.582207324740477 97
1740000565679 30.13880700562504 98
1740000565697 29.703927010305758 99
1740000565714 29.277388639975268 100
1740000565732 28.85901716818569 101
1740000565750 28.448641749449017 102
1740000565770 28.046095329981323 103
1740000565792 27.65121456053973 104
1740000565886 27.26383971130271 105
1740000565909 26.883814588745196 106
1740000565930 26.510986454461396 107
1740000565949 26.145205945888975 108
1740000565967 25.786326998889734 109
1740000565986 25.43420677214279 110
1740000566003 25.08870557330732 111
1740000566021 24.749686786912957 112
1740000566039 24.417016803937027 113
1740000566060 24.090564953028668 114
1740000566082 23.770203433340807 115
1740000566099 23.45580724893206 116
1740000566117 23.147254144701343 117
1740000566134 22.844424543818995 118
1740000566152 22.54720148661898 119
1740000566172 22.25547057091774 120
1740000566193 21.96911989372569 121
1740000566212 21.68803999431887 122
1740000566232 21.412123798638206 123
1740000566251 21.1412665649853 124
1740000566269 20.875365830983917 125
1740000566287 20.614321361777456 126
1740000566305 20.358035099433046 127
1740000566324 20.106411113523972 128
1740000566341 19.85935555286237 129
1740000566359 19.616776598355294 130
1740000566380 19.378584416957484 131
1740000566401 19.144691116695046 132
1740000566420 18.915010702734655 133
1740000566444 18.689459034473813 134
1740000566463 18.46795378362798 135
1740000566484 18.250414393290995 136
1740000566503 18.036762037946062 137
1740000566520 17.82691958440466 138
1740000566538 17.620811553651695 139
1740000566556 17.418364083575455 140
1740000566577 17.21950489256158 141
1740000566599 17.02416324393062 142
1740000566616 16.832269911199404 143
1740000566634 16.64375714414687 144
1740000566651 16.458558635665216 145
1740000566668 16.276609489378156 146
1740000566684 16.097846188008056 147
1740000566703 15.922206562474434 148
1740000566723 15.749629761706569 149
1740000566742 15.580056223153456 150
1740000566761 15.413427643974773 151
1740000566783 15.249686952896695 152
1740000566802 15.08877828271718 153
1740000566821 14.930646943445218 154
1740000566839 14.775239396059384 155
1740000566857 14.622503226870966 156
1740000566876 14.472387122477674 157
1740000566895 14.32484084529381 158
1740000566914 14.179815209643712 159
1740000566933 14.037262058404922 160
1740000566952 13.897134240188482 161
1740000566971 13.759385587043516 162
1740000566992 13.623970892674048 163
1740000567011 13.49084589115584 164
1740000567031 13.359967236141692 165
1740000567049 13.2312924805437 166
1740000567067 13.104780056681312 167
1740000567086 12.980389256884287 168
1740000567104 12.858080214539903 169
1740000567121 12.737813885574065 170
1740000567139 12.619552030356099 171
1740000567157 12.503257196017358 172
1740000567175 12.388892699174036 173
1740000567194 12.276422609044578 174
1740000567212 12.165811730952665 175
1740000567234 12.057025590206642 176
1740000567256 11.95003041634661 177
1740000567274 11.844793127750696 178
1740000567293 11.741281316591985 179
1740000567311 11.639463234138065 180
1740000567329 11.539307776385074 181
1740000567346 11.440784470018563 182
1740000567365 11.343863458693495 183
1740000567384 11.248515489625982 184
1740000567402 11.154711900489419 185
1740000567421 11.062424606608042 186
1740000567440 10.971626088440965 187
1740000567459 10.882289379349812 188
1740000567478 10.79438805364354 189
1740000567497 10.707896214893887 190
1740000567515 10.622788484515132 191
1740000567534 10.539039990602161 192
1740000567553 10.4566263570207 193
1740000567574 10.375523692743936 194
1740000567593 10.295708581429787 195
1740000567612 10.217158071233234 196
1740000567632 10.139849664848287 197
1740000567652 10.063761309774197 198
1740000567670 9.988871388800833 199
1740000567691 9.915158710708042 200
1740000567709 9.84260250117403 201
1740000567728 9.771182393888063 202
1740000567746 9.700878421862567 203
1740000567765 9.63167100894017 204
1740000567786 9.563540961491121 205
1740000567805 9.496469460296664 206
1740000567824 9.430438052614106 207
1740000567842 9.36542864441936 208
1740000567861 9.301423492822881 209
1740000567880 9.238405198654993 210
1740000567898 9.176356699216724 211
1740000567916 9.115261261192217 212
1740000567934 9.055102473719192 213
1740000567951 8.995864241613644 214
1740000567969 8.937530778745295 215
1740000567988 8.880086601560336 216
1740000568007 8.823516522748069 217
1740000568026 8.767805645048117 218
1740000568044 8.712939355194981 219
1740000568062 8.658903317996797 220
1740000568082 8.605683470545236 221
1740000568100 8.553266016553449 222
1740000568119 8.501637420819232 223
1740000568137 8.450784403810482 224
1740000568155 8.400693936370104 225
1740000568174 8.351353234537706 226
1740000568193 8.302749754485387 227
1740000568211 8.25487118756498 228
1740000568231 8.2077054554642 229
1740000568251 8.161240705469261 230
1740000568272 8.115465305831464 231
1740000568293 8.070367841235438 232
1740000568312 8.025937108366637 233
1740000568332 7.982162111575919 234
1740000568350 7.939032058638963 235
1740000568369 7.896536356608288 236
1740000568389 7.85466460775591 237
1740000568407 7.8134066056044045 238
1740000568426 7.77275233104452 239
1740000568444 7.732691948537287 240
1740000568463 7.693215802398691 241
1740000568481 7.654314413165087 242
1740000568499 7.615978474037498 243
1740000568519 7.57819884740302 244
1740000568539 7.540966561431535 245
1740000568557 7.5042728067460995 246
1740000568576 7.468108933165295 247
1740000568595 7.432466446515917 248
1740000568618 7.3973370055144185 249
1740000568637 7.362712418715542 250
1740000568657 7.328584641526689 251
1740000568675 7.29494577328637 252
1740000568692 7.261788054405515 253
1740000568710 7.229103863570072 254
1740000568728 7.196885715003551 255
1740000568748 7.165126255788201 256
1740000568766 7.1338182632434295 257
1740000568786 7.102954642360235 258
1740000568805 7.072528423290402 259
1740000568824 7.042532758889163 260
1740000568843 7.012960922310194 261
1740000568861 6.983806304651739 262
1740000568880 6.955062412652709 263
1740000568899 6.926722866437679 264
1740000568917 6.898781397309625 265
1740000568935 6.871231845589384 266
1740000568954 6.844068158500797 267
1740000568973 6.8172843881004646 268
1740000568993 6.790874689251148 269
1740000569012 6.764833317637913 270
1740000569031 6.7391546278258705 271
1740000569050 6.713833071358851 272
1740000569069 6.688863194897862 273
1740000569087 6.664239638398603 274
1740000569105 6.639957133327107 275
1740000569125 6.616010500912636 276
1740000569143 6.592394650437089 277
1740000569161 6.569104577560045 278
1740000569180 6.546135362678649 279
1740000569198 6.5234821693216185 280
1740000569216 6.50114024257658 281
1740000569236 6.479104907550003 282
1740000569255 6.457371567859053 283
1740000569274 6.435935704154583 284
1740000569293 6.414792872674631 285
1740000569312 6.39393870382777 286
1740000569332 6.373368900805571 287
1740000569352 6.353079238223666 288
1740000569371 6.333065560790658 289
1740000569389 6.313323782004332 290
1740000569407 6.293849882874567 291
1740000569426 6.274639910672371 292
1740000569444 6.2556899777044075 293
1740000569462 6.236996260112542 294
1740000569482 6.218554996697812 295
1740000569501 6.20036248776828 296
1740000569520 6.182415094010308 297
1740000569539 6.164709235382658 298
1740000569557 6.147241390032983 299
1740000569575 6.130008093236245 300
1740000569594 6.113005936354463 301
1740000569612 6.096231565817496 302
1740000569631 6.079681682124277 303
1740000569650 6.063353038864109 304
1740000569669 6.047242441757574 305
1740000569687 6.031346747716665 306
1740000569705 6.01566286392364 307
1740000569724 6.0001877469283205 308
1740000569746 5.984918401763339 309
1740000569767 5.969851881076991 310
1740000569790 5.95498528428328 311
1740000569810 5.940315756728855 312
1740000569830 5.925840488876379 313
1740000569850 5.9115567155041 314
1740000569869 5.897461714921134 315
1740000569888 5.883552808198284 316
1740000569907 5.869827358413904 317
1740000569925 5.856282769914616 318
1740000569943 5.8429164875904895 319
1740000569961 5.8297259961644 320
1740000569979 5.816708819495271 321
1740000569998 5.803862519894905 322
1740000570016 5.791184697458084 323
1740000570034 5.77867298940571 324
1740000570051 5.766325069440676 325
1740000570069 5.7541386471161875 326
1740000570088 5.742111467216319 327
1740000570106 5.730241309148518 328
1740000570124 5.718525986347784 329
1740000570141 5.706963345692324 330
1740000570160 5.695551266930404 331
1740000570177 5.684287662118199 332
1740000570195 5.673170475068371 333
1740000570212 5.662197680809181 334
1740000570231 5.651367285053903 335
1740000570250 5.640677323680328 336
1740000570267 5.63012586222015 337
1740000570287 5.619710995358028 338
1740000570304 5.6094308464401035 339
1740000570322 5.599283566991816 340
1740000570340 5.5892673362448075 341
1740000570358 5.579380360672703 342
1740000570378 5.569620873535623 343
1740000570396 5.559987134433204 344
1740000570414 5.550477428866013 345
1740000570432 5.541090067805142 346
1740000570451 5.531823387269786 347
1740000570468 5.522675747912725 348
1740000570486 5.513645534613449 349
1740000570505 5.504731156078861 350
1740000570523 5.495931044451364 351
1740000570542 5.487243654924117 352
1740000570560 5.478667465363475 353
1740000570577 5.470200975938282 354
1740000570595 5.461842708756 355
1740000570612 5.453591207505526 356
1740000570630 5.445445037106488 357
1740000570650 5.437402783364958 358
1740000570672 5.429463052635441 359
1740000570689 5.421624471489006 360
1740000570708 5.41388568638741 361
1740000570726 5.406245363363136 362
1740000570743 5.39870218770521 363
1740000570768 5.391254863650688 364
1740000570790 5.383902114081663 365
1740000570812 5.376642680227745 366
1740000570833 5.369475321373842 367
1740000570857 5.3623988145732016 368
1740000570884 5.355411954365543 369
1740000570910 5.348513552500211 370
1740000570941 5.3417024376642654 371
1740000570964 5.33497745521538 372
1740000570989 5.3283374669194865 373
1740000571011 5.321781350693016 374
1740000571034 5.315308000349734 375
1740000571054 5.308916325352003 376
1740000571075 5.302605250566404 377
1740000571095 5.296373716023655 378
1740000571115 5.290220676682726 379
1740000571135 5.284145102199074 380
1740000571154 5.278145976696883 381
1740000571171 5.272222298545328 382
1740000571190 5.26637308013864 383
1740000571208 5.260597347680043 384
1740000571228 5.254894140969391 385
1740000571247 5.249262513194469 386
1740000571265 5.243701530725883 387
1740000571285 5.238210272915496 388
1740000571303 5.232787831898272 389
1740000571322 5.227433312397555 390
1740000571342 5.222145831533638 391
1740000571360 5.2169245186355875 392
1740000571383 5.211768515056312 393
1740000571402 5.206676973990716 394
1740000571424 5.201649060296948 395
1740000571442 5.196683950320679 396
1740000571460 5.191780831722319 397
1740000571478 5.186938903307173 398
1740000571496 5.182157374858409 399
1740000571515 5.177435466972852 400
1740000571535 5.172772410899515 401
1740000571553 5.168167448380819 402
1740000571572 5.1636198314964625 403
1740000571591 5.1591288225098815 404
1740000571608 5.154693693717247 405
1740000571629 5.150313727298976 406
1740000571647 5.145988215173699 407
1740000571665 5.141716458854596 408
1740000571684 5.137497769308133 409
1740000571702 5.1333314668151235 410
1740000571721 5.129216880834018 411
1740000571742 5.1251533498664665 412
1740000571761 5.121140221325078 413
1740000571783 5.117176851403305 414
1740000571803 5.113262604947454 415
1740000571820 5.10939685533078 416
1740000571837 5.105578984329601 417
1740000571855 5.1018083820014315 418
1740000571873 5.098084446565066 419
1740000571891 5.094406584282604 420
1740000571909 5.090774209343339 421
1740000571928 5.087186743749553 422
1740000571945 5.083643617204091 423
1740000571964 5.08014426699977 424
1740000571982 5.076688137910508 425
1740000572000 5.073274682084228 426
1740000572018 5.069903358937408 427
1740000572036 5.066573635051359 428
1740000572053 5.063284984070086 429
1740000572071 5.060036886599796 430
1740000572088 5.05682883010997 431
1740000572106 5.053660308836008 432
1740000572125 5.050530823683357 433
1740000572143 5.047439882133203 434
1740000572161 5.044386998149565 435
1740000572179 5.0413716920879015 436
1740000572196 5.038393490605088 437
1740000572214 5.035451926570825 438
1740000572233 5.032546538980393 439
1740000572252 5.029676872868777 440
1740000572270 5.0268424792261115 441
1740000572289 5.0240429149144195 442
1740000572306 5.021277742585634 443
1740000572326 5.0185465306008945 444
1740000572346 5.0158488529510485 445
1740000572364 5.0131842891784 446
1740000572386 5.010552424299617 447
1740000572404 5.007952848729873 448
1740000572422 5.005385158208053 449
1740000572443 5.002848953723186 450
1740000572462 5.000343841441924 451
1740000572486 4.997869432637148 452
1740000572506 4.995425343617665 453
1740000572528 4.993011195658927 454
1740000572550 4.990626614934808 455
1740000572571 4.988271232450421 456
1740000572589 4.98594468397592 457
1740000572610 4.983646609981309 458
1740000572633 4.981376655572208 459
1740000572652 4.979134470426574 460
1740000572671 4.976919708732405 461
1740000572693 4.974732029126298 462
1740000572713 4.972571094632985 463
1740000572734 4.9704365726057205 464
1740000572755 4.968328134667571 465
1740000572776 4.966245456653576 466
1740000572795 4.964188218553729 467
1740000572813 4.962156104456818 468
1740000572834 4.960148802495102 469
1740000572851 4.9581660047897715 470
1740000572869 4.956207407397238 471
1740000572887 4.9542727102561575 472
1740000572905 4.952361617135284 473
1740000572923 4.950473835582041 474
1740000572940 4.948609076871859 475
1740000572957 4.946767055958242 476
1740000572975 4.9449474914235525 477
1740000572993 4.943150105430531 478
1740000573011 4.941374623674467 479
1740000573032 4.939620775336114 480
1740000573051 4.9378882930352495 481
1740000573070 4.936176912784895 482
1740000573088 4.934486373946236 483
1740000573105 4.932816419184124 484
1740000573124 4.931166794423283 485
1740000573142 4.929537248805076 486
1740000573159 4.927927534644943 487
1740000573175 4.926337407390402 488
1740000573193 4.924766625579664 489
1740000573209 4.923214950800863 490
1740000573227 4.921682147651794 491
1740000573244 4.9201679837002965 492
1740000573263 4.918672229445142 493
1740000573280 4.9171946582775155 494
1740000573299 4.9157350464429985 495
1740000573317 4.914293173004116 496
1740000573335 4.912868819803383 497
1740000573353 4.911461771426919 498
1740000573371 4.91007181516851 499
